0.547525046188361
0.622803521277759
0.661458399261765
0.64302625485653
0.643539338572695
0.651102539727924
0.617121800164639
0.635258448493274
0.648690750244711
0.622097431653061
0.592511723069643
0.592968078661346
0.635204750064113
0.676887843223512
0.696058156441239
0.70269813666873
0.661439981391692
0.656983077636705
0.654308561801853
0.586803839051557
0.586269851952404
0.596634159575447
0.630945415610276
0.687232703971116
0.686130235671077
0.724409790649503
0.742423354996813
0.699987191663747
0.637102376193751
0.661777836567081
0.709045802898085
0.705521628060927
0.639630330093789
0.662825463365085
0.707786345175641
0.657587041413875
0.627900689354697
0.636798403320895
0.656986557495738
0.67244136863862
0.669146303811995
0.661455060105964
0.673496833501191
0.694547410344118
0.696540161368582
0.708605849694684
0.691689352578697
0.674788730973417
0.676206190512321
0.657650342685918
0.64742460899585
0.647584238354212
0.681412987702092
0.659621895660016
0.658451153401109
0.709259672340691
0.700350788956242
0.648026081783664
0.715268174232042
0.730753892719414
0.661125295899302
0.661489589470363
0.700732317831983
0.702487287634209
0.691168051809733
0.681907803480345
0.721241507507737
0.768261173443091
0.735219558413719
0.68497819144169
0.665519473535639
0.665607911432221
0.681046544348508
0.624964684947935
0.683280348698428
0.729426580846934
0.718384658868203
0.666864147974413
0.617078725493374
0.708905236674642
0.748730490984512
0.722877671075177
0.691974827573792
0.679893138207808
0.635525703062991
0.657974332274457
0.761265319372118
0.737186587450232
0.587619410433208
0.669818665022474
0.723105044080077
0.711736081076944
0.726300543310943
0.715234924723026
0.686497102145848
0.656447018885452
0.697176506675897
0.707121037445387
0.671410766420034
0.629461613088507
0.624371642455378
0.695482624617722
0.700932638298896
0.594836003201944
0.616632489400319
0.62685133927753
0.610458616478751
0.645727479358154
0.644077532581533
0.648153422048085
0.658004864921079
0.649611729741116
0.658545825813925
0.660271826703225
0.64269002065889
0.640355832452331
0.643031465643787
0.693953090565747
0.703659019902914
0.745326697431017
0.740674644636445
0.692835579644754
0.672849546911284
0.615668747887834
0.640265469205314
0.707589399384749
0.715273960974232
0.62665896757662
0.583360789927639
0.576479212808856
0.626225267003104
0.618283101228011
0.651562458787841
0.686627296892986
0.684230065305375
0.671488136577823
0.625387326567049
0.679754967317643
0.757946075946038
0.777730839075211
0.690441037100294
0.620652488503326
0.594873455135482
0.615937127989029
0.598896704737306
0.639440615590604
0.702128966396442
0.742905661889249
0.736949696807659
0.676173854680052
0.667120832687359
0.686982982544952
0.691023436943388
0.722811155400695
0.713663475743847
0.619038924455324
0.690641081275336
0.704063877521577
0.656762239516192
0.660770666019495
0.617964620185515
0.650049660609744
0.714975738371211
0.702190538594177
0.669612773600944
0.663377399582459
0.638405745648207
0.6342374225795
0.682671928344938
0.686509698896814
0.689640513372838
0.715218209847484
0.687782821310337
0.63405858660255
0.582763954150732
0.633846143581653
0.681244739467587
0.711651873729432
0.687719106863309
0.676845319743016
0.672315527071083
0.702770302199047
0.724833236965765
0.705048482784916
0.714689634505209
0.715769069977275
0.693984507672813
0.665822656153289
0.621838266973262
0.654214785754219
0.730137162652188
0.731985166036492
0.666280677389878
0.697844266491591
0.690704230260517
0.670540468049756
0.622947101659962
0.663652349255965
0.738816501595738
0.689495112024125
0.670432615610917
0.649123802164339
0.65331695994346
0.63310956297806
0.634592346090925
0.642614025690523
0.686354323284602
0.67885167747559
0.61272935341063
0.632393264141994
0.637082513985732
0.683956821856064
0.692311560336699
0.731391314147151
0.73853192132362
0.657248663035349
0.608072348543934
0.697826158473301
0.69800696784246
0.632560736892253
0.686465166777399
0.68136704572201
0.684441963460628
0.683177309308117
0.666354329409413
0.684392896450981
0.716187163935087
0.697167728310784
0.691400863595659
0.711807365084421
0.737885014765912
0.744213201867705
0.748449822780101
0.723223890729655
0.652690541023276
0.623789884336889
0.628667115887794
0.639878703418307
0.681596336243107
0.707900694007051
0.66407936678008
0.670252021443018
0.733744690148271
0.716913838887568
0.663427166705514
0.684695703004286
0.62037060767233
0.567120819881492
0.660502852940224
0.733564736921403
0.726217370160016
0.656970846249117
0.639324583506208
0.688796996309008
0.710381037421517
0.717790409583073
0.685503492962801
0.71297773969594
0.707076389972379
0.684230179186643
0.685899566745267
0.628440257768352
0.656796197357221
0.668256946907392
0.620066183501138
0.593797796746455
0.629591275195512
0.686913663889226
0.703947973608106
0.7109981750701
0.683077016606697
0.741800605020539
0.779522344934768
0.767260118399701
0.77842193927931
0.730777052693299
0.704302008053096
0.670975096823133
0.688448309634693
0.706186729663666
0.680366592266278
0.568550163492738
0.616974620707424
0.662458922958876
0.694566940203264
0.733749188155987
0.733795226769241
0.67731901377913
0.762063081762016
0.782782293261299
0.747699713889567
0.721512067513433
0.668443268654646
0.62946674154499
0.63837190719238
0.554016473112322
0.642042008486256
0.670861476824038
0.660252881876115
0.641761272236889
0.630264868075534
0.647573449222769
0.634904206559101
0.663275285629096
0.644994195791324
0.638040371413066
0.751769316565965
0.765847118869555
0.694948298756104
0.667778272309638
0.684195028284683
0.654056687220813
0.641902821413688
0.613314347176046
0.581742838304937
0.646653072686103
0.690625195364801
0.649577993040827
0.608670080311144
0.68796726304052
0.677353699228712
0.672703727601881
0.682275943046101
0.642729667592081
0.591839255044123
0.575469059466988
0.593651960899163
0.559308894672687
0.546739403697782
0.574220784338602
0.539949896258091
0.483011564403568
0.682088888002062
0.804673537251874
0.780611732790073
0.618762144631155
0.556337731036679
0.532138658968479
0.534916927416636
0.478518806173144
0.534188691008215
0.551272897859367
0.537848282372982
0.55986483596793
0.613793146174601
0.660907238753561
0.612708801537355
0.516334767028649
0.558135648163812
0.722721475711037
0.714801769719865
0.578490085979594
0.648430877103573
0.637180161092374
0.587571230344722
0.58324047970099
0.517727426262889
0.427521056039752
0.407862782682959
0.460271276803055
0.495897541915465
0.509062050041633
0.499245315464988
0.542588739453545
0.588866401930688
0.600887021079306
0.521817751628013
0.578257943587581
0.58578595522242
0.484112412366391
0.476378005228344
0.508841365466445
0.596529048007115
0.615078202425447
0.599364338862861
0.591682789950829
0.654146718359456
0.658696421311014
0.735358149950982
0.745030584615166
0.654603790253099
0.483737191735897
0.605208487575266
0.704492260930165
0.688981963176113
0.717247354457283
0.699919381200135
0.471483151844109
0.452172063344298
0.600125024579045
0.603423164685583
0.513389004956199
0.491643412072603
0.469461533904428
0.48265764057114
0.465427589901059
0.455470899068176
0.480976374259895
0.447302045699009
0.450253729189988
0.488149292183588
0.516706137190185
0.513802808850507
0.476429712106556
0.47307705397713
0.50729068618053
0.522901638165105
0.46837798410404
0.483340947939443
0.479458948414793
0.490293945027599
0.534110494429401
0.501328229755054
0.480730760116984
0.469389246900297
0.500104209057663
0.505305511746974
0.479739350209595
0.55467552449665
0.543563970357282
0.481071868159267
0.461082754529037
0.456031189756402
0.485996951446586
0.4847664381
0.487170021182828
0.462998869491856
0.455405712745733
0.518093980031447
0.511448808217433
0.487967842639604
0.46798811937603
0.413090601522257
0.417477301674643
0.425784220880376
0.438911123774486
0.441943513118652
0.461698976549289
0.470060927007817
0.537281556478195
0.536946681373194
0.475616547100301
0.49344910421918
0.529554784723658
0.508136535710981
0.44937825353837
0.431516916072852
0.5200195955408
0.533075106785711
0.480286855244304
0.485405766023364
0.49955342642454
0.47844445162035
0.470673464329363
0.485094189298099
0.510077850124423
0.508098953040347
0.529078369233362
0.531822092280893
0.508194532207161
0.567573626866539
0.572054236875845
0.527389072564947
0.501584844746989
0.535871685524096
0.532111450750668
0.472863910158112
0.537353584077376
0.554369210352754
0.509204906093999
0.477533370402399
0.55820871109606
0.585861462134068
0.55959858078829
0.563251226482295
0.55949192501257
0.583265949984738
0.582437762953388
0.535592631203343
0.54461519975754
0.617006337850333
0.600139098811074
0.503661637873026
0.673628744837876
0.67234675337523
0.584208502604413
0.503070228048209
0.509826665727623
0.475565835913222
0.494181370557039
0.517408208921328
0.48149906623071
0.435228119519983
0.466895635409383
0.487311854868985
0.509855770702319
0.485625457437661
0.483481836161256
0.505266747395656
0.57134883559746
0.581433729653918
0.54152735335112
0.537954650510655
0.533588989807873
0.486986744146945
0.512120160925701
0.543903851180306
0.513668936689314
0.520794022373773
0.572344813941881
0.563128404454935
0.466703922394786
0.4823477852297
0.624871739916817
0.612215370479611
0.510979625557987
0.605063110455098
0.697117244493485
0.702626374878103
0.558224861114969
0.525606608501616
0.510949541022965
0.527511327578999
0.504714272617488
0.480657916183522
0.558847054520036
0.586384155282977
0.547901752868991
0.540893624892324
0.594320207137041
0.570091919413322
0.521222234790849
0.519502958711494
0.537224818888916
0.536013896597979
0.518677182316072
0.497223074744978
0.496375119567057
0.520927598925685
0.483781200365701
0.502971239416075
0.499904698949994
0.463569596166449
0.479598072130558
0.510466770514714
0.551621611305124
0.528808041308448
0.533214862841495
0.552214833155281
0.497953465084385
0.529369420638966
0.538294451763806
0.513647504561116
0.517737087018603
0.516433745293372
0.51772837253222
0.525568111585555
0.534685196073997
0.509445427544608
0.501723556913495
0.53922581651379
0.593324830920396
0.561011095449478
0.497501449912441
0.488610758482628
0.499071132731158
0.517461545379991
0.504675172470608
0.53739441253663
0.538140268722401
0.534557100314146
0.512140352596014
0.479716710422317
0.521751852422478
0.526086474160634
0.543947119399123
0.598818011228796
0.660503688132631
0.642825077379038
0.582805596717098
0.517467692535406
0.541449980147541
0.516597303342899
0.474312283714373
0.516818192481869
0.497999630773833
0.525267900217177
0.580206361547822
0.547793210714434
0.481533430873102
0.499897980462605
0.549369542839547
0.51520318012979
0.498708367866385
0.541756488725974
0.508453564836085
0.467392978608318
0.494147174137422
0.485552932724242
0.529886082393791
0.544933498402449
0.556043750675585
0.568351907847695
0.528154890838494
0.666367351288427
0.651897713983383
0.516964052617823
0.506644942313938
0.496837689350165
0.532246837253917
0.553434287097126
0.560563210842149
0.55370697935541
0.499540394117079
0.503470949839451
0.510002018754777
0.497966968306491
0.512877413721151
0.491230389932289
0.477009114787662
0.478737727741687
0.509397117361751
0.527037283509033
0.493854011274161
0.472240431675146
0.519648022796191
0.533391972296293
0.510009227722615
0.527915989014717
0.523264808442382
0.522131660477313
0.524741823271771
0.50365836735466
0.506678619642583
0.500708376099769
0.500892449843415
0.506792647005255
0.46714266337228
0.438290440062851
0.446676646829816
0.505007154280535
0.528166722186169
0.526993128705805
0.529450824972043
0.508499655555045
0.485703341218601
0.462876409738726
0.438165985650404
0.427349826427675
0.449512903346106
0.489500080101529
0.475936953698336
0.491106529722846
0.521952492579851
0.490259035224433
0.450920122072444
0.517262131281202
0.553444857337527
0.508404784829317
0.518919575770368
0.53615777634218
