0.588099487231112
0.60615357802085
0.608393461722541
0.627934637573618
0.632501071266458
0.609806494977631
0.561829370935208
0.556360582675586
0.541685595850262
0.579429149339225
0.637838791108402
0.663516480205257
0.662987713864567
0.669607330158442
0.64822814697959
0.650422565877092
0.627356950047309
0.640115711661497
0.639961224624771
0.578118161961804
0.566805700638587
0.576517906969666
0.572924590874511
0.595158661602734
0.60563728731739
0.586962045405201
0.590663185312073
0.607768938368842
0.594336250583068
0.586260105397309
0.602084622490232
0.594916416546884
0.578462881217124
0.577011895179404
0.579713143720693
0.569882423608627
0.562786915377502
0.575427976755922
0.583389967048461
0.584625552828897
0.636558168451408
0.631670244231595
0.579678166066883
0.630376756369968
0.629557193331716
0.591162743345973
0.604751834427411
0.763499221554685
0.769443979894025
0.708040265859309
0.693592212048905
0.637492078609868
0.626328803339515
0.620776735916536
0.567913653054039
0.581669636393231
0.57771442036541
0.511496175039693
0.48135762083609
0.476699604021091
0.492812375805016
0.466217366052869
0.460890440496889
0.524897906922625
0.539256844926893
0.529389622409476
0.49200468932735
0.63041514511355
0.649206327336625
0.563552594591137
0.561555826069545
0.582222091186718
0.574304350796079
0.523601056591827
0.508372682157949
0.498161725605986
0.485729626094993
0.487594261728554
0.543849509744823
0.568662094778336
0.568038353984594
0.542732586754038
0.526591076829737
0.585525460788734
0.610058022753906
0.583404678615931
0.546954053729826
0.587045503240901
0.597042484000574
0.569064004388859
0.527093401259575
0.55297421655059
0.580238432801293
0.530897771657178
0.519102922926659
0.568813515344511
0.560816166168651
0.554614829479402
0.553406389349311
0.545371207376322
0.55079695502066
0.553264541844539
0.572628373019286
0.617972080940973
0.598636180931112
0.606177520469453
0.616516875070475
0.532773242687348
0.58312088423709
0.587433457205393
0.588967922829317
0.588820533157344
0.630546094898571
0.675090597846796
0.659891544257145
0.652304735646562
0.637921511196396
0.585146805951885
0.538999498231436
0.57309161548328
0.606722823383803
0.625229045688189
0.569517634133622
0.546794140129424
0.613882665091406
0.603464229459626
0.59190210818006
0.594235080717099
0.581423776178397
0.611529379981683
0.658677067594438
0.654151225197739
0.629185022651247
0.655062438242512
0.726737627306176
0.687206435269151
0.686859095562018
0.642181850852745
0.605962971621734
0.623204701817845
0.55665361483653
0.590493812687128
0.588590678647921
0.591289734195169
0.633889473745357
0.6160643364306
0.546252068153364
0.572714330783885
0.608792514294831
0.561801892712409
0.554886159434702
0.584382295818605
0.595371640832251
0.560325239418014
0.575894757497566
0.577557105117767
0.512835348138623
0.530137644188325
0.574536094687816
0.600437710498911
0.609102377957543
0.642653760144745
0.56494968961487
0.51178332744823
0.589293201628649
0.629236987440721
0.652126963717549
0.656060055810815
0.661043730657926
0.626787506934033
0.600716210691108
0.621461037507346
0.603101873264046
0.56267418575166
0.558916110559129
0.575312360918395
0.598008958699506
0.599918103162279
0.574339155623623
0.587309634521955
0.643042106868291
0.638542611628359
0.673799137529191
0.71313271608068
0.673373646510166
0.704224733659739
0.699499682719568
0.634668297989829
0.614778253122473
0.699380877971827
0.699176515210012
0.681226656281324
0.655337603054907
0.62043570081456
0.617341600974146
0.579991124054149
0.58035427739298
0.559614467130517
0.55993804506211
0.619330039500046
0.646082649194564
0.641696180246339
0.659554501185802
0.612182984345603
0.530351148093882
0.554353062477313
0.560479049380402
0.540545193986602
0.58935170987546
0.600629211027033
0.584401901106279
0.554189141460366
0.544991096949124
0.568002937396421
0.59158429660277
0.628767388574074
0.630631083156907
0.567271235804389
0.642454992688662
0.648228218800692
0.643370683907648
0.65782546127894
0.62792120692799
0.556949387447704
0.554669025813739
0.56157656267938
0.571138066763175
0.594816024889759
0.589866372629318
0.571358339313093
0.607781709526211
0.575121783020383
0.534021148417471
0.615409625026561
0.647246492503724
0.652561024584541
0.652500825216765
0.684013193689147
0.674839965553206
0.632760682107901
0.663456035982145
0.659079138521704
0.650645263510841
0.630931670033424
0.624504421324525
0.63739240061321
0.617123042363661
0.612437560861922
0.699477446035076
0.712018683799076
0.664209768057672
0.597968375059434
0.654251733967619
0.676420719671092
0.667343150000675
0.659021481533084
0.616784241128552
0.548429792470772
0.588441756343344
0.60533332735091
0.577626917054276
0.593659185875823
0.58844538651719
0.599995998768497
0.621882022188006
0.607801822833514
0.595745820754284
0.592011039832647
0.592342767581788
0.621930136211653
0.618659185825532
0.590464195552581
0.596475655939542
0.595066669129891
0.572649557662194
0.571782692793452
0.622754150356457
0.61439957997607
0.597741575498979
0.602808076205562
0.599475445058848
0.58594319490061
0.578532714980633
0.579297102876648
0.594753056006094
0.606365471860264
0.609386982631616
0.629769577970703
0.616103548023439
0.615805751772112
0.661053753439758
0.638923415015121
0.629178453036342
0.612164283267076
0.589267827180881
0.577909163362353
0.579682991925302
0.609010023969681
0.666425311119041
0.645726741227366
0.617246883178027
0.651246773784722
0.662131986144195
0.675112813973932
0.657692614043269
0.67734498651126
0.707767097609255
0.710080987920291
0.684640746127245
0.596247957074263
0.582971978079383
0.607407742312153
0.617948520838433
0.614274494114042
0.621779561557762
0.643913268093131
0.632532389857571
0.627868205191599
0.687084451488937
0.695877407388783
0.659050816298376
0.597527576609821
0.599736006388049
0.583317135452431
0.571590510537808
0.609817229787749
0.648406427921205
0.683100993589935
0.624941979569461
0.643953941666954
0.684166495295536
0.675395822877747
0.633137747236958
0.642357588185814
0.64005936245752
0.605396341187295
0.56674730873748
0.558041450177986
0.59094655491945
0.620782807346131
0.588636090878833
0.581966488714888
0.648645839371593
0.634133402611873
0.570421499808773
0.703559407051256
0.724118093807881
0.739862910787593
0.726485855895892
0.612622730658745
0.621164421571075
0.620439881776612
0.626045109859066
0.679643527973601
0.67219754648685
0.608756338643048
0.608795686090018
0.675498435174046
0.673489269593893
0.619724867342055
0.628977399649552
0.642241152278912
0.642837630563917
0.665412939194134
0.667251947226484
0.647761302302131
0.657757477605198
0.656097945435174
0.619182992051292
0.600847359684973
0.621257587929798
0.656123474112814
0.705388400029773
0.700732386165508
0.629675296531791
0.637701354584224
0.601215577382262
0.569077388868482
0.597414151328846
0.603639834047664
0.646342528133012
0.643279892153735
0.620452546041997
0.654338541034171
0.646888620068987
0.584160395347762
0.695259292979592
0.727139935723599
0.678235273523744
0.7192405869475
0.670000567017161
0.668238883598679
0.658080396715869
0.632916323648577
0.686394200868814
0.664962603357591
0.633930976456653
0.629297244596747
0.625246381611307
0.612473092961924
0.582630942813155
0.535187437761325
0.553372116368332
0.593712611822714
0.624858454699525
0.62971278456966
0.605414346583569
0.652451289244044
0.69352041800454
0.676667047900102
0.676807445000199
0.675506308816599
0.65343085857065
0.663245030342248
0.675133746878685
0.671213262339349
0.673730240790912
0.696917472507721
0.748371428715863
0.737789718685441
0.701800095446119
0.660694431283781
0.636289848057717
0.686240344610103
0.754456374240362
0.745035699087837
0.647552903741867
0.607782911978747
0.622587392044204
0.650453843553991
0.678257734953625
0.699333534625094
0.642938066329735
0.605193945335864
0.588451159850231
0.619927439314351
0.611407783733473
0.652435140833164
0.675719625482524
0.647672862137972
0.646341836198661
0.690334889573248
0.6737847098635
0.653945521109295
0.66375518240785
0.60793294865968
0.620148382503931
0.608166326907491
0.620649482685611
0.665624411160227
0.663713245902645
0.646673143713871
0.620875558012418
0.635627259630909
0.611292357941091
0.570185873596832
0.641941004321613
0.621286558062116
0.582817661530785
0.636062743150523
0.628197148114434
0.640679012957565
0.637255262581568
0.553815479813283
0.5872880873121
0.654657233613362
0.675798907446159
0.6532110825326
0.663000152199541
0.641809475115196
0.630333417492047
0.64153423640246
0.660950986631573
0.659412201988609
0.599195623736795
0.582790777718006
0.587954605178962
0.593670293636394
0.608613411654862
0.680714209818105
0.704581861311322
0.68083277844298
0.6786236407825
0.695902502477759
0.699824060049231
0.707967303150088
0.683417608684363
0.60757052111921
0.567973392562121
0.640844646058458
0.670098878527553
0.60980539619247
0.630793056752961
0.623283040503168
0.644376487963979
0.665314725757667
0.623955921037222
0.594606424617958
0.603922879944706
0.627017915679728
0.683252296351978
0.705299600495269
0.635481362761784
0.617408802326291
0.633801401714313
0.631639197308888
0.617169181066454
0.62827955630635
0.655811928371614
0.640824190397486
0.610707049585136
0.637889786984541
0.69548928746819
0.650727973045864
0.617491929170182
0.643749442877334
0.696679539321625
0.707116839730986
0.669481572507048
0.619849261652441
0.611491652088201
0.637670753347798
0.694059047633802
0.748171802216587
0.70168104708207
0.660998944261506
0.69059182555517
0.688567679615513
0.653347925396402
0.646699777924657
0.698096621894621
0.702075597833646
0.654813857569064
0.60964519456939
0.626530107307506
0.601858821765482
0.603504898503986
0.65381107462551
0.645631095327186
0.601796644064622
0.590189865608092
0.560959712457585
0.542520793037398
0.562320095638909
0.585524612072494
0.577837697959039
0.582618344004122
0.57868842096184
0.56090843946883
0.584099687897718
0.615789849232396
0.644136378702502
0.656340208535847
0.630417825043963
0.616869554058418
0.600697424022907
0.585747713775283
0.582376230220395
0.61299211848234
0.672251108308127
0.671545686012853
0.617229272263742
0.627237486920788
0.648337084577044
0.69004223471137
0.728402223015074
0.697420323592037
0.648126668132366
0.668264868690869
0.675179628340269
0.667399431873741
0.60965942186308
0.597404984307918
0.598146491043599
0.622349112986653
0.684983307363647
0.713888689874391
0.665793063904153
0.640650929127489
0.639932528196268
0.638045828365212
0.613100091817915
0.596807595764233
0.678773186708317
0.66707173110551
0.617803539357752
0.644121337883486
0.690241595118324
0.69213328188542
0.630693777423098
0.577809463724483
0.564154849868679
0.680816160922973
0.691332196632023
0.750357704897523
0.684425528552069
0.558644883103091
0.589507492297927
0.637692270537428
0.659918452897865
0.709761381199315
0.689680334524441
0.661883223399615
0.671974828326923
0.695871706934451
0.701696129113656
0.679093398991717
0.722264064959641
0.727548649487583
0.723980396123707
0.688915887492962
0.642941269501492
0.641957590778096
0.642668043767281
0.652282428675564
0.621109369629363
0.630071538929057
0.646568525387789
0.638071348024702
0.744860727182096
0.737170055232636
0.696868546505814
0.695227210607414
0.664784160467209
0.656776075550975
0.682416487689813
0.708876592671233
0.664793472560882
0.619006407945027
0.590537546790191
0.611159328745944
0.733047275719982
0.710823720588588
0.665379403568898
0.684503170481195
0.651519446488727
0.670557794410485
0.661458895252444
0.625224224694751
0.619670789913238
0.66811393792622
0.703440217943984
0.649804835169761
0.588325676950817
0.607465554189815
0.621003194316215
0.60294539817265
0.639673843344972
0.632519156615963
0.614625752542461
0.651635460707675
0.62660025836872
0.653173955825332
0.686116517175193
0.657767936896982
0.686976945234629
0.654479117323409
0.672397109307852
0.707286516339418
0.661074553809773
0.676645919449524
0.694660175846015
0.735871970203302
0.742810485589055
0.66880618293822
0.65585473108296
0.630059809416748
0.619351346420378
0.596240084735434
0.570744399506042
0.578019642415508
0.572220495653358
0.625072191415989
0.624330845181507
0.676385223689967
0.727248537162372
0.687302319581002
0.64033259023232
0.651121167007974
0.623666008574011
0.627590374342822
0.632979465913853
0.620253919629682
0.614377327208089
0.609599938072503
0.589133879722609
0.559976061267127
0.564718741815391
0.620826624360231
0.656819966237783
0.666800392527245
0.673274706040419
0.642878243194388
0.615727499168079
0.613754522675145
0.624200032564322
0.589886232474133
0.623529313334873
0.606081455257728
0.612634330566925
0.666797152628507
0.641334488592959
0.597999910028965
0.629266996066876
0.578434222361061
0.5377735384338
0.586889665933399
0.592306611743367
0.553628864403031
0.608162933862991
0.647976981051811
0.66589025609083
0.652038656807078
0.644612227056579
0.656481867531858
0.750544185908354
0.715538715055402
0.636529835100377
0.63448744634939
0.657281344353828
0.649094381485761
0.633170898920399
0.623340119809093
0.621054803479359
0.628032310102766
0.605703896913398
0.678498779404709
0.705790750574263
0.696461630595754
0.695536446832013
0.636302451077855
0.608912859051522
0.596151799585498
0.592335972991068
0.58282045169116
0.550765852846667
0.559153842031189
0.593676221469835
0.618630507994594
0.628090038657716
0.636527190140877
0.638751080668331
0.683042273431475
0.683284996324045
0.604988486983157
0.61935273507192
0.597439787452503
0.638187512243998
0.651077538717734
0.598966582135447
0.608404099441895
0.597977431025229
0.671368413761217
0.680030902234334
0.601257933493131
0.569474056731177
0.616003286841175
0.640270062870505
0.636302680046395
0.614740903876845
0.602264309375176
0.599903719664548
0.585339324754951
0.589621627849512
0.594781248370826
0.613287462676408
0.627882152788574
0.689721720709697
0.739555915078758
0.711983302490093
0.679111473854463
0.675160790866259
0.663440268016185
0.665182875410659
0.684063866976827
0.720993943706468
0.713091843132878
0.640855369811785
0.608230728148148
0.629000648931086
0.625318311984573
0.62697081068207
0.626384946690576
0.59592506483342
0.604147694398957
0.588565685343877
0.588406473968691
0.621817805427727
0.639167251387349
0.638238442836415
0.630393266735898
0.633623019190298
0.617327741473755
0.631023772514397
0.654547902785666
0.667308151938329
0.63126132560261
0.583475189700974
0.613506406635926
0.622348251050192
0.604629017679589
0.632341665030936
0.598851287487709
0.591025797061453
0.649683051753284
0.661841404391865
0.623915082586516
0.669162644088207
0.678641990742984
0.631433307041331
0.604540214218299
0.55477867843268
0.643893976766516
0.636078512345044
0.620702389333364
0.670915945305141
0.664915991358194
0.650481458050998
0.668901157769485
0.629735815368606
0.600265815371619
0.636792709489048
0.68021566204677
0.65792775575157
0.640567820775468
0.687474831887657
0.712201806221074
0.68303847568511
0.643120281571621
0.685751215980156
0.736043190285496
0.727964315432478
0.704546835777526
0.682643741881573
0.668399508507998
0.64600202002433
0.654437710542015
0.669525361529469
0.668226054544487
0.679131196230613
0.666174262542733
0.701320306725683
0.719107771199977
0.723524882849242
0.699811346655962
0.650928497503243
0.657001863968899
0.624633339896311
0.62079722676485
0.639782886364912
0.645356970005557
0.636437519920141
0.644453797056266
0.63890520278346
0.666492112536873
0.702577111137136
0.681059385879311
0.638892998441284
0.673621021199079
0.679017769677818
0.65340233622174
0.63593566450046
0.550934992011211
0.530497833076527
0.583184689648088
0.666346544684986
0.687960817196337
0.651514090044029
0.651564577424698
0.62663809052907
0.566424481512328
0.587716457741033
0.598475751220703
0.624204714246031
0.440410992941427
0.472678934420791
0.688820160589469
0.666713764429622
0.614857497783908
0.619900486666783
0.663379016299148
0.677303825451925
0.668723894748809
0.701056433369947
0.673308486874891
0.704003383595399
0.72939093922429
0.701278237150025
0.675113652469717
0.660218687091039
0.651085909333507
0.629031026378369
0.657848865789716
0.755528043235785
0.76251321172384
0.685911998520592
0.575551005617728
0.590171042807175
0.643133832362877
0.661511977363049
0.655040766205114
0.59722607514502
0.71836327643357
0.755006185938648
0.765667231552195
0.704841247010926
0.666502282272607
0.723491928561503
0.706148561962933
0.619972079022038
0.620312568547614
0.614776335327728
0.744511747986081
0.738065382213399
0.616193844853309
0.636913132527286
0.666328219670752
0.64152773477173
0.637745153088835
0.616406074635117
0.68043499651334
0.662914984814075
0.637346456361515
0.685423880115948
0.662427601505781
0.598510513830304
0.587533824761725
0.607535707193237
0.639142242837442
0.630500654300242
0.618259729725428
0.657743872460188
0.701566273320076
0.691263216311353
0.61577491193757
0.646738558295992
0.619890964884085
0.614417513232651
0.615545273366608
0.594873563795947
0.631912781798913
0.663882845145864
0.651747739198876
0.627155698067175
0.578518188365274
0.617619026230022
0.640523003544612
0.632076326637609
0.644530531524507
0.682121362033443
0.686032294372767
0.670657235779746
0.650204195052103
0.611098897420858
0.693644630429499
0.730259675739736
0.695353826587162
0.624561154174005
0.593136265757714
0.58621074072741
0.630073719375302
0.646801259600858
0.684478348464674
0.675564437429028
0.675842122277888
0.696732868791665
0.679418186756341
0.710684372254684
0.705773482310946
0.661544948865475
0.586539064882831
0.634484382050644
0.681116212743888
0.734249367156191
0.735308050272293
0.698097362724395
0.677991138052043
0.76462737126653
0.772157431744836
0.675692680252321
0.671631836218326
0.662983342810584
0.665837794425939
0.622363636975986
0.623080380314025
0.68568326615826
0.691823357640376
0.651719189585363
0.598779736827118
0.619266682128263
0.638662381946439
0.640658327741307
0.557739770058564
0.577455237258742
0.643984109924018
0.636535601464528
0.60734118633534
0.595973010952273
0.618188402433823
0.657734656245065
0.644758507121377
0.612758525789888
0.617985137926426
0.630740980275142
0.643330306348641
0.629020992461786
0.608010034318925
0.611202030274247
0.605388422254317
0.608834744080845
0.607230809734837
0.586010719786691
0.629169474972862
0.668959670290787
0.652032087473453
0.665626422967784
0.664596632329538
0.65794112579158
0.639345918555413
0.657190404257724
0.709682182165876
0.713388791246833
0.699581029636151
0.759030506403617
0.720560105710931
0.656658360922282
0.661088744136908
0.680894606545663
0.714712680301087
0.697040981066908
0.618499428676104
0.584225208094701
0.428026159591404
0.374112961165352
0.412576288060027
0.495430377250338
0.623535407455434
0.646595317001276
0.615978311350834
0.610407468884207
0.592946759077166
0.641620203636406
0.63821617796472
0.61974531592175
0.650701191748062
0.610588810932677
0.605442661549269
0.603988244630401
0.511396380494059
0.537085558654471
0.5668075254838
0.628608118064933
0.618680983724328
0.561487062649957
0.578005713653797
0.648147395228352
0.646769210541722
0.647818248826247
0.67627932162598
0.712733754656547
0.712751838364878
0.631469331184924
0.580698261031558
0.559440321812723
0.62729788318072
0.604214888746484
0.581960713084104
0.607067775901153
0.616106728741054
0.578695044101063
0.589492481249079
0.635418579409407
0.604617434038754
0.570978789599803
0.60990129775354
0.666290346835942
0.685456820518003
0.695592664889278
0.6724543263712
0.644168279785274
0.680745312401118
0.69203096107649
0.593562773535012
0.559412344237496
0.605649021339567
0.666661540130171
0.524480389268777
0.513628546401375
0.609951141741698
0.633113656738921
0.646250227189206
0.602712508036823
0.608603386152695
0.630793800744454
0.624141884788028
0.558561632546048
0.604166023023578
0.630204330958183
0.633944346709718
0.575338942787582
0.59614711778662
0.603931694109033
0.645325919694022
0.638208329035397
0.681560740555934
0.700845836991164
0.686982345464905
0.719351614204569
0.719969129806393
0.640609601939017
0.617101082488383
0.680453944540296
0.670832538552213
0.674028241843371
0.677748600317369
0.639229755031509
0.617466668483156
0.607505943624675
0.609347222389919
0.625523768218622
0.6098046863408
0.576153778302521
0.648152638088951
0.645170681671426
0.612358440009739
0.588409569419636
0.666046362073821
0.684888388206435
0.610845972395941
0.60132497280484
0.588611581897069
0.577999395062665
0.646414341496208
0.665367416225878
0.65355701616143
0.668958106000058
0.685048948145586
0.6784866519431
0.691633642382267
0.681702085044953
0.659644194323306
0.628509677570995
0.667642364410599
0.685486885819099
0.654349996412
0.697669148741277
0.718945786714826
0.64393922533327
0.615668425993124
0.609932821858871
0.637566351986031
0.64845695003976
0.670031946132906
0.660670008971125
0.630517717150768
0.672858597637489
0.656879793380023
0.637778164162292
0.654174351331034
0.660906049632108
0.642007817714801
0.612923423178949
0.646407803239232
0.659352645859229
0.673888976947335
0.684373604389416
0.716810101941323
0.757214164283345
0.726379863446099
0.794622355874415
0.814158077596165
0.774780702839471
0.741722752699504
0.65745837364675
0.655132255073498
0.657369152415576
0.681903526228668
0.774520132784344
0.812361912751239
0.754334612194114
0.650429206812027
0.709183741943584
0.695741555065144
0.594626365259455
0.559697563453519
0.611443263560366
0.682108317446622
0.657507369701641
0.629664709784675
0.678827512508835
0.697166800882198
0.697034224008912
0.667206835510342
0.62134337677145
0.629400008782132
0.670913086206393
0.667407912380469
0.644801786387614
0.655244693849885
0.646101095760617
0.582202500960626
0.588445048858246
0.648902189842381
0.722418748475704
0.714735507853294
0.679185175855782
0.73319003279974
0.686916785636978
0.698635912690379
0.771114227468421
0.757964223338465
0.722667925372584
0.70455944641494
0.730634300716467
0.733545857093591
0.692317693388944
0.642232409752726
0.712738260452713
0.818755147295144
0.78699061434947
0.68976099023142
0.645211792983133
0.729337090538583
0.737677746808899
0.71901482790163
0.678171892875564
0.617339610606502
0.699991965572053
0.730360048911326
0.716309424234824
0.695646855151563
0.659911484207249
0.634540929967764
0.661921280814456
0.647771487471714
0.632529269877929
0.611555581635978
0.601342566900865
0.619648155024163
0.61728218385241
0.674521830857797
0.694984135476441
0.672253616870547
0.712378903292943
0.723073307046107
0.65191140038612
0.6243046970954
0.61317520965414
0.640795488494201
0.651219614202203
0.598501108025441
0.615515089559508
0.627424474753956
0.663506647078792
0.682980958073203
0.608409225326841
0.636492459619607
0.749073737173807
0.725336505287863
0.670220133749382
0.642163301020174
0.695208566890861
0.709875749255327
0.660500834016325
0.650695139924016
0.671097838160326
0.643316218218904
0.751932197805517
0.760519765145118
0.6301122916916
0.617068771343481
0.630311594873988
0.677313574758257
0.694988259409946
0.643655925478052
0.651267859446618
0.673418105396719
0.64738365664461
0.685386560917995
0.657309117863534
0.642180229211753
0.64635702241866
0.690263536301811
0.720195834983689
0.672472302383481
0.665374136071531
0.653456879563725
0.633660195163316
0.713010145329356
0.733254418627475
0.711274483449783
0.66933751819792
0.645067919003889
0.682438195861752
0.697335971696268
0.657579086441215
0.643059832454343
0.685951841085943
0.701274412236823
0.697291264613298
0.680009847217607
0.687749113008817
0.694856549685953
0.638797271325656
0.604280476458497
0.615643554020803
0.624094511115619
0.607283131223396
0.487074437564127
0.520795432237191
0.648225457413088
0.642351053473937
0.635497303328123
0.634004898942047
0.631724132316467
0.641353820881795
0.739372290660283
0.745566831249985
0.731162968386322
0.767082246782825
0.742717901111575
0.663107811158749
0.615069829668751
0.663562689784554
0.700162824816229
0.612109491014214
0.623243336437334
0.632221360845479
0.700164087161229
0.747777070004265
0.708628457711991
0.656622344134721
0.623476618341543
0.706041824153864
0.696670332448658
0.648221336860565
0.687932023317144
0.653007621681494
0.655154038143696
0.648391304822864
0.595055609500862
0.632139766985759
0.642047219205739
0.668076157237551
0.678201703438628
0.657748154380301
0.687809222063286
0.681891375644669
0.683255471608923
0.671456054258224
0.653295165420669
