0.520902295371102
0.565080491126205
0.586837571394717
0.62242829098917
0.615471831932026
0.587322529715985
0.60238194358727
0.577939017094004
0.539818490492584
0.538311809516344
0.496300301694226
0.437157023316471
0.484750049775717
0.551510135681661
0.526642066912908
0.510908486821607
0.492743973272444
0.459035203149779
0.495440389858279
0.601951503607882
0.60629086677141
0.552247536373276
0.546467138760118
0.501388096336937
0.51995121726243
0.57506925041221
0.550945328798837
0.526788089845307
0.496382834082085
0.486490434703562
0.545400453964308
0.602187891171267
0.584495004641372
0.605826471022886
0.622831114599434
0.559508263043064
0.50987438108308
0.511066241859623
0.519630806489227
0.510662384003413
0.546816677325016
0.617474069823506
0.621624145629686
0.53487781883026
0.487010390099979
0.564676002479655
0.59853065805298
0.530497695359259
0.520224767250509
0.542602023644199
0.556941443380079
0.592020056589313
0.579475416747507
0.534519875316619
0.5847727043052
0.623496701180847
0.583568095826621
0.566434130511196
0.578579602355492
0.556534022032515
0.567401678367662
0.669092399825771
0.653879839051982
0.564526879163454
0.546229356399847
0.477102316414934
0.521677641031657
0.541454366833689
0.550156042159742
0.53767066169194
0.576309248535157
0.609228288748629
0.584543495902798
0.585423017704665
0.5576597071912
0.477379842516007
0.443928598422825
0.419423486607728
0.411594011609442
0.396199222547482
0.397654628463421
0.416126928714743
0.432471759112703
0.451890884916016
0.424740473323114
0.380924868145234
0.370276678650456
0.361619381561097
0.409592509252108
0.507836742696695
0.517837770651161
0.493902290650723
0.491443901845231
0.577720604007696
0.599328769772452
0.549666411761409
0.482067750437869
0.498354624845142
0.573242504330547
0.546342499065705
0.542198942989731
0.575803815170047
0.505318257194492
0.499873501901155
0.541432193196837
0.542367811364241
0.577822118305529
0.585234718164171
0.586495661974885
0.586348403378427
0.555482356429767
0.537167597323475
0.58028911836084
0.603238428302448
0.560773728554709
0.536059075363391
0.495505969808292
0.501560713071581
0.594499832812773
0.608175707590944
0.573260088710255
0.569726562061208
0.536923518455154
0.531681361596836
0.551465051056527
0.529342041989597
0.556414166389492
0.504325677948816
0.479186715004013
0.51877589976903
0.531490098658309
0.5665057579668
0.559992358333197
0.561320330268426
0.568339017522309
0.543345097285249
0.509046798579121
0.517860397991234
0.548509075867439
0.516595714941135
0.511915127142651
0.512784967204132
0.524980704247845
0.586473178005071
0.630968789349515
0.607704682512086
0.544299084954105
0.51869320019687
0.573448197369643
0.525844066388999
0.424173836645729
0.513531378600797
0.558144934519917
0.598371915561767
0.691258444967918
0.685349457017866
0.593518600889248
0.570977487616667
0.52324772267421
0.545906754820605
0.539874530708099
0.532973655368407
0.560228485270754
0.575730683777231
0.57964501070762
0.551040022396914
0.52917286059158
0.557389472129788
0.555649940437193
0.531190405894591
0.513699467751291
0.508872565792836
0.523337762857441
0.546588480917088
0.545602889920027
0.608190640960404
0.619052819714529
0.573418949093905
0.542858965200783
0.466215768578656
0.40144747164963
0.473687557211413
0.534456683786694
0.531959532582551
0.540109563559354
0.558919073236294
0.56320163912894
0.538474982828071
0.553373350937485
0.542508531307618
0.521456406692865
0.615633207711447
0.591880331994893
0.52534699578468
0.514769182132729
0.523888717614959
0.508987827509488
0.544982694163452
0.541306586601266
0.510738847105917
0.557091330168129
0.561208885317234
0.543087965711386
0.532978756381881
0.515293994964635
0.498790441072805
0.502239601944923
0.527499355880858
0.556823363318799
0.544169452305337
0.503454229931551
0.548951285504553
0.598890104638977
0.584669904883741
0.55034630705094
0.529767978708266
0.540632048512074
0.54961314784377
0.515593339401014
0.503228424832989
0.541706988622406
0.552028581630866
0.576665010510945
0.541056437567302
0.482090669418111
0.561124764646689
0.576917348792629
0.608332303497678
0.646169268761347
0.614035885266515
0.560518465193086
0.555347006425433
0.51708782967397
0.572629399330147
0.581155030689392
0.482902019012692
0.475337386486707
0.524605561901788
0.516410074906684
0.515330239097257
0.545062281381719
0.521977552656082
0.523350117353528
0.503031725360903
0.533909620418171
0.55840097137502
0.540946348425249
0.55338890412892
0.532912014253585
0.507159084978621
0.526464459099085
0.545212250507242
0.510733185335255
0.514428468241162
0.517886962403119
0.496127088443569
0.499254082645216
0.519987385571223
0.486047289524189
0.511638983172169
0.541364425980553
0.498763712708625
0.552166423555289
0.567414469334064
0.553532863770976
0.550595522611244
0.526943178044855
0.536352188897707
0.546074919845981
0.55752372539136
0.530196802119437
0.515627765700833
0.507103404165243
0.502813356717571
0.566990999286824
0.576413970916726
0.572581030560765
0.547871595810699
0.523424183989124
0.609880364778488
0.59956193852262
0.527007118772877
0.463339852120433
0.521310730581901
0.571840622569441
0.536164219681646
0.493464060290228
0.53441424096814
0.560747113013493
0.530426356573923
0.566283158955905
0.54978579157514
0.499183555222777
0.520966691425004
0.536389564784136
0.542996889368518
0.526081719882002
0.545625019040318
0.588858417431483
0.646135551963871
0.612849668375416
0.524047572524288
0.513086043073752
0.538617778610357
0.530207584914748
0.571171136828404
0.55540863194075
0.470368230548515
0.502579070744024
0.491915071513529
0.512856584193289
0.537798417140581
0.569046285862953
0.589091515375822
0.580473896656269
0.562190759640947
0.549883164753009
0.527842912938574
0.489923066413758
0.506931713507169
0.547743079656119
0.587496414170873
0.595612124963612
0.595222011938284
0.597894925417094
0.596666175170865
0.578209897984916
0.526914210178951
0.616270655009672
0.651672807192107
0.632211381018901
0.596167072434566
0.523784737972214
0.550520365624702
0.569731465671976
0.546994842068344
0.552503246907928
0.5264660430828
0.548409515722891
0.581628957897549
0.598534520978656
0.533717664878177
0.476871241657221
0.587296890544304
0.575808261439681
0.509277073930859
0.509918730022852
0.624188752180233
0.621599454310196
0.460885968315623
0.500640422924085
0.518151359974156
0.525657938595192
0.535514297759491
0.618798577468265
0.618866182153254
0.549448431994104
0.54143389672575
0.475309313770689
0.424441957405722
0.452192136549806
0.515749399173429
0.518231589739367
0.53894880310896
0.542746725028904
0.525886681768782
0.568901240258475
0.552865611101634
0.507020406643938
0.528735934086888
0.515489552716261
0.52996179489403
0.55665560293244
0.575825688712372
0.562537482849251
0.48627398550287
0.435463356845251
0.432999370170329
0.444354105924161
0.510979620263053
0.535039424822208
0.554875336413112
0.561396030139283
0.51384136738066
0.510177534804623
0.544579824446833
0.470628147344281
0.419338540857738
0.522731691418943
0.575090892000413
0.536565011224645
0.536990329123857
0.547549875471762
0.566911703791211
0.596564956771003
0.557810686844256
0.499676314195715
0.506895818132148
0.510997312242241
0.569298962401935
0.571494904446635
0.510965265341701
0.554532571549854
0.557562644351713
0.545534875357885
0.574888865951987
0.582494880211804
0.5581867947104
0.52869319708096
0.510139962935092
0.558883047856583
0.598241823223264
0.561140823769963
0.561848884254217
0.592006112837847
0.539553419831404
0.566534684497115
0.584465876063013
0.574492068532131
0.636076416430703
0.610755074255707
0.545345229825623
0.536028264314389
0.482954276820029
0.446813391381795
0.491049933785028
0.519222369280424
0.5194925444012
0.548617472329246
0.577859349015139
0.598956136971319
0.561596329196548
0.512725625401093
0.572021750890793
0.591786110236309
0.51811115648033
0.524871630087964
0.50611582782679
0.491082552390576
0.492346408149466
0.462389993817211
0.485747250247289
0.520472335707658
0.520057927224192
0.496391145916283
0.548280467270551
0.558149272355842
0.41364242188076
0.427321297259409
0.554031756381216
0.583552327248254
0.567628380545252
0.528953499228642
0.503153977335473
0.611632220368733
0.609048048893075
0.572239712011738
0.618173434404371
0.561032170680176
0.465855574513275
0.516675528682249
0.600079760527234
0.58163098060706
0.527252576284707
0.540316867390734
0.557913747372148
0.557028699823152
0.572168887401924
0.536830794698988
0.505189746634707
0.490537948781836
0.449609949291448
0.492480815086208
0.527868730407928
0.545350290283535
0.510161417748436
0.473185509880814
0.536925526971029
0.533343614350744
0.479114262640827
0.468947441155445
0.469140492246437
0.565507716770315
0.569926285534043
0.511564004598596
0.537501674418026
0.58266848503662
0.540644575919928
0.50033051752233
0.505734351314035
0.510385150639851
0.540854714888921
0.531321948075428
0.511821652834612
0.514699311272966
0.52361160831777
0.525371490876778
0.563036106679418
0.564925508705784
0.567035136928135
0.540523406004027
0.498141785665888
0.485701230946881
0.504015170641376
0.513236332059375
0.515360307557213
0.57903228566593
0.620916128167827
0.595690492820639
0.539944297420278
0.550356169672837
0.594093209637686
0.596398477167613
0.511073181247133
0.448752656781009
0.479134801679116
0.541869984946048
0.547118847944036
0.552963806787707
0.511529492926766
0.505191314822679
0.596121699774575
0.577220390702484
0.497532154699634
0.495615382217688
0.536915397854591
0.548471460460636
0.48063569354242
0.531245324946073
0.56081852933007
0.563220380262122
0.55492266544282
0.583119183360462
0.618090793324607
0.607791659159862
0.61565375872517
0.63382456242494
0.618384503535318
0.57551541702513
0.517245350470352
0.500971501313255
0.493697845271989
0.518770151040691
0.546859498010228
0.510168789291601
0.549610177174987
0.611836337055144
0.578528140868648
0.492524511633484
0.521920505654791
0.480573978891713
0.443633104744283
0.487569097725913
0.571660971832899
0.569741909360091
0.495206286874186
0.467075095141724
0.517855389022155
0.547547567288538
0.533746899295186
0.524049111963803
0.522463835597265
0.460312378943042
0.457765056982264
0.521414344311648
0.531427575765733
0.498374955515726
0.534533744187321
0.544803188951529
0.538194492535413
0.569590195905488
0.531047013556715
0.519604293948552
0.52383555112173
0.495800438913566
0.560888609808257
0.617495563176339
0.605948375407227
0.592520961004445
0.599756934888489
0.52985306535497
0.504122805246614
0.575948303992194
0.568324394029891
0.529305868045583
0.509407350960248
0.505013656104987
0.509389037362977
0.534008279019602
0.566817700012006
0.606115859420344
0.584365257762011
0.541499993474259
0.529360016071322
0.517079598095234
0.636138038824524
0.627042104181501
0.57843947133742
0.556904889470916
0.503444286272622
0.478594666275987
0.496582135897609
0.473674580618084
0.504521736018155
0.558873274202205
0.533325155484597
0.572295471823479
0.570769673119625
0.523683401724365
0.525117644076314
0.511302819089933
0.518047783596243
0.540558635881509
0.556993262322327
0.543617085753988
0.606396571040633
0.626956335195369
0.556110513805438
0.608747940822206
0.60514328206665
0.521266464225491
0.547631582923513
0.576372960475508
0.571091317362255
0.518155712062145
0.443010233443163
0.480428439918462
0.550811353120132
0.538309498412859
0.565127397818403
0.561382239061393
0.489879629998928
0.551337161634627
0.590943064796168
0.545386604138547
0.50099416437656
0.512333679831429
0.581645435595256
0.608796240314622
0.550324751386708
0.47640169433036
0.517538830024914
0.521181036603976
0.49443226801562
0.467619268695103
0.44358690883553
0.481766174235553
0.520523375553787
0.529653730914723
0.49731096097671
0.5002068901099
0.555600464976158
0.55742357389442
0.534444445584405
0.531725446220696
0.512073347964952
0.472174764036486
0.533507098501097
0.587174051502347
0.589198528863044
0.516420924228496
