0.646969752952269
0.700356116332051
0.704863706412621
0.707549226689549
0.693126145304301
0.743611420709182
0.734123182941444
0.617712648147755
0.624498037277754
0.640307046979606
0.607513541836899
0.60064221413901
0.608224911936404
0.646423605412804
0.66060649443671
0.618261150074093
0.6528926784676
0.683289743448226
0.683967830179287
0.702674238195325
0.700930494735639
0.652325939994357
0.657734491735963
0.69892113924239
0.705055648778126
0.699766663550256
0.687674957842209
0.68776248278311
0.717825001344105
0.697654398567691
0.646930220689422
0.635319173074128
0.682438898353037
0.709111168284815
0.704511912774947
0.679047854307674
0.658773673928148
0.684988403720566
0.752791057203655
0.729291392462938
0.66545194597024
0.720389866703817
0.737583478121996
0.700617022322185
0.694408849409043
0.646614209248465
0.631776778803091
0.657624432654821
0.686038112236045
0.705009772156205
0.646977289693361
0.680355467304719
0.722116651260194
0.67490490123022
0.690193950623982
0.760936062038779
0.792375781470216
0.75277848780084
0.686547041618038
0.689112883867215
0.613121116206646
0.725229030396023
0.769640507291666
0.723743309428377
0.662623459168949
0.676287013581195
0.663135652661339
0.663284111320096
0.71628740467368
0.701702049374237
0.695165940332354
0.748911146403474
0.721375683470826
0.697096950637007
0.708663946832518
0.654243714016917
0.608501372474187
0.675124993079412
0.689448072361464
0.706548518472884
0.739635923107184
0.730431644343881
0.698387010176298
0.71031106008922
0.730245177634419
0.722243148756444
0.707518424528199
0.692093756603164
0.6352280557159
0.706506203952013
0.760357907743814
0.720640515608879
0.695494703577954
0.701427329776489
0.718482054136521
0.713943166580724
0.684873626523877
0.645233868308451
0.711657146374149
0.739830041274374
0.650110947144225
0.651631361815015
0.618036000165672
0.635313648374802
0.675342295087752
0.707068063339188
0.687746010619079
0.629637925882786
0.61752771289382
0.679689987486133
0.68475731087168
0.69210953475162
0.719519467045518
0.726599869267819
0.717906655888028
0.691935703448179
0.713309684203388
0.775590657025213
0.763461635682081
0.700475733929549
0.745879773232092
0.767409187272166
0.743413687422538
0.68318794707361
0.652026007596478
0.682350399656225
0.678203364604398
0.675265724063405
0.679573018553358
0.650757551446919
0.656326490924122
0.66710515535201
0.650651555115502
0.622825281493205
0.637871369374911
0.640968726914901
0.642634567809661
0.698017853649377
0.714522574931865
0.732905437979338
0.780860207599242
0.783938289668559
0.72978326089078
0.61336547192306
0.578173345403382
0.663866927798702
0.683031871493506
0.679000181720668
0.729613107649753
0.735781791242985
0.742373144249534
0.727433465785069
0.747751623617648
0.743915416177237
0.644030209809839
0.664849777631329
0.698300909287231
0.663663682533084
0.646676490864951
0.720733300766579
0.689612906968914
0.616326486680776
0.678046304615299
0.684303769182969
0.674756824044093
0.67554960303488
0.672059373021192
0.676132188269238
0.716142794964229
0.735894409739371
0.739766350335155
0.738472836654695
0.708926048955838
0.690195569666714
0.673483654445197
0.737514154648432
0.731184625042946
0.611833592773577
0.628659328931856
0.665198688284668
0.680100065640271
0.723923539765848
0.698781402842937
0.686897700377756
0.709574475941269
0.660649329521269
0.707512385301857
0.692820996854549
0.652589220920689
0.681180192689835
0.682354927541518
0.72887331408871
0.724255462828451
0.715984305147464
0.737660484650206
0.693683521996856
0.653949680170912
0.672029723208821
0.706070831731279
0.685862996303453
0.681813358039424
0.650928209199469
0.666989192436991
0.685450552407791
0.661923009621883
0.699073892445928
0.702129538460239
0.6890260377817
0.736941719196741
0.735781641383017
0.711948766704797
0.70950598150653
0.647924206838571
0.70492566640931
0.725349491696913
0.657126998165297
0.635466979049567
0.692818456253863
0.713244229390898
0.701838592635819
0.768208015968477
0.756329294326422
0.717335042039469
0.752508918697572
0.741900665455726
0.716953217417269
0.67579356511709
0.723735991990587
0.780382109120836
0.763253033535315
0.664888409339245
0.689857724121492
0.730702473864029
0.72221315509342
0.701536564033445
0.70436217571247
0.695610916381497
0.727007597164685
0.738726192866239
0.725121806050989
0.684663236686805
0.658243636430905
0.669878938708143
0.684520109582145
0.653479089689813
0.665832661949562
0.67217450214574
0.646291695503234
0.646157965394732
0.694860035475249
0.729947896448379
0.714724516875496
0.724429300443666
0.746622493303813
0.760613500103493
0.786354121703126
0.727122293472061
0.739436555025895
0.772771302585253
0.732224873907042
0.658647341504544
0.636606005070616
0.659693061176813
0.688338311859642
0.710563283646188
0.660568676034665
0.685112874226928
0.707579645540976
0.643503880888458
0.655716800198302
0.726454569446198
0.778172450847969
0.807060665236928
0.747513369511805
0.699493017092383
0.667410948301823
0.612461552789722
0.644673393312062
0.641930894007777
0.656161323270932
0.67360422893492
0.66917242592274
0.606596183065189
0.606549559431694
0.682643281867497
0.691340333319122
0.668688927887045
0.684042115406103
0.795233472823816
0.794733158620229
0.745755910872628
0.718910869211111
0.661331867360334
0.6512782667255
0.683163790661719
0.72249484545911
0.717924447397088
0.693629599164232
0.697119397384368
0.691389437929655
0.655495710469375
0.684221974996187
0.709772395449807
0.700351228995058
0.681695464767175
0.703524952711924
0.728620224028445
0.725042123956861
0.727267132591569
0.675602915569061
0.59126491593714
0.626833678747839
0.626624303279918
0.588168610830773
0.624622025048108
0.710460763114259
0.703517469495172
0.625376478074333
0.710062533575873
0.751160560833148
0.721234446690129
0.693869274046014
0.73006276318359
0.70702157727499
0.596288806384189
0.560689353560012
0.581610480703582
0.601796194097834
0.647866206435387
0.579446564216777
0.51308174680968
0.612549904317321
0.705126585745375
0.745754788701679
0.666055010707154
0.484925976580538
0.523192577588897
0.601192182448872
0.590606228021091
0.544383539788554
0.518238431254883
0.500583039964335
0.522698532082321
0.516490661670885
0.558222270092028
0.597012577183947
0.570110643708978
0.57686824903106
0.574237469001652
0.541672135325737
0.539602511462599
0.548606526889724
0.589704464564081
0.588148192871819
0.558200973871245
0.50647075710975
0.506441360454694
0.433704299576923
0.501813593614123
0.515470349394107
0.474769674769037
0.467171085077323
0.532885547792099
0.55135154706876
0.580080143020777
0.563357408004365
0.4668460642642
0.623297187296328
0.628586719818098
0.55695079963009
0.540323017943121
0.495293935829454
0.506333114079811
0.568994037829982
0.699454009116957
0.691616019550541
0.649890735373122
0.662462717618112
0.714643428147994
0.731110249395291
0.68522857175645
0.604245668568373
0.639442018586922
0.650574091769896
0.622027471377344
0.645714379723301
0.625966971280814
0.487795235413348
0.510192943620593
0.613015755868558
0.622419340124407
0.554600292197653
0.537402015492638
0.519076980345377
0.477933526576111
0.493472534227201
0.505006957123389
0.508203473559612
0.514047137021658
0.52665031759196
0.526649123052599
0.659568941814386
0.651042755462138
0.492000757824841
0.42975839663576
0.46415293083156
0.485817828827116
0.50825600248762
0.542968889302488
0.521745575397372
0.524967573967148
0.499780274665061
0.477678637485983
0.488391808919907
0.46471148330891
0.477857654277218
0.505120378612845
0.487832720160385
0.55506964183597
0.549205867164338
0.481560814626775
0.493821423862748
0.481571438896702
0.486139894120886
0.500473258524604
0.519125785012607
0.546872509387751
0.534720623140295
0.517115691119688
0.502225370158237
0.487324794267263
0.410285624526076
0.340583683194385
0.305238552736167
0.325745776896671
0.43722386445687
0.492970189301207
0.496110436426513
0.48641478905331
0.540933171590878
0.536490540011804
0.500245423074435
0.514548188118062
0.570242078569804
0.546593066283623
0.490223415331231
0.482643754639852
0.555057879288685
0.547702910578136
0.485566729486369
0.461827320377279
0.550406448934643
0.551267815189057
0.478685661142383
0.478522122935343
0.503406428789988
0.495108591282199
0.480402413880895
0.500800169339401
0.537304380228665
0.536959686202677
0.5345106378225
0.544815050628751
0.5367666237249
0.563042123972895
0.552765790622818
0.525812506827185
0.613882260942729
0.613902496119513
0.531197591264525
0.531659025815772
0.560125991810797
0.528244178523711
0.519500257495554
0.496497998057769
0.5039857297697
0.547186848920112
0.593068350823444
0.581594226810755
0.56527250373458
0.699585698252012
0.695820684545606
0.557077617649418
0.67592792384065
0.648763683950784
0.501906821514988
0.433789195087512
0.399363605552694
0.414388833390846
0.467830935728819
0.465974652215373
0.408014801333155
0.404802373370615
0.473488247776428
0.505433553292967
0.57445514278533
0.572300193488923
0.515301878224229
0.542921076403502
0.580203933071569
0.593094065704439
0.568357493031045
0.552901393267528
0.547543817803148
0.605673170994296
0.612498349511685
0.511234227920012
0.494594128959853
0.497198192848471
0.555890959139033
0.588724000119167
0.542442299451693
0.568001145064632
0.658005295588783
0.644561098097449
0.526684125584626
0.664103355990701
0.689393877855536
0.624647893754817
0.514298498632456
0.502854067216089
0.487883076805563
0.483142061874948
0.511766624865908
0.52666911471989
0.561387107040104
0.60223640908751
0.588452690408005
0.562594350192743
0.572196750276115
0.567163075237008
0.547963012204113
0.563962232954803
0.591418525345537
0.554709193373104
0.538204583775766
0.548661670463181
0.549423761876746
0.520928973185408
0.46626827479537
0.537580701439787
0.533215884833614
0.529149738136088
0.536585631761195
0.508047044706036
0.533910053604049
0.523522611924004
0.516237768833802
0.545576093509666
0.520612609777889
0.530198155369157
0.55323549701868
0.510638837537191
0.519198872750826
0.561029944813871
0.546897481992482
0.541175896769805
0.520615974799968
0.519910924228947
0.535990573849556
0.524890848773538
0.483936608585333
0.494643668634096
0.517030856142778
0.490830243373812
0.552101874171707
0.576097236985541
0.528061944710154
0.582678896713856
0.599128770574631
0.562870782116397
0.549188021182085
0.552315472173637
0.529108261033561
0.518578306979661
0.530935705789856
0.589582769191278
0.662403302331587
0.639225436618694
0.578542302067804
0.542581840775075
0.549017571007062
0.568528696786465
0.518881387980006
0.533074587722412
0.528913584401134
0.524062453457211
0.539093902237952
0.556422933077313
0.547142117163752
0.513472446209326
0.541227438515851
0.561444655033982
0.54943545120216
0.49969111718091
0.505598147686399
0.53513142966157
0.540464453349133
0.53485481634265
0.571011482102954
0.569731614608304
0.53964674655284
0.564668193845143
0.547845221327828
0.621233188644031
0.635171409790928
0.555400115304512
0.515736413873182
0.52802998983161
0.545301953252786
0.626418778806969
0.611378555917824
0.554648011964875
0.537798625822247
0.539756412026843
0.534253243816828
0.542501713576805
0.546342075409977
0.498060841084666
0.47807559007127
0.485442932133843
0.516288731706703
0.528749020779952
0.493650526921818
0.508496152743043
0.606100270088116
0.61968561383201
0.571192219590592
0.553855847769374
0.576628523241889
0.573068017406948
0.542847998280715
0.526992917558352
0.498331790155741
0.488494320487559
0.490386868140957
0.513618602783204
0.522362291048057
0.469937756238895
0.475729760174215
0.514946779937175
0.550509397858798
0.5322490757253
0.523845156319426
0.537435021109777
0.485850988475447
0.496059814908997
0.493277703542968
0.467262548961115
0.488408426878954
0.509120033868273
0.49423123735315
0.545956553860524
0.57035252302571
0.538595695348495
0.534343492098497
0.550216024640685
0.567973692659512
0.550720379822017
0.527415097616026
0.545513419843165
