0.676592179578648
0.663994780132695
0.659992978607922
0.715072396142584
0.717476893202248
0.643345358136823
0.676381394273484
0.768961032008573
0.874370728909802
0.880152263244266
0.847111601570661
0.798801698671993
0.740324647557623
0.76696623036516
0.787276701014156
0.731420016670213
0.661737058131021
0.699230701351664
0.687728284368498
0.679694658563852
0.666247719141955
0.671746710088622
0.677830371721462
0.673694915253411
0.729049818618888
0.741513835626722
0.742406039081075
0.741631289137972
0.712657474653236
0.749667880256644
0.772922427046199
0.682942558335654
0.596275400952684
0.668580369329623
0.70990825087742
0.74596829037743
0.762528300329843
0.745789333051021
0.728567564116814
0.695742437958065
0.742852564088451
0.771502192338849
0.815967401670332
0.836255730174764
0.783777448713027
0.757342314628771
0.746711499149953
0.810362000833506
0.83248330997993
0.799805534479849
0.769434811460679
0.717248980559942
0.651754070371542
0.657888228668701
0.733627347326304
0.695936697134667
0.672813556523334
0.719572940025352
0.695228676433003
0.670345840222698
0.65806126095084
0.703019693935206
0.782538696532438
0.81232423974707
0.767867835076104
0.856089609434596
0.899176617070411
0.84692804565752
0.814175018736279
0.747750544535426
0.80974717008122
0.840672751436608
0.761712242105101
0.732004176863268
0.773970339104585
0.794145769354347
0.76122040724635
0.708817951478663
0.805955687920107
0.806552930663709
0.663818727411256
0.652333280824102
0.663790365607708
0.64834505790211
0.752559464758533
0.798039485708781
0.758287704136716
0.698870874166625
0.672561907860524
0.652715193912886
0.876439407940003
0.873291210677408
0.77474991873747
0.822938571133211
0.800449469616872
0.797984921659579
0.809076727681879
0.781718274100581
0.740677014565249
0.654034672764945
0.633051166551581
0.676331464383859
0.642899746584656
0.720966127614678
0.808462274240148
0.863013789831406
0.824400879657209
0.660071980393928
0.740116531257615
0.736148753742279
0.732142489918261
0.781248296875735
0.820148182783342
0.814916933784506
0.754577934766064
0.711726246786744
0.62750127713553
0.602199904711229
0.685501265061412
0.887349713784925
0.884772557705764
0.712116628757267
0.727729934772831
0.747444775099657
0.752693016273042
0.641046810815957
0.618817823984911
0.620129662853361
0.564004770598241
0.707628125633054
0.770134885555346
0.742080885651367
0.818585168941877
0.808121931665736
0.723986848425652
0.743905610939232
0.76534400241179
0.727790336537988
0.619239951006146
0.678276703345906
0.728862599196351
0.81434879075409
0.833140033957772
0.787496188307276
0.729698774040873
0.735298122713548
0.656133718798745
0.540841121412783
0.665125588305204
0.725268185435394
0.745126337071853
0.749641249959314
0.693879495612552
0.646935523419723
0.717899664094004
0.728969694228432
0.751152059287347
0.773283374921512
0.778499849189758
0.763010008241671
0.690891949642068
0.646054001888737
0.613173788111586
0.699133073513939
0.705982467948277
0.698014169402859
0.719104343747495
0.698571890583879
0.723897974766054
0.70921210154954
0.67206895131036
0.702642185083976
0.682423562710453
0.68449580361407
0.711140780037896
0.676516640676147
0.665027007929784
0.704454628025431
0.737317573738973
0.733441553142875
0.639412241468204
0.607530778177298
0.705812707384054
0.782698981852015
0.741534847059608
0.6951257218485
0.806951600687986
0.823030058592031
0.76966414821999
0.731106111503288
0.696028680471486
0.888683491281081
0.895438839194841
0.729578375294922
0.721537638387364
0.752844177343895
0.686715632519291
0.734010792072426
0.826677070963232
0.826764632349695
0.68818188070597
0.700932106517273
0.675331170846503
0.72241643465329
0.776898995219902
0.777437166656521
0.67438609415923
0.68507513726291
0.828093997790207
0.834499541848873
0.780106103725857
0.758761921969124
0.729084817600847
0.698680823521259
0.512125967187373
0.541662872811637
0.572262865492415
0.560535936216251
0.570830730298925
0.60366096480971
0.581076942866872
0.543472861687057
0.551347180641989
0.626783068063055
0.694326681715434
0.714834124520006
0.730576439917757
0.705448671807597
0.660101519105735
0.633937255445654
0.609160704282857
0.584034199549925
0.717334035813883
0.743681127174501
0.629830160385352
0.557027903054713
0.64308080743639
0.674557803120357
0.696365405490394
0.777799147187888
0.809358490003233
0.707994838455248
0.880791913976145
0.87669876308309
0.72736560817391
0.723443628954063
0.635337292899912
0.730736506517382
0.748930194558366
0.679483157576827
0.799590309137089
0.819229748038307
0.777634708832257
0.749338910223906
0.687037601467374
0.677229461738528
0.705259018230434
0.851591629788416
0.838294083864667
0.649674620646035
0.586625170154672
0.572276946043707
0.604769519351581
0.640909540298685
0.643081544433367
0.647904771465819
0.706844898641229
0.721227853573153
0.716619071950201
0.742261928784761
0.83828239658008
0.831929320138521
0.712160823809678
0.587412102804245
0.515621893251352
0.530689418029333
0.500280366911949
0.601831878490982
0.65127492335212
0.716353598926165
0.721245254461229
0.631622511320138
0.638394625483883
0.650751736025488
0.66590084912136
0.735807283421682
0.766478881034255
0.794055731787415
0.756300354620154
0.679310332064216
0.704127561474469
0.700409152130527
0.705966235393281
0.658627202810024
0.748530908004848
0.822445995510972
0.903503670487683
0.920227623828138
0.843331077384913
0.711426230342011
0.658584302394578
0.558231845252802
0.566972304046593
0.670802614305917
0.708284818075753
0.67775735899511
0.793041822271932
0.873804494683115
0.867510046118336
0.769649665330158
0.721814238095369
0.815118658815814
0.896928000841649
0.856760586886456
0.722829709732553
0.719456147845356
0.821865257283999
0.829017387372643
0.701756958893284
0.753846940897392
0.76049750715229
0.651304782267903
0.646216648980393
0.667747181600752
0.686658938294869
0.71622344424089
0.718225300449038
0.652259621345354
0.585099700159862
0.537652159079778
0.55693585172171
0.639458958375349
0.661498264323219
0.606945252863405
0.464306631233515
0.511370101176101
0.526969869678932
0.573422379686971
0.60535321463785
0.586395359173723
0.608677694494849
0.667851386269256
0.782750017537237
0.821671848054949
0.787462156720677
0.716245543368162
0.745833800372921
0.689768007729375
0.811361491903564
0.801657409817392
0.740168656899577
0.679382687895114
0.689672332916666
0.679918492041283
0.531386064821525
0.778029770433688
0.789588532475379
0.638776040064958
0.503659818401754
0.460279167754126
0.419825024237887
0.397892262759938
0.505762910925548
0.554921521681724
0.47162521754997
0.455753212244048
0.512478825731609
0.508229587443174
0.604529630392883
0.647100021125351
0.549912690477058
0.50241942479401
0.746945958273706
0.749145002786651
0.799813251381591
0.830431920045717
0.839268078668388
0.867662747286471
0.900812843730111
0.93942625413159
0.924261739427502
0.853891434766317
0.658345004124864
0.604314866508049
0.526608658456835
0.439047384107772
0.442137902302979
0.485547286525043
0.524038085358003
0.516919486910043
0.473891931192725
0.46187644578801
0.4755808636143
0.465581553729838
0.437128581893809
0.461425927105201
0.470413126201469
0.489574052028683
0.559375325057515
0.693486123173313
0.701772975246955
0.727458124222133
0.761482240587155
0.699649129450974
0.536346098957991
0.520146129827307
0.640399249917644
0.703355825214238
0.610481545015059
0.489394834185247
0.422136777680839
0.442802232971916
0.409823346454208
0.371204872048184
0.463013188967407
0.471787720191508
0.493766340107151
0.518099420816944
0.488942999883333
0.474560607773415
0.522519018935797
0.514621296203056
0.491630974380158
0.545953458154891
0.544394396014968
0.859180267366631
0.868312426741719
0.758219819525078
0.781527807256435
0.795306041945565
0.778844298814116
0.835489660661527
0.842858672289959
0.813877835719021
0.721336342471318
0.713471461307983
0.697481452748844
0.513017223426601
0.49936740253605
0.542840652302372
0.551537731678705
0.484891024556393
0.427782353594665
0.396151297615047
0.384823153533348
0.389452573026967
0.413534462838978
0.664034534693605
0.675740242266857
0.796576565701198
0.814383947540653
0.700538709502244
0.59703457013127
0.504368111022243
0.660256413545604
0.675153478269439
0.749681496450016
0.745913355617138
0.566203727581781
0.547165845271207
0.484278696388834
0.451041746358178
0.664885714432662
0.658018262804301
0.45335865687648
0.535992350709622
0.694124227517967
0.722335608281735
0.542974538962685
0.408042017203497
0.394495370476039
0.440502114736952
0.483842268240323
0.726272478514863
0.754283254108083
0.737308691776253
0.638073815591984
0.595213156657997
0.652676370697868
0.629407391202985
0.743293617633154
0.760029192532285
0.559461531352097
0.477708684457166
0.556133787496799
0.647838875874424
0.636869029064556
0.494283637676785
0.45064936937128
0.602408974948489
0.612003781878689
0.551610520885967
0.521911208613812
0.530745256089658
0.485254000551456
0.453029233443939
0.670893760210995
0.700544025982558
0.5751562149506
0.799883287366294
0.794509405640148
0.484628320920691
0.509644367401625
0.504878044844406
0.43246135997127
0.449303579128909
0.447980656957135
0.47688010941997
0.463009316220523
0.409669200226232
0.465166309146893
0.506575774804011
0.616100598785426
0.635341623389226
0.604088555371312
0.633894851434048
0.650514487545373
0.597159457156416
0.493777398862308
0.498758359163117
0.461966019827672
0.47965558735632
0.496409226203264
0.482588934579446
0.486253485570012
0.501083920100644
0.510558714064
0.465917017764399
0.420399396839027
0.461995868209367
0.497751542226688
0.531775431497296
0.531692452672709
0.455541134158432
0.430763839336764
0.482645466913278
0.479987898367383
0.451759364515614
0.419727837583808
0.468940648143224
0.55192769444173
0.487078027674626
0.391660896769469
0.48411927575794
0.528499585413682
0.558724276344927
0.562288476300876
0.540268954649297
0.579692017118243
0.627287900480022
0.604262839153906
0.579280773892164
0.534544099936218
0.417822303698238
0.421126752543221
0.43525261651894
0.514989225795497
0.541413127626366
0.474134574814274
0.455715678110209
0.482986493030141
0.441412394345445
0.432082173080636
0.50080621757597
0.481603902225758
0.501578087160299
0.523521090192293
0.541527746646602
0.682034572249861
0.664943754333083
0.835334837063281
0.854145032465103
0.765710594766257
0.821194949190187
0.816260108845044
0.659509223097816
0.596648850183844
0.521442913100199
0.561975200962876
0.646694544736688
0.584380219313373
0.445941098502541
0.461212401804245
0.535803501886252
0.582535442880374
0.584379429122279
0.599967899908667
0.570903490008067
0.680862803845258
0.681637666997848
0.592038705823581
0.760508506479333
0.791265112272659
0.820625184195367
0.828936561781859
0.884560939590239
0.886407713519261
0.792204028338827
0.775265718915821
0.749837543506439
0.542085388571538
0.570074951365335
0.541775328201734
0.454220739721952
0.467658019936649
0.460646159029512
0.452164640996885
0.40730458487364
0.576396583316916
0.646675022054092
0.802430029686426
0.857288539164519
0.778722598502567
0.602720119236006
0.713548019077936
0.82396471492107
0.811508622064733
0.622912794967017
0.768199206538543
0.810858987954163
0.774558117241745
0.617000499992808
0.589127017222421
0.502072283806863
0.545844572096185
0.547581199142853
0.806286968134138
0.796756820780922
0.591422151669043
0.747566378248035
0.772789587583505
0.724569833230465
0.7177025004585
0.737650270670594
0.696411332366415
0.508210644600099
0.416867888965495
0.440811173413342
0.770819122231004
0.767487726430482
0.596158155391129
0.504215194887652
0.510075940301349
0.484747974205719
0.48730289444315
0.528212701284726
0.560863785937305
0.593142778130236
0.55460680357185
0.751410029928781
0.773290054315699
0.734510679909983
0.566502762671873
0.812192308714386
0.812452345279533
0.899975777371533
0.912968828278888
0.745742552883395
0.661218240369909
0.650472472363682
0.621228156998389
