0.562760512747852
0.723833947060903
0.740292745070136
0.697371189620253
0.677081831178295
0.678320023469162
0.675619094572162
0.659291782456064
0.612651092957627
0.589445200597416
0.653848028404366
0.660633720408216
0.627901540927379
0.642125837583767
0.706512278198292
0.688384269440795
0.636957068382844
0.668775482149741
0.668376920750788
0.667060904009572
0.67194879151598
0.610760491841492
0.603865513579306
0.618031909098672
0.638866692256163
0.698025941486366
0.711693652533101
0.710168336244215
0.70066098753736
0.716675114987547
0.729188949262021
0.741742493078253
0.739258525142711
0.767334941514174
0.737115038840888
0.67904303754993
0.714390527302844
0.666043270692642
0.671935101806242
0.701088762363907
0.678551164024755
0.664441501416466
0.667047018100826
0.681972081258671
0.702219873562142
0.693780744705325
0.674481684220961
0.688764018744288
0.70247686300492
0.67826938761762
0.687493644608778
0.698372735801795
0.675611024789964
0.652410512105467
0.696639089013906
0.748382996676135
0.737985983516596
0.678570454015461
0.68419384109904
0.670527123766522
0.652421378155035
0.696651399388776
0.709062094981376
0.71289221281762
0.708062854291423
0.697630539971789
0.70409182784674
0.745445339952108
0.730435943126669
0.649961138675324
0.651974491726325
0.664305378554207
0.68237143133074
0.67459330787599
0.661742202770359
0.687420521990007
0.646930405993054
0.577013696965851
0.639301166530159
0.732882131310318
0.723932498089426
0.661408896892706
0.718827488602681
0.739253716795931
0.718651105446627
0.704638406847282
0.734979305449241
0.734719093343132
0.656673771760674
0.652719937939073
0.70548582159958
0.697946486539014
0.708357063301926
0.721071637752632
0.675381630556373
0.65108246357942
0.656001000267592
0.678505191475585
0.724118939392928
0.729439403002435
0.689660864998781
0.713763928300465
0.688641798162381
0.617009193033265
0.66447219213369
0.669553609470455
0.643863882332081
0.628146106449031
0.662030929927625
0.690286114690976
0.700504248652801
0.694378438882057
0.698982789496851
0.68213494792604
0.657718425494884
0.6831649843647
0.697192577687854
0.690610861120724
0.711897032887597
0.797186970713791
0.794568105283245
0.725547189038332
0.602941680848651
0.579274681070806
0.656182323909664
0.683325236927896
0.70315566003877
0.687533519019887
0.63062592807727
0.622401752304838
0.65305803994185
0.65667150042268
0.664773267902283
0.684029709196455
0.666516896178644
0.648834335950083
0.658242248008947
0.72973888118242
0.735982213534417
0.701783564122912
0.731465099072405
0.710361265915472
0.70299309715906
0.714294718161127
0.718660560208747
0.732283479718975
0.730587846180244
0.762348340769025
0.747514604181786
0.700238299415691
0.716376757449029
0.704327528711845
0.727740747296848
0.746438310189877
0.723529281693945
0.681707623273473
0.716903207323746
0.722760373510629
0.697309979368555
0.667185561378875
0.627718266124801
0.636773961736498
0.71146611615103
0.70284684192842
0.713884014125191
0.747505650121961
0.708882436160689
0.643064671776821
0.675503344118479
0.690714206042025
0.706760042757919
0.732890721346757
0.71906638906791
0.671521367119789
0.65366119581103
0.615900614002512
0.664357969490849
0.744141305845205
0.70301638028676
0.704699450269148
0.708850792851253
0.691757218068169
0.695664740303762
0.698256411717714
0.660582875122174
0.695269402269331
0.74495367651889
0.770545317074187
0.724628571441332
0.702551716784418
0.765253638680235
0.752154101689741
0.686709053440423
0.698203632059272
0.689200736527343
0.696544353439461
0.703882073857417
0.721150764394961
0.738925931220793
0.68724514464523
0.671054109746627
0.644023525455177
0.654812599095243
0.669178783729015
0.7513501732709
0.764084694175621
0.728343283734073
0.689262737066956
0.666557612617826
0.645560801245866
0.625850363442335
0.638339019601271
0.719719393040067
0.730903653328142
0.698852808148713
0.634050857323257
0.66175888294259
0.722974621106395
0.706528184356988
0.682906882205108
0.693024221289847
0.70599566101877
0.748844268629348
0.729745299339491
0.714501441317349
0.730942944314993
0.731913845825028
0.729092862513123
0.770933975171996
0.775140840483649
0.73088094245325
0.774934453186759
0.785154979933072
0.766912989096863
0.771603851630916
0.729727834987856
0.658803111439244
0.663773804097994
0.706369116113827
0.717006196686534
0.684587351199402
0.66981025906447
0.671310934032829
0.683892158255719
0.696141546287183
0.713334774744898
0.725997216730102
0.698508223765034
0.686910135072327
0.697819663334376
0.687141022041956
0.656730790911655
0.620158609168992
0.782345331383435
0.805879664645337
0.746866442385967
0.724003169028461
0.761983920957548
0.755775181191834
0.684828246517387
0.679137120240834
0.614663655612086
0.598396643170034
0.662765467757252
0.668734885015202
0.635296643155708
0.685527037390476
0.704673250674689
0.712166798744955
0.713472067086685
0.70863328136256
0.747792287769525
0.790945130500315
0.763124597150085
0.715700996034821
0.693249400108058
0.664051282650467
0.694424189426301
0.756930533466834
0.762502709198247
0.677941396933007
0.628007731768223
0.645097641736538
0.642742883183249
0.737411157534489
0.764734860987814
0.721030231657694
0.63928181881958
0.691229257378587
0.707137903762755
0.692539519042593
0.687687809633824
0.710564496535525
0.641826486775035
0.589782468402104
0.685386102370578
0.728244660165453
0.739194400817973
0.71137531169558
0.663034403165112
0.649179251573809
0.630836243854801
0.646986849047258
0.676365392656797
0.640470325697474
0.715250137203737
0.755043048277323
0.769627944962042
0.789205902115145
0.729095537945847
0.68779216915105
0.710474610339605
0.718151791884059
0.676881954930213
0.61890563500697
0.709644433229618
0.727955759189143
0.692832659986169
0.685955545087415
0.701969095880946
0.683344382980932
0.69663054714854
0.712441112446345
0.664354986285741
0.591364572531764
0.578458000489806
0.589134351421709
0.601455535434371
0.557859596467177
0.563616502370412
0.554081478544576
0.512160669401149
0.504306430388196
0.504610571501126
0.507399516017504
0.531137611952007
0.518889565076628
0.526787093002469
0.520199844805757
0.495278713883632
0.501178093190005
0.540128702066074
0.608635168396002
0.570464084485938
0.525463755356204
0.549132883946434
0.546683911331757
0.554510362687224
0.574906461216809
0.55722365201053
0.550224728799387
0.596475611331174
0.602173440997168
0.542281535447593
0.565833907951747
0.59558497459611
0.566473164987623
0.540056985246393
0.514096936033296
0.519286761860799
0.508074530089262
0.494725433671373
0.514900892436802
0.520898722405595
0.521473019919633
0.505624330612093
0.528627029663239
0.577829823093428
0.591393114569335
0.55976867879442
0.513709826715429
0.508814843987741
0.51022134370197
0.591939663228029
0.640110729264516
0.544295058575237
0.500361802848786
0.613365239787247
0.635691293969839
0.627596517737038
0.583695170720598
0.54213108622821
0.541428560382649
0.481471300517014
0.50952450482922
0.507401533891119
0.501287352253995
0.491182455505417
0.477463482454617
0.483388470998228
0.519968073051847
0.546374332621091
0.544526605782591
0.520825575971011
0.500893503221637
0.497111771644167
0.463473211226665
0.483592143539989
0.498771240694219
0.515518929034616
0.529793859153726
0.538844050977314
0.521918538797459
0.480923795969923
0.471654881822495
0.474616250000624
0.502372060309528
0.501251083685234
0.483769828703008
0.475732144148185
0.509062241991381
0.532171984252927
0.510895920314881
0.515944085635349
0.509583361666684
0.506535198744955
0.476243168741881
0.466956174133881
0.52296552117599
0.52128601595602
0.5021400813543
0.498614000917352
0.489533396655787
0.483531366778097
0.462048845007507
0.48625294066789
0.513856512617996
0.519163367215174
0.517957818281627
0.490819028397239
0.512972582796322
0.513531273612685
0.470109720711368
0.439559291200696
0.466975575665985
0.487936572599451
0.473588688418617
0.48550397854916
0.482768418742128
0.471855906677942
0.522483321131919
0.516805028153226
0.487315816669103
0.546385188266214
0.525365851852288
0.463193354344826
0.437735819525876
0.549671069123881
0.530792196958549
0.490689582385807
0.495955287911875
0.507461014198503
0.505243644067223
0.505071943330217
0.50699332152483
0.55844979609228
0.562347551188744
0.480105593085182
0.497946031215082
0.521454088854929
0.546827538316975
0.527962784444754
0.507275849180941
0.500266216989028
0.532462177941311
0.54453794578141
0.532400977809979
0.593799952273682
0.588245805985066
0.53646883810623
0.525501431325156
0.579195334657617
0.578650032704719
0.565342184449852
0.555388011118842
0.557759453596135
0.560847368282964
0.58503951181759
0.589194987331848
0.538594140670542
0.56682509039228
0.570289704564302
0.557550636861037
0.566095747716875
0.584655058349283
0.531222602259426
0.500676163988237
0.510424331825351
0.501023846797121
0.515077564836441
0.514039585755332
0.486011930437789
0.463591965986844
0.462998834547048
0.504120222416182
0.564928927320607
0.574480212046688
0.520459855363629
0.487792500328144
0.53432637082497
0.565626111896008
0.560940205648736
0.556637610323567
0.544824156964313
0.54007003000654
0.55355093425401
0.514584544604862
0.523421096799838
0.548334695961735
0.541001482751976
0.556357605108024
0.550035619757096
0.592089897593186
0.605467243986226
0.597414739381354
0.559206282791288
0.555836054423381
0.61067359381988
0.594922743234528
0.523422765760994
0.513392602125203
0.553110312391055
0.573896516493047
0.511868326518897
0.532944483883518
0.550613011588787
0.576255297232283
0.585936332654143
0.630399991222826
0.662315373610643
0.654201470159914
0.587082716196826
0.553306010225716
0.584604001928639
0.607928678301987
0.596581240111793
0.595216710849012
0.620311924812154
0.593274991070052
0.555174548048473
0.517930749388124
0.493823342284246
0.527908917747995
0.5098601950735
0.515325200122362
0.568437073410756
0.581746490205772
0.535360697125166
0.508916509508893
0.491240716254624
0.521695409940134
0.542389085277415
0.561140458968834
0.56733555682119
0.540333247514707
0.559933776323279
0.603020323674111
0.61504675439767
0.647132624801426
0.665554781109205
0.623227847611801
0.559993902035539
0.567812166825125
0.605618625883167
0.569314941327638
0.568410517614776
0.566787227671503
0.47301956450154
0.497853174156421
0.535059188289755
0.532597311996086
0.514243846069749
0.535549303726758
0.523402537643363
0.484610831883765
0.548073652058312
0.622736547325886
0.693366235986167
0.651893936937934
0.528403968804155
0.542581333978709
0.496830792143114
0.492489605789883
0.499044000777836
0.542662930619447
0.547112895566146
0.534433530455244
0.563960128640163
0.577365829391181
0.564461344214303
0.606787515739212
0.616510134154965
0.570312509856944
0.547621176728284
0.519487197165969
0.527117547625275
0.55862126478449
0.516925026034269
0.497356073094584
0.567313172563516
0.587046771426174
0.595306273793688
0.567749765908458
0.560278653912771
0.596805345601737
0.571096994528484
0.585020389838371
0.598032899472394
0.61186648245714
0.667884598325672
0.6933452939634
0.616626314029843
0.495323324685042
0.492042912058953
0.488685489616473
0.498532660877646
0.488899712333947
0.501439166444309
0.499412438096923
0.47494992271027
0.468992218969924
0.497104831677334
0.503310995445876
0.508659917901006
0.517470241826996
0.524729033133556
0.523669946527071
0.500333364441805
0.494568124598109
0.513788875532431
0.536480074761536
0.548574877248749
0.520544645982301
0.519314305491825
0.515130533579687
0.506766934596716
0.538454880538243
0.511832521477279
0.464621558712899
0.47172583073052
0.509677967996881
0.5291850916893
0.524082759339798
0.521581274926461
0.523737442002834
0.531358974009642
0.53978246408968
0.500029687029101
0.486538579538855
0.472676034745127
0.530916891333487
0.534165163832287
0.533301582544519
0.543969695572804
0.533163304441314
0.495364757753321
0.519201074964926
0.541275725257382
0.500027595333043
0.478388297110471
0.519602791970076
