0.452503742376613
0.458779638220577
0.37999227195201
0.400685298615967
0.444051474016243
0.529278935780536
0.524744757814223
0.445674930288656
0.44384453515942
0.437504478436265
0.41645492259774
0.411565654440108
0.475098682049441
0.477221305523289
0.42555002293096
0.435989716082921
0.443578158550991
0.421955031832156
0.409587622052071
0.425929890873312
0.419313891024655
0.425429131791381
0.447288681251596
0.435986323306942
0.38079105274658
0.372977782053861
0.395927266434541
0.42518380207464
0.438723437218855
0.414018293017234
0.418974957108451
0.405515921214912
0.395851057649508
0.430009512036813
0.446998434833503
0.464038072038673
0.492861432556329
0.452031502506556
0.428328745180721
0.440858629541109
0.446382403017618
0.513565318027277
0.536621910516838
0.50178580444837
0.461852180983327
0.424000263320858
0.378003776935416
0.38385835832247
0.398297151375169
0.362170208939906
0.349026262943727
0.366150623167929
0.416865614764249
0.462163747013783
0.471528740212776
0.461999338404205
0.433780245658417
0.423664092026155
0.454065893155856
0.454389288348551
0.41621187517507
0.415503328673144
0.453843286899761
0.483616114035365
0.482217471671496
0.465028222385683
0.472012724962455
0.466205486234554
0.48194192065039
0.459665030164013
0.447547555150036
0.443901561963658
0.393152134020628
0.426814796799155
0.460856137262099
0.43181505732048
0.400320444121553
0.409805250577172
0.46182810686109
0.514636214518371
0.518225057794259
0.466997491782953
0.408827244616151
0.386800959520656
0.376782525569843
0.404751254745048
0.403913925529175
0.415063634279193
0.449651907627442
0.457941309790337
0.433236468243053
0.421818078460134
0.471369407926049
0.466468427385977
0.471682983571199
0.48434205182671
0.474465670493086
0.43969399232529
0.394211568022064
0.407796614372244
0.440570695647443
0.433780938672628
0.422370227676265
0.43686784044103
0.389446136428219
0.376866610305607
0.409637855742809
0.43763632712306
0.441186903837492
0.459814131921957
0.478699863196552
0.465638187900219
0.435113558546324
0.409427317629957
0.378402930203335
0.384732252451441
0.384357032974766
0.375605008463877
0.384775498804304
0.393208956347577
0.4023372220902
0.403654988021962
0.392575124330049
0.379104918284621
0.408627941677743
0.460338372358937
0.460711335546002
0.440647533879327
0.41448068695982
0.435366094200807
0.452822093273961
0.464555458036622
0.466033429586006
0.44680428191204
0.448066405703265
0.404390981879793
0.40879373694586
0.459054917849872
0.471613003626685
0.44960380043212
0.443683271493715
0.429590596281048
0.45610327463175
0.46474760563839
0.434047897932285
0.41882303538249
0.407622124205011
0.421603610725631
0.431251657566012
0.425243039643877
0.450224004166983
0.445923166893983
0.415905607206314
0.418779679065204
0.417208450405548
0.395184597168193
0.417223734529495
0.44689227383029
0.496377698418118
0.497139811150951
0.45806688531505
0.415817903514706
0.412532189037077
0.427662498767335
0.410021324754955
0.446324686736795
0.423620956071877
0.401822245565226
0.487357618978756
0.526238358176403
0.535470166669859
0.500286118856948
0.425112788745241
0.460665643155879
0.464534418091239
0.429358338622467
0.443459323782312
0.453691723404088
0.451151659599839
0.446789603212593
0.457581088550064
0.471643575277705
0.48000769025353
0.516232330107456
0.513176858884319
0.445979796872207
0.398755437991068
0.416016246072272
0.445519700687026
0.425018832177155
0.397488723417014
0.421010381853926
0.40607166199677
0.430729138393338
0.44891056493477
0.445214869876065
0.497040593081185
0.514008152919946
0.460158325089964
0.453005600592845
0.466146659870584
0.603933025730418
0.588269623876777
0.465390725321713
0.488374138078979
0.509833507688084
0.567948486765821
0.572885996471517
0.494020229585002
0.452016279600675
0.502940483664362
0.50080879371643
0.454945789288775
0.475067567465307
0.467548577255521
0.483364420837824
0.469938247191575
0.451285914252812
0.458739743552239
0.460780316383127
0.501558736680945
0.476277923969131
0.462517741107758
0.488071781903404
0.509639717205499
0.542238949857682
0.548878931475214
0.536018102777649
0.487770637508188
0.44794409990114
0.536857640978939
0.563816121317115
0.516859162460078
0.490276785371623
0.467305466761843
0.445124545267024
0.467427194026361
0.499254501894273
0.517541523443659
0.488020367426256
0.451404860542816
0.478043952977045
0.462814489073298
0.432799919874275
0.489320715240091
0.486968361255521
0.494837581669276
0.477382918825165
0.419959455723217
0.413879715464572
0.449112722710502
0.464107294230698
0.450000690553036
0.528077273777078
0.64442785709162
0.651146238954412
0.609270329150095
0.562583649561783
0.43604758302628
0.517050583989815
0.538717921661858
0.510884002891614
0.515337636863997
0.498544229571709
0.441219950221228
0.520378371664158
0.526502043587153
0.479103663476523
0.509394967113071
0.525934942059308
0.48381470699587
0.476666345420031
0.547043864652116
0.546213449318101
0.482280645260201
0.522434388309182
0.544580662626536
0.51606516196847
0.479885557771562
0.458781167648546
0.469916320130632
0.469708709522453
0.433431127878314
0.460220018049025
0.516439019470913
0.589176459128473
0.58289378593192
0.520871605288399
0.456867761154944
0.452049968473035
0.455405827184049
0.474146986173901
0.496911665423263
0.492827444916753
0.472669419323335
0.452276564182519
0.503069984554163
0.516380895852988
0.503992632826364
0.515734140275295
0.543512351160415
0.542382720650435
0.561300995066063
0.621749689878183
0.605113388969944
0.515891684063483
0.505937896066232
0.572379970594794
0.597336273409854
0.579411040384534
0.764703703596585
0.768077680074316
0.586825504391108
0.504580329672184
0.488847166796726
0.499635812499693
0.554783227836424
0.562460836687568
0.574404238265511
0.581926481073671
0.611492273369332
0.602351951795867
0.577789006656676
0.570068311099543
0.489899669280256
0.527882215223887
0.527205950813824
0.514256510859113
0.541120523353926
0.521391358849767
0.479816516554831
0.468625548636821
0.477466023922244
0.492482644596604
0.486911927674927
0.524994483901591
0.53067726050323
0.482659337041482
0.519495646596281
0.529441355234542
0.51148434811518
0.501351666110492
0.496758434322483
0.469574717926833
0.477491141149119
0.476449586172909
0.444102954413082
0.447384556574778
0.478043338965807
0.481073338043487
0.499357428872673
0.545122851287172
0.544994678579353
0.50918771764017
0.479067723804794
0.471645955327494
0.473419043418698
0.477792680209576
0.535692166458679
0.540796911100521
0.517858158893365
0.497522089189424
0.504800449921226
0.544373701653736
0.610329421614269
0.762577973114182
0.901942137476029
0.889348151566749
0.841908229124641
0.857733748674395
0.798410906111389
0.829945360006477
0.842455913911841
0.565992996025258
0.569677087388923
0.535830878202972
0.62759025491427
0.656645219479734
0.611728628780152
0.562091698679675
0.503147398693235
0.440986029518501
0.487467534776488
0.476419700508302
0.401912691060549
0.421320098554565
0.615229982940348
0.535499273626315
0.483715422668535
0.511393510601186
0.572110300544116
0.551201530347838
0.481023409138529
0.513108546940038
0.502771587551306
0.486009730437002
0.473591760597689
0.471848157342714
0.464344875306414
0.427855549440579
0.485924035927377
0.478381116615534
0.456616706360282
0.498676958897316
0.553080533451063
0.537869148576364
0.513608410314133
0.522627590233288
0.523765530194087
0.510574409788313
0.496684258720797
0.500648434909197
0.517417720121525
0.505338452714362
0.503781145665351
0.529092853362409
0.523091227916175
0.523817078243954
0.502889188289654
0.464721729488378
0.481271776129621
0.513081184486551
0.537844813368852
0.552254940426503
0.570465004920708
0.575874041791642
0.542532183600672
0.51036171770428
0.516947080067302
0.53202147287791
0.520707730763143
0.521074620841137
0.521485989130387
0.513179935157663
0.524683473209172
0.563156005588646
0.541740469705773
0.505468484375897
0.501649845726055
0.49121735099745
0.483781161826154
0.514982968523535
0.539194837046194
0.523833903121631
0.537402922140114
0.55784453593698
0.573004006770904
0.631208415434783
0.691048900020929
0.721251296318596
0.636739836179709
0.559011098885363
0.511343007509194
0.550460408843278
0.539509335956751
0.50405607545875
0.57678964655329
0.620109850023005
0.561463314970073
0.501107170735333
0.493657638695103
0.503253433197209
0.499591416872855
0.468825719156594
0.479721750529474
0.493370191825415
0.515493209381216
0.535430719672781
0.524271550255744
0.493701389888755
0.491172586630211
0.491285018582627
0.476289478903948
0.492780405371412
0.518951114161745
0.500412012100317
0.529792227280441
0.541056400835567
0.52503026546611
0.534531451846499
0.524250832245969
0.900724063764899
0.855148124245629
0.795576956291064
0.889874088971617
0.871411793124987
0.717074973718986
0.881182022113802
0.940708603823792
0.923093456480396
0.74457547149408
0.504764802183668
0.62584714141117
0.68099265157309
0.647594081224155
0.565540644298827
0.494315360952332
0.476079501176423
0.498795997387593
0.493302507666011
0.519323454715797
0.52232030874243
0.511500284768442
0.50771548664428
0.545210553829077
0.561089779189669
0.546481232726138
0.514599889504039
0.479288560940532
0.52647839123468
0.562341854446154
0.538683800555838
0.481361112043731
0.525896959116614
0.825237169551558
0.879739874355101
0.860164541836639
0.625691253364764
0.583726495637238
0.562900566840988
0.574934982436616
0.500010604210639
0.491239805670123
0.511319319136149
0.56395260079469
0.674449491692637
0.66932884983532
0.565775760998672
0.512439898912869
0.5222431901605
0.824359637712048
0.886331456089812
0.871339441703179
0.83461681212759
0.777608731334501
0.577450398417996
0.531712852089349
0.514767661289029
0.484316351939672
0.518461277257476
0.545655754990829
0.529280968192713
0.486610198610046
0.477778966884141
0.503071092388609
0.500495183001085
0.551635597487626
0.548761166246987
0.484950746644567
0.486264771974328
0.472041899851618
0.499857636485662
0.53284372429518
0.555800178234061
0.663556836439812
0.711889881572344
0.712996405630223
0.703383456241849
0.664940455774731
0.639965266813566
0.5847786604534
0.525712038225046
0.585484791042363
0.56947185201647
0.538236856323155
0.569243532331912
0.548757781234624
0.480713561163249
0.636760389920855
0.682968283620901
0.641775436659374
0.53995650343439
0.518502658571242
0.482247553877214
0.462165178220072
0.473770870614562
0.511555361025329
0.513786443062479
0.529750818403144
0.55974327990388
0.527631849300255
0.511563889375752
0.518550102449961
0.544064715677929
0.546046643160966
0.521699176125499
0.539153121359519
0.51376624952525
0.480783661426512
0.512585685003839
0.511298166764276
0.54610280730104
0.577207249592474
0.554606170412137
0.636163524421963
0.661721514462019
0.619887629881688
0.568558507245645
0.613190235895081
0.615909509564767
0.546000764374819
0.519850628850871
0.491412208465311
0.6553923741883
0.677473784234825
0.616456951435304
0.5906595321065
0.544486341010037
0.529039724317061
0.523159482448899
0.515616100436802
0.536783638551466
0.554856299308357
0.53716341475362
0.562493843262288
0.578928506726037
0.52935734272128
0.507604758970016
0.496908932681303
0.509993330499062
0.513873279125188
0.508533764089043
0.475266517651824
0.495383633697235
0.513822260530586
0.47535545304288
0.716784355205062
0.831976071989301
0.838927970749678
0.802561056152641
0.851432989743624
0.85569087063833
0.817982667661413
0.76495811958509
0.696744139563282
0.727730834610756
0.768655065665235
0.749440056146464
0.662719718031526
0.615856731921244
0.584625522954924
0.634531485516617
0.670991305108981
0.640671808889568
0.817945904256655
0.911817926694725
0.900325917316665
0.807254141335612
0.700332060892017
0.618308982239897
0.648557759344298
0.606857602156826
0.590280239512862
0.579376271477111
0.533625062834256
0.551247852464554
0.569987908018289
0.567191922159146
0.575621140916939
0.883999128092521
0.88591275674657
0.711892203878104
0.704294675313049
0.808736415538002
0.803850902552628
0.726349902901913
0.621030288543925
0.585090684914165
0.57713776003764
0.590185602929457
0.627039784856108
0.781339314253771
0.761469932499605
0.624718278836317
0.629421761641896
0.632829413477788
0.614720595406201
0.617803116218094
0.595879627895945
0.518861240563905
0.53412030094075
0.564336235500823
0.578485423271189
0.563098605192199
0.735125719563622
0.827168869052231
0.889101463524486
0.911145447501728
0.916048361697825
0.9291292492233
0.880479604581322
0.811637427446118
0.839851763965313
0.850005445990395
0.705583574026005
0.638209290952485
0.699832957763115
0.814803078694596
0.805881169598464
0.591082260159899
0.577606376809528
0.482857062058504
0.555457928358489
0.737990814593019
0.763541112558063
0.744853209538414
0.825763168804489
0.822738797081017
0.785689820958322
0.853241974988673
0.884629222916561
0.880969458061986
0.805843374970394
0.708243742909589
0.704538632480856
0.757281395522308
0.741695743397915
0.648198339044185
0.587525568924784
0.539684721669763
0.875538754856605
0.88516283776641
0.796449395692464
0.866623807953144
0.891876767004836
0.847374116319372
0.712896792084369
0.664742279093655
0.697208685429386
0.70041011642825
0.455757620578198
0.454485736006329
0.511551523243466
0.537509764878812
0.478946600976036
0.676096189431295
0.758160883963672
0.682074455379961
0.593026061682765
0.74973698714681
0.927375770384468
0.927749041968062
0.795220764215383
0.803237360146153
0.814993839864238
0.762827751958704
0.70409592494064
0.581801812878368
0.716187002978446
0.746130320803882
0.691327720843256
0.660241800368134
0.571209584061585
0.536161800058427
0.582663202785342
0.583573690589614
0.484421923792179
0.519872942188806
0.590589543796296
0.687611331299607
0.763788345404414
0.732520530278468
0.518051960247172
0.465650729957581
0.47382190113168
0.490645009423633
0.500145532335064
0.539396445817155
0.550469144513628
0.644416620231646
0.655274010300024
0.835878536140181
0.83610152624935
0.684567825840157
0.684791718040347
0.67835843424843
0.623107804462927
0.524552325700579
0.524661407635664
0.539762618575944
0.514952489186659
