0.524223023634776
0.536861046649115
0.604803540072429
0.60425516226231
0.634381103632295
0.6704676717753
0.681462686945381
0.683761671242036
0.653158181717232
0.610918844220394
0.618948475615297
0.609269747454302
0.587361938671476
0.593434389548131
0.587499782618869
0.569186729866204
0.562899229479944
0.589280603947941
0.561941418523208
0.540762482468677
0.583062164789986
0.572086494683088
0.504056266429032
0.640216549905943
0.642375440405274
0.557234813221495
0.599175216726096
0.619775022504975
0.657737252309787
0.636997188009634
0.529061577145848
0.512766788956547
0.591031496793187
0.593650199762689
0.535036540890284
0.573459190426822
0.598430138756885
0.557520937735309
0.550586646208099
0.569412920523211
0.596778021175011
0.586139745366441
0.625699292687237
0.641336621435555
0.573575354657472
0.514359476398467
0.601409367596775
0.598793557239566
0.567928880542143
0.51773210257439
0.486177961512891
0.529138446893101
0.673398966830711
0.651149378916908
0.552697020596906
0.578370767128727
0.628267716642181
0.66291510053415
0.668653338142731
0.667908196236559
0.64267351100161
0.716975319548162
0.739722938715691
0.688676999695982
0.535022000764602
0.611417875939279
0.62997623686374
0.580235631739757
0.573185437889145
0.580782439315351
0.557784535775111
0.524778454954522
0.516625514413984
0.509931342206315
0.5672310413751
0.555297824346212
0.476005438684203
0.501039224735432
0.537170076469316
0.539502896262782
0.542073804340645
0.559998119426435
0.551079187588796
0.538518015988327
0.52504543789001
0.493888807672051
0.595367175719476
0.647261893694138
0.653528065483222
0.666506258990551
0.674561510795619
0.59943926658363
0.591376288914821
0.567909882460778
0.525518766708839
0.58271118585081
0.584380312902495
0.521548159718083
0.481725686746102
0.486969245185513
0.486813864260277
0.493238942062916
0.485938578098621
0.520943236865622
0.537168476616866
0.627790649031112
0.652459425999345
0.590292411683305
0.507100163770091
0.510851145264301
0.55705977525347
0.556981604280178
0.513683607912885
0.597324205097721
0.609569358589411
0.527797456066407
0.516666006820179
0.696184321307934
0.689218848945906
0.489257241152788
0.555530813712352
0.573175682411666
0.580000301043019
0.615643537840111
0.640351598341582
0.649083548793318
0.680294314661413
0.732215643762369
0.732253915290053
0.729856748924024
0.69884100739454
0.689150087604825
0.684202134090205
0.639861465054407
0.610731992959676
0.602341294022858
0.567535459704175
0.545306463142482
0.52703177252546
0.568221508467381
0.601522634218417
0.578783395416356
0.559627424562127
0.544136037796336
0.547719406260104
0.623242318813266
0.651118732997675
0.674479819109292
0.671885712609322
0.659208956095885
0.654198281852111
0.657020925973482
0.608102591586523
0.658197655076056
0.695479117187414
0.623192618464534
0.604083779914637
0.687616615674365
0.727664364911169
0.689284881421973
0.600545962873082
0.524422032733858
0.496041823982888
0.530765148260852
0.617615750153348
0.613889623335179
0.56551764576643
0.608289835760891
0.655819199993316
0.636283496563175
0.677163257996223
0.65327863401634
0.601661684640446
0.57900475404964
0.565977216534358
0.562352429657652
0.589237936548157
0.637433168722755
0.621247988129081
0.575757847568603
0.61386367959153
0.631097285541055
0.654166832471515
0.698205022607134
0.699492705831291
0.671060134025276
0.642706446336904
0.656060955952832
0.648061436208756
0.643128164545542
0.684560938608146
0.686731515935019
0.630280389540286
0.608610652841863
0.659408179226767
0.686556577448626
0.671221021083118
0.592322965915523
0.565791847873487
0.549101305096414
0.54695528233221
0.527761160696929
0.507817721030703
0.588642005058246
0.623566436939148
0.644050083534026
0.631878634726595
0.550209952596092
0.533951358735086
0.572129790911705
0.565060943438742
0.535084558173416
0.505146389247426
0.499666902513731
0.482190216668054
0.511642559948826
0.530510888798147
0.489273174081161
0.502100560122101
0.549317226763653
0.567358345208443
0.530535539663179
0.468132875167696
0.48214512906256
0.540828077632616
0.611047766213891
0.657463806427879
0.641945542471858
0.585591428813823
0.613605519831883
0.657001670529592
0.650555769316244
0.669790630468381
0.684020638091346
0.653029944266096
0.598280642300094
0.540688766133673
0.528432203469006
0.470499301358533
0.608927209672718
0.622473149629467
0.500205869435756
0.486136746325812
0.570538585197734
0.628523378847223
0.62729090920082
0.604107418397916
0.610241667467797
0.573135903971551
0.517801052453294
0.53962211398924
0.540639463359145
0.576969667136017
0.618710081009975
0.728283261097055
0.734769901427726
0.69448122688371
0.693929887698898
0.627709493917273
0.609467262597625
0.591471810793997
0.544665391369815
0.522694942104236
0.56045894842637
0.553579257749451
0.5146663948186
0.504628381757336
0.453461577892531
0.41652603142059
0.342818318959621
0.277220468714459
0.375505181373652
0.426612787355555
0.412185104366158
0.424363988350423
0.4682863011858
0.468256637063798
0.460501604998988
0.459847580322952
0.474336294818045
0.522450916797256
0.532703234070326
0.516265877911199
0.525244699488762
0.509848143746225
0.490877991957842
0.471059245918222
0.497132414680992
0.561869213985446
0.566217155437964
0.568089396140848
0.579180234250645
0.563708112856393
0.587093260982926
0.559532740628765
0.489003323925037
0.48709651029011
0.479935670410857
0.480509629694664
0.495840210672835
0.497942371603475
0.486231382115128
0.549285947803898
0.544561643258008
0.494988128691806
0.468258994148238
0.460801995490547
0.45906520874322
0.545269620866956
0.58331382738224
0.593320746833184
0.57106017734482
0.571176402102461
0.598324072387023
0.618530710443749
0.612867296214358
0.574708081573608
0.529221664027533
0.478194116723458
0.463915212336821
0.462539131618444
0.465530898552494
0.54167594023223
0.544497276721161
0.49974424167242
0.477169637803955
0.48324756062913
0.477036197002684
0.50858089276301
0.505843059811223
0.51995859522227
0.573200512458351
0.535455909536816
0.496038093727157
0.468234253664888
0.446292829380982
0.448845861699613
0.422341593199768
0.445576758178352
0.451957776734906
0.484481111179195
0.486022238286918
0.482289489728865
0.48128177677737
0.452028035068611
0.455213759996402
0.467409138563032
0.488016236294901
0.510649838188312
0.521332617712246
0.508227422332337
0.493018781549143
0.498486000277845
0.505863233874404
0.530889474062033
0.590075578821216
0.668977077776558
0.678005306355049
0.668404708489811
0.63558729247828
0.48771992488478
0.458011221062383
0.45912187841837
0.458628426407626
0.454783415862951
0.500203563561125
0.507730386791229
0.516989193125062
0.535502051470989
0.547168111403606
0.523704398264158
0.46368398240631
0.533749826631873
0.544785292939187
0.487525567917216
0.482999268630979
0.514490336482017
0.503170285991224
0.464776169491963
0.454699355324301
0.453768130058203
0.459792492375211
0.456402577038595
0.45398753098017
0.476793843606327
0.477900983434302
0.443495955284615
0.560177223247025
0.604374254635824
0.531781539691559
0.543899993296611
0.53883245834339
0.466743929247173
0.457895587568701
0.457430037863928
0.492217144346171
0.530391672739659
0.522707611288735
0.557048068946831
0.57437521495229
0.517539470207453
0.501774070743237
0.49797298557311
0.499169875840795
0.504294481665204
0.475750510578923
0.476822076017664
0.486541750517712
0.450694489174774
0.469655967880731
0.486486538446923
0.468556608057274
0.461680100749862
0.52798536676836
0.599976807731063
0.594986783884303
0.558940969478347
0.497687300005717
0.534374837641851
0.545025541304738
0.547456892184581
0.561445921136529
0.549628323308161
0.534242124750436
0.437557549742229
0.458177849152425
0.476737420646621
0.443735205378551
0.438625102740006
0.483644491448209
0.488243245564543
0.482259670171757
0.460076301435968
0.456985247827241
0.463242424553738
0.453160753458964
0.557671394832191
0.568930498777001
0.475081027026335
0.436032552254943
0.46462584190326
0.473997908232802
0.49553791261595
0.518511526147042
0.471470596572096
0.456223336291473
0.506232003018748
0.544155154462862
0.517630159482738
0.530602884963082
0.587869094387296
0.602663921802466
0.571723997270237
0.469691149008776
0.556416697218488
0.548794113616822
0.45538560457019
0.471012280691369
0.521400873339307
0.504509307055152
0.453211525788327
0.466674002571097
0.481751266282286
0.525003834824113
0.527255775883244
0.464203749219392
0.461498945537336
0.469183848012434
0.489800542859248
0.491368824536782
0.535690340487487
0.545171132935005
0.498275012550373
0.489189203360291
0.50611471202863
0.537579376307792
0.541203326307029
0.534328478166651
0.508012464029229
0.545083383118716
0.591033614127288
0.595675365097065
0.528089712143129
0.490078064548615
0.497100519851114
0.474215183087705
0.463755735061
0.442205225485708
0.433217595138028
0.450928749345803
0.475578965368144
0.490559832952383
0.455537769812367
0.435086879926328
0.432396227943595
0.456222623932548
0.456699696327924
0.421346591747271
0.452184540767162
0.437406069437925
0.427299558507828
0.513900021090992
0.535750354115767
0.483126492016506
0.425391013883028
0.423381258457674
0.47691491245173
0.465660683815372
0.48056362132471
0.517503200924601
0.470878193709466
0.457197627549256
0.481233093210214
0.460237910532025
0.489295117828196
0.50598839001006
0.506102382558365
0.539888001924424
0.572675354721262
0.558801958184994
0.542752080766945
0.517389554093276
0.44641297485298
0.418851571757167
0.436846985109592
0.434696613974899
0.428149340549988
0.454622636689563
0.452023959145514
0.453881268204679
0.471564509232557
0.466114967180466
0.409658441824142
0.391882896154561
0.431507665560372
0.500518747718037
0.506425108993409
0.459505213537349
0.423766032353755
0.459830814829998
0.499642406760429
0.484279549883856
0.438078491569653
0.454517794758329
0.491874872091919
0.482051039771638
0.482132941728961
0.556492441966316
0.578616504419541
0.547514437407921
0.508307530078628
0.572746245994304
0.579678367112054
0.461087692572175
0.503720184039818
0.508316474411576
0.462437469665827
0.516538134344346
0.525543994997154
0.519822096115779
0.576953294847938
0.593461410089996
0.534282644654123
0.467879838038245
0.470290009749933
0.479567474715997
0.517231054200365
0.526466850924247
0.437428620417335
0.421947440164485
0.502727394094708
0.547660395428627
0.50265364333277
0.515265240752398
0.534767120429932
0.475062135609343
0.483552392109499
0.481570171397489
0.470680042101247
0.499116122515804
0.46912303935325
0.421646040111682
0.399593285272235
0.473508300884265
0.466499459050796
0.5047102051558
0.557081021374271
0.51020738332896
0.465122389795344
0.478751334891743
0.597674380792745
0.654306777056845
0.596669964669045
0.516571715298636
0.492527898581426
0.460981494211396
0.471899228142381
0.485808477791369
0.471900592550816
0.447752441048432
0.453654214787713
0.471755074599653
0.485218020553286
0.460499173081362
0.431563790334382
0.439410116534429
0.507719405251074
0.494853500752187
0.444648252756746
0.477949181836065
0.530481777770077
0.537068490054871
0.544155254440423
0.60640715425246
0.593992639342541
0.477693701824201
0.451182985193083
0.479850515150139
0.502891120146533
0.518512612590089
0.515332831104591
0.504777782188111
0.50141147829916
0.492095970898888
0.465735345491633
0.465683982593568
0.470519445567389
0.473008498357076
0.456334314737659
0.419876060379261
0.453194065082729
0.47822441456981
0.445934942371579
0.458370795492456
0.503813565827651
0.586471523314156
0.607503953506781
0.587112836916927
0.556273314344782
0.507783497562696
0.472001347097393
0.478146072263216
0.460959623504533
0.485983510081998
0.446086826476192
0.411346288264183
0.456879483830741
0.474950114606541
0.458229810611087
0.446883091202452
0.508248647688315
0.508717815781559
0.508392523424285
0.493840892072721
0.449057796048705
0.455698994563598
0.493710303483885
0.481426887976895
0.473731370120978
0.563124741414829
0.535419635168537
0.443474219434841
0.452768230326736
0.497506931263567
0.48385371432715
0.462679132403771
0.460752533981612
0.453910849145775
0.519596409879982
0.524733910327797
0.546983593240449
0.540883598321104
0.460866732578
0.464819842516936
0.448742301968603
0.507361605617444
0.511067009203894
0.549938666954085
0.6151702477262
0.572812821390672
0.469763528243985
0.449344795340251
0.526616917824374
0.566565767181574
0.537906804173616
0.532339528265239
0.540112637892142
0.570096849707528
0.551787708557213
0.491899741391233
0.481494592278717
