0.496837400624208
0.477056508405992
0.575001640276098
0.600737691409769
0.607431409936204
0.614871223062854
0.608670164896988
0.557748642029776
0.531313065992142
0.540043206459374
0.555035503226687
0.555252716407828
0.532499113608215
0.499039170366113
0.501367845698873
0.486295803581344
0.444649627685504
0.497799501412826
0.505913851061681
0.50523701522382
0.510948925547342
0.489981974397119
0.489217082279934
0.648771005549404
0.635021448772714
0.508778577637441
0.461711889747898
0.549420850218
0.572893313446823
0.548867042148838
0.526998242309218
0.481408556261123
0.534034653737106
0.541752624457496
0.49355823623
0.512139057426542
0.581174007742114
0.56096578427407
0.532314028792686
0.508366555164648
0.582632266761527
0.577813793203831
0.578529228959005
0.622496929666636
0.605123054578114
0.528900867480207
0.569173184879363
0.57697013738404
0.551706759704699
0.482151602549881
0.470932420921506
0.439307208522127
0.542057029347235
0.552060208685721
0.489470080518267
0.580955898817758
0.604136713429493
0.557700226446221
0.613961755087888
0.646259652323585
0.561904619167406
0.613139443340319
0.625432099893558
0.564294136162714
0.471985264751997
0.697979931962317
0.676554000473976
0.584855911455345
0.576003481993746
0.550490852484228
0.530038860035243
0.511030179001709
0.49502364180076
0.465624204631985
0.514948300854735
0.524862239729019
0.485732504595388
0.454697730444151
0.469284936927065
0.524471754431032
0.529635919073144
0.531757838100462
0.523435819043239
0.500468394634263
0.479149735970923
0.497157472360719
0.560400127922906
0.620833642808961
0.622682502292021
0.578060980565127
0.583439215616422
0.541618254680322
0.644459273684807
0.648888763156139
0.589086147590669
0.659551434409099
0.65637196190329
0.518314743924191
0.457695994492386
0.466656259437757
0.4710964930848
0.469454390909072
0.446649377840854
0.459448574337046
0.491435036715045
0.607162501148344
0.619198134140131
0.512087774432863
0.486515930818947
0.522663883661441
0.532750109929261
0.522225217024226
0.494145236681569
0.545069374681851
0.530685350150973
0.476271204034499
0.502181477066942
0.537364114023408
0.552963173883569
0.516535891428193
0.539454764823458
0.505626381559968
0.471114760891034
0.539600436639291
0.535260532645744
0.516194290973295
0.578147354956105
0.619993531613564
0.665195961837964
0.669538616196091
0.619131758459624
0.593350941747302
0.545893388666884
0.536914415252913
0.493288486038825
0.475794638109569
0.523684923998995
0.524487656190323
0.492746822692648
0.547176773814369
0.544877860769681
0.492191137061331
0.533517261742556
0.52064731457496
0.528273059824443
0.580742797770538
0.581866239709529
0.566636375005667
0.593328890679888
0.629974079920495
0.654881197238539
0.63169212502999
0.562832396423437
0.575268803772823
0.600389073364664
0.632387409228176
0.654274117806852
0.647553755969679
0.597243473083489
0.533971774963765
0.503823626789448
0.426031590827378
0.44726363807795
0.512177775016963
0.62664156676404
0.619913678066541
0.54570682684769
0.554593647855183
0.580549671477218
0.521701751925813
0.489358722386581
0.593831004484589
0.561642946861788
0.484904214718877
0.491143529759265
0.47768055298673
0.477289256324149
0.507598710977433
0.479709191803852
0.508229872887407
0.582860348226415
0.602891607496976
0.627185522349363
0.623333604547229
0.677172745745555
0.666524095211099
0.595229494258468
0.661983937821322
0.64917012410653
0.56090562148623
0.646541808891614
0.648521224577869
0.553334280920483
0.467236774728446
0.519962122829091
0.587397840524261
0.611409234889077
0.563759596221381
0.491535386367198
0.470385821322251
0.467065372882762
0.459609979973183
0.442918795764983
0.491261349299856
0.569134890785828
0.646054351393398
0.658184009803848
0.511305008564636
0.470424701995669
0.550609474322329
0.553554315440233
0.507512787000577
0.460153795445443
0.442549065605358
0.428442655766554
0.505485126960333
0.489113810483314
0.396331245335328
0.434878239146527
0.565529414769938
0.55674005725198
0.431930535103757
0.426530039939598
0.44479739066492
0.512834211639941
0.558419475969247
0.556061826971491
0.566289696343173
0.568118191397316
0.548857048254671
0.558935524799026
0.543396682848639
0.550554433356031
0.604246855896772
0.601189061286736
0.551973274428449
0.483442671410994
0.427475080000872
0.421383910590966
0.460573502845333
0.473157553647663
0.465986603510026
0.478262180365948
0.486584252392616
0.496235404613872
0.479269396344865
0.45864171097
0.443914455459629
0.430228445364965
0.410972820568943
0.488426540836056
0.521913015493866
0.494274606730494
0.508619419722595
0.679763964351531
0.706073390622314
0.6476385116704
0.584323863737626
0.55845235234696
0.53508889192652
0.621583070595211
0.619251379617735
0.45280107267724
0.574254917444367
0.585827760331041
0.539555354811481
0.499344556802925
0.42292316006701
0.383057662681654
0.297689222705572
0.311440122981639
0.434695535646529
0.37173260025088
0.354894154784918
0.373138996503569
0.4011823776345
0.375928914150709
0.379681089144551
0.40080160396874
0.428529043976111
0.475236569416738
0.468050848824618
0.43594583222747
0.451690593079651
0.403592958455876
0.343203664646845
0.347917971944471
0.43008597072691
0.459209280841598
0.49549456223884
0.527998461200121
0.54849629128198
0.53841189382038
0.517318240090397
0.518949520212219
0.512040022108508
0.529579450215414
0.495441338964841
0.447729939740854
0.484989757167341
0.497685877283531
0.438090927075768
0.548971344291614
0.554935812371743
0.462144898492013
0.396547288901514
0.364963602719418
0.406568080087883
0.4680593303716
0.505690196079903
0.47333910298589
0.447149282226693
0.525954937475787
0.569096205230538
0.546645683920253
0.4732740750978
0.396654117861695
0.490124271882917
0.535103733824469
0.482972476170905
0.417178535830674
0.447527230242076
0.488408314516859
0.485117393774156
0.455184110335672
0.455906409780369
0.489694086553622
0.489205958543995
0.453184264042112
0.444819942589413
0.434621046666744
0.441905103026947
0.419746868231246
0.551854828695257
0.635942821121679
0.612699474221685
0.494835386838445
0.37330712114045
0.462899415797614
0.485186004833212
0.46722619616977
0.468063766507392
0.44245003279312
0.386787156614002
0.388221782114172
0.440589880027432
0.428680580081998
0.420765682991575
0.480604449131859
0.471346174402132
0.4347991949134
0.443965987270633
0.451064078262081
0.452004920944237
0.474106998085657
0.469969208427044
0.504856278392283
0.527583229320286
0.684571859411769
0.665865663532347
0.5558699641032
0.564171586206236
0.566297784270524
0.489839482483162
0.456674078343378
0.474610771497514
0.491737968685807
0.511305461206249
0.488557849613304
0.485039682290512
0.497877587509289
0.452729784274812
0.419770275740426
0.43577213424499
0.42504630007524
0.432366297238475
0.470251369054499
0.491182776985683
0.474019428423729
0.409022460618
0.428337297104658
0.469116517602963
0.448652203930913
0.412582003194889
0.432828227698287
0.539219662651412
0.538167484544801
0.507956957592387
0.572863401557288
0.524480684641675
0.473732064706169
0.568488868401689
0.546526666082535
0.452100260824131
0.485438268702407
0.509190539145015
0.533787117334761
0.526578159852066
0.517440286013067
0.507958218778636
0.487718151914213
0.475635220133306
0.466077282309975
0.47448360169088
0.439489330557319
0.487882122697115
0.537727650339236
0.500284610421763
0.41577572913014
0.417535183798926
0.403871771732536
0.446639646820282
0.458606684667072
0.407872704316784
0.400887406586769
0.500917441288523
0.545042906292969
0.475968707632485
0.566208636588244
0.58359626945359
0.646365375154645
0.654561537295586
0.559444997597357
0.541293358897788
0.417396202067859
0.410707964142362
0.526634152898351
0.545676828595746
0.472919618585557
0.499129485291836
0.501341863621025
0.479132289073705
0.475840785146166
0.454102558655309
0.448298602246399
0.409071063350728
0.485554130541747
0.496250458081537
0.473908582624558
0.469491174885218
0.472071998304142
0.511480638566454
0.513814327859222
0.495574275758433
0.429886786502451
0.384166630630008
0.458948047573549
0.556071352830823
0.567710279578486
0.55001591237529
0.594263424908119
0.756078285641949
0.736761480179327
0.424322579837686
0.664823290638235
0.678180950978918
0.470211059005505
0.470908292177675
0.503557362212865
0.508753058712404
0.442865035718402
0.479530129123742
0.47008791843936
0.448204681456669
0.452311281249896
0.447659790389683
0.444342976993701
0.385604225833893
0.384279642900761
0.437968761499734
0.476127462015637
0.447637525235878
0.419463662855058
0.448790366025911
0.447718449711079
0.448921277922744
0.47538353776561
0.482576339148543
0.542894799375399
0.522833624249719
0.46262158924831
0.465133090756656
0.414846004606869
0.54640474667917
0.542160245696182
0.50352074499171
0.657679729773948
0.658574706980373
0.435278356009134
0.468635839767218
0.538222932918426
0.549903025666562
0.470969406795609
0.500865287120339
0.480830665601189
0.477099881857778
0.507666706165564
0.468144771926276
0.450555454461021
0.42784058771496
0.424001956047111
0.414937134049904
0.427892990554478
0.431961967570371
0.420203906712262
0.448926647651051
0.52340823600807
0.509466635979917
0.516534190890693
0.51234489850034
0.415263639345864
0.393186699849132
0.425920978729878
0.409514559318061
0.42118512565518
0.441796896230425
0.425707930132708
0.457764664057187
0.486584727144187
0.502316847082502
0.662556497629555
0.704798014729688
0.68733102651692
0.600959503579414
0.574080907488784
0.580425274517373
0.475918243252623
0.476928668972027
0.442343402060104
0.436915801419779
0.470595242414736
0.437679757336443
0.398003270946286
0.390410100743572
0.37669601654074
0.397731523902537
0.418056760155517
0.42551267762532
0.397359731342483
0.394030657575274
0.454416545321393
0.453584341401151
0.427826748684118
0.413678330463284
0.419579311913221
0.446032279879341
0.46355208353411
0.54879195170429
0.627125323044599
0.722012162060972
0.712203675989297
0.796921360397359
0.811358155212683
0.667795795798008
0.470824545576919
0.499119732221486
0.489009571269365
0.60129554159618
0.600460203506373
0.564592231187598
0.632837578710051
0.670841153107136
0.601896680153929
0.544319086187282
0.577761266996062
0.600499105191766
0.643145688974164
0.621315536798201
0.49151235687462
0.43508398462847
0.646506352366782
0.656925375736394
0.540846835355694
0.581386913503726
0.603660179695169
0.483507790683138
0.455129071775909
0.447442046246284
0.467080480996973
0.488299700835902
0.498966673426367
0.496407512092686
0.466921410887348
0.577293051489459
0.571757844656078
0.500140239051805
0.484517124936601
0.425153038905761
0.40094687067526
0.400814497344521
0.46597861876553
0.649546285094167
0.644560073826549
0.498928218897724
0.408435951666935
0.406854808857085
0.434681574116435
0.446563397809958
0.424819568489557
0.44928842989478
0.446510892817278
0.431034140467095
0.494018297166194
0.530166452185927
0.451187467672921
0.532922315583029
0.594125605151216
0.552223875835587
0.450037826599382
0.467090474554575
0.539744457765574
0.599082533757844
0.643301514617826
0.738564547983042
0.709675822205522
0.459889897549391
0.423588895808636
0.424879385301233
0.471383241208118
0.474388757829533
0.495555931322006
0.494100104575832
0.47309067365116
0.483981637365698
0.444438916005251
0.397343798195306
0.397047449348246
0.447383122749073
0.443350041821252
0.373888965642611
0.382703519941439
0.450914912162945
0.438033374782159
0.407900505430713
0.434348310856208
0.657552087089806
0.652293274940327
0.744022868099754
0.793259647495321
0.762999915244829
0.628160929413768
0.604624117778568
0.426142711705873
0.444094956543076
0.419887936253991
0.378395600677167
0.405097925580664
0.444355372887219
0.428275376435836
0.390202457739458
0.443087111701212
0.420764752326072
0.448893167844648
0.460693973155107
0.404373923483966
0.382178922246687
0.530110395650036
0.534239958554439
0.404684281357335
0.4860099043769
0.48482310760189
0.396843399338972
0.398170416591905
0.407343901251449
0.384492908645652
0.43718860301753
0.441964613520135
0.454641663094884
0.469087460852353
0.591709312268942
0.696253185278416
0.656314828844054
0.398184280534677
0.427886328763141
0.468902276056593
0.44958782799886
0.410407086554783
0.65237019255407
0.750017576727826
0.709373303121446
0.446127244922032
0.436167756701826
0.632459354508967
0.643665081992767
0.490946378058184
0.553247303425186
0.666288948380696
0.690325795072472
0.586915489887431
0.608221971877458
0.654402323398881
