0.547645129291851
0.516325375800201
0.466465941352737
0.5137230396974
0.57763185340841
0.566968678176192
0.584207187372685
0.64655368519381
0.641626484365399
0.605490874823691
0.624422693780495
0.619209789217356
0.597779645669679
0.553846217971472
0.539081976713338
0.543139481891509
0.559072832820566
0.520289936007408
0.483945134471404
0.52740374143003
0.590935338487176
0.668356115325301
0.696753944448687
0.667552508026942
0.611661978230387
0.526318150857398
0.490484229848273
0.490555554830447
0.459023861012244
0.499128061330636
0.488611817420112
0.520565440485568
0.610047562136849
0.641211795157377
0.65053107960316
0.622075852888911
0.567276227019206
0.593465039565245
0.567316962884114
0.502327520015393
0.592804941710243
0.617658281296615
0.604109889596006
0.624934703780635
0.60073212922947
0.641870243036904
0.652746722949977
0.590445589576578
0.591818589728716
0.63249816781286
0.62332034284193
0.537373676401123
0.629079851663022
0.645476802589026
0.593793653936074
0.606768493451505
0.556884756732691
0.493785756362159
0.457603452440511
0.48010400351954
0.497069203052437
0.471487765805078
0.480401278476997
0.523838738179802
0.514794217960886
0.531823443349839
0.532991984492898
0.487941869284331
0.45139169870214
0.504406897461114
0.564256174422877
0.519527034539435
0.446799416397985
0.496556099178291
0.536104917813135
0.549540546959767
0.58056650876975
0.552114934692806
0.454277028715067
0.518802448499739
0.481346632536918
0.430994397115234
0.462164050955504
0.498057405405801
0.470525800240252
0.418883780427917
0.486397947789179
0.524366626231812
0.516734145024382
0.507151001411368
0.476837000879564
0.483708678250324
0.513520276163197
0.553979050319707
0.539236556742884
0.518318604093517
0.526968518463831
0.289743820511588
0.304492132306723
0.500708439436946
0.462833049632347
0.496388555293138
0.537332536364731
0.533606060811815
0.538264780877308
0.538689081613842
0.510242144053864
0.502738191224781
0.551225957537844
0.66012155738487
0.675967873918648
0.555454698197578
0.574361270538635
0.629278358649287
0.606461699985318
0.552398091238078
0.580373736939219
0.585116309955366
0.571960605298389
0.567720497210542
0.593292609883589
0.67126477096179
0.730402968414861
0.700445310445169
0.561018576037724
0.533712586794975
0.563925693653516
0.598227222233725
0.631620792992554
0.670273270346634
0.654862866250993
0.574949571696281
0.511652207045212
0.566636688019182
0.565956449233953
0.478222275398688
0.501097614859425
0.501128799479594
0.525927113987575
0.58076307294953
0.563952567223379
0.614082620427175
0.593957518949251
0.514535994569724
0.492696478765746
0.52442711108722
0.539545455346898
0.547780192698664
0.53643632110507
0.552540268327525
0.592341423813948
0.617156837510637
0.614028470716726
0.586898090415226
0.602646614271236
0.55860756276658
0.510218297231978
0.586494795510294
0.623373708722303
0.600724404746488
0.627026482546296
0.673539461708535
0.643926652983425
0.574166952646647
0.467316109175928
0.461177680415466
0.639506724932733
0.661837553085936
0.625990684643694
0.642543361931841
0.610837685638392
0.51530187309885
0.568535328103256
0.661829744644058
0.654282239544648
0.534626053582734
0.635665482867023
0.646226589139294
0.533389359696004
0.500444031148483
0.464459713938269
0.513417731836154
0.490639530384674
0.486989533195285
0.508278220196993
0.459440919262426
0.537845351682097
0.58698781319721
0.536344781035061
0.556255890067148
0.555423165667394
0.515996958354055
0.540830394521073
0.600952202510992
0.613698026002557
0.581002684662253
0.510067674716276
0.476819576229805
0.499570948735275
0.559568608768282
0.586142833472382
0.529867311076477
0.55889086707489
0.585747899450542
0.562981824152545
0.511549883385605
0.508836029876002
0.545948935116706
0.520781317637199
0.602400265919461
0.646801461847714
0.651583895234904
0.645030417433445
0.609312589858455
0.585550844476587
0.541868206080457
0.541934139474952
0.600640090927611
0.61141591211854
0.717603561892476
0.720869914037732
0.604888331956462
0.578525201043596
0.520668198129883
0.519914463937543
0.556991182770308
0.635843385938378
0.639288716764918
0.572102309313643
0.595141461320692
0.616221941952494
0.596542301052394
0.562475692720999
0.55116775957419
0.630258438962426
0.680633955170071
0.649798640529867
0.611093621939775
0.563516726623315
0.547712417957752
0.588830172983871
0.585386531021322
0.537088924207416
0.546790278462131
0.537650373633047
0.494031282034737
0.508439491229594
0.554594657740918
0.452112832126577
0.456393223038878
0.508156989910675
0.542539761686126
0.534784792709682
0.497366962302912
0.46296754840328
0.518821286368623
0.501046292729768
0.428425293187962
0.422175601040288
0.459782177865949
0.485447369823055
0.494841650048427
0.498398843796184
0.51247856133437
0.503429886264029
0.479928053247993
0.451916215771221
0.46320625483542
0.535753936717883
0.566675212142467
0.509817600470424
0.457555642264716
0.520830766691991
0.500589567672128
0.526005157994643
0.535940878380688
0.486470839115352
0.543767748539159
0.56753223796833
0.554156219535157
0.541985640355188
0.53348536787843
0.475872839636057
0.429188274570175
0.53273097184402
0.500764820210419
0.402804915859175
0.472460627359354
0.468135694575713
0.453668429181624
0.547516396449828
0.566269304765289
0.566477951438
0.650997101524196
0.640264465843787
0.533569003522248
0.52526317054094
0.526537961234943
0.539673090149213
0.558866668459839
0.586269644762603
0.573594400263867
0.51506435592772
0.540253064135855
0.554261905604242
0.521662676615072
0.494530518187477
0.609772225021508
0.61779923471951
0.60711858797689
0.586032690324105
0.49349633916985
0.536828374064139
0.585123358908008
0.531616272206497
0.501421813168362
0.50549840612445
0.499949624023143
0.494217678506258
0.501916235082148
0.52679450114069
0.552919413135782
0.569284500852263
0.542076992178537
0.490096393777376
0.523410475316893
0.683278703863509
0.692024689155554
0.604417337129804
0.596631788690282
0.602419297677792
0.632301083215524
0.612872145337362
0.595004712549249
0.705740407548281
0.721317097474509
0.658710281575601
0.615575098809356
0.546518486568801
0.458227215106199
0.481350121253613
0.454787550197823
0.458693777912877
0.509697222689378
0.506667138678142
0.480457455467501
0.462757316943904
0.425739265716522
0.531553791560212
0.536050138044897
0.562325591378405
0.568054783334091
0.528816155281945
0.538965044942391
0.492751573465759
0.466253146302745
0.487342689961109
0.516038404067931
0.514787953840204
0.47666535604329
0.527862126637863
0.542342825982691
0.512560623346124
0.497697485146208
0.47781972924943
0.480832180562748
0.475886724619418
0.496054629770667
0.535459556874287
0.591207634365386
0.577237835115188
0.547204370728652
0.556389310964769
0.53081870514352
0.468043083454104
0.434982191024327
0.436407017603321
0.456869532917659
0.500876176267723
0.556711567908714
0.54911978836959
0.499213599063044
0.518272057808826
0.531804584424245
0.55085872855303
0.547182061250412
0.497016930810536
0.581220518922646
0.583152640574127
0.52537189858786
0.495215779214663
0.53393797528726
0.51886338988747
0.564163415777234
0.556874019704111
0.429820848948423
0.415662690157523
0.466538550371677
0.487034403181951
0.475167204611224
0.419109469768141
0.386190319210943
0.392703728786942
0.412986841693549
0.46423907259814
0.51855036735927
0.517866488006184
0.460763559988644
0.455577227132781
0.516100738721673
0.502854240542069
0.466220057752142
0.482145848435994
0.509119475854698
0.527063874378716
0.501594079277947
0.513568797306101
0.525291601007274
0.497389376022283
0.501384631895324
0.52513576628903
0.527717808253205
0.498130973550954
0.486466761770125
0.462695756968141
0.440751508536869
0.482292327968977
0.502980739155905
0.453895672334337
0.483299843480541
0.508675053550294
0.496201872758858
0.466516409695678
0.458052979271715
0.541070644215618
0.540012300452148
0.48598600051733
0.463265653757249
0.48699560297465
0.516527252651907
0.538261630095553
0.543523899891537
0.509062631830126
0.492106466766407
0.598411454474605
0.60567929108765
0.536061222567773
0.532947151961747
0.578118865278305
0.563788480760662
0.504537465058626
0.491525517803202
0.598930417066598
0.615913876629101
0.532241812472737
0.549081682521465
0.594900840084377
0.575515589129597
0.5650939350676
0.636345014630782
0.623770050190892
0.566913644080023
0.575210373011136
0.645404329506821
0.636717927659879
0.623304793375608
0.647515499866671
0.65802841791309
0.68107062889131
0.638215523094532
0.514665856318607
0.53628785196475
0.552860643069425
0.555695849838959
0.654187364702795
0.613978073543538
0.487246474092332
0.464373612272551
0.519357805943555
0.557289568241469
0.556560581269081
0.5229058128684
0.537595785363657
0.540682539135837
0.5377913759604
0.546354372601678
0.566766902892343
0.627728271274608
0.637488195568973
0.613989845713257
0.570825811891462
0.514080291522893
0.491818566960469
0.497737233635894
0.510934670946465
0.575845745700723
0.583860622505495
0.529526216523353
0.500966769344927
0.564823729645949
0.633252939365973
0.641141869209825
0.648583355344182
0.640117078179995
0.590000939112772
0.528018998692647
0.522519779956417
0.555760853180811
0.527818004213262
0.488039273748986
0.451410812272852
0.437966053863645
0.452128183918453
0.49889866607424
0.542984555431547
0.567425529921738
0.54304563845085
0.553349357555443
0.530103385409915
0.516988537255126
0.555692923349418
0.558927713186028
0.563562303428034
0.55012935216487
0.526324914053829
0.525002166744153
0.544647957872357
0.539160012503991
0.526695648380796
0.508313049070004
0.561092405313031
0.632214499641118
0.596651595771738
0.503143224919081
0.525884823433857
0.514005808539451
0.570218838105823
0.618416614959802
0.640569025307853
0.59536888907044
0.527553375264498
0.574849753844697
0.581025268992964
0.598685504625086
0.535706634823523
0.551536554686959
0.573099211432009
0.497804526997617
0.46349199402388
0.50330164151856
0.555199407730521
0.573774109663577
0.58514287521999
0.567783275508145
0.526085439342924
0.505602901991798
0.533561753744014
0.591492368949166
0.568238096989216
0.476390514421825
0.460816804035988
0.544565276156611
0.558049408734128
0.533974624464303
0.536648051396956
0.533136090957635
0.532720146485787
0.517165996679246
0.523169926670947
0.509185042663752
0.509197305518878
0.503614049713938
0.596107363505765
0.581712949318622
0.536282268212867
0.587987086992267
0.591292864584119
0.555383428129804
0.540158801904237
0.529702239627378
0.517113653249027
0.524396017617242
0.517052142266056
0.495067992373467
0.457288329643508
0.47175191365905
0.544291944238845
0.574066485684913
0.552946871156819
0.502051720923345
0.515009857272801
0.529538796364572
0.487454146303834
0.531473167893158
0.530574738558682
0.525765660751264
0.552402888317943
0.536205236433598
0.524676267525867
0.557677128265923
0.539342348021371
0.477646091663344
0.552355356482314
0.598889023768814
0.567625081207562
0.512048993570693
0.537553298550064
0.557648640694918
0.538394341715778
0.522518768079504
0.517394008631871
0.476337204600712
0.517292397397418
0.512102599676503
0.460538316405596
0.498122890433864
0.508841746287983
0.553921360499911
0.587270771891483
0.571678142844169
0.527780211263022
0.51918371446161
0.533336430987797
0.546045867225787
0.506494116785928
0.46588224730974
0.48124756390136
0.559195149700738
0.596139463185013
0.574124594380219
0.482909037182805
0.569956201124035
0.584889684077237
0.530201359947872
0.512136718344314
0.52071130811784
0.601472068861703
0.606319222968039
0.577550136652975
0.551931916371119
0.539367544682597
0.514739189172367
0.45542554231499
0.469993040710106
0.529880164783274
0.553428004669508
0.597816210452108
0.605254615972334
0.516498901201045
0.562583907087044
0.580622123525105
0.497240359881748
0.511538296261871
0.540818308878258
0.492410562175232
0.496073422002122
0.494877068284943
0.519580830304184
0.537946082596235
0.527122019895927
0.539278229718284
0.548743041214906
0.559754840560972
0.52545117154656
0.480290337013149
0.463986110021597
0.560972671336267
0.591094022464644
0.497701966249417
0.496967428366196
0.521124388693901
0.500370324226206
0.457506556368756
0.478334326327746
0.495510036640791
0.476944265770096
0.476135988186325
0.542306395141148
0.510057679176483
0.445341582471694
0.509194880571098
0.50568889032801
0.480892479681559
0.505995413952758
0.532619907932038
0.495133293768266
0.511765529061643
0.531154894162814
0.532988962480814
0.595894438645993
0.585253291469325
0.582340230761274
0.653247143332065
0.655483506416092
0.687350452555897
0.682779024826921
0.559607175875842
0.533477371222358
0.541058446050724
0.570186128865608
0.568581403584876
0.634341874486923
0.633966858755011
0.567715001037734
0.564834599203109
0.587328766740029
0.55325009150747
0.614203514367004
0.617006404937282
0.608108850292819
0.66727657071373
0.620858687479342
0.565558351882125
0.627535146324895
0.57500736303548
0.448973684368938
0.492037028959867
0.585808336614208
0.643153851563053
0.704567069251231
0.67669277409646
0.531924456761684
0.534217748685694
0.550622833742035
0.561014069313768
0.533741986628827
0.56325795135211
0.608205356215308
0.658547276902759
0.683895910414129
0.6212192248133
0.559556190675306
0.532229405962046
0.51957527659449
0.599280829350983
0.585761718048155
0.48057740416162
0.485184408161055
0.488366859403152
0.641132940984497
0.696942251696091
0.617790139700485
0.535370858424745
0.533532178930571
0.522889353866025
0.527708033199041
0.625064615077176
0.660517970693419
0.651504592780023
0.599322949784812
0.640657699692573
0.650225331958246
0.543245501844563
0.564814728120044
0.597640245275556
0.632834919701095
0.647879560274103
0.624164933300708
0.564086208140205
0.512802096320618
0.469687671102033
0.496461552663936
0.525461064093305
0.609249646374682
0.616010174872461
0.571314581665631
0.671838780952008
0.67082422823451
0.544932685088377
0.50338399401965
0.483683568255151
0.477619115874007
0.534689147502475
0.639988330218448
0.641865200083452
0.53124370771294
0.587970115723462
0.57305518549741
0.532270943692877
0.610382286754763
0.639449882715954
0.599335936464458
0.529574286099391
0.456999767427146
0.441696442609664
0.546048097723398
0.579802109210943
0.522195817076273
0.495218588113974
0.512337461912065
0.556603461278201
0.623424370931503
0.599424857951235
0.571181894483342
0.591521399922572
0.598475756545557
0.604803845878303
0.599845333884041
0.554392848964453
0.49282115121202
0.473452082520897
0.467180304690162
0.549356105998933
0.572843002179657
0.530801221859689
0.504119402526855
0.564452652400755
0.541660905048808
0.48202778805937
0.485448263185211
0.418965961295676
0.486444610136197
0.514295350206157
0.529092676786472
0.605696468795548
0.592947776647502
0.523545299320484
0.513321908227542
0.497380394522269
0.577197711257451
0.582122851728875
0.530048912577332
0.531783043320551
0.555002401778615
0.513562382344715
0.545099162230715
0.536350250608286
0.485170976092697
0.485687905774419
0.50026152070817
0.571927297328203
0.559472303027997
0.497497128683419
0.489606551705825
0.456828594752694
0.512526833673377
0.576625873889086
0.571250615917104
0.542012056722568
0.578272833551324
0.576571961598356
0.597765999251539
0.592772109603667
0.50005442848198
0.467445929472052
0.630583328530439
0.653700432689013
0.561079286549908
0.552436974670771
0.56901732529789
0.601963369472602
0.622693565134738
0.605494775853181
0.548591256994539
0.519574725982972
0.504207559300918
0.520136684567497
0.505385370644717
0.465528021361371
0.453009548284379
0.554133562583056
0.563362461211119
0.512666975705423
0.513438437741983
0.507262759467014
0.482013887681707
0.477730162915174
0.520131401734962
0.524548690510261
0.493240205555784
0.491034589038122
0.504009041135465
0.536902183485381
0.590030931725634
0.579974107458668
0.54122719703784
0.515299101994545
0.469605883383156
0.421809984272636
0.471648949986839
0.508420650117875
0.492294696166639
0.493824159419034
0.584422890812632
0.585627735734182
0.472124003344514
0.460974800948282
0.485015578286971
0.487771699402196
0.463703187678478
0.448542404622677
0.457983422897735
0.49548057851077
0.505823835753868
0.53074846735958
0.513770518021813
0.451554299181209
0.49297769590034
0.488160097089797
0.521330040812533
0.540275220921989
0.492622643214548
0.464378638421055
0.52757882159529
0.526882818293061
0.488928483534832
0.549561809873438
0.566934095865244
0.538411408080255
0.531086460490958
0.535190311266255
0.48084101471698
0.487735101411964
0.522591128630223
0.528114288831078
0.573616513237393
0.593804264018696
0.564262504908597
0.497617167555918
0.500389433478787
0.539612001989504
0.561340892833175
0.592129936435662
0.571064530444961
0.548078092928989
0.525227220752352
0.50757266639166
0.493806357359103
0.475397145072003
0.502448942975938
0.544062640885462
