0.739923693273413
0.843741697474366
0.84269198497354
0.755246242395527
0.783158996201589
0.695045566727753
0.623700937498003
0.661964269583119
0.681443708168088
0.559359657290884
0.659713530156254
0.635988064127926
0.649743795270642
0.676168352704379
0.739755421818819
0.670518020990303
0.648584546048092
0.702822887966181
0.649401475319644
0.632937288817701
0.535943912848146
0.54387362923448
0.838050792803393
0.823304122567579
0.760051351310481
0.754241098051823
0.581910587751029
0.531137287596683
0.61581304619538
0.709802233255465
0.724705327137039
0.680382410045573
0.552365021240236
0.477214436666373
0.594494131178686
0.538874261432559
0.587300218121602
0.6453436132979
0.659871599117292
0.654521398304483
0.772810725545206
0.769851944987528
0.756941725652191
0.728188879441423
0.798753871489723
0.772821190861161
0.608519239593011
0.560640639026278
0.722243512494373
0.700924461143879
0.620233382724913
0.525467014969983
0.558247232477259
0.517919415733147
0.668584256911395
0.642689984299341
0.624181483619513
0.522367661719683
0.573250401275314
0.671184550351254
0.689888686767639
0.657672432534589
0.633563438934841
0.551373724677998
0.694733566375447
0.769890139173773
0.67373822377904
0.687486529298893
0.822142572785604
0.84288737631545
0.76475993232852
0.728781447321024
0.71578588636114
0.578945469777677
0.519914810635937
0.458949402996433
0.489098095396781
0.854758447407871
0.880574049892563
0.680107665509737
0.770336021791172
0.775253039790705
0.57318729143803
0.51485420701358
0.42526351389269
0.494890350404268
0.584004548684237
0.629854266980928
0.559112926923594
0.736539846299686
0.734322599842266
0.717246682854991
0.770514200648401
0.594123291901379
0.593908750324453
0.620275196892143
0.605976714858101
0.597917822194128
0.615557834862278
0.573853018374019
0.427678977225228
0.524299432146747
0.818830258846316
0.846450778133472
0.642986518914718
0.734835052337254
0.677001274074843
0.584163787308278
0.666814959112997
0.855029973893512
0.818549620200998
0.499494073390119
0.695250450648122
0.73925056762752
0.638723738248588
0.621685071158866
0.622068230987661
0.538572886928438
0.700247838161544
0.810475747879678
0.820708436510615
0.801550007993987
0.77504665745872
0.809950426642944
0.80601903282982
0.811121155419227
0.802469553985303
0.664200328195933
0.597998649300336
0.61367130354829
0.714483217731029
0.749067837309871
0.740963624340298
0.712593218685312
0.581779963050914
0.79069612840609
0.822788859726385
0.578416873187544
0.657688255878618
0.604869602558362
0.620007932260215
0.633734149082578
0.720774222290259
0.798232142376639
0.775656402121603
0.710598429213753
0.696447161989945
0.523395156836686
0.596343312446933
0.557621337406452
0.542551700720821
0.600048902043701
0.590173879068604
0.638057206661377
0.643943809815327
0.549190899019637
0.507580785709144
0.569093962074476
0.562165945761908
0.585448328512227
0.559256456934014
0.544934909259524
0.508632588931802
0.550578771880457
0.469485106973769
0.388788675708719
0.387625780327725
0.387515702060138
0.345466422894574
0.357934664505158
0.345721057411149
0.398583171963224
0.426281439845604
0.386792910679021
0.368057257338191
0.432100025549132
0.413727117943367
0.408960405021179
0.390387286765636
0.379609236849266
0.421437133421295
0.464826281240126
0.399939758286728
0.394536531039733
0.385183172643947
0.299656420704269
0.348873578188231
0.455272523202133
0.497051486540534
0.309528354145098
0.370507592892345
0.42298199395831
0.392967827819078
0.332652316571747
0.36678542559584
0.378347364506057
0.383460126661355
0.301891941285233
0.379238706140038
0.436139111885831
0.382789219235764
0.356532480609642
0.347756455080914
0.444479904855824
0.461059910962621
0.424180841554472
0.385093895434969
0.379009999686003
0.280793644081998
0.32309777730488
0.366721306213503
0.415282145850798
0.429501138998153
0.404195713175325
0.34281977807485
0.393146691551205
0.434180897766079
0.388838374256051
0.370880321729725
0.432585564399759
0.400140183751797
0.413578698522409
0.402635341603979
0.377106250862318
0.415101684844726
0.459443810499613
0.489389077994135
0.528609709988724
0.558479045571147
0.517729701821684
0.506135916435657
0.432913530480751
0.412211205023768
0.360467470747994
0.377869464730772
0.418521266158717
0.306820094751883
0.367857089643123
0.388085399765664
0.418195680086098
0.431765424590442
0.407872131911359
0.413323805926148
0.449507620071615
0.457335793855293
0.416226606803616
0.431944181253418
0.392622701534447
0.326811194125641
0.347681242325979
0.433031220702873
0.406724112925561
0.432827373891325
0.526576768906892
0.461462983164898
0.437708484220729
0.381233408134425
0.404305233563177
0.471171285417758
0.446276179144676
0.393558398395955
0.413784678959972
0.387860752459845
0.461403990335684
0.44968791468342
0.474256429583961
0.455794789601263
0.398519425475904
0.407918701687701
0.471996476897765
0.534834445805615
0.493921314255687
0.406150409298705
0.347187410783983
0.362455613534071
0.400973631316063
0.40681144299281
0.411068794588842
0.41478225633004
0.370763192454573
0.431306657880493
0.466864942287824
0.477269720499439
0.513093141535083
0.470986137113655
0.476830130794346
0.457182046834594
0.442473570878246
0.381605645610206
0.403754816571709
0.338556977049398
0.340372159764372
0.353267875327721
0.371183236294012
0.372019341741202
0.358048846267564
0.361245074200392
0.38935055449564
0.439178689192684
0.477347284556769
0.542714248506293
