0.664835492260942
0.634815805447756
0.672760218150484
0.685581677277513
0.679583072586824
0.525807203094524
0.473437756449015
0.49304457349373
0.545001112065425
0.450665503737586
0.448459390475634
0.49622028691712
0.59473556016014
0.583363864773014
0.68023498976814
0.579127579268913
0.370573699658126
0.403997518974155
0.441677392934576
0.409922821958972
0.369922886583318
0.489028385123083
0.558690588505451
0.562634174835275
0.577849684769033
0.595689199380839
0.524480723954499
0.553512004809742
0.566572236725168
0.472337389174599
0.429006367597263
0.419837471039643
0.359967839348644
0.357725986663087
0.457795881696533
0.429346106533596
0.462882187177356
0.519760165417948
0.509209717680468
0.53863694171438
0.557136113016165
0.568279603846882
0.543571755807797
0.474825094450928
0.608441355342368
0.592508099857146
0.573310605588236
0.473234149522065
0.487687459420911
0.512065915302454
0.465296039376506
0.464003596877913
0.471265826583445
0.367176853841976
0.637769885802499
0.609639372230381
0.470912237471173
0.412265366740548
0.433794657915433
0.500761018190469
0.448600691942926
0.425390264090849
0.566857195740554
0.523356906428001
0.425878988963333
0.495800249976526
0.540357423148707
0.619749278098399
0.631534470318391
0.592837127365745
0.571221771522761
0.503359474841056
0.504737431827043
0.51980327997145
0.507347076774171
0.535572468718753
0.519662449521116
0.645677951669577
0.634111687006207
0.46203999553832
0.596617512205134
0.554177427698632
0.448098049956913
0.337520647238503
0.349238589492248
0.404685605455247
0.391090629798413
0.427569190299803
0.430676779777793
0.525192149113519
0.5073924330417
0.498801800149345
0.497703231996081
0.383106703830523
0.416963608387132
0.408185560714749
0.474270346292796
0.520676347640565
0.516258354566723
0.520211217671798
0.37489387900578
0.438480045640199
0.577539012572758
0.610855654171923
0.497271647215364
0.526043550484884
0.518876559661062
0.519828533427952
0.537981832582357
0.624723630085882
0.585350682940971
0.522080231456069
0.558146253960341
0.593224111722866
0.482923509185283
0.451501710877475
0.545575678497038
0.545828428363652
0.615063816174597
0.543724865670235
0.536561245399769
0.582966905025245
0.595421703663413
0.588200788163144
0.611095981628422
0.620080298723701
0.598444770624499
0.48205762785336
0.551697043650268
0.627202022569206
0.518832540070466
0.501152782052507
0.50778335361108
0.514070132868378
0.471556994194253
0.569576039447197
0.569458659446656
0.468499785094874
0.51367360482159
0.541654871300017
0.567034538490368
0.541122081603851
0.557283719696534
0.628973599545642
0.622535209319453
0.531066825773107
0.617262999589831
0.468575279206606
0.439744189658729
0.429856246447363
0.474674806316653
0.52061555157308
0.477108892263176
0.516008070885223
0.591798753310621
0.525626860391927
0.524272988762709
0.536858544827698
0.528960685528892
0.569167485390831
0.536903867367437
0.573222954330565
0.555352304501986
0.594276153395651
0.442862451100036
0.436553461499928
0.408473120018586
0.359402940928051
0.351939417339038
0.358489752287433
0.354358897663897
0.467186274973486
0.442163201676945
0.34386351304516
0.390964942726023
0.475999990520059
0.40999556725115
0.419183534259808
0.436267111096367
0.389162001041749
0.387788593676333
0.389875925021446
0.353897906685017
0.391847005369462
0.354939624017085
0.249469886254699
0.509728304001558
0.67883549197801
0.449592033251651
0.650521253604164
0.657854774439321
0.627323012120569
0.539037062961018
0.574641674032921
0.553841504188144
0.427186808153419
0.314296090110609
0.289317189580244
0.387833454365023
0.468091497120173
0.395399393922921
0.409851873969895
0.435048764649028
0.430859596565573
0.471788998720182
0.477472758410977
0.405831862451814
0.344156338394334
0.290611200879387
0.324037502820078
0.392209460884181
0.416678513643429
0.42843877510227
0.388008073400766
0.374005509066079
0.410129640396771
0.417029958151921
0.441011672112605
0.399953533464177
0.403188943200643
0.370617528018635
0.40471287364346
0.404657290463791
0.386556406491188
0.370100344279902
0.431372509354274
0.511040434389068
0.5684632579537
0.610890780415747
0.577519406140061
0.553776478950146
0.46224923673588
0.464531511765336
0.452652008148029
0.442366361247292
0.409019595195291
0.380529961304779
0.391637529667372
0.447488985867855
0.429209614485843
0.415317633764171
0.401881874542627
0.426607645004464
0.425074002703275
0.413211974576034
0.37529344555357
0.387759384259515
0.390830487818841
0.380686258620638
0.400588131670802
0.426593762733533
0.385441039543038
0.441780771308716
0.56551635121977
0.464949037193565
0.434267937795649
0.43945919722015
0.456304005952718
0.43551319710023
0.431628655324003
0.443321160315143
0.454247022513407
0.413029752746962
0.517850804868224
0.527029757022171
0.49472041819257
0.537978243021185
0.453266482200709
0.448207473653203
0.461842387797841
0.515244827546124
0.521607514556966
0.432558133835483
0.409704194161053
0.372965808022299
0.37685046658661
0.353104325945822
0.373159618597679
0.485205531284633
0.410461539077151
0.492263574554823
0.544028252362241
0.530312634087433
0.547685020997526
0.499587811878523
0.497047273796453
0.484102266577912
0.480160207092353
0.398307933184559
0.443537013772689
0.429364643878208
0.358721042013737
0.349722956164962
0.346638876282875
0.332349909879648
0.405913165051764
0.397570049028701
0.405551225803088
0.43864753214814
0.473023769653455
0.530010967848709
