0.499395369516856
0.549579754780397
0.563647982689721
0.563121879059475
0.592987703561937
0.611907873083882
0.590521122467168
0.596667690353156
0.584142287057796
0.525709523433766
0.546946586016485
0.506042737941806
0.458285644513763
0.53527516818611
0.554447554827651
0.522149570817966
0.513698739452734
0.548754447312639
0.510804379757685
0.505691447655035
0.568073250628156
0.542238559564927
0.456155729062347
0.561771551909866
0.578043216142819
0.536043325836687
0.518650156400359
0.580314665499922
0.549709323340213
0.492072484543457
0.513468733370777
0.498368721377677
0.510652144066998
0.537280282689752
0.519230733287316
0.559177875982629
0.552876659535486
0.473355693337385
0.476903859033275
0.492686010841108
0.538612518405976
0.545037788186523
0.579102601097952
0.606639041847567
0.555113469419283
0.532330723652317
0.534635416959005
0.532333714297074
0.520038214414957
0.473920263159488
0.486671412066567
0.491068783726745
0.539970325254934
0.563117172651153
0.529563699108238
0.549219113303193
0.641349288030183
0.680624426776566
0.639350472485804
0.55197311859536
0.554731995724741
0.591908400097749
0.57848096323817
0.532941458998105
0.522419889611641
0.558095225769376
0.596017628647639
0.56261870292988
0.492984762104324
0.437067169045837
0.432111100925911
0.496524805300002
0.468762278371201
0.454528690428884
0.476262928663687
0.470689161259683
0.443403977056227
0.468456383263289
0.47405240931658
0.48339637758674
0.488298799027166
0.486675456592992
0.46614057828125
0.48405236296352
0.488459951252341
0.471862953243683
0.558764003975226
0.598451234901033
0.591108126430766
0.582554005991112
0.575374702147245
0.533211841518587
0.556361773807291
0.55319687201024
0.534897732646656
0.563490305940654
0.559808727321092
0.518647524993945
0.48723645948532
0.440197092043744
0.452547872538846
0.47145209550218
0.449092040335937
0.446669678846464
0.499339223987834
0.599978503289285
0.607144296890573
0.530308831094865
0.431722056556819
0.525671556779972
0.556270295169009
0.514012755319414
0.473287300244626
0.460498002490322
0.459270088649272
0.486184231134486
0.466937767772409
0.594457829742587
0.599659322429459
0.49903413393647
0.525582442560024
0.532602646965786
0.527314154346877
0.518637689780234
0.536929010963564
0.555066144612932
0.552041710882963
0.645315387952582
0.66355493437841
0.635820693354832
0.63230345465365
0.614666597406572
0.614847277341664
0.580316008663493
0.527942304687512
0.515431373250517
0.50218862541333
0.513574274995083
0.533990815866733
0.524614818269178
0.518423002037739
0.49609757538288
0.510352723049558
0.51554523530063
0.549765713309379
0.571565271451357
0.574972375675097
0.601609009831875
0.57558425068212
0.552961535194392
0.541064525871043
0.567352903882469
0.567157601980111
0.593431071298409
0.622731573657866
0.575478003495883
0.569714294757468
0.551670735467948
0.615812203060953
0.617040727980914
0.49651114929358
0.480827967884333
0.473137147730325
0.492851772834177
0.603949435674317
0.621982264116463
0.635620457576148
0.631203815162686
0.591060957365864
0.557901850096329
0.567567098747147
0.576319616924958
0.576258286354621
0.552886755104082
0.457769405389369
0.499193955039587
0.533509628747199
0.507109759087225
0.503033374929921
0.534605751818782
0.519198917864398
0.557058849634966
0.601723294038888
0.584640720887257
0.618990256831497
0.629612798572873
0.559873485996093
0.545488971467652
0.556416191450811
0.529839607355311
0.538998420942549
0.562702710286312
0.53864046321137
0.540768856866084
0.579210326687167
0.57365830598331
0.533061507531235
0.465991556173584
0.471738771595418
0.477856449737986
0.505452858307046
0.506513151523475
0.45437513671772
0.516486490180907
0.569126625239849
0.674079491911786
0.703110060514642
0.634277634680928
0.512365901129812
0.554400899065699
0.548145936236515
0.492307827066268
0.49343484970751
0.491326667651825
0.492536230902835
0.480658368152391
0.451672276872799
0.442008756259967
0.470214666842877
0.50009949808327
0.490510374337882
0.473749135771011
0.452600482852629
0.46120683965968
0.509814673387275
0.55806993696263
0.635821918978282
0.593543210228509
0.458998524969382
0.447476933998311
0.501118223680675
0.538771032011676
0.558975670686293
0.567899138509063
0.544432603719454
0.505896801109261
0.487153563604855
0.482608386294307
0.474407199445986
0.484706215584915
0.479617859693387
0.489867750425062
0.537741606031693
0.558039198835432
0.539461530740422
0.506380342612381
0.55934161520192
0.683328280727809
0.679086306982133
0.530458790787334
0.517491153089434
0.532043671066294
0.543098223828959
0.558937549314695
0.633288289441909
0.623792859971642
0.574146808973506
0.577449358284356
0.501258423139625
0.508652292923052
0.5135792125204
0.503624488854741
0.528745050036883
0.530779013834459
0.540241124902028
0.523261728127337
0.437060231043115
0.386379518570529
0.309225569537601
0.159037614343202
0.199853665057136
0.30833902534825
0.337864711350687
0.334581442383577
0.326703314019373
0.356701119018487
0.39255350184036
0.37504995454683
0.361451715507392
0.463350467428294
0.501343230239851
0.479248391076888
0.445898704441353
0.417878052499803
0.408530555443796
0.391689944470023
0.369352918763812
0.429076219805493
0.478951353121753
0.503561965300181
0.507042331425088
0.505068345714894
0.495107172218134
0.447394913925056
0.498599601672568
0.506682416107063
0.466015357870922
0.488084877747703
0.518884700531182
0.496350828111837
0.452881953871689
0.460848627908604
0.621453380562579
0.64570102066953
0.592475402931965
0.526335213762368
0.489111747099612
0.464010055482504
0.49624631550837
0.512282901227153
0.523780814500416
0.539358589526809
0.519528659653906
0.531895527948893
0.545811979363275
0.516672191485695
0.52400427388597
0.47933322851716
0.4601806898971
0.495077746633788
0.481932832237625
0.444369958498171
0.460614485386071
0.489778586756433
0.461484927698363
0.458204407920765
0.487796083750472
0.508188577018494
0.502007856683167
0.455764072010968
0.487910002346361
0.540111828485766
0.498162573720592
0.453776597434876
0.450801736832714
0.497276576851902
0.550009854534658
0.53930805663479
0.488430409591999
0.447964540689084
0.497763319832366
0.489383370142049
0.440996607381626
0.458502124990878
0.438488007110197
0.440555080106559
0.447293023330136
0.417670289000895
0.433813561416135
0.461995328910099
0.468908766234631
0.460552755465782
0.426741353682926
0.415698570092646
0.460109633233572
0.473635460450958
0.48850250478727
0.51621558489165
0.510344656035711
0.468261869397305
0.397653311450121
0.473157371433395
0.497066834281117
0.46565816153578
0.468357250674141
0.473847782329991
0.482127324903716
0.464415954661645
0.476927338004632
0.522735222106471
0.501146207176528
0.458701922627809
0.524008516609535
0.54509277150638
0.519066024590834
0.534413168115373
0.518691046399738
0.506152512907626
0.505251585385822
0.480404577791233
0.451462210705243
0.440565762709895
0.46281294620286
0.463295222824377
0.465351156329593
0.435937551037905
0.460505267831623
0.508335995946661
0.48462263414826
0.478939108477026
0.496042053473687
0.52748411937861
0.602838313307562
0.597008043859169
0.500969978220497
0.455394513559754
0.409313238956015
0.421399426518503
0.468506694895251
0.472151941735021
0.436088712602277
0.469912578227602
0.473691998493203
0.458305071966306
0.449607791089844
0.43851810119157
0.432972255453199
0.419591622337814
0.434095564182751
0.463661992954897
0.43916647345604
0.521419051750082
0.601269525465168
0.610330696918161
0.579827336060331
0.600702412148258
0.58969010525652
0.547250796972474
0.534363733307706
0.492894261243669
0.46930009326809
0.476345369245833
0.46298324394734
0.438982394504986
0.442445531130697
0.444821360244467
0.461840815825929
0.548017301671907
0.55983023820153
0.522707273596568
0.473995475531583
0.449005363721323
0.436488728271944
0.420194664525762
0.434299357559428
0.440638045795015
0.436078558004514
0.459490999417766
0.489656711293579
0.520394919504729
0.532552385224839
0.606424411132058
0.597021034696488
0.498652715454314
0.450731940321731
0.475537986060897
0.507988474234115
0.606778295319998
0.671048512152803
0.663956700160577
0.598029518131262
0.523715652755608
0.512475358424918
0.529367215607812
0.54991809321975
0.49596452344231
0.418112802055372
0.403152927668165
0.460077078861174
0.470288885960122
0.42073006151704
0.45091114692301
0.514680807298301
0.506021040828076
0.442291073678976
0.409081328630994
0.422162313572134
0.412377668286677
0.451857352549705
0.474724248892484
0.462180074676303
0.473673536077476
0.473492424837014
0.482195515606753
0.483099331411022
0.49759369846543
0.527930606565506
0.510324502976521
0.513448557291194
0.553382228356511
0.537802177275177
0.550482206882142
0.559919445839979
0.616216170733777
0.601840354397546
0.491043376223192
0.472235406021029
0.464461233003351
0.436018362108446
0.456161523600897
0.467571407494916
0.461088240639859
0.496065858744398
0.471593792249907
0.580767218330284
0.621711853304297
0.658866743968367
0.662373238043849
0.523275077043578
0.423147282291799
0.462718738120547
0.440405026776924
0.444126814384345
0.454830859836694
0.425179538360228
0.429428614016975
0.434646159501866
0.429198217196197
0.473224173199358
0.467811790547428
0.432070944012417
0.456810980699756
0.508416049001259
0.484346710623935
0.426004860626185
0.410177640827432
0.410839692469353
0.457161229509682
0.469136462393827
0.487540970933749
0.566731579433806
0.576697154725172
0.513322451570197
0.527940272026297
0.529843646558019
0.488399567848696
0.433112753708467
0.42965844258925
0.470340584711173
0.506862939660863
0.496351365446231
0.43550300751617
0.439024399495917
0.466158122813503
0.47489673101712
0.443383353137745
0.412391760155432
0.425283408270685
0.450964258293581
0.441726739220275
0.441097947969484
0.41600278050841
0.436009041176111
0.537619152268745
0.579695056805533
0.56236972497656
0.521417851709954
0.48132453700017
0.596101577072616
0.623909880920382
0.577297463250553
0.585287604398765
0.53018104929819
0.43202888410722
0.441264218286419
0.451131615994598
0.455199904907506
0.481749503481943
0.46917280626658
0.415043226663262
0.447017466070965
0.461796912949539
0.404113188580633
0.441489536702455
0.502864012599741
0.503724544483042
0.483358535934099
0.48129118780037
0.463926422568039
0.459655722423223
0.476270336226402
0.464221738744418
0.419067717495261
0.442928729914038
0.460684976946302
0.439726831479904
0.395913331919024
0.453453450707016
0.593129783202017
0.651454066687294
0.632460316763018
0.563496585438822
0.456888417668928
0.479505034912181
0.46030842977956
0.437492033445035
0.477768324897325
0.465790596857741
0.414722799619306
0.448285732988575
0.479941897202232
0.515022704330116
0.49673442083549
0.44879131368331
0.437199465632899
0.440254653501606
0.460642769826926
0.452999851766272
0.45187883188191
0.437476398275986
0.494856559859763
0.48828495577579
0.477112961899691
0.536530511692581
0.530700506231034
0.534432425993458
0.501672277943343
0.42651211332304
0.455280280264047
0.463781024064895
0.465581353812334
0.51342600812696
0.517863682047021
0.533077898247105
0.51008345699379
0.453906813231454
0.461899685711318
0.448143537084443
0.451751869625085
0.449816268892846
0.442176449940139
0.40539572981065
0.412911993923679
0.481571992392355
0.482364255236433
0.45217135199629
0.450335135970946
0.438546226183591
0.425545913090735
0.419158828643184
0.417972990532889
0.423352525591656
0.430677608571232
0.458244330689104
0.493115103954944
0.512206402921815
0.516879248130201
0.549446388025601
0.530972043820695
0.469457998636609
0.454689696226227
0.4554012198701
0.410013269251063
0.431130405970248
0.429920480771264
0.389818596938789
0.408410389240831
0.450168435290154
0.423893330086094
0.395749362032697
0.429017872016284
0.471746740434786
0.508453635646491
0.502048615128988
0.477497189800469
0.464054707781093
0.490902777403437
0.506093675222875
0.488758732218646
0.485907450903213
0.444501511292204
0.408813275998947
0.430582148390068
0.459964293960981
0.462216961240117
0.452493846789881
0.424387922936762
0.415888405033533
0.47500106907538
0.476416169741611
0.452904237233819
0.438547052003004
0.396801127902971
0.449224777042633
0.479747806580736
0.469962029418791
0.453782352299586
0.476454979541646
0.497226944271303
0.489509349888509
0.45598672093499
0.422453805986073
0.482346363052861
0.542799937829944
0.553857246166183
0.526370714624699
0.501115094409002
0.478179694651931
0.462440044731229
0.448122837405175
0.431616792816354
