0.69040601126922
0.650394781542079
0.640385354187061
0.609154818504011
0.570126026760082
0.577285512599925
0.692698792224861
0.75560092525324
0.760441690431895
0.742239079729746
0.699580321921145
0.595309032214625
0.554671513874875
0.590431395206878
0.580642451645884
0.536269363560653
0.557317047245416
0.601080719414359
0.611361560443421
0.606726580884509
0.588972925333728
0.593177459661368
0.63109765684198
0.652184067837726
0.660591956370369
0.651713753086913
0.622110228688894
0.618322595540869
0.743078149699448
0.780509209539669
0.717581812379937
0.553973975068106
0.537891384397959
0.673382117417539
0.676103285607325
0.590804495916009
0.648525193449192
0.735891870806399
0.698738792610271
0.526665018242908
0.617235903787513
0.715441436663626
0.738967087244899
0.708984782729424
0.70992777377092
0.712121922591642
0.674456026651521
0.70025297245528
0.717293187707103
0.731162783381072
0.691552282183703
0.557956214849703
0.593085775931375
0.572238971212098
0.576177833523136
0.648994420605523
0.743561654244251
0.776680151884551
0.763592534349562
0.730754735194668
0.676760961321507
0.781199522013413
0.68873000809168
0.743564035978612
0.665926306243686
0.622368026406765
0.714382014481016
0.664450122709151
0.581648788815898
0.578380249908191
0.615265977022387
0.635143366152442
0.710769621998349
0.725911417205036
0.60456106900685
0.580247184364145
0.516731352407246
0.520607511108326
0.541178519718306
0.546892615402041
0.548725418422339
0.615964745951248
0.615628041503155
0.639103035357195
0.669624161306148
0.726035807978266
0.751482111974615
0.657378271084929
0.609395134940213
0.64710316977213
0.799240597352385
0.776054533486301
0.651210297811672
0.726262837566377
0.835213988516004
0.814720825919471
0.63367354903688
0.607913756959954
0.594890744779864
0.554875128811153
0.530788557234592
0.570323928488026
0.579341545278235
0.570464357101615
0.643661313758566
0.735412678777444
0.768153629509123
0.694740193840288
0.629326939012461
0.599482312761979
0.755071970540154
0.78953329068211
0.733243674614214
0.622974807753584
0.53773399185361
0.464745303009646
0.498042071199986
0.546011908863516
0.722820663074545
0.752824362417635
0.730271984154908
0.70108837382789
0.652400385023357
0.72627983087639
0.725329484658568
0.636897388138568
0.559633207033151
0.549950031244827
0.565613907909682
0.541137180628107
0.576092692037661
0.652155879912381
0.731079358036812
0.515001412373138
0.391806112994955
0.414667249476084
0.516652229982906
0.559887813602811
0.51496323576174
0.513630225852144
0.575904508224448
0.588054760743839
0.62702945953468
0.628255661903636
0.589051258666705
0.606421387073498
0.557867500220703
0.553639806313996
0.547312876172971
0.592803503292649
0.726833545890192
0.758229793057323
0.679170660789017
0.594259952256244
0.704652438605408
0.702560069837422
0.634648784022893
0.654108576016451
0.626102397732646
0.534058386399473
0.50695422509278
0.528300503532278
0.471255485131021
0.491058429396143
0.498884539001623
0.559028476222535
0.602464554617214
0.643987323444506
0.674947649178469
0.654813909079945
0.666011393174323
0.737560202790359
0.74362687093085
0.650346894322887
0.636631609873191
0.64353779708367
0.646877290905594
0.64531774357065
0.657712949289885
0.641829310198886
0.656042484764718
0.704063595844389
0.801893559174894
0.817480472012398
0.380538810533496
0.235103973853637
0.304896523149036
0.748255587509604
0.767679585706488
0.655115868468489
0.473329869021588
0.459270403770609
0.438439936526551
0.435331773845073
0.421509945422103
0.364872491785623
0.361973217916288
0.43753983223356
0.461384982880346
0.371261615669467
0.315344927688927
0.431012383019785
0.44992823487219
0.410236937888855
0.438604445854328
0.470123229786492
0.457654450147201
0.457541148341459
0.711208973142311
0.721096858877
0.536895671655049
0.464427964767087
0.4546655005335
0.361839078269987
0.315756950530903
0.327591889041137
0.409737910480318
0.407358778580432
0.407579429150593
0.418292572704563
0.378216956910806
0.412829530713161
0.469556082257026
0.595520015716109
0.66576316503393
0.668270112408723
0.623738889150585
0.498492751921612
0.506127794369512
0.536684676037424
0.480135416050727
0.470751898950762
0.462084708024326
0.515768428149725
0.516061132868198
0.48478723990054
0.638920359471082
0.617521795495965
0.643722512796511
0.716795487502161
0.726305779260973
0.684612271970917
0.58784534758164
0.575674850502537
0.618506385113322
0.669213942951565
0.641353438652131
0.617759233794352
0.646977545949985
0.656277783357951
0.689060135604049
0.677194919042771
0.548215545001513
0.72138953194752
0.71072906653292
0.660602671533805
0.744831629631629
0.774319938153925
0.718522245965765
0.565674119618664
0.518156586677196
0.472211650124965
0.424181419222189
0.522280013075451
0.634296737156348
0.711303971822553
0.671747941961071
0.559233166709447
0.600856007968765
0.700392102766485
0.69978768444295
0.680425329484415
0.683824493811487
0.623807787547769
0.542057293125355
0.501054901669861
0.547161757891849
0.653209104485142
0.698624401000129
0.679356254204884
0.723506090101849
0.744704157771781
0.639230497654854
0.584250432904964
0.769924533110448
0.798176438350113
0.780334553184136
0.736205384264502
0.631654938012879
0.633553626908015
0.681008485319725
0.759037615795368
0.768039727937322
0.730013079237425
0.647881105069003
0.822440823287532
0.871007422494289
0.855300971076758
0.748974672954358
0.604865622658825
0.4189625976947
0.392625961196217
0.629678636126159
0.769540838726426
0.779133738116011
0.557888703769165
0.766191442609472
0.84442920581957
0.824915958664594
0.782846172507362
0.753108098036687
0.684218949528983
0.728747829958543
0.728072500418835
0.78799017971829
0.80041293327798
0.715902727536804
0.63761912963652
0.508935867383695
0.598971058100993
0.612404839984968
0.558645666919248
0.559322943537571
0.604106768043395
0.657921793933155
0.732917458842613
0.720934025839868
0.547297381375751
0.53330584444963
0.532827120020456
0.580735343088152
0.666986707205823
0.629409191172118
0.530867835873741
0.518202967289129
0.523099638591826
0.533007465637751
0.544263850114071
0.541099098649635
0.56996142899002
0.609083940834894
0.646375233453918
0.732847828169735
0.750053160373651
0.647730007064548
0.644136789273461
0.626998988989224
0.627249186899914
0.61997778235492
0.460458216099193
0.406374893426089
0.502014099072927
0.566180605628807
0.559203858841873
0.485842635506467
0.534468453657415
0.541511503901171
0.488671651396766
0.466051204260606
0.454599789159551
0.442207979229236
0.443296646141962
0.509757396832934
0.512177675312122
0.431046066598411
0.48250861202907
0.526409099528174
0.516425908932773
0.612901310483772
0.615651785897974
0.528840752447633
0.516323177728237
0.511417028328837
0.556768533259676
0.691796774342769
0.684624545766278
0.648517775726784
0.655393504251362
0.593486549974507
0.517353520200894
0.495621355953322
0.444944103295352
0.416378877543865
0.417411803934009
0.426786896540875
0.400040693827087
0.42716608323231
0.459389415534999
0.47331521487395
0.477666301252885
0.421887708803527
0.425746294955511
0.469242554582487
0.458065493838706
0.449985875534368
0.500518367686889
0.489629850448521
0.477560269363276
0.532062758042488
0.553535329470214
0.547447326789699
0.53291871225518
0.507941204199907
0.473683416636235
0.478794654141136
0.475983670621206
0.465936463742379
0.481846500217093
0.467143394498852
0.436547665216034
0.416993571448453
0.43746742626471
0.410260314884025
0.376023684795132
0.435498327093209
0.425294552692403
0.421778160218471
0.471489203148815
0.480215278786474
0.488919127544189
0.464467604276447
0.42135492431703
0.471177494124652
0.480723103658355
0.42592227985583
0.507701907924599
0.512436876977381
0.43423689548692
0.433294728659958
0.527818536299419
0.540678137994695
0.517289524012169
0.558380061418308
0.612610611446407
0.576557453798419
0.521111201477596
0.496313860365208
0.452836845364642
0.491399373703818
0.471465101499107
0.473867087514347
0.469119239928003
0.434910690732393
0.379723968481374
0.379332446367082
0.408947865206777
0.479189152121429
0.544204806931512
0.533538975566795
0.533643424558712
0.50481910776234
0.417166550722656
0.42042295552814
0.485065410117857
0.475641121024914
0.414737437876236
0.419870521069493
0.454122446108573
0.528503682218742
0.529306049057925
0.425045437768582
0.444368986758632
0.469630023492145
0.457390385191981
0.407813266052841
0.363819522581108
0.362798078794632
0.366925740931701
0.374739838140886
0.397329365869175
0.396915215472452
0.372241366092009
0.347737159978423
0.400907560818464
0.42437485387753
0.39262457739234
0.384236667986299
0.380695460219638
0.360411155728245
0.342625726551248
0.399764581311467
0.457002870132343
0.431540454415873
0.400914571015203
0.382199412925865
0.468483811569452
0.444750196858768
0.367957865203721
0.363786955063912
0.367125629046037
0.350507596754528
0.357812550677062
0.441970827922385
0.4603398811034
0.460077453615481
0.454474479577691
0.458708049733046
0.458721560501526
0.430105252497982
0.602457153638281
0.590171600973889
0.429577128227484
0.442597122772314
0.429065961436709
0.407966636917896
0.411497489973169
0.394248511897178
0.385747010725991
0.409169090200628
0.399329010396411
0.399377516546236
0.481083901982093
0.525628175411309
0.538700550859692
0.530441828310401
0.514310686372143
0.485996980006324
0.45213473335128
0.422735566816295
0.445639554614381
0.452625350173035
0.425334560297676
0.463112093331758
0.523648260838214
0.538991275790031
0.489960902731917
0.448894558288115
0.467366353440654
0.213548800804834
0.179992064822411
0.243735651268418
0.441909710265949
0.452322745466009
0.417316893654984
0.396947155731633
0.458603363615583
0.4691389624825
0.477171953863047
0.497896186471899
0.469500507208502
0.431271632635722
0.364667513342573
0.321566555819564
0.399499856836336
0.421205267780526
0.474249455799828
0.503581651774212
0.468686065349322
0.442967389027907
0.434253695647445
0.470123663907389
0.468502866018361
0.437360362829774
0.392696949797547
0.371045118525616
0.400851631750787
0.421060201546774
0.423635924109278
0.414481468364932
0.509506049600002
0.555988680873974
0.488035008967405
0.452535173745631
0.466849687421079
0.475924749571824
0.513438120195121
0.512270647373694
0.534256593154485
0.535705804016712
0.505544406964585
0.568175309617677
0.569491625234216
0.436664550093088
0.426927376509737
0.469459049970356
0.466872840421546
0.460403916379082
0.452785930063036
0.536438757370009
0.555200459773572
0.428741433320869
0.326355061061808
0.326409302877669
0.440300848107668
0.481082707026265
0.505107544341454
0.471492984928577
0.445606174669354
0.592647953322969
0.59249399446576
0.510970085051654
0.566127684720679
0.560347390294511
0.501347719740218
0.547768413276768
0.585705636477861
0.557327491102255
0.564972252154652
0.577269464360096
0.523349856580863
0.493276376295141
0.468087820274846
0.42702116265253
0.423374566970366
0.462297153292505
0.446395692672003
0.500358041024422
0.495935569092921
0.442743789124846
0.409465216481236
0.485334551688018
0.554000312596074
0.526841819642319
0.486648836949874
0.471367819196846
0.683570918458247
0.681523117935885
0.523817226645867
0.669334445817221
0.676922256111776
0.535784315318232
0.492377931928081
0.455149216075614
0.425855575537856
0.438264385245206
0.449609737049765
0.556815605030329
0.565019709500844
0.483647884278062
0.515766330813501
0.517144258628641
0.511474456247149
0.591581042203217
0.588337150353841
0.50041870302688
0.436609723285841
0.403835697024224
0.395402700519111
0.531524734038052
0.535292566262145
0.366379309322575
0.404657426396345
0.421502777585909
0.433800554920674
0.43740799002313
0.432751343542986
0.437723135223748
0.435411444140752
0.464247479451143
0.588196028380983
0.572907122182803
0.399774545836354
0.387720205754121
0.594770639238176
0.635958983443526
0.565667079668187
0.512245158890182
0.438741931473227
0.446959081791214
0.456656544900002
0.431394561707858
