0.434498184843793
0.472591974566641
0.454007804811625
0.488198544331877
0.505219385668944
0.468188932420871
0.47464537502604
0.546787795297928
0.542162838654633
0.499333554125349
0.528628805658116
0.50443551459155
0.466980005685695
0.473161167529662
0.466342986219154
0.475755936326332
0.483527400997224
0.443857410815256
0.458088460241958
0.474946684864598
0.470604074059474
0.588840353445218
0.63951609973648
0.609902911571837
0.551031900656707
0.516825935780879
0.501792297210138
0.491644733658371
0.446089564393156
0.461433502707141
0.514901541353963
0.50116974794548
0.468276717857359
0.497955413562571
0.483435388653804
0.463252566425264
0.447318654109702
0.501184028092741
0.51118809340538
0.467869771437815
0.515456662296703
0.528230158421598
0.532628756938248
0.53422413793387
0.489028688473298
0.509853732935315
0.533291214142604
0.509786162841595
0.505178907646749
0.574666918745484
0.564014705038658
0.500350074202171
0.517889983410502
0.525143917001859
0.54051089421853
0.543824907635858
0.502129096998623
0.493863465913605
0.4932929167492
0.482006099656065
0.455290294213918
0.428453129078611
0.438249820347315
0.442285080158401
0.446447329693782
0.452668669889095
0.486602638594876
0.492430049329428
0.500776742215506
0.52880465291493
0.505671994077164
0.489221788504248
0.47609162156729
0.461628760413669
0.502891544053568
0.521167871775654
0.590151289832493
0.582095843082318
0.459488016024461
0.521833416954867
0.489697899317575
0.457497587675773
0.489102031488727
0.499656577455299
0.488721952336044
0.446475005538465
0.476818318802316
0.485919955523589
0.468401052783612
0.454768128776862
0.496830143620347
0.49149413372059
0.471809493289937
0.479211515829615
0.465451579573578
0.462033548568079
0.475919775256253
0.413747621004248
0.400117309567311
0.518780319101699
0.513442907428378
0.496999371940363
0.502571337161486
0.459744073706296
0.497722668064971
0.549259536887727
0.532637810263106
0.494210212340897
0.547220033585072
0.579578495444208
0.579581999931177
0.535367177949828
0.514321365497644
0.549906832608774
0.545689039570995
0.492730774702393
0.535914412008278
0.561672697249704
0.539971212298405
0.528743413770968
0.493356625905302
0.523017314400678
0.595562631266996
0.580183920977519
0.488372052162278
0.478170775419475
0.475944248620928
0.464114357225133
0.645584425559268
0.646655911045172
0.606508905248574
0.561408468510374
0.519573009962003
0.500427144074291
0.484372865824141
0.461081405433558
0.467989329331801
0.452043303847908
0.522082174136236
0.534880011602162
0.509528290260281
0.533685940133166
0.506460457206811
0.479670274306382
0.500226946982024
0.501403097958868
0.536754144858994
0.528028927340936
0.514694542527738
0.499309601773998
0.48147121982348
0.536298243813404
0.513246885353547
0.482241565861647
0.4771166831275
0.46460070750976
0.488182753071235
0.498967134152063
0.512270644184668
0.574196014680877
0.581311046954108
0.532379403678494
0.486192827564091
0.48326099999529
0.475554571809447
0.458775196020576
0.521950576339683
0.580712833966288
0.547439391837687
0.528165583923271
0.524170938629307
0.484024051334955
0.506692895700929
0.498440691266121
0.488985784400525
0.497788644670334
0.577544010202224
0.589770902870721
0.569851951466465
0.555104803105448
0.52536595330901
0.505196033069106
0.515953883950349
0.536675583479442
0.533562904631036
0.510394613668454
0.52079376003301
0.56437307231748
0.56225982903589
0.547703726697935
0.547095273742984
0.562643477987911
0.586134755025301
0.560325248623559
0.549507947205062
0.561534415206865
0.520416782336305
0.440434447411839
0.448737186385077
0.475637854764803
0.465862909236851
0.467786636438369
0.469699376423249
0.457547696107461
0.489043988567252
0.476672739644272
0.485066904547665
0.505454620061635
0.484779028257683
0.566722983747055
0.614213413758951
0.598967962102885
0.569677604467254
0.548498525592823
0.53085373453417
0.483370907731536
0.405336221222899
0.410515684409358
0.449075294368016
0.496016796807269
0.504302827471624
0.522486736202175
0.517907875716546
0.509699488899259
0.526864243644152
0.542791899244371
0.534126010173993
0.521622501999531
0.528440119440795
0.499689798370888
0.48489977527233
0.497799477304603
0.491008379275014
0.495577684519734
0.535815924298625
0.553520821590357
0.56142065068003
0.577735456453799
0.561193420445008
0.519933572904029
0.487714699428497
0.498684312170306
0.473242597654278
0.454795068851245
0.495388305035541
0.501807114758402
0.468567421215316
0.494699644730625
0.464831396102569
0.453314578053392
0.490488138922456
0.493220220950878
0.513454546730469
0.503334856844253
0.431074023811105
0.477876042187292
0.465209386364279
0.406865116475632
0.439192723331686
0.490345166369026
0.540371280873746
0.560678885580703
0.568362772983756
0.57003327804703
0.532610150477142
0.495740835218488
0.500140991741895
0.512189590237413
0.533335453175209
0.525706787656504
0.494780900613683
0.516451029638993
0.522437627627605
0.50172063334072
0.519230679210009
0.532464336439807
0.524830611213658
0.535433070004165
0.564193739726521
0.545920330981782
0.547093213123222
0.561326505019767
0.492418067149481
0.422173796280535
0.478810472286565
0.51617436530449
0.509543940862282
0.481817847011821
0.510162263116961
0.506058984807162
0.524442493268784
0.523670521621922
0.549035477771973
0.562203562784287
0.522049470527721
0.49990628438518
0.491309024149364
0.439687788454827
0.44091915998047
0.450985083540589
0.505528467947102
0.512417602311105
0.466813474308623
0.458926196246607
0.483341548371938
0.474748979649457
0.46252195086288
0.62921918216062
0.601774121299239
0.514365957174517
0.516726545385678
0.451964985770893
0.496560440388023
0.52051763936461
0.479206261555561
0.47121313762354
0.476205910191036
0.49262107098254
0.529364170096536
0.563895316360429
0.554666148356748
0.610168632663483
0.565446571215396
0.483234681254333
0.519178133525396
0.525807986996015
0.593727186292568
0.573245573411889
0.515612676304954
0.522456036487735
0.600365560006615
0.57975164251996
0.516492244065144
0.50242831910739
0.546100641420424
0.527927808826494
0.534284774895155
0.552741074716811
0.507999528990606
0.478623747610178
0.500172696501389
0.487344446426427
0.44398280683158
0.407892772969769
0.402219695742319
0.42310109422129
0.46506308309146
0.498743577022431
0.480800079000893
0.474251483565447
0.516432330908058
0.506647122464379
0.483565939374054
0.515511646205496
0.482253032678101
0.432385554277359
0.419340830458482
0.42510310897489
0.431681648550396
0.451150959715218
0.494075119840767
0.491558522815953
0.499438535620343
0.499606897565096
0.450602577957364
0.402692900946451
0.386256660456955
0.4328922369181
0.526108864588286
0.608981835672711
0.587566351341869
0.521156842624481
0.497633349515217
0.471345531779196
0.436801419318266
0.435263787842687
0.440970554878296
0.424013311685325
0.429862889796406
0.446686773857065
0.431840210222388
0.418160248923993
0.472743413640692
0.497306982713102
0.460537175114871
0.435721364203449
0.415947959929198
0.534441468304206
0.560901689060412
0.500184441892962
0.482870497922834
0.508447850499555
0.486227595369095
0.530354051050595
0.526252733985163
0.413806885286693
0.414148302088291
0.445072112902071
0.467474452194917
0.449924942379792
0.425838947203035
0.403252625844407
0.398481648430479
0.445091098590232
0.476649961502303
0.464506405099814
0.493848240949122
0.511044731143709
0.477577590879965
0.488466775657705
0.454190500445987
0.421085712595047
0.446754489583159
0.445897767318871
0.499651733560735
0.514417843679312
0.471499096476892
0.482250598132404
0.460865463240048
0.443387176906042
0.479399124382359
0.493634836472129
0.481336301720096
0.444086646919305
0.419729998011249
0.446142984244297
0.453655155832015
0.472250980950405
0.48680235113622
0.444380806659
0.447096429247967
0.482193160504063
0.451491218356712
0.438913023748083
0.455590853235137
0.451845370705013
0.472940340897669
0.490674785222226
0.51718098204001
0.499210651795408
0.505031877621158
0.551024117124382
0.571435984431656
0.539130686014146
0.586005283647844
0.61005756437395
0.568082011416006
0.520848120101694
0.52540736544691
0.537624134910399
0.565240599336142
0.537304220734456
0.49282069594311
0.531474854004984
0.522578872827468
0.524472397782051
0.562025328778299
0.58933574899222
0.585684194894399
0.536999677263849
0.490673090921166
0.471990750366038
0.452511457591969
0.47179852356172
0.475539179729715
0.457476703757096
0.462108820494821
0.546492571366116
0.561327143657213
0.51653838794289
0.503327608723787
0.51264902968241
0.479621301938715
0.477519167834869
0.526320241814859
0.512741432383106
0.480325023697039
0.468663581476157
0.49592331776044
0.508972535399814
0.496175772787013
0.481900515217317
0.498452021944796
0.492722171799951
0.541816478586232
0.56287511095843
0.531800713519544
0.550305795330393
0.556395439590579
0.573051187142733
0.557697527706758
0.487786188063369
0.485409006018293
0.478938829185903
0.447589552430534
0.468261365992592
0.529182659595894
0.516279871661209
0.461041453285292
0.499594898342694
0.551197682153531
0.574235600701304
0.587388190830497
0.602481006304332
0.570559081024016
0.483060416888557
0.505126042713141
0.521309200595987
0.477674213053195
0.450522998764103
0.44250606070076
0.430657059912572
0.434533529344335
0.454709614650068
0.436624376319974
0.40802253334134
0.42150773309804
0.467825348076686
0.484753314775011
0.463675604162048
0.468733897536441
0.476188616549694
0.619804401278742
0.611419873964765
0.51656551689366
0.506532279178534
0.493070423593259
0.458968424885339
0.510925978537585
0.502629440610547
0.452933170941339
0.533387357985866
0.521103538929905
0.442725461649175
0.462696290147591
0.472227700426913
0.460870246731146
0.468636182363471
0.461509652083411
0.444646210883048
0.445233064146891
0.477244708105845
0.50476778956592
0.491241113724397
0.533187211508788
0.553220648855113
0.520336416077992
0.480697491952783
0.445098246925794
0.426021272106034
0.439585564754895
0.46614685212125
0.490187417298465
0.49033630726641
0.535420467770313
0.521543024332913
0.473140184940471
0.480987038636713
0.465560281314001
0.443696372573683
0.512891688019547
0.540027012305166
0.489230601870432
0.504602093755314
0.555786853630134
0.531765796010892
0.476824710802098
0.501550553027851
0.517723633728555
0.481164988407399
0.463916773125738
0.460485116816604
0.507235336745301
0.519593301327056
0.472523115072713
0.48996074223685
0.506170091990318
0.500478932648497
0.500973920485666
0.47520719195102
0.488372727289248
0.476225308561963
0.494381601408066
0.511495322979884
0.502005049058424
0.53144724765238
0.560149155169872
0.548226891276979
0.486394243937502
0.472109796634747
0.457788518720836
0.457070263758773
0.423778737179107
0.444962868867426
0.502835214088628
0.515898461211605
0.493850833317791
0.48290924096507
0.493287939097924
0.42877980774918
0.396417488990676
0.438234421011777
0.500402629527338
0.475730029848883
0.461962911433848
0.502068488662967
0.517333250609584
0.534526606639226
0.526469750831061
0.51024957680151
0.486116061971157
0.492034716371848
0.51103873341146
0.443188497937088
0.381134143031915
0.414012347565587
0.467688035589513
0.52743955678994
0.515467206925681
0.471100133481377
0.448533242385816
0.465319199388704
0.478979815524518
0.505338172706718
0.504103331318377
0.475489955096605
0.454337071854053
0.479386660821591
0.507511826271176
0.49926158273724
0.456122252540219
0.524134974311433
0.527813990270523
0.480903605684228
0.491567773263651
0.522507635644387
0.567318159061108
0.565000175966111
0.509461314573463
0.483768719293888
0.525830201245671
0.502446861611102
0.448040658870418
0.473832943049333
0.475444031681145
0.469627975543492
0.486108133869219
0.51407112440027
0.526493175360458
0.563225271711815
0.557522515678924
0.489102271253296
0.449952927196689
0.464280030217719
0.481710614084203
0.477612065168653
0.46023048069966
0.463609112801193
0.505103746910429
0.524195121978361
0.507886781590842
0.541065614680779
0.569009091606551
0.556800784382654
0.506931507578928
0.483404155407702
0.523251387644561
0.499150372044953
0.461115689182121
0.469680944255431
0.482352392458612
0.49522603901929
0.488252749014174
0.4859820841528
0.509361102035027
0.531048083614312
0.495249383397917
0.501188926971145
0.512316104187398
0.468887926839901
0.487031931440181
0.512973868867019
0.537029902447892
0.54827549345708
0.56246446854568
0.557390198539387
0.493485728147314
0.430010690252425
0.4398960155987
0.510508540607659
0.535092043020716
0.52549063940394
0.551449003543056
0.569894550205232
0.547810126151941
0.518481942262962
0.50799632210693
0.511073911554921
0.518914100446934
0.506259341552041
0.486175067728345
0.481346086185704
0.449766114344013
0.442846400314947
0.460224611624634
0.486505672142729
0.483743750754428
0.532213346783608
0.533892451470924
0.540894344842904
0.5292237728196
0.491594011640215
0.507267716069514
0.523848082992249
0.499316583565347
0.44707508772968
0.457836660417764
0.497821865104161
0.565547553228034
0.639371177127466
0.619953072400447
0.502249786973775
0.496691967860751
0.532238700292602
0.519745283655201
0.487905605391776
0.531135757945528
0.56697176757417
0.55769244641262
0.554881710322596
0.535977885889206
0.505165106395397
0.479369726473135
0.418653982570137
0.438588131767543
0.470016688615824
0.456825207284859
0.480453898902841
0.488873591429963
0.535754765671503
0.535268434080548
0.508565935290311
0.496780305798325
0.471052109469504
0.47481200354127
0.457193146267021
0.441782814087968
0.480091926465195
0.480043881548749
0.464267573689106
0.517894059925685
0.529286012996361
0.502375237001355
0.513487349159452
0.544695534644848
0.531566727552876
0.569957826037427
0.596477318564641
0.535655531420395
0.484032974642614
0.477863718300227
0.504209697099042
0.50514947711919
0.520393775541078
0.512977217817246
0.491579757288742
0.530597953923358
0.524316068607761
0.465704011486261
0.418246765041119
0.42160658879941
0.443814378821036
0.588810880446064
0.628748356414573
0.601324731144069
0.534222859749278
0.508363602773525
0.525397486408543
0.52137885549907
0.553356580101725
0.567188899082487
0.517611859709036
0.478172291122353
0.50875995798306
0.488839494690175
0.489043777581106
0.489647613135794
0.438480602678022
0.435352858397971
0.455113207151068
0.465035321711314
0.524494169157603
0.51558084717555
0.503767812874723
0.5136001589463
0.514674386949738
0.57652099187393
0.598580199326224
0.564879086756267
0.499099535553079
0.480205051345464
0.485504420419275
0.48633763380067
0.488698114492168
0.492095752492812
0.516433024656961
0.539928511247587
0.516266808525115
0.45774620050195
0.438110600711672
0.349573541133213
0.387912454284485
0.445906818506761
0.461536154459953
0.453218312108485
0.42673210622063
0.429787383589258
0.475255957236735
0.500029780177431
0.529515834303348
0.53255923632246
0.519255470459416
0.52104124889622
0.494435581427074
0.478587430825807
0.511474718006181
0.514772072461807
0.486904194542131
0.483218893796988
0.511136479261063
0.519951023409685
0.528254264678262
0.495479782903218
0.421730562571526
0.420489726915579
0.493688571096252
0.518785745948116
0.487176958917274
0.474722502234465
0.467027945597882
0.458514118877339
0.515242023835842
0.538232229957131
0.537860615180731
0.513510360172317
0.498789050498345
0.50926746288111
0.483973115920289
0.452781622060912
0.485869224613089
0.553607689206089
0.540673803542041
0.498916915078837
0.520957544002697
0.511310663899647
0.492168753530226
0.512424025947525
0.506437756468134
0.509256337546462
0.513281383162778
0.604850627177841
0.595146253176696
0.452442543015596
0.473156848183204
0.561001505122664
0.57110443346221
0.508651147887057
0.533159935599654
0.537597029072275
0.498430380334499
0.506050691270635
0.574823243594848
0.596528397604151
0.568573493233558
0.578619108823975
0.559226826274047
0.492102565109428
0.451171975697159
0.439902212103247
0.468681787915812
0.470672933792008
0.458574745664397
0.505312079388246
0.533911913816656
0.520039695863393
0.496669023636434
0.464086318100932
0.402008417347039
0.399822508156358
0.427721308857724
0.415625362108668
0.40371420110778
0.432712225354064
0.44814517053287
0.437236538029202
0.469670588546043
0.47571073626555
0.455986995424343
0.447457398129152
0.478069790230263
0.482352374557038
0.445647100634364
0.442975100991824
0.47680202644541
0.506661867553342
0.479122975809098
0.498642344211785
0.527129862383526
0.470480862718183
0.466813733884745
0.516250585307624
0.492145927752428
0.51938515818137
0.567934415406007
0.576505754321954
0.539384813613823
0.528177820515085
0.555357599704902
0.502518453940039
0.469662173125362
0.482613343071937
0.489877358502244
0.452401605582066
0.438241278951626
0.475722915650082
0.471248279348812
0.463318350136688
0.442444660828094
0.423814380921434
0.488608901836799
0.513329166650098
