0.547646717599535
0.464229654948117
0.462304861269796
0.456265098925672
0.524563672483589
0.450959164686335
0.363187098290265
0.360316712111308
0.455231507777462
0.395490258783635
0.375535995137081
0.350649705249924
0.453245688195656
0.446227390806102
0.494609121996081
0.450796032094875
0.335025639259999
0.350342686080686
0.312745052051758
0.292466862512676
0.276736847866082
0.295463464670053
0.323374805796463
0.336473534999972
0.356750085488593
0.405718772241276
0.344054921427064
0.371570191532059
0.383601745309879
0.343048436412041
0.268128797638416
0.335853598013409
0.146983036087047
0.127878164455861
0.37910244620258
0.37266160295538
0.351248043858504
0.397618415231754
0.419739235449187
0.396315640709153
0.350003586438084
0.351757310077835
0.237663323269171
0.301492540026992
0.347762439082977
0.301807882034306
0.342169787564357
0.337787200688674
0.385136644004799
0.403593917877708
0.358613146611849
0.31388727851299
0.356574162651877
0.385063000156145
0.486518374028805
0.550026622386952
0.420277730637076
0.338349859894619
0.309860423052004
0.331490394939805
0.3260556906716
0.346673226571614
0.475862937952461
0.508860109083113
0.419316436678525
0.431148501156064
0.42842683063845
0.47978187098462
0.485073928569292
0.428269487756382
0.380954999543067
0.371235893238237
0.380109910893498
0.345512796429771
0.395161030013702
0.334874898590673
0.374360102273578
0.423176677570386
0.383785622139348
0.343976048238216
0.497259241928512
0.471107659307821
0.391187810160299
0.292279920254223
0.277175639127836
0.292563104603011
0.173204746335066
0.217887559625959
0.279402652663098
0.312758844492935
0.308347484163326
0.327164164099506
0.26584329391796
0.287282141739036
0.328851983823264
0.395822670058039
0.425678802312532
0.415920119538834
0.382919811557962
0.408023638887701
0.366278754924341
0.364327019589763
0.383226661494524
0.411642774744175
0.366612008882671
0.364802757280635
0.366824971184232
0.389697165800214
0.401545870817535
0.433848583519462
0.389738916393
0.342351865646402
0.371924683326148
0.328047329302292
0.370111928237129
0.325856631449806
0.300706706316636
0.390655447908136
0.46122001918243
0.422746889112416
0.37455401641707
0.371496309627299
0.491302296425162
0.509990938971124
0.382598962540765
0.357007354722391
0.46409661729109
0.544088817804803
0.481072862457873
0.484609505732267
0.472774405855283
0.385099867747419
0.3366584628406
0.349758864334444
0.346816762887575
0.347907701433848
0.321835807637671
0.367570601667406
0.367083640009163
0.371129992626271
0.399893290034083
0.372156595690562
0.386606679630851
0.383480281091006
0.418992193605777
0.373275325355596
0.345920735901466
0.403843549742986
0.362391890385516
0.350712510569464
0.431122312888684
0.380248681524128
0.343395607651536
0.361014151518818
0.351730727345591
0.37671275619431
0.362617032426219
0.493520572902537
0.515790205209434
0.512746086825797
0.44447296662847
0.387343742924306
0.335678106821292
0.390696230205466
0.396107177232781
0.26016844662593
0.292207281005419
0.350444773227236
0.277508139870527
0.234048497824702
0.289047950571662
0.301803109830326
0.304857749544701
0.332128762332888
0.347092637450027
0.391288769168448
0.372591412121007
0.297040887933194
0.293714502771436
0.338979789143879
0.332144035423929
0.346091851976302
0.352046892784
0.395213950220734
0.365597998037078
0.169922181124922
0.25991458536655
0.306697374248908
0.343085916948112
0.368603857189329
0.460834405524547
0.388528986881052
0.357612243307823
0.355896274619471
0.290236794183027
0.316842538078578
0.273632256590593
0.244572344991148
0.283283729969901
0.315230625186877
0.367739946023279
0.287592327528417
0.26687063001698
0.435267742311529
0.360836465057892
0.303716307637906
0.336407086347951
0.321198350958349
0.230717559227883
0.303371718911884
0.311502663459189
0.323566613550074
0.305202754581772
0.320969157705729
0.310884653050426
0.317806782399047
0.335908376946565
0.359422833189242
0.334422593921719
0.315111423802215
0.354881324102453
0.308415482403866
0.248038287159269
0.297932989482607
0.357746940415406
0.36308533095297
0.406565078478122
0.360037581557044
0.320910429552038
0.337761938725447
0.310357711350582
0.256708870223505
0.241489058706242
0.3376622140894
0.332970432770873
0.282306057424679
0.248096085789765
0.277951789237888
0.307028539786713
0.32404337366064
0.249528709675937
0.222924078738703
0.321964340017777
0.334236259751288
0.368892848355277
0.329730323636366
0.373486497699397
0.407809406839537
0.310926854600088
0.294726674257296
0.337846314367992
0.300980612825975
0.299055253625363
0.386643556948057
0.356078742404145
0.315082153277428
0.318394605965469
0.414444452180044
0.365341725779126
0.295967733241357
0.257750281130771
0.286895072154786
0.255907645924635
0.419037453936973
0.318624374230841
0.268749510631038
0.324426407155943
0.324797021147043
0.290241859182969
0.337697677807977
0.417805432896984
0.426066866589237
0.402502764856483
0.315027058579525
0.274326247671797
0.3441064172547
0.370924577362958
0.288856983025224
0.2422594895637
0.185328436351064
0.313284251800834
0.376180945570929
0.310435658062744
0.334343503983269
0.315329074742092
0.30422997660455
0.327619174169535
0.268660841381842
0.292773261051097
0.350377310573568
0.364590380897548
0.318630246705127
0.321051323059757
0.351007851430062
0.321421570540773
0.293160175838325
0.272154247690578
0.367400065838942
0.394539576064372
0.349127974572445
0.430690026114595
