0.617600390138942
0.630786987258471
0.626956526353136
0.614313320921094
0.580246719583488
0.662973681072739
0.664886223528185
0.589338915354524
0.588574170026145
0.696093427609043
0.743815543631
0.680402598098796
0.64374065205997
0.640480710005429
0.646574881637879
0.635557281117679
0.632349735303888
0.656642193243307
0.640068936052087
0.619133123896944
0.568474973814244
0.649594551070999
0.684914364315169
0.667626866609925
0.634139967943822
0.636663432649256
0.617642990702771
0.599848183333508
0.595748322022235
0.589410722559364
0.600974105467381
0.606853943094611
0.588553741299174
0.558224980711361
0.603291365578063
0.63469373223053
0.658836279494503
0.687714526877965
0.655836816314809
0.569167761800544
0.580510013426054
0.615863209545016
0.606692002444183
0.599353932946605
0.631624192759064
0.643323110436168
0.619209496658661
0.620972608687683
0.669422448929223
0.641984982202181
0.572726732903689
0.59480532299146
0.596087999192736
0.614424580004895
0.614111041216081
0.63487818459885
0.626152146723776
0.627111174370736
0.679543462822833
0.672935198206199
0.682760817816767
0.677384248762921
0.645239217561473
0.683288745241887
0.691174424951411
0.710312386989286
0.708936345128678
0.676238824654858
0.627246197951095
0.614538029518008
0.633884667622944
0.612733828108662
0.597113992747279
0.654803585066241
0.683517373044253
0.635587097974411
0.610745538109138
0.666767794340039
0.702245785340492
0.679502650889381
0.699491109999849
0.688942974196402
0.654467190621784
0.65645735251069
0.66274006970866
0.658009935246716
0.650815307439851
0.668204018322341
0.659556834832311
0.619862829314667
0.596732364303016
0.59292630054887
0.603994298996544
0.645584680320507
0.63557081142884
0.606710157067633
0.598884974762224
0.619170113193972
0.623775957911606
0.611712081370145
0.587293233775694
0.575491171959846
0.596587115233764
0.633373476017539
0.631747179521852
0.645311101381641
0.736695754522381
0.764618500795852
0.756648305025062
0.786519874230375
0.800015090601056
0.692774243312833
0.632607699455281
0.605920532185115
0.763962132199886
0.796999818624053
0.704654387816332
0.719283322833565
0.7265784977454
0.702365306319254
0.69700708872069
0.696188991399056
0.683861679742648
0.626946919137001
0.582671110251768
0.588983093366213
0.571086336533732
0.583887662964972
0.615709133309539
0.629091091486797
0.671671385617753
0.642616253064138
0.631566792612274
0.663574061214956
0.64868369485735
0.651655644676138
0.669677749307517
0.64992677027373
0.636778975458007
0.63894302494537
0.620012107453947
0.590892644469515
0.561917891631025
0.563362441712646
0.632389853294754
0.656809928520534
0.61735259302836
0.634319683033907
0.668317886622642
0.685624375716966
0.639279976468399
0.605094671179454
0.631405424817304
0.617564922532486
0.613329641763672
0.620265189549508
0.605946589352461
0.616055197180205
0.641517615975964
0.69832717576909
0.714466012860252
0.668544381632537
0.675973616922335
0.655168713382607
0.629436299577842
0.63793222300066
0.640004429394404
0.739504839030959
0.767468025771619
0.740016696230898
0.689507656239411
0.674871556693162
0.7646321712753
0.739107494250287
0.637378112222114
0.631510342514562
0.679911446716892
0.694864886840829
0.685079225498233
0.639879795144055
0.594661827622588
0.620055160461618
0.638060926903467
0.600284617107525
0.626219666800406
0.614488644393676
0.587352328750406
0.665365298542711
0.664603350649898
0.665767860724692
0.681693735595393
0.674997943216068
0.64670826027067
0.668233248325201
0.680979311591247
0.656373544566396
0.62495735202778
0.619089907594249
0.589819234089922
0.576002047361072
0.565228044388789
0.563866028175456
0.572656693546053
0.595787825179052
0.61588446274638
0.600970806586733
0.538384547602939
0.548723880167717
0.527975391127204
0.515870249934205
0.559562665506321
0.572477250294582
0.572995696801536
0.572660137834804
0.587624316234181
0.641115382177814
0.658814732914879
0.656668957471072
0.622820753701073
0.64753881630379
0.726187124074684
0.683653988540526
0.604262335759252
0.58928185758483
0.596574554077326
0.598191517500377
0.596785013635391
0.606620869235171
0.591610145960356
0.610568770002585
0.637431976558229
0.621510931293858
0.655453445779876
0.671148509054668
0.568185403350305
0.557837344893707
0.655528507702376
0.669075265975912
0.714591975396843
0.718768685913904
0.675800038886848
0.670944137143005
0.658149896284176
0.578642751283811
0.474086478157342
0.54795895636693
0.581018828585343
0.555906460385236
0.581066946600243
0.567180393395405
0.569183825711508
0.573558409853149
0.584082393553224
0.591405903290121
0.553864925415447
0.555893513468191
0.589807906643623
0.588196566647962
0.600383225940454
0.647207377039447
0.641800268929629
0.654867621838428
0.684952769201404
0.657611176184174
0.587752691903116
0.607309949982996
0.65204600957997
0.664400062402017
0.557729853564753
0.551287972864325
0.56808202768012
0.618245957763269
0.611455873152111
0.585376400092769
0.550131450675731
0.580684797318744
0.622583397653944
0.609043154772129
0.587732269938068
0.540577387025017
0.551512277286971
0.561084984895708
0.557995679017089
0.560371111466437
0.513212772103293
0.506427692426323
0.506876971658162
0.60733550335305
0.610133331409434
0.599952270489937
0.590042843068829
0.594987235510852
0.597964833954631
0.56970125172904
0.564670584995692
0.551174752640892
0.544707791230652
0.550654311353691
0.555574637463517
0.521857103622907
0.507684787775958
0.511049409401229
0.513654492735651
0.535604970949698
0.536965687234645
0.52188659356821
0.53478224056899
0.570152653669019
0.567450656273628
0.532674487035717
0.54079714335236
0.561794665954864
0.568915201726732
0.581327545331619
0.566028810494503
0.553564574953336
0.560280840705379
0.534460579712357
0.558538201776309
0.594926873334531
0.626418780031751
0.578268231363758
0.461355717513579
0.501368996721949
0.574940221164303
0.591918146175594
0.585403028528233
0.607619148679547
0.618698175732161
0.585019021754508
0.509831884103167
0.530189682622
0.548507856981968
0.512238643160435
0.506882374343576
0.502095412139895
0.500706749044587
0.514579728162452
0.530621832312021
0.525379702939207
0.531226350020914
0.610732656081785
0.625676281357016
0.555599047324523
0.516591110965769
0.503883947068595
0.476967778123028
0.534918538313056
0.582715432408418
0.566963764769604
0.557727311472456
0.56790920772887
0.556530078385186
0.563231771392866
0.531343283100624
0.500531005697997
0.517801416510725
0.514732392781685
0.510450869028752
0.518982777126245
0.488045614966489
0.497249025238952
0.504588654849857
0.491973139528867
0.511915243189504
0.536915249021803
0.539512237316128
0.510282161998119
0.511179742106329
0.537729040757235
0.506113587630761
0.475333540669131
0.451547465418547
0.444952652222078
0.44392349612766
0.487380335584066
0.517866366819406
0.493995250212734
0.463622298492779
0.482022479345037
0.473465346059769
0.492164220461193
0.50300663964199
0.473838982743423
0.484132221586644
0.453991598813196
0.496699083457799
0.517768726332524
0.552181376281619
0.522916017019481
0.469727451052032
0.512929220025527
0.516030789920898
0.575063858759961
0.562225130931237
0.509537694144255
0.528578208875064
0.541748770657372
0.569053445904591
0.576184829642605
0.49990986412507
0.504876204116342
0.537465636063305
0.537681098261953
0.542273187449789
0.5455492036058
0.535229987909966
0.498549343092752
0.462956426207491
0.439523217881975
0.464637455969208
0.504664340657863
0.540318491552479
0.57100354889466
0.560471005848834
0.561404103796613
0.551202479727001
0.497772595256824
0.529181614040845
0.59464876276185
0.619889152818545
0.641354843904121
0.64087308335166
0.5839630083706
0.558822396611095
0.543452662806123
0.601544458811053
0.637751180102275
0.583604453822559
0.548008673530639
0.534907633879661
0.524909878918776
0.53643119381024
0.557374359485148
0.572570281028526
0.599356950951835
0.567344539076556
0.510574135830543
0.471812861040883
0.46381430297079
0.521851604277102
0.512889642712079
0.510376110165483
0.540132025154992
0.538276998099464
0.520683327083928
0.527426330979494
0.524851661748658
0.516557942167523
0.524278929795227
0.544351283249097
0.568434902308206
0.560840415901112
0.533247053215265
0.512320062337593
0.561837370959695
0.624640350301746
0.674664702971673
0.657251286759291
0.611011496286717
0.566578304586382
0.515107704375374
0.498375517378944
0.49207381848929
0.505323618473572
0.513367274115465
0.502245591192125
0.499732688150031
0.497210230673536
0.58112917495848
0.593463221384026
0.559849854057287
0.552087206818786
0.535962511927401
0.522800963616514
0.510192535743954
0.478907990043915
0.454055267737818
0.544092349912974
0.516431185979294
0.475825730446975
0.492460999005167
0.602456163571557
0.667486905420412
0.645422812574373
0.597742055625625
0.554177242752546
0.52467555448981
0.52247407285383
0.520303669696084
0.524334333877874
0.561352616071788
0.583656340991735
0.534303184942937
0.474768289158468
0.475828765341248
0.481414094831768
0.553718741073022
0.540360175310961
0.483785118658112
0.582540698876888
0.559380597753815
0.484063410523627
0.501892050069487
0.488814373414297
0.563017695531132
0.581220694022727
0.540601615333056
0.491417607809451
0.502372869269786
0.504524679923308
0.53136994850453
0.560156266144913
0.581859506961475
0.598894441074091
0.541979338260052
0.525164968112611
0.548280167282129
0.546295259556193
0.523476246697628
0.551294630583676
0.525881094502168
0.512436853690695
0.519723023039774
0.522844676133405
0.557934954528272
0.542114983062217
0.538569501012726
0.531842884308541
0.576493000832616
0.562592243654003
0.514350637104747
0.518551263616491
0.521839893046828
0.530394049699142
0.535447339758367
0.55896693328189
0.537534068839441
0.466810982622806
0.472370489964722
0.469155571143588
0.492299073452428
0.504065598102645
0.477953380014952
0.521346430507807
0.514683840911079
0.516173169596714
0.526885032715075
0.559226370438227
0.570293506215143
0.505410854035148
0.516880676052069
0.583506399685752
0.635412385936391
0.623636081455235
0.60040413354933
0.581788787216661
0.556881821595442
0.601081434335725
0.632280254509044
0.618117782409064
0.584871182334916
0.531286820241231
0.444334515038804
0.420237682794113
0.4279200308631
0.501269941651817
0.567927428531601
0.546346915908002
0.507287192998613
0.541415380230998
0.561979226758629
0.541658707466685
0.515173653850163
0.538780969932039
0.539822740955094
0.488858988542566
0.48495549620919
0.497623180391105
0.483872789065532
0.453558248538022
0.504985243766138
0.498557916752098
0.502540018054603
0.551171840030687
0.576799409196668
0.567269243156217
0.534396012152356
0.525823727153584
0.535881151051641
0.526515056924787
0.509952651430922
0.504703328422417
0.563522405644819
0.590633418878202
0.579397260857076
0.580705638365334
0.548562833462207
0.516272828325714
0.513615788525705
0.547225205769059
0.530165992949518
0.497293305299577
0.556253036121917
0.567756788145914
0.47440520976486
0.518509158988446
0.557530251475839
0.537699111960261
0.502211780387431
0.486158672363276
0.535543551613651
0.538789137782868
0.515739318312123
0.493248125972587
0.454824023865098
0.493594968447138
0.499502626578361
0.490219363231375
0.510310851353709
0.529485130990434
0.537354363722454
0.510121236141753
0.516237847785705
0.51466396033324
0.535680798897929
0.530878126393667
0.429429853977699
0.430725637087341
0.475114119502171
0.536299361850536
0.488097903188283
0.480199803838846
0.542603661031266
0.508885416065321
0.492679858851262
0.501459211222344
0.497946900098077
0.502731997906565
0.49760570903253
0.548371968573051
0.586003184541951
0.572026544874956
0.574622126368325
0.576464911662923
0.523307634490109
0.516281970790168
0.511378919318535
0.520754165524717
0.569323183733267
0.588723878631181
0.534337502582629
0.468031602932776
0.539202458953401
0.580886310487739
0.546959237777016
0.508421942605933
0.50526659311165
0.49816083819097
0.526380612713316
0.582838825032016
0.606624052092464
0.614898178278413
0.606874471636257
0.567206515773824
0.546315947860035
0.501273847399853
0.501229208731833
0.509328943107973
0.488266014960673
0.486853993067329
0.527269815124563
0.533715185321418
0.518099540394842
0.516558611583604
0.51834124007185
0.517043453798486
0.509031550359389
0.497428138642364
0.485271158063272
0.510477843097835
0.493223035125956
0.482536756335897
0.477773379824921
0.486950676899192
0.495802548418131
0.500144897712257
0.479288263027175
0.450410857143548
0.494228880279692
0.45794252271498
0.435955551544558
0.494978942771007
0.521136510252192
0.48102233900984
0.475725515771378
0.502449616146449
0.532444380532249
0.525809181149492
0.553547903975907
0.583824875651749
0.582070220832837
0.587360370636789
0.547252554589203
0.528923547635747
0.535037056266963
0.530392800832198
0.502793220726746
0.491835464086512
0.543815138934756
0.549479199567858
0.530527479969443
0.546527534532345
0.562930657694361
0.550020466528862
0.558618473085985
0.547182090629741
0.526989490245682
0.51101807004085
0.472260584135784
0.478179017359697
0.527855864732681
0.555926068585884
0.577141286070212
0.633570348225285
0.639375159745104
0.556127020641557
0.469788628401469
0.52117747679646
0.56403539951288
0.533738091672273
0.542809473023572
0.559519171204534
0.530056237829693
0.537580086813212
0.56491764537548
0.574976574174545
0.579758283754742
0.565543127714556
0.52752055752629
0.582033898808763
0.632295175407804
0.583821955408362
0.564023195505005
0.536836839633641
0.518809110156341
0.536778511849623
0.50066296850328
0.507864974988767
0.509179794678136
0.489153873272423
0.537328851143715
0.527266059620273
0.452885051860819
0.458291921750339
0.510923158981631
0.515592445189802
0.477291951987348
0.441383913632378
0.506100795777192
0.517332053813444
0.550736639849527
0.569853015056962
0.545946829939316
0.532105207706751
0.594103529833415
0.624549565212629
0.560525757447122
0.511814834848439
0.560092321069677
0.596116455772215
0.599736373392705
0.576271882001154
0.528032622673694
0.537285525639524
0.530210413461376
0.509687327153837
0.500834441064672
0.536520379391392
0.544255090791116
0.497706952605503
0.461664617764274
0.488370534224848
0.553028523429103
0.50749074809691
0.439761711726437
0.437423948436035
0.465844536548142
0.479853934299064
0.468584333015043
0.446990196196854
0.429013422903406
0.494300142252938
0.5078133924406
0.461421270149651
0.452648125312416
0.442352159741557
0.473145058106573
0.543751132939326
0.521500529683536
0.495713021959486
0.557679091273616
0.581981646008087
0.612071605203128
0.630143569934557
0.590101902036625
0.524863520467286
0.467598113098389
0.50295146629575
0.525721157623674
0.553930108405693
0.538240241268773
0.486519733493668
0.502565678111453
0.536661014475662
0.569174785423796
0.534632745586644
0.47225245842542
0.497740117155035
0.518034602869694
0.535337776654242
0.503977397273128
0.468486297091093
0.442139233369011
0.476638789436759
0.601602524257342
0.609799837685126
0.607474763607317
0.599971882566914
0.584864686440147
0.566969307664982
0.507915871048123
0.562972625935949
0.544402158974794
0.503081392316351
0.51374090347155
0.515257635461789
0.543657986038061
0.533234554873915
0.515264736201283
0.526398699060029
0.515291903836344
0.518424410882967
0.545890876608119
0.528110681080939
0.462534366344459
0.536786821443194
0.565731461925384
0.540979731457176
0.565934245486659
0.59334413459859
0.545300267731759
0.488403408631604
0.463010067033835
0.46647283482148
0.468878265548431
0.458152983164029
0.555768060255348
0.555824277021835
0.497040657199139
0.498759889752882
0.4860446951868
0.454112337309763
0.467267926396439
0.528971471988379
0.483315417433509
0.399787916394755
0.485796949388037
0.518483254768974
0.516944009043855
0.51080999408639
0.50481399674347
0.53899519664014
0.556280128859011
0.546712749812469
0.525088417430061
0.554517343615276
0.541139531608472
0.539252535239121
0.578628057975392
0.543456030135268
0.472527379974566
0.493564046449859
0.508575453979244
0.484326423932438
0.490813792984288
0.508147884301237
0.539920254351094
0.576916739292748
0.578867255690722
0.611882714113501
0.620412324645351
0.554880107197904
0.510497138468691
0.46847012160547
0.525403673477717
0.553574520330346
0.509261662555811
0.547290468940345
0.550470496398765
0.509654434932374
0.531619905217486
0.528845710996769
0.520855486078837
0.529800861112838
0.520538700041769
0.545527212516437
0.566553294659027
0.521040769491509
0.466911537695228
0.493539111552143
0.502524194750879
0.487788919968298
0.526959852960295
0.534862733705597
0.550133270554797
0.564409260902113
0.577384399284276
0.577166584134515
0.577949987060784
0.621111338241602
0.605998947815906
0.575782751098445
0.561145049633078
0.520499796602703
0.519613722368577
0.514389875927199
0.523939134844712
0.514083684809141
0.440256751417638
0.421140763971367
0.442748599950912
0.498449666782961
0.523401515428627
0.484963022754212
0.447235933329874
0.473804935152874
0.499122370425265
0.524214839253913
0.524886038831241
0.521109021275959
0.532253361729696
0.505426551310357
0.465393409694534
0.496787710050111
0.503702606902345
0.499316800100378
0.569155558225429
0.591414766860768
0.571790957996623
0.561765480768588
0.625603420079011
0.636318585460315
0.623839594131951
0.609198072044839
0.5447815480886
0.520643087281611
0.50467673625042
0.542670685585628
0.540162262432066
0.542555680900223
0.536321032807856
0.488539884344904
0.513258366910909
0.515068021944615
0.439622408270373
0.448665820337559
0.449462099542676
0.493304358559756
0.52256248233005
0.49386599619783
0.491538977067641
0.525266759327949
0.498427755122248
0.49554501505313
0.504109933594693
0.493953228086943
0.483394113234186
0.507182859184901
0.538283570266974
0.547910930823213
0.612368715675089
0.624319646142374
0.525763086521061
0.554682121951507
0.596246282709294
0.594510778982406
0.563237273788952
0.526267429883575
0.492099225119943
0.451646486141231
0.522164873860613
0.508499238630416
0.454901054349479
0.518629343924063
0.575248204824225
0.543615150991081
0.515148289357096
0.522064561303857
0.504428158177677
0.486848968476425
0.493439955099919
0.491211153460599
0.451346160241609
0.480369203133198
0.5143652467225
0.532109685716098
0.498591896715216
0.481428988136183
0.527774970580196
0.498925213874846
0.450040354410447
0.448312422508913
0.490641564014025
0.513237884634503
0.513372610889195
0.522945572312742
0.542746840358581
0.546611380136437
0.563653067417335
0.572441819185642
0.592001775820414
0.623045201008049
0.574354380456547
0.522349088496005
0.525644239697445
0.49030108504433
0.451074191874642
0.471068934112021
0.493719438881891
0.498825268515685
0.474291128524079
0.418070774590016
0.456354329753016
0.501568613601291
0.451963808743548
0.447446615936345
0.479938282823785
0.497277055678813
0.540246062792304
0.520315351933383
0.428044545312329
0.524984164750158
0.548651602402162
0.507534082229775
0.482234769605471
0.548263649657912
0.527741244685087
0.483528328969561
0.474649746705751
0.461435520256046
0.454979412966619
0.484995784012744
0.479840441107692
0.455378396318423
0.431371087818445
0.440455179196715
0.468103277327087
0.529669109903009
0.494887063221205
0.46479384532538
0.487896422094195
0.466134320804954
0.43016805605742
0.537776352297616
0.544759152306111
0.439570629876769
0.431724185971732
0.467359949216665
0.468337092147297
0.495981067526873
0.486898405004358
0.385054465958057
0.380315825922327
0.377262340321847
0.435434393294306
0.474881726961258
0.470245341447016
0.495139784457854
0.488706204912367
0.511581285452725
0.529041095537498
0.514776115448275
0.524137932420317
0.54586706734394
0.538089392631588
0.484946255553735
0.513594954236014
0.519024950610845
0.506844158846816
0.52238769809112
0.545958270248736
0.53208600048368
0.474580458385212
0.52082586605219
0.574618314170489
0.535787183081084
0.541684299811531
0.569523334239069
0.562964386780514
0.519045590545766
0.499070269208626
0.537978215983889
0.545257073735818
0.496140417685052
0.493755524611612
0.533552680240352
0.512953348156067
0.475070823906706
0.476183948286495
0.525158054576103
0.593577542260177
0.625950127775856
0.648596176276855
0.594029680893976
0.489386773293121
0.555250087259256
0.563016148071504
0.522229892244654
0.511826095092201
0.542037927557637
0.539607815809328
0.537118191392143
0.488751835868517
0.465007818336555
0.523694091657627
0.527746913657303
0.494984102926518
0.530244943358308
0.567314577401787
0.548879404517062
0.529012437529156
0.532880625303219
0.508565144085639
0.474228823580826
0.531510409553327
0.541789480633587
0.508877152886251
0.527895481708717
0.55774847205177
0.545806396282625
0.517814039249002
0.538518579269999
0.586852869692846
0.590522424349866
0.542584124648882
0.490022193998192
0.549269862853767
0.612789912050936
0.625239263030479
0.568720344612575
0.504460131075046
0.572989078853929
0.61657454717393
0.596240970828068
0.556384418180368
0.495581011992313
0.539219582142701
0.590021159596085
0.590308006797345
0.545678661019268
0.48613343125948
0.526982584996307
0.52020059974183
0.591969513597448
0.557509447859506
0.501002339656741
0.537947379422761
0.483548565680183
0.510304023903387
0.495907431516882
0.44537153101267
0.431922137285569
0.449714988958755
0.442440653727206
0.446920942220291
0.473738827783135
0.461667690777109
0.434440973401468
0.444556768674818
0.454527242389081
0.483679099011183
0.468904688618273
0.475261394012165
0.473655630493021
0.512129404040037
0.545913472142277
0.590679678542511
0.599303631640483
0.537060304314636
0.525756789218596
0.517299624380218
0.542133688039788
0.563887434715005
0.53980301337151
0.538879630065536
0.509658981837438
0.493390648548181
0.471735480793034
0.441145060616506
0.462436605422859
0.468085531408309
0.452171189380737
0.471612770389667
0.497789528511648
0.501047619305817
0.481334758560138
0.445018483435983
0.475009572597208
0.533941779058451
0.53006754004084
0.479392921997494
0.557067582764969
0.55226753400776
0.527792905833957
0.559298963265195
0.560608491253576
0.518500104376397
0.479688571656483
0.468533543343035
0.483210089579276
0.516342587793769
0.51241344145125
0.490902943452448
0.543276274338506
0.564753884970025
0.514912326672324
0.527102168203574
0.55340058924053
0.549009826103493
0.527909752659252
0.460628488384756
0.476822201285153
0.471069790880272
0.466937550028239
0.524426350139371
0.545936881973779
0.551313902953183
0.544376957310241
0.555944876659423
0.5617923849809
0.530908603878373
0.517467011121398
0.543720018989674
0.591758689012612
0.586795685958621
0.534985931209037
0.51509906354748
0.578546396945656
0.600560382071854
0.591830493051386
0.607178244736563
0.572996167851315
0.540667206445844
0.457760150578577
0.513851313988631
0.537649037707794
0.520856363777023
0.530545725095976
0.477683903730995
0.501792303379324
0.524107612749683
0.511523229555258
0.47433790555802
0.540806496527258
0.537661747777813
0.523546286978962
0.528059677498491
0.527108027974494
0.530720631940904
0.520846942273861
0.57571904730296
0.572943948243168
0.489098937168225
0.443732420890294
0.441761138858467
0.490181141507217
0.524948540284283
0.552370431782537
0.55832750048796
0.562962757950116
0.623158715037658
0.645023542354216
0.573595584258011
0.502498119627617
0.540849674756813
0.56979517188588
0.58010592566098
0.541018692026903
0.464083268197301
0.456025085770571
0.433761894077853
0.501448552222813
0.510317612400495
0.532814542605136
0.60059537840936
0.562755159352633
0.519349016968819
0.480161175835202
0.436186035756968
0.44701520873133
0.449786323812182
0.42929314977826
0.450061017644839
0.48892483828978
0.529886448408394
0.543739133033125
0.549942192968396
0.638745731375033
0.652594507728816
0.585954033359141
0.555143070254576
0.526918654014623
0.519585196331166
0.523227985692389
0.482749129075977
0.461017695545378
0.488852542968116
0.50874164221189
0.526285309540074
0.532421736675123
0.527934352542641
0.511158442581546
0.566700591590409
0.545492282019324
0.455447140173415
0.427530921697124
0.467558796772517
0.50900029716971
0.490434421743505
0.533852766768856
0.519435614611578
0.51165341573999
0.529021856298197
0.5257342025512
0.494511338803792
0.463113029970994
0.468528084776364
0.486100410407039
0.492697049877148
0.508337909801259
0.457084500824597
0.449280870104725
0.505939486966907
0.480324096607035
0.455296496976384
0.469569943534938
0.502205747136641
0.512422229470492
0.556701868544459
0.602563323115807
