0.798443828445113
0.813159084376774
0.768415415381247
0.808745715094669
0.826823038684968
0.670398433790056
0.584525340897134
0.439762635359253
0.603933773114747
0.667286485140899
0.674100578282843
0.665121972672674
0.607052939283527
0.625707261247779
0.716765881268016
0.619174365182472
0.704658677316253
0.636953898584864
0.534999326005584
0.494770360901598
0.410965493413558
0.660047304780035
0.742790622826236
0.724573033148601
0.694404218900862
0.559267370537753
0.540190003175093
0.620278939390742
0.585138241522417
0.770906258138216
0.725493046178972
0.598757675592277
0.521697733176096
0.433358990815538
0.610644104422757
0.549180841976448
0.606770657858
0.642177805541896
0.66314138649932
0.590958884081856
0.619502752373862
0.706081913904764
0.622960065942995
0.617726952529026
0.677833313142175
0.505274050193111
0.578323431513073
0.622339353347945
0.634248324687278
0.647983076751878
0.655619895372743
0.670820497126765
0.595485281833681
0.597945308415521
0.578756189991813
0.609456326911561
0.622907780691916
0.606212702853711
0.649565446688181
0.757948786811689
0.716781021093568
0.582886570144393
0.576961372916495
0.677651324603786
0.667250905250301
0.710901824679712
0.658572693960507
0.597808819006151
0.702030848217808
0.785248318110673
0.709610041670477
0.620300958546047
0.666234580037868
0.604551508552996
0.540201603980802
0.558620285393961
0.536979172980684
0.794038287545276
0.791896737597183
0.61928915800799
0.791598210860024
0.713136641127258
0.557583472281008
0.457407867532524
0.46867883868498
0.359069397072895
0.342441359582622
0.337488057035096
0.492432965076627
0.686551355783184
0.697283519725632
0.602222301995173
0.544870292160058
0.411164976655332
0.595704543459805
0.658920614778634
0.523393040014759
0.475424871458675
0.532436836882687
0.48386731314883
0.365689325339885
0.403783845161904
0.707237894736873
0.717043003278459
0.452134786648183
0.668320671266304
0.647114948416146
0.469215206802443
0.673243940758364
0.770940624787997
0.692138256064867
0.505293442679804
0.614675192811646
0.705537629970433
0.602207973038803
0.386110739756881
0.493582505949239
0.591401470762848
0.690805571367668
0.74932749878802
0.745137111193239
0.659357353250242
0.763891633049792
0.763805296676242
0.73437287032941
0.691478775675859
0.492148499637283
0.635903135271463
0.670157002037482
0.722976077713052
0.717816471411098
0.685440367966937
0.70168897323773
0.626947962474205
0.471374724120683
0.741815413023249
0.731476696716013
0.579698308727643
0.545640962782188
0.46150321408972
0.451488685299291
0.510542630484388
0.555358411774044
0.58630446185115
0.662449958048454
0.691782089892197
0.529995093280452
0.476782239134236
0.488645023616688
0.513838090379997
0.5580983040427
0.590462072859229
0.602286039908336
0.520854478588783
0.560480575014905
0.528016405936389
0.459560859173864
0.481446205677023
0.492200628319676
0.458415082988974
0.457171518681555
0.476431097371474
0.487965853816838
0.503399261377412
0.449287617801765
0.378930558725385
0.415515866277093
0.44856903431035
0.448080715052636
0.395437044893313
0.34833157560105
0.389843815445565
0.399175178323925
0.348442855305645
0.345181638881231
0.391470744516741
0.382788978965727
0.344627688647908
0.345498521160308
0.400469652395903
0.415860734275082
0.321561825746376
0.353096492548811
0.363135451340718
0.340118140845609
0.554746005760053
0.633943033296936
0.561355690397859
0.374550026201877
0.231209142876606
0.40605475035824
0.37059925381781
0.466886359719236
0.551976018162276
0.500608890356981
0.511493432590431
0.408624403668316
0.320017868822355
0.373335273290109
0.39117216273199
0.355380214016557
0.281950575391191
0.30477984139017
0.554842582179863
0.557760582956313
0.48095172313234
0.49521362699351
0.407978239469633
0.473827985480608
0.557973496509802
0.555206984877771
0.625609977511887
0.600811400267163
0.467519897380317
0.409051029863973
0.483210436431844
0.519417572054384
0.558212842710771
0.529077484605109
0.415558849125138
0.421252207603337
0.421469409621566
0.307761137120927
0.232862034267552
0.311120285154792
0.313264367515759
0.425578554453635
0.373038353426604
0.39529410005956
0.387282578624182
0.432310237947441
0.331224734325924
0.313875934165345
0.370820805519095
0.363452784057783
0.371464342818844
0.394224560070518
0.347632161773093
0.334154825001362
0.375215421578641
0.344732241715241
0.381205394134693
0.363818252294558
0.314376934078968
0.376537727688854
0.369510920555455
0.373775660064603
0.374984581903661
0.348898605411611
0.436342185293528
0.417050665220566
0.532142694359453
0.530315617446473
0.553504858095118
0.526289269231702
0.499388922343453
0.418525720530569
0.401496824017649
0.524892947125925
0.472283502518741
0.40455910912986
0.356823163245199
0.334444592156715
0.512144264488673
0.47423695813875
0.377972374645032
0.454421451164524
0.378762536635912
0.356526346949758
0.366507003025237
0.493375026185472
0.495003033337211
0.378403736087838
0.428196559159816
0.333475705443183
0.385769009799471
0.342975010800256
0.380187743887996
0.390383983248831
0.383580034803957
0.453197582595833
0.600263281839266
0.461485677169445
0.476210627569179
0.342822560583846
0.396302195405934
0.414468088552835
0.438544679212013
0.382866903350329
0.416644860075813
0.325158076965668
0.291275982334862
0.345043673895116
0.416947247482146
0.427960797343913
0.427166705787476
0.3324597070226
0.225615898039089
0.318635096177093
0.372644206638997
0.43056288477153
