0.549477693453044
0.553859502366677
0.502195239117581
0.531931139116577
0.580165502885521
0.566874819184093
0.558452460587511
0.628226860583798
0.623023965938541
0.574938434294912
0.598975904601684
0.58980144376306
0.56357248559102
0.533378853528925
0.526456355854847
0.508584490290385
0.518207433702115
0.504586863243862
0.504950410056296
0.530583301482008
0.56870769205039
0.708201446404684
0.709041080772457
0.652580187389851
0.635321204482212
0.582598381843333
0.518475114797978
0.510050885872547
0.472306114363975
0.486327485599981
0.530083819514707
0.537295633545632
0.577993153702079
0.61272774400481
0.605623292155312
0.590978309068456
0.551858136529521
0.578162767125203
0.584295145943648
0.546995552884964
0.580110097705903
0.578043729086172
0.580251554019165
0.603173731772884
0.610355832414242
0.620308014340035
0.57816118793963
0.514528587599645
0.546820721949409
0.59368683890402
0.58771940992417
0.568940374765451
0.629900852035655
0.618911236530697
0.59598806019545
0.606817413964358
0.540942594012567
0.475422708080058
0.467033707275009
0.477045049129975
0.465138098373601
0.435453110155824
0.461798738347077
0.502168795119822
0.490082711303493
0.52713453979488
0.548131789093671
0.497822520059278
0.509891279129566
0.545296529257951
0.598798120282465
0.559171551782289
0.472946266388076
0.519817161920534
0.527692349794104
0.508322187871814
0.586688168255462
0.572401693586972
0.441500693899879
0.50771107227707
0.474292778849247
0.43391592661041
0.480374983909842
0.490319130481841
0.468135928214281
0.456809716612522
0.489719836788428
0.499025798576536
0.492816397875814
0.497183011332093
0.50778794670317
0.504061639818054
0.541938783083699
0.562368794508891
0.537033434833388
0.554553960093315
0.556557224346251
0.384158654509338
0.364843779502751
0.514961234278552
0.534520047078993
0.533848182844411
0.535063276565018
0.551507683945361
0.558603786739375
0.550264558501352
0.52246646377512
0.484735195130134
0.581955133102332
0.646448007115962
0.650584607468539
0.553174566194722
0.538943870136277
0.615034203150746
0.591040674848759
0.536542442432543
0.584612017404483
0.6073585180718
0.564062779287285
0.512577582213174
0.550425946485224
0.623527017318392
0.702671765166318
0.679889203620485
0.552708104584111
0.531251935016443
0.551793786413141
0.58519608225714
0.635713742877424
0.640051169845565
0.635265906110984
0.615578438088229
0.520010214742867
0.523353358717131
0.514713888654245
0.497407816814655
0.559575071890379
0.522426185938763
0.546591846714083
0.570429057608168
0.551288553146427
0.589481825050678
0.566834090657685
0.528095375407436
0.541107843752285
0.535178702585657
0.551675606539353
0.586542010799017
0.567668215463488
0.517237949720879
0.522178467623966
0.58974178062536
0.602891756819232
0.563793110593204
0.557996987715638
0.536467753417127
0.546434665714981
0.57245287007518
0.59487886513195
0.620648898874467
0.617031842484892
0.611989386992673
0.604993240308171
0.551363930758607
0.49911184749426
0.493671228861069
0.581676657711177
0.641830892759055
0.638739745877901
0.656668695106728
0.595477895897053
0.493548191502273
0.539263171537994
0.585535732527444
0.565758256872701
0.547357894756792
0.62583077923996
0.634324208913335
0.536511327840364
0.546050325800427
0.549794609601077
0.522257463605027
0.523713689946201
0.522965807989623
0.530303498249003
0.524433845939228
0.56173964424829
0.567575195698067
0.548859164181736
0.544325871059105
0.535808068446473
0.518049113851432
0.565010570684171
0.605219785912716
0.626585917723794
0.599356316025233
0.514688111653837
0.488255171306729
0.499491809827117
0.571884279717152
0.58609734009628
0.53320790042306
0.508489412926529
0.514190536203581
0.527587760639679
0.503731860104922
0.51721854810079
0.570024029415633
0.549552994177012
0.608289642503948
0.665903105406965
0.673464143974586
0.666104318971705
0.640598798670698
0.596760894532285
0.551263468803994
0.501341094709379
0.539426778340923
0.562420530361886
0.625916161480626
0.638674807312197
0.616359572116228
0.594811988361691
0.562560447537115
0.573290812143761
0.557052134554719
0.619771896037671
0.639083625103395
0.57859903288189
0.565356209300342
0.586062053794638
0.566651433745423
0.51810584811831
0.55303582999236
0.625703349193644
0.65669912118861
0.649771226493064
0.661382178468125
0.636080809357111
0.538521740844691
0.582898654826368
0.600209275802304
0.538531224824195
0.555708327507726
0.556286914672611
0.524308419831642
0.523685106163078
0.563433092039724
0.488849922506638
0.456072977676636
0.486952648191861
0.524479391109818
0.51786546015568
0.48204686300675
0.456958037736236
0.534100422105269
0.515686383842333
0.469896293137193
0.472085617371502
0.463938675954068
0.510551949727516
0.566434398389234
0.576074304085282
0.563222316993698
0.520467626494905
0.471837455788458
0.462947754411401
0.478100289266467
0.567658732480474
0.583402327623368
0.508527079441926
0.505157969799822
0.507157625282638
0.474590124986539
0.567372740594005
0.560877225822886
0.503908268692413
0.536284410069689
0.596400780418325
0.622086860554503
0.588542697139783
0.585430524914485
0.509769244372413
0.420895496896965
0.506549239175522
0.535804099558418
0.529098366766168
0.525653253684175
0.529908061397642
0.517148040270446
0.578569678424992
0.576658845492816
0.567330543324751
0.632816560848243
0.613004779577879
0.579688910352932
0.572248858103649
0.514171677290707
0.507409346698172
0.541472270329156
0.593768870232162
0.571973687433263
0.507362331668885
0.510231287751088
0.523722123878995
0.485894267502717
0.497652580198568
0.653159046463153
0.623480649567268
0.591019245871589
0.617903530190231
0.496888198384373
0.508913366395432
0.590755383177555
0.554787389139346
0.539435247319267
0.542163897795655
0.492868758336496
0.512813659788848
0.514090929059893
0.534391956439618
0.614368502104342
0.610774251122935
0.532798124008193
0.487901514114415
0.501013375928175
0.655007198631874
0.660699679848045
0.604004071119382
0.584086589251645
0.621034444618396
0.607188274403957
0.533980205225246
0.523842885280435
0.659264717476951
0.675345886131409
0.657241468256804
0.659852598461788
0.601045380152236
0.500803230580832
0.575779918761331
0.544643264920076
0.477185924364984
0.500988361768905
0.49834244500875
0.461671193164234
0.455553934288632
0.465094279007334
0.539547893624223
0.548608796191555
0.591430535648943
0.591162374926952
0.542954007292679
0.546448820398323
0.460517838548741
0.42560321003596
0.454830048360578
0.494752759915422
0.512068160374235
0.492176338766088
0.526680960280631
0.548956031848534
0.560152644904213
0.546901283864265
0.49937742968179
0.453929820670446
0.439865452980434
0.474837908312219
0.558718192763929
0.645661403847238
0.649097735201236
0.632107336090345
0.618508078158713
0.573782279181126
0.490705670684837
0.438417783092242
0.427847041040146
0.437209109558539
0.45801979220298
0.496575991745702
0.514486193466873
0.471636032623945
0.530760744781108
0.530580370528093
0.522316928814262
0.519756534866749
0.477346033746349
0.517643516766822
0.537679649801367
0.544365271323997
0.508647887750277
0.513093394840088
0.488367150660474
0.51344507888923
0.51974984842425
0.429727139814013
0.430922219929923
0.477660386237018
0.490876348376071
0.487250782471253
0.450284398033324
0.412300223219362
0.45303930575422
0.458855212347516
0.474753016869498
0.516078989663339
0.543971106700824
0.540956809742921
0.557001837284762
0.549222870552036
0.503201843893254
0.480229954799939
0.479106042522626
0.496085598644322
0.553085352426721
0.527069393227611
0.49010626449628
0.536731930534899
0.528704606400864
0.507220202343238
0.511183949048031
0.530426610180149
0.547913210514908
0.511046049461669
0.447713421642623
0.44173562117234
0.491868110491952
0.543869704339593
0.519201979658356
0.486811690803784
0.495197993131965
0.496661723384479
0.465596114532843
0.474223040055118
0.524878862475993
0.524643476268396
0.486194014405664
0.499424522315123
0.506488371494427
0.482953115188604
0.543888800929874
0.574990807844002
0.529444337621754
0.506062078627451
0.605307827473177
0.621000161490383
0.578735159409891
0.541555055295579
0.586317189699571
0.589528466017895
0.534799214795851
0.51284188188931
0.517187106889441
0.562484176936172
0.526553469319717
0.534902472526616
0.586647357758534
0.581782737835861
0.558313473421
0.595587096815506
0.571521119032608
0.529785405953975
0.5518976704941
0.615501231514335
0.647886158081646
0.580912117330204
0.583836394910624
0.641529668512651
0.674971700784684
0.570884562702988
0.504465893712175
0.531726887001534
0.537906166450726
0.532986974508676
0.625242441655379
0.591383101415445
0.465431397280051
0.461999944987675
0.531204252641838
0.576673948664097
0.576355084747894
0.536428308491018
0.546579124162251
0.52406030925324
0.568840789366342
0.578782076809705
0.555851990998865
0.592671178634042
0.621298659534753
0.62606483314497
0.589658457383608
0.534435584769449
0.524875677331817
0.53395933030267
0.513222435988651
0.545335174968837
0.57202413683129
0.533575219274133
0.504417345279836
0.570012917985642
0.609517252909337
0.627710354422888
0.693627212977715
0.698818022569747
0.661797523489142
0.58837297887488
0.569695491767985
0.590544259629141
0.534662739809146
0.499059134778519
0.480557366375945
0.474410248621861
0.476647648425995
0.488402586822322
0.526099750750145
0.548649560540783
0.543923693528836
0.549083496475736
0.514367654260039
0.509799946220498
0.544606083743479
0.510034871004181
0.610438733486308
0.601897778209352
0.533941839323213
0.537625553704346
0.562751188627669
0.538862894589671
0.543672477467559
0.536166058645697
0.561929774291774
0.651367475339588
0.600919447819491
0.48751148959279
0.549631537322769
0.516311739598687
0.486329658773165
0.541973084075701
0.541960614812089
0.479162349977196
0.493950119898658
0.51798592380431
0.582376211167285
0.59751534311686
0.545171214957504
0.589766610550195
0.605957962995991
0.528627825341742
0.477457015772378
0.504172113726615
0.51922863063311
0.521513217115934
0.544022523211644
0.549187673913013
0.511265380788122
0.473229591272583
0.491291390789083
0.570139273446811
0.567269332280956
0.525069137640976
0.514499260419607
0.55877913306802
0.546429453699066
0.543489213661677
0.569396021678742
0.55826995746579
0.549066844299996
0.55901185545159
0.568247465684405
0.546066182560244
0.529450090443319
0.510724452787034
0.60386792358315
0.602271908435513
0.539345042275757
0.569671594952857
0.569408098605284
0.558379264446409
0.540418043729906
0.537748064192364
0.548123229632842
0.540655733361489
0.556189821273839
0.531132648357358
0.491980028379452
0.543938519092035
0.614848335970793
0.625418602388526
0.554283354115374
0.495729864843913
0.540087483982587
0.548752435181451
0.517408250351674
0.526898169933971
0.564002481046905
0.580044578991062
0.567643092485025
0.547385164902896
0.534107589054938
0.502919112110431
0.47399649199077
0.45413913186386
0.544053012068222
0.600004102543631
0.562042434815671
0.522491822181857
0.574513770616164
0.598697803389045
0.581744432424936
0.54883515550948
0.566873403450883
0.570653022974068
0.573712464341694
0.522622275077947
0.446118965519997
0.453832400142449
0.497268222247246
0.540068841581268
0.537050200164395
0.545268556104654
0.541584916548439
0.533607462192639
0.51468049869524
0.522021826569243
0.506837085898895
0.454772856564245
0.446380283625117
0.528081268001279
0.597233368759529
0.578407981573025
0.494232256621
0.563045004153505
0.564913346333215
0.499183401123707
0.51258570198579
0.548025905282005
0.567749345712619
0.575018204945456
0.55550982550609
0.517671583133632
0.505327346781084
0.492273708862414
0.481652207896378
0.494134358678128
0.524997485651186
0.546719767028704
0.590819045698137
0.598309437184228
0.539861220717835
0.577819323493965
0.58863052766937
0.484277000296478
0.447305064033484
0.480571808877602
0.475778534542414
0.500824847819646
0.547966672136291
0.547190358843526
0.516899491705965
0.536645150134792
0.547982782952611
0.547632840298071
0.546091686669636
0.550387083874117
0.524564151803252
0.479052840338899
0.56576011919714
0.593670262163671
0.487155736367169
0.49752466917047
0.531113019612605
0.487975174544266
0.467339996359036
0.493861638654674
0.478763480513359
0.453325618802628
0.454085914277988
0.549533607671973
0.534207705165563
0.427882368876156
0.471476351567718
0.489111973702766
0.480659429655246
0.561592727457391
0.582257280833632
0.522419031314844
0.527247619358788
0.543484453744043
0.552150976225749
0.62843959429939
0.603242518328581
0.569771541268291
0.610210179072343
0.630253687039435
0.713173887358735
0.713106523195937
0.5752463608614
0.563272180526815
0.579601931471455
0.59078636800558
0.560031416237145
0.600041571372643
0.609692881607848
0.559987313964839
0.548220243605137
0.568334913219781
0.534949918943732
0.553210160882228
0.556251615208626
0.568335193240123
0.630343695205873
0.59164836242952
0.549380714095786
0.617295579160088
0.564896493299164
0.455500356491779
0.490061480729365
0.540155368322553
0.612713082346155
0.653942425204635
0.640541080807472
0.546560894783433
0.535383686877953
0.577359155461678
0.597202219408607
0.560646304160035
0.582493623202364
0.615435219366357
0.620492464525886
0.635869828543046
0.618402603084122
0.609986412868632
0.600097623714217
0.551391137164158
0.591349901021153
0.566239348130821
0.460210657022361
0.457372189240831
0.487854679250291
0.583385623461212
0.649967024372643
0.61228902981895
0.533440359881618
0.521878085491901
0.51254985730183
0.483036104800527
0.543963626227461
0.607894339061719
0.609772357900199
0.578177358982447
0.56817528849981
0.559018278969977
0.535033334867491
0.567685061792269
0.63808441479012
0.667538834899292
0.661659329604239
0.634235791013891
0.571824839315845
0.564704912158605
0.535439148938827
0.533470365114504
0.540152488391901
0.603363400263214
0.620190648150098
0.532776683958666
0.624581714638646
0.647627024046295
0.527614845859808
0.470980273208985
0.475135260519111
0.483959761927917
0.562035127379473
0.654182342822571
0.6662966822825
0.5712993607716
0.579436786209643
0.587868050901706
0.579929229214819
0.638218149733902
0.669051489468603
0.648141496379265
0.58800814302454
0.561969777443001
0.517332262553481
0.533871312218468
0.561503814823125
0.514663071077392
0.480738457369744
0.5105628902195
0.545712809960276
0.604779068976182
0.579435468530496
0.568297230943172
0.616058785288278
0.62131040884652
0.622223906603704
0.632689998255554
0.60676371893017
0.544343500044841
0.514434922893958
0.497633595743489
0.569837100117944
0.593975566005053
0.573842761773859
0.581830945657863
0.626315367756872
0.599683773210975
0.496312185168018
0.491873686995061
0.425208314206693
0.477054892989709
0.520086492856986
0.562465060840816
0.583790033083756
0.558615124934933
0.52892149369708
0.52281766624361
0.500502376201107
0.542076832851181
0.570807898032705
0.529242326651381
0.511221008423095
0.537452880758249
0.528532380832048
0.555098305606272
0.550704196201582
0.530997142227285
0.512966926962313
0.526507676231348
0.58463573135217
0.580621040386612
0.529560178619604
0.500364274036322
0.485179367510448
0.554931961192684
0.591574968654293
0.568253354810197
0.542271943125262
0.574952248233092
0.53343040475491
0.531165653404372
0.544099983921876
0.522075497001077
0.499605252638212
0.574541279370669
0.603761647373112
0.543306089736049
0.526933873075092
0.538853227997936
0.623181564574651
0.584291461277493
0.543464872617232
0.590287379090467
0.561309788975376
0.507496483729094
0.520598001731538
0.523919563552891
0.511193418453998
0.511307046053074
0.584792542044387
0.566161748409867
0.464412000837442
0.493922131787423
0.583075037474113
0.601477046218732
0.550244089209478
0.522789161524049
0.527581961001156
0.505904316362374
0.512250165914164
0.574152171421318
0.602353400560574
0.607352844757082
0.597216631508831
0.589679042768026
0.576488433047809
0.506059112024445
0.469373542769263
0.528744948299271
0.5296050660577
0.502041595390981
0.542737611659425
0.619139195419038
0.628847454574137
0.540950316434987
0.486080975477544
0.461425564454493
0.458372341745462
0.479577145834952
0.477222810492739
0.463942070501202
0.471284402273261
0.513465376106184
0.53040678583579
0.502092667654388
0.483330437426442
0.494414643467231
0.481030302015229
0.52793525111898
0.553933862683366
0.498081711250319
0.452451973205953
0.49181997611412
0.509767066668109
0.486056833720462
0.56156687549827
0.587621288344222
0.540683710321577
0.529308312272604
0.542674337617316
0.501713302238637
0.579393000936088
0.626973150161487
0.614937026416904
0.627947639293744
0.632523183875786
0.594250858124927
0.521701749861876
0.495126603549308
0.527274666037509
0.545270370686662
0.545722841766477
0.510320352675178
0.522532284455371
0.51128220956644
0.476057866046313
0.458271720644393
0.448050157231605
0.491724169483913
0.531891359123457
