0.70702018045552
0.646832070149902
0.608049856969321
0.640449968932909
0.621519113499606
0.705421630424932
0.700517635019919
0.668138766270766
0.744048733569458
0.792203429704205
0.753051972186294
0.659691489499425
0.638602674331884
0.634051378806733
0.650796932668132
0.627447352791514
0.572422060301019
0.596502092609899
0.625102143055376
0.676631413871264
0.68837275667697
0.681233036575858
0.672027867840408
0.653477356907837
0.641903597403771
0.590146981416251
0.569607305916942
0.606245387954076
0.697680838599175
0.706338455898946
0.691835418094445
0.66372644262927
0.601767691342933
0.644461817910471
0.653852662616034
0.643241831701593
0.624803876872719
0.616481205343323
0.614880467547643
0.62526242442691
0.683590465014193
0.660432814572172
0.666837247344629
0.686360046513706
0.648963158053216
0.667085301671169
0.690169155723615
0.695941271895793
0.617687086241766
0.536868720045145
0.676284074788676
0.684425433069277
0.600431194199898
0.590969060162853
0.578127554082731
0.640616119811952
0.718396027985022
0.729729347064576
0.681566631802476
0.661342719617789
0.672942311524163
0.695000423022169
0.556707180881562
0.534680208903109
0.456099704599725
0.43072607539885
0.50136259547259
0.508033433916619
0.579236213391497
0.608592397725254
0.579270311835874
0.602724579225716
0.695323769241584
0.709121533066317
0.672040232288026
0.640932312097494
0.610168199277247
0.686428022254211
0.688883147620914
0.608480247559729
0.565798689593309
0.622718942820534
0.660881357191832
0.718055633745369
0.763475305242553
0.729348639715425
0.634914276793552
0.647590873455268
0.615659535323016
0.57838774443436
0.643857750600865
0.681069217057847
0.646346018644742
0.669487804303182
0.77913561884995
0.763153320394975
0.644450369943541
0.680502580040341
0.666815752482092
0.611512245399769
0.618375181727283
0.641881590696731
0.621553306908235
0.632732959938673
0.629711617527452
0.575470848323333
0.618402592075037
0.664072285868159
0.747739552670698
0.766509635295051
0.736316110879823
0.696519246041941
0.648849527470629
0.578601979233139
0.572061943974017
0.604509088715565
0.647789266030039
0.66596486258554
0.63843425162162
0.689079084342171
0.717613241030109
0.729539747395861
0.712094912912128
0.767196875135087
0.765369766466937
0.63113059124308
0.60732276763075
0.624078649782258
0.62635910302778
0.695012830886304
0.714362174112392
0.655511502088362
0.637451784658122
0.617999987102664
0.580220797732505
0.527120320838317
0.530991888669911
0.561325369247355
0.603242382391751
0.638792665880601
0.599183778562195
0.633294702496424
0.693356380203048
0.693333285592357
0.692625248738595
0.649976551029313
0.569338124694731
0.592580912840801
0.603182715448519
0.689293717534514
0.689603266433579
0.657397249011343
0.632354370795377
0.583122130398805
0.648535733851902
0.705677534941456
0.696132259096292
0.643011099258175
0.603263433958634
0.622715888022508
0.662538564257439
0.668098552953019
0.663554733092734
0.644594798755172
0.627422457003598
0.687723880403023
0.695891665945335
0.694049703878657
0.678496155675315
0.618184809685707
0.68204429422599
0.72802441457899
0.736425030391388
0.70882953682341
0.662790063707753
0.572900129003381
0.622370569645317
0.657077312073471
0.636212550911942
0.613230473011664
0.622554866403455
0.623635459563181
0.6641867759614
0.707097615047879
0.476841111761728
0.446386877995759
0.585692680115481
0.6157715003282
0.593865043137961
0.546144917218798
0.492671476722919
0.433222552689069
0.468956963190277
0.462060035258768
0.379629178929813
0.393312270488696
0.417620069089196
0.407370522368098
0.440141094090862
0.456306869856815
0.445000161154169
0.452348353479686
0.502064964019069
0.524151850899118
0.484961876417195
0.491698439346464
0.490579091226027
0.555587664706896
0.673809977161159
0.667622514920723
0.55004372876222
0.559409824647704
0.575070829338348
0.540757269544441
0.458379977988318
0.446873180234389
0.5266660138569
0.54508661983107
0.5109833487732
0.517928061703998
0.515696513013178
0.513357604718582
0.538001691325321
0.565734937013
0.601931985225957
0.600130759943474
0.565974002008294
0.526770641907597
0.567457708221304
0.611743351445248
0.598196329268889
0.565521596217456
0.582132327071663
0.633466014285033
0.618699674759563
0.562002172787663
0.60905620366558
0.637650916412312
0.699104117723437
0.716271103434882
0.600862865480585
0.571206212440276
0.661180010514887
0.623694041462841
0.588318268249368
0.6184702995305
0.62754442256067
0.664376670758023
0.617257494917881
0.5525841745419
0.589308717142753
0.603679026608012
0.563833781138201
0.56008377677806
0.580791755707884
0.647781334327505
0.639937885511918
0.710790932848048
0.708786861050119
0.596171363886554
0.561339242721632
0.553850990250968
0.600036646620997
0.613875195945484
0.578938723573885
0.631446475546511
0.66177397426746
0.656780621135949
0.694369103993207
0.711044119481982
0.712486951207439
0.697033020360782
0.626166639943092
0.558265701726549
0.491660401266768
0.520454067214862
0.536291280774287
0.595756432115216
0.657993898705479
0.658010592365936
0.640256548039761
0.605590800059357
0.569342169175073
0.592234616644533
0.695997821052207
0.710058699384852
0.719613301864988
0.744220222457906
0.676020164600418
0.616789383112318
0.613877285102654
0.692173892718859
0.68771611389441
0.641952213363402
0.664987146226451
0.672417781730778
0.684131622055891
0.705244353757796
0.682291927165753
0.57092136380959
0.574117503343478
0.540457133194546
0.595635384788338
0.676138611478797
0.657166381292111
0.552068106900772
0.660260370313817
0.645861157826605
0.630434109110057
0.704779451569196
0.695883368905543
0.673293876370573
0.724950088111044
0.724484705634947
0.658934283264455
0.660885806905654
0.640849243501664
0.612135997776764
0.546316154205007
0.570189516229118
0.541366292129999
0.499526115225484
0.581553455687111
0.617954980650091
0.610093796162672
0.594319054373924
0.588086268878646
0.583846225722856
0.567660611871697
0.530452868743193
0.536398561658327
0.51982718579253
0.536269609550505
0.556688992849686
0.503195722516525
0.4781117366389
0.507316947484476
0.516701230720497
0.509959637019758
0.50890250570158
0.495637195008182
0.517203819350671
0.642040712361822
0.670617581883383
0.626717404865097
0.565291966591512
0.542612973489019
0.54854462976442
0.526942250693587
0.515405645848413
0.492336612170197
0.43176651636935
0.392965421475888
0.381878931441161
0.422175880374521
0.502360107517289
0.516643949881699
0.480033894054981
0.468835793934434
0.494353209079653
0.43927930418905
0.426088772314288
0.533982111721304
0.519557089674483
0.430294453486201
0.484165609952963
0.497241782645691
0.482526867767822
0.544125009090322
0.595122264231212
0.552176287984644
0.488045174431795
0.522157519313059
0.544488204572835
0.513794214506138
0.472318720667028
0.458741951464738
0.44613266364018
0.464279544301837
0.485474267217957
0.462289166444592
0.41699183042956
0.427305580957938
0.419489677894242
0.443547505081001
0.451701160720359
0.42791189375866
0.442469007040165
0.410576265322203
0.401509624237266
0.424709907471341
0.459623716253751
0.472126079807412
0.47146722571322
0.461423966088174
0.465586907186779
0.505249378478659
0.491923700283184
0.434225981670156
0.423018874897463
0.418538414291143
0.412308250382429
0.460568791766005
0.457096062640092
0.416890546387669
0.406645178902797
0.401501009922044
0.395951547825233
0.449441815307487
0.473049521702636
0.451739717170744
0.442235622943428
0.433898585373622
0.404284824782131
0.416771424015239
0.425167108357196
0.436347840536876
0.439737927545722
0.423729845251003
0.433869709602564
0.446209413748639
0.468981675750215
0.464950859255185
0.512210435106401
0.527049712670941
0.47079643960426
0.406665644615813
0.403056176521295
0.416869738993567
0.418751721501158
0.426136749269185
0.442852123309306
0.430178252924867
0.413764221508684
0.438290605016283
0.435366284829905
0.394009937310795
0.369515152869261
0.402928254179782
0.469115305967671
0.473533885422598
0.424510330546354
0.413581382461427
0.396880736211516
0.394429281967917
0.401953524533918
0.401147938386452
0.403910065044056
0.434841435593543
0.50236713845793
0.509136894918343
0.478476750178851
0.443692149579417
0.441940365343679
0.459434099331114
0.438860036089969
0.429920851047837
0.445338827938474
0.435183296749745
0.417665087070562
0.440699983445931
0.453500770231153
0.453669289334243
0.43366715234095
0.415790473171133
0.430825380561729
0.42779662318067
0.423083341058105
0.413283245495385
0.41489685347195
0.417429073124506
0.397117634014788
0.397131811701871
0.432686450862563
0.454916420046473
0.452739508668743
0.455073171206953
0.440637233697197
0.415432476198398
0.421176804980207
0.414229234416459
0.384604598985105
0.416502410278113
0.422603782925241
0.400702562427591
0.406460481957719
0.406366684443067
0.403702281974429
0.375892724409603
0.394470716488916
0.425635916356367
0.411145839373075
0.415783933563728
0.424341208232435
0.434882559295112
0.437872818297746
0.511036216103475
0.543659583811994
0.497807563037253
0.472319013284563
0.42665465462851
0.41962264037843
0.427437225076659
0.393854959586961
0.440651040267838
0.438669866074784
0.371501308420945
0.369928030730944
0.428241918134264
0.475483252771645
0.462064356188317
0.452343659669672
0.477329213517412
0.490860320714953
0.475745332286244
0.494556296197929
0.495490122630288
0.434287739577838
0.395072174063656
0.425456314655155
0.485604556655163
0.475923184087053
0.499672800561054
0.560070659699102
0.513579876917408
0.508750554858466
0.536290672316443
0.485415774151078
0.42313768894971
0.381778797120799
0.375211036893221
0.469149877278325
0.506848901280721
0.416493544378048
0.416808155172268
0.437358250439379
0.510923790207682
0.521175171047111
0.46877361682077
0.431501854346734
0.386687778565757
0.393489248413889
0.365049718306168
0.416747275040073
0.441506092752919
0.494428749595074
0.512462390219386
0.473910439284156
0.470888188494907
0.442775307614543
0.422723836785899
0.380464495912786
0.420545959973788
0.445136813615193
0.458840630316919
0.437118221258326
0.39038488476829
0.390737593076591
0.402226636577362
0.436962105049914
0.417100254839467
0.428801130231752
0.450116553497149
0.417211358734898
0.43802060191696
0.503029664084558
0.537310062041113
0.559113200104409
0.53714811819304
0.484425089924239
0.406303541499216
0.419487560925094
0.420788847517528
0.431596075028384
0.459194254388513
0.461032097083602
0.46206365829623
0.444105823850394
0.456615290358489
0.479958374913323
0.469907614282993
0.436742890429292
0.420614674045049
0.417644267898672
0.444659954737417
0.441071588338339
0.473164070321268
0.514497830725416
0.487868357588218
0.465467466963568
0.456685802376425
0.480069634285558
0.480726446793159
0.413338592090457
0.387570339269016
0.425783542696077
0.458671228760742
0.466351618214849
0.477843552368681
0.48983529017794
0.488348693258365
0.498253941907103
0.449624804495345
0.395050185420235
0.41199022262125
0.423811083302046
0.434809503043534
0.419097675604919
0.434814695946768
0.451427095882999
0.491752715717231
0.527007749289904
0.525707409137102
0.481190871072618
0.47013647228058
0.529068139089297
0.527884778906176
0.48550697878571
0.470004103400663
0.440488061976119
0.486091761371788
0.525548010781728
0.457461118138993
0.380814134447435
0.397134754726432
0.467132278906509
0.496841113064895
0.446230585483007
0.42945899011902
0.436006618124785
0.413773695804515
0.410993359876809
0.444981474204692
0.470451846850178
0.440767092135323
0.420778887136969
0.405087169358066
0.385607308812493
0.438554783267932
0.435137654457542
0.401942588810002
0.407579545662114
0.430648494735681
0.455634285754079
0.426124292596985
0.412068824186492
0.440988931435688
0.459169707493289
0.462246315558271
0.432294151872104
0.45171641541283
0.460854251862084
0.403294753351027
0.394437858904891
0.441814049289271
0.461382237122165
0.41850980169508
0.464375708370039
0.508795390691902
0.458242528052535
0.390244315552802
