0.579173207557565
0.419461682124168
0.411786346169299
0.408941082514462
0.393313743626019
0.440982362888778
0.429655889704512
0.466852720198479
0.477801760269995
0.426596125967417
0.40971248720622
0.42236232345759
0.429384415416509
0.451637574009826
0.459939178909433
0.419574876220022
0.451998764839989
0.521330105544576
0.498209650605075
0.547091263351088
0.442105566375912
0.38467254880325
0.342620202804672
0.385036502710798
0.405767360921282
0.462826860144289
0.467521600870407
0.464721535726843
0.441507888757469
0.426353000790747
0.427571006330411
0.406952897009129
0.367406918248329
0.412514301594029
0.417047300026279
0.445838793363199
0.42757916031834
0.452059434602666
0.460263697986747
0.420963216000743
0.452527843237437
0.435243568286252
0.449857736485465
0.451920445653033
0.577362467262457
0.571575261989249
0.469836992239304
0.384918827363247
0.340441398034499
0.322918051694956
0.349198386053454
0.28799967725133
0.284157049475705
0.349515560057665
0.370822324416524
0.338746337196544
0.398026685742164
0.432584631678286
0.419066363994947
0.436090730588299
0.409888648627557
0.431181809069431
0.427502431256986
0.414161464855019
0.484599004240012
0.428658511651959
0.496629008006646
0.604616228753903
0.459988822125432
0.413034876212161
0.448700403597121
0.360110048915024
0.425783079815053
0.393370527886109
0.532893616818575
0.543939130573395
0.412018459367421
0.348003286757657
0.324708663610677
0.462938436743443
0.446150957854741
0.352739392226468
0.350893950571263
0.406784270991392
0.453569966955172
0.407022877254553
0.366564970643022
0.449641059819918
0.421978271386205
0.41675699945402
0.39488853879898
0.350921855795271
0.359393674895058
0.410852783850397
0.43310885841027
0.389727742929174
0.405398568530833
0.450506642733281
0.455734872048576
0.314607375231243
0.392354964927753
0.414886999530467
0.446855497862038
0.501530806111901
0.504155017834677
0.427402525665655
0.400284095669822
0.414844283483932
0.410888778168067
0.478305641861719
0.525958365415335
0.423808896336155
0.358862367160858
0.513426454414925
0.508220402181947
0.555549678227076
0.606829717921255
0.573801048428812
0.428240080576818
0.486320771084697
0.461799976852817
0.505074944326586
0.5282542123155
0.555166161769937
0.468646336657175
0.454381060741255
0.435159997054974
0.423565872454813
0.377968619833136
0.433006108935649
0.443233089975749
0.457523586003449
0.464951875862211
0.406681384996225
0.389149844820142
0.327638980443788
0.376205010176755
0.396167088836919
0.370993417200785
0.4421996022864
0.485619478667708
0.426179465879545
0.403955418987463
0.458266098814299
0.379681690796812
0.510981509682987
0.510526167453022
0.409782077011718
0.409692119405367
0.53987949967511
0.55809181719388
0.588825965916298
0.441669482091378
0.452756422583594
0.454910028597855
0.411115227689832
0.400065748966864
0.388817037538314
0.45658679622167
0.660510133118586
0.634566775805565
0.557693537134522
0.439908978007154
0.401968495699021
0.435684787388106
0.407417121569551
0.343381238844703
0.431602960817184
0.471888881832214
0.378407716081487
0.394798347231511
0.446173504346132
0.468078930199182
0.483281277788852
0.485332829212923
0.458052366715402
0.424148886657999
0.416712148787217
0.358307284018203
0.291045595500919
0.339219336028036
0.332274829390155
0.399249566100706
0.470981464986424
0.51435641934202
0.570521724550152
0.498029248079392
0.471863988741732
0.410596843858371
0.374643579269032
0.384094846863359
0.331358715475075
0.401549501913971
0.377985344393457
0.365641829137572
0.379294878338893
0.414362499011726
0.328034020694445
0.241947949703142
0.283798946006302
0.338138453608482
0.332091344424223
0.323101889651479
0.295699970218999
0.292676256244512
0.422821504105321
0.533216729512951
0.501281436810012
0.365438021970121
0.407610662959096
0.417317219558336
0.367305047430982
0.381277911212241
0.330737885742434
0.296948709261624
0.382588255100802
0.394748210183421
0.362199925176618
0.322200580900973
0.437602886401511
0.468632811261237
0.407159627225988
0.353862655680721
0.401132643801591
0.378378440180742
0.329610889753532
0.292670239474718
0.24112044031375
0.287218706757199
0.305204166296233
0.364792443257487
0.454949360465269
0.443190993881599
0.434513979085082
0.433102243734075
0.401994339803719
0.370552924920715
0.395492570903673
0.445157137474229
0.394603220536385
0.326473675715903
0.414731622959695
0.463500774286043
0.388108107249164
0.4017385216292
0.407230267907736
0.39086715403535
0.473665275239957
0.37953459001143
0.262791743179394
0.378846212408908
0.383261982565096
0.397586177348742
0.414764690344974
0.366088707232107
0.427611310424374
0.412487225470205
0.362642071013793
0.408135455167785
0.391834236601327
0.328771935725065
0.35777021547949
0.385815450367841
0.360696672245733
0.426624735249603
0.439754573356026
0.359034032533664
0.3427920422593
0.308546252209611
0.356837839418526
0.371061950694926
0.460195753229677
0.52308142840008
0.360985897134919
0.424637484357367
0.47294542043718
0.41967975695459
0.399907596673607
0.385409969745666
0.384985586843899
0.329569018711236
0.347961841658491
0.364407321088675
0.354522009121152
0.373956581334132
0.377106328348368
0.455018228621253
0.441630088884413
0.380960232450755
0.416468438531816
0.398214054424176
0.391662548901874
0.448914539914777
0.44816992615133
0.414884363848227
0.37105985109572
0.385064842236533
0.393693044929715
0.397941102713322
0.421496207447333
0.399264745313189
