0.697724775785476
0.622892358585933
0.771275384535037
0.788835691406558
0.762042167273847
0.588864614821329
0.586139375492826
0.494005395738575
0.579677722164117
0.62315808132115
0.5686344609031
0.614023317670202
0.550104731627216
0.515171190792614
0.746566083914584
0.741137778930676
0.705683507244509
0.532514466610865
0.496318843648912
0.455899325041597
0.465259654237901
0.512832366343885
0.480303723979541
0.573698562806944
0.506890474004998
0.45355528636182
0.490448670925209
0.545108724672737
0.709309018236883
0.789345678904821
0.639778815270849
0.481806253917963
0.410760959905608
0.419965354411911
0.50019847421149
0.448847775566735
0.497527240169505
0.548454420330378
0.585218766013184
0.531036533909573
0.493550620218947
0.50184581696498
0.372721518673287
0.552343274938589
0.535170725283274
0.463251463092825
0.517042990445573
0.476404634564914
0.477848426559031
0.657144594652662
0.65825798599973
0.587677776872755
0.506383785072755
0.44872673443269
0.673304885742208
0.76161083131822
0.676220512256924
0.547285427301515
0.491610274767143
0.516986776744171
0.537826787818052
0.451106391716949
0.616710868577667
0.605409888337174
0.44925824385395
0.507615288920683
0.529211437849452
0.613588555508587
0.626983158427291
0.601932478896599
0.600515304041334
0.451892314439042
0.466748327031445
0.485157725996132
0.509679473507398
0.479250616850755
0.521559842517195
0.620389974280563
0.591486128563569
0.521292764299669
0.750289027424587
0.756857382370873
0.669682120857416
0.435017437062263
0.436569853824502
0.38005114018591
0.374145897859304
0.356514266472485
0.39611786693907
0.478117314876341
0.46187154123459
0.440571593491605
0.421945234905508
0.39136949585721
0.460506171012637
0.595752441713281
0.604636536678242
0.451120218936952
0.446543586548863
0.420767640345658
0.467189638569353
0.48468529460489
0.490594780902727
0.532249740359687
0.399183663744659
0.487820292034308
0.511700419212747
0.471187078252223
0.509022437236729
0.583742490661701
0.561568456168712
0.488801334077305
0.511183696741913
0.593428730543945
0.4900791404441
0.432458727245163
0.406898439336182
0.499521603948364
0.536863874037895
0.592932190126827
0.567212424127655
0.506206901920912
0.562983870054531
0.568205831817357
0.591399437934078
0.508662071334415
0.419449425866881
0.510534662943925
0.648960054694069
0.731202763484281
0.701856372375527
0.579956871754203
0.581734930093313
0.599602948475213
0.524886993560208
0.64210270786833
0.563180629250205
0.455404721568451
0.466419629870671
0.462162359595116
0.483078927369928
0.450891879384398
0.512969666850112
0.506352881105505
0.481196758259546
0.504334428270879
0.439008923094807
0.435371303136819
0.39394927830729
0.472748365565475
0.482547944475985
0.488683666877188
0.429707511252939
0.4077891224701
0.523540389940836
0.508911578462029
0.531264948681903
0.549115714171497
0.473194091531378
0.4370394791267
0.449578765466732
0.441675733718437
0.638825795522503
0.649337180428709
0.510214237527176
0.40668437073454
0.397234877178259
0.429480444632292
0.466205780275606
0.422943573530479
0.338590632358927
0.344565711639547
0.37002338261911
0.395734760960655
0.360458561534482
0.427003617136119
0.425117866709264
0.381172248741039
0.340051338882636
0.408969157569942
0.39014896037751
0.394025307845061
0.409658010542781
0.369598328055992
0.384632190959795
0.392221004647402
0.48149639010325
0.490250799624108
0.438915897886273
0.448528511619749
0.531244187173614
0.451703873462282
0.401936772705045
0.393802732462217
0.349843509135604
0.366582094637298
0.389839980909918
0.319416149575227
0.33058845523342
0.366835966762209
0.345885692605615
0.276997036808181
0.388835065076593
0.366197375441868
0.324520920937658
0.382595405673456
0.393805915530608
0.358466383447192
0.290480121630496
0.290221936472202
0.431743927358125
0.352959920359732
0.355807676574285
0.321136445689257
0.377607887843717
0.439973487216679
0.4057881757516
0.438321738341914
0.424502605199544
0.41444720388463
0.366864639245662
0.276624890176782
0.379131975703144
0.459288738589767
0.415905707202347
0.374185934834188
0.417448869542167
0.531497376506727
0.537054679593712
0.458217633356287
0.518466921459687
0.463839290150429
0.404082129327911
0.490868866404351
0.370373501241344
0.355142477857345
0.370077247525011
0.320485523377479
0.300354861678531
0.324255821216202
0.365367013094758
0.360660253574681
0.318569405910281
0.385873894797889
0.365715671549278
0.363919326276908
0.381768158633649
0.325218949404544
0.359353026121303
0.363943953150442
0.328661065014101
0.453600127802459
0.406320379795047
0.409491460040989
0.434824176011195
0.482171525715214
0.545952690120479
0.625824850308632
0.52428631150128
0.456328006450433
0.424927281425429
0.454947293816523
0.464669516559789
0.770042109181047
0.695355930662646
0.376958652672541
0.465074315990155
0.436193718700728
0.43465560407668
0.561105639289087
0.647861359124235
0.557651619851938
0.568131815419462
0.632528410010334
0.515811809283772
0.354853007341809
0.381075286447122
0.399101464906305
0.454196462390169
0.491051054576058
0.48900672589886
0.723950103939402
0.673851323674744
0.703006548053937
0.434710762059083
0.36855116373602
0.365016330502521
0.395668202155031
0.400681314765945
0.399172015445657
0.343067981659629
0.309948041428375
0.310078283538615
0.432415158469904
0.453708335123889
0.378557980572167
0.300345847645667
0.292822963106749
0.384054980966171
0.417250416208793
0.496972242720936
