2.92309198586274
9.95545728327074
10.9887260677876
6.05282285170883
4.61782304599021
4.41496427355959
3.62318883768593
2.40706565523772
2.20240284123668
2.25717291098669
1.20271535646945
0.91810553164032
1.11118000877314
1.00542073493987
1.15212191422843
1.09557030386405
0.773656185723892
0.677434336904979
0.841045372028921
0.936110096834907
0.699564858420662
0.696926986029324
0.642517206314944
0.690569630293153
0.876195556033317
0.913996843328914
0.995117843998342
0.705676467587671
0.746897065498152
0.910646185393034
0.722631605258298
0.55296148119955
0.728512571158043
0.702035697008081
0.439362981524712
0.835923170894202
0.8259301678911
0.876836918935641
0.871068570953315
0.782009343130935
0.499272158513266
0.636909314841051
0.616895053901084
0.869889353183423
0.948461230840134
1.27546877905124
1.0167546909377
0.61036672906694
0.828632754754767
0.837966522508171
1.03261570649276
1.95261920691314
1.9661391329879
0.902665949812268
0.744023439251936
0.75109194310546
0.842677288674507
1.30580149730048
1.01430723722936
1.22796753788036
1.27564657444741
1.29019543044349
1.3585947452946
1.10492584476952
0.900933688174789
0.904997871167014
0.890379861161162
0.809747889308152
0.901797926033163
0.986234701052918
1.17738752650624
1.3695136127392
1.12744055506846
0.504031070816239
0.495009330578902
0.631407583793271
2.92088641282445
2.88212608227125
1.62485933616712
1.48358500236002
0.965706405371598
1.16324866457716
1.3573970345129
1.22332828293289
1.14065396693808
0.931164446837671
1.05834850814944
1.34912777248619
1.46093299563909
0.960286476085859
1.12345296263819
1.95813334622807
1.28809036425423
0.82123969472228
1.90232846435795
2.04650313789419
2.56736828375944
3.46073789701126
1.05572258258011
0.791450123095899
0.97602398606554
0.878068619621025
1.61287642488939
1.43349247471927
1.37346656679219
3.0576061804449
3.63445722007595
2.52853497024372
1.18545424105427
0.877821909389027
0.884946928473218
0.866413380553834
0.589794164531628
0.498440497454133
0.42254834537792
0.737938193945875
0.82524665059306
0.655948110491612
0.786686613363844
0.765734198433927
0.886118281599866
0.581933672140504
0.535573608250806
0.861000034381033
1.03247587354204
1.12773017756295
0.913574879378785
0.754493690641496
1.24010531471112
1.41967980471761
0.964935029160982
0.699519471369619
1.28941409477187
1.79356200487897
1.57633033334838
0.772654460123795
0.58488623357824
0.951078842224612
0.963729561080051
1.84487028362366
3.18828674981521
4.98445456982668
3.418298372944
2.85106969653091
4.80828775389501
4.40298561329117
1.19006661494091
1.41893162459878
1.9138530354102
1.06409531652233
1.06672310186913
1.22530937388812
1.00874947613684
1.04223717046897
0.783035411765032
1.20139539053457
1.74667305490219
1.19527213301842
1.01165675810124
1.04649571847757
1.35526209876112
1.6272898387187
0.91652532914374
0.595611547556397
3.08120099475667
1.82377779164821
1.30467022386942
0.862372856174792
2.95094999552212
4.82270015083232
4.06917169751704
1.62760384143606
1.66043845288124
1.53642706619634
0.945814675079686
0.838374832977658
0.952790880796699
1.83972104365266
1.95572856547985
1.0252891064085
1.76180966645679
1.54998031724168
0.966989754198954
1.73501245188201
1.04624056442577
1.17849336651213
0.793646353104418
0.842676671783605
0.943305759634934
0.645788154411433
1.05642628976845
1.19466282566663
1.35045639783548
0.965819874366681
1.53038739119061
1.90023533513605
1.90842224158245
1.80046930095336
1.76102586504451
2.24374075337659
1.84895358253281
1.38971140088479
3.69779948779841
8.07556173037972
7.68520756798266
5.63282725413656
2.1765366975479
3.03422357305961
5.22933161240293
2.25423389444977
1.62527325123269
1.09702131996923
1.01352667916879
1.17337585473955
1.81068620118631
1.69094568897742
3.88090575393933
1.7038624634816
1.16619178750629
0.908651350864723
1.0931816657459
0.911125518684091
0.671813816447532
0.930826648231064
1.0448092742571
0.922771526351241
0.81210562857131
0.738719570726989
0.685391394517433
0.825213096780673
1.10710555052919
0.957526995880341
1.60042980162882
3.43679091663854
2.5412361887422
0.97303764368497
0.810952402681297
0.882243023223981
0.695809480366026
0.577053847484639
0.615503719588495
0.795931020129036
0.800796147021328
0.583290702267657
0.501603987100953
0.463916569118504
0.588735898507621
0.494175241678623
0.544328713234451
0.596497293047914
0.747058424816163
0.832827950189157
0.720183829100815
0.70077858940476
0.852471984942348
0.711734640993122
1.05945074202324
1.27696925881926
0.987229968785087
0.70441440023442
0.548621077938137
1.02231676038915
1.11790749684737
0.897314747521191
0.836382797764812
0.542183931175637
0.477078659629715
0.465718946919104
0.957433477107141
1.40317861761641
1.01014601916851
0.886406959937777
1.20115015831646
0.67081384439969
0.436534519787735
0.411609254158384
0.747185177084059
0.92795630651521
1.36505294837566
1.45519670142681
1.0351002963687
6.65812979181168
7.74907326428679
7.29258960486772
36.6315737936742
32.7864759560238
2.45952071924537
5.90397201142637
20.6882806707277
10.7262327735322
2.43560299986307
1.97460154972384
1.58044631528318
1.24266382297957
1.11336720956539
0.949807351575501
0.767164475492178
0.715560693787897
0.570236782503374
1.04395183722996
1.16393128535625
0.829865479815197
0.805228318819875
0.782233960774504
0.912334217161435
1.62336204757948
2.25436378939145
2.96545714545354
2.41449033459709
2.63540525003906
3.7308077129459
2.07111908930831
3.06924473715765
3.09539767143173
2.02283488940881
3.65263438585838
3.79361115171768
3.20645207624561
4.28764030255989
3.45098333879049
1.49236542282263
1.88731341242542
2.28227396135713
1.27264079675565
1.31742375987966
1.59942758835293
2.55013697960331
2.71827525471705
1.93515028954368
1.56939355428012
1.23869542147066
1.81659611613006
1.46030277405749
1.40514863817951
1.53939027870304
0.973960367249213
1.45502846206473
1.07117912271816
1.00039041451826
1.3855330981775
4.44552693516878
2.98786983664091
3.40101534898817
4.23016145817389
2.97802589631606
2.20564750620713
2.67736435914157
1.75365494492976
1.77029280657266
3.17063048612408
3.58813721030125
5.93863864602089
26.4753916335224
33.46079760848
21.3661594141521
15.845580020978
11.8191404334428
4.29204827400688
2.84948564352734
1.38221766786603
0.802860451763756
1.15303689593592
1.09397902661532
1.0953657011969
1.63396681380239
1.60730419490306
0.920105749473466
0.793675854037025
1.33086283591202
1.27373320192863
1.0865491218836
1.39624207967745
1.22069810128345
1.18888280819944
0.956336643938011
0.955268787817851
0.872775189045279
0.955702286244194
0.888222559563641
0.913468002915815
1.27211936790691
1.34616376140256
2.21425215783405
1.91523181697077
0.737904542773031
0.822202503543638
0.834158458736544
0.6344807698115
0.72404129033124
0.81432576760458
0.941930334800054
1.35562923642546
1.38932200839759
1.05163342075789
1.20419600612561
1.08824278991436
1.37976397524639
0.925660972909199
3.01854124397576
1.90245414289049
1.15306049876357
0.813374986453464
1.19611638741558
1.05717292097628
0.521242663389292
0.671670666140662
0.86134362149685
0.986620516847413
0.881984860305376
0.55730825993319
0.642548825243023
0.63246556939585
0.61890541155612
0.946212063161301
1.57601981711826
1.77401711854639
1.22449326610637
1.54893435716554
1.60291145983667
0.845978272826694
0.72344603224385
1.09272085944073
0.985368095295086
0.584616113977416
0.584883733748541
0.673562200542003
0.630574586409496
0.624969576628613
0.891320684684384
1.06151792050323
4.45524755616977
4.02299362668725
0.8755707694237
0.761122882284638
0.673049623224524
0.853852876199105
1.51755721222287
2.35401174314796
1.64358664493612
0.818250385298614
0.493904356832605
0.467706454579726
0.60316309614763
0.611040145431562
0.961736019643303
0.987074115155023
0.910825018294177
0.695236913550736
0.481695185237747
0.596996082584509
0.50880844504338
0.684042738144137
0.95730320296498
0.905094802669424
0.776444693077401
0.968700932026966
0.907944266662408
0.958912712994314
0.909818095903758
0.742674253639545
0.628167864783413
0.774374653208287
0.641442871503964
0.843012328501328
0.935279198653763
0.83713224989304
0.918469608401975
0.664114932259126
0.513782979576844
0.673157463353172
0.713396891938506
0.720314819261303
0.878468730491174
0.981931907113003
1.04945715391915
1.14856494389264
1.18118412240226
0.866184234955336
1.07497443683981
1.04590886192089
1.21234903316586
1.05773469349476
0.880603249835645
0.76906379219914
4.2469988596527
8.96368004757246
4.24721161952019
0.902462295202864
1.07237760622387
1.43616827290057
1.51554484515635
1.04805518905417
0.63377394493524
0.588622187622132
0.751318553042745
0.850035177906133
1.32653100870612
0.872014845802922
1.00284615005533
0.816715565234033
0.729255238492603
0.926773787520529
0.728824363143806
0.573042944835218
0.714263182094096
1.00373754519406
1.94286654919384
2.38291466542297
1.65310211256859
0.986180684016793
1.3649769705348
1.30846259357174
1.30115219979845
0.656937059613971
0.630341301972923
0.599425556424197
0.987824195601233
0.982961202409689
0.746078291833822
0.955394160459449
1.03592669273778
0.592218128846225
0.659527372379787
1.02221142185401
1.26880183493731
0.54362026292327
0.571779030850929
0.759581238853976
0.829531395742043
0.775813735280847
1.19664359616135
1.42458317209145
1.01606234361364
1.1684496966236
1.07174101603108
0.609689409559666
2.73403482993696
4.81915660802303
2.74304175921859
1.95686545972797
1.21275647849241
1.1053983529533
0.541847832573376
0.598798089432267
1.22351141894446
1.55866594459567
1.14228081813939
0.982059717550804
0.838413978383894
1.0405964082437
0.821221469842692
0.853392947165891
0.915001504797285
0.771975911337753
1.08097586199523
2.0823754985132
1.19970049086142
2.59367881287677
1.5436394551103
1.51076435626025
1.13987002614633
1.2353220593649
0.768203821105717
0.762065193108451
0.748497957559778
0.630667351362576
0.723479674476169
1.58541990762474
1.69558919790412
0.83297290037385
1.20761127557307
0.695277286653199
0.657500581632743
0.636427008686495
0.637603781962102
0.597633114351462
0.819660471592339
0.769207870807823
0.818346272941659
0.764072416837038
0.912713304441001
0.86579030919947
0.421101325433634
2.07249396543357
2.10944704856818
1.08083779013407
1.45961434754587
0.645975942648994
1.20671773875224
0.862503055607179
1.1844460785776
0.729834261887427
0.577444692013163
0.819057713942422
0.538393018124036
1.04662043428061
1.05213742105651
0.980744557023432
0.812557289614234
1.12868459933256
0.887935548323975
0.711561451942961
0.69092220344212
0.963794961846663
1.28591359825001
1.01580744838259
0.375910714069823
0.870927057588401
0.773523082675421
1.09944865789226
1.4916509728305
1.5925371234038
1.18508983984123
1.04340298361443
1.16352103444132
0.821939572037854
0.669863896083285
1.26396722730467
1.68738100172174
1.39554740253094
1.23138602397264
0.820588637716099
0.965881333059893
1.40064872028179
1.38168560090353
0.822995602776576
0.632184802035568
3.77372359371811
2.80031955609693
2.81658393777513
4.33007283389809
1.2632103242339
1.09551591101218
0.869223890378644
0.697056485288101
1.01639751943721
1.55752926190801
1.39884718167159
0.963496487209036
1.53938026837661
1.1726322926271
1.42141020531054
1.17131515990529
0.552163208701367
0.555813814586258
0.625295111938728
0.723648113816891
0.876400463017809
0.659240365274892
0.53293553607078
0.740916471610021
1.35584749535488
1.04600252429342
0.961541992216344
1.14587343593782
0.547282269812792
0.625001233004037
0.757921653509895
0.938761868998713
0.728834996631442
0.78042604611165
1.02464513834776
0.928414066336534
0.692193283268423
0.714992954149442
0.709571184071764
1.3234128700766
0.802956280705418
0.744337900014772
0.684804508938196
1.04487545499394
0.937968941632631
1.66645178996448
0.762671813113452
0.707062724771992
0.771112216749323
0.811675105020962
0.721658767526681
0.971227743668975
0.760103161071169
0.82529524085225
1.02576035637738
1.49093693141981
2.0243158819323
2.26987569377467
2.39305960749391
1.45570916205888
1.11963705683588
1.16186381861465
1.21182178423486
1.60632025560732
0.686811622631823
0.540977595816864
0.956809295152955
1.11585631955229
0.874154316409782
0.837661156310094
0.817354846484289
0.768071464867997
0.686765877724736
1.0032753368667
1.15915836091948
1.51485967995698
1.32882105761207
0.836394616243406
1.01728699256331
0.761899696889331
0.866860527922511
1.10762346305863
0.989749248334492
1.04825407556119
1.17543259487874
0.978107693587477
1.15287986428845
1.21850402657882
2.58804925516845
1.56176334147725
0.979620425748018
0.781390277150169
0.719766851354881
1.0202525824295
1.08675607360777
0.895936472498581
0.850704329012075
1.11889560135674
0.993779618487907
0.679133376858723
1.0161433219531
0.958186465517884
1.15541381437859
1.21893929137038
0.951929111887251
1.47180762700615
1.16698813611642
0.901238973359731
0.856752400775077
1.3226981559268
0.992563168387956
1.1050840752661
0.725753710339595
1.34505310614393
1.51566798689654
1.21063914241462
1.27325816336461
1.13534858769798
0.827325468948923
0.904913489714905
0.946342835732464
0.813120899961814
1.08986172993142
1.75041845867135
3.83878703828045
4.11889021074975
1.92352250777719
1.38366350051862
1.76180673389939
2.09437107688759
1.88569502038815
1.47956190516525
0.795255795731731
0.967739863627244
1.11799534557834
2.15344490604176
2.87316373007461
1.60841619646218
1.2959585877635
1.18928010426727
1.40119522319401
1.37207426252588
1.14726925282446
0.928543072169798
1.7894826067696
1.4431300811723
1.09516624093994
1.15143861438733
5.44812528499359
4.59474999469965
1.21461456857712
0.905978697283537
0.687829562617064
0.739635372005478
0.689425943348381
0.846037300297783
1.28572008231292
0.893229726006785
0.516159166444959
0.75537880872164
0.841828789118937
1.14209877775422
0.806817427779337
0.489290293641094
0.473080203534528
0.783274372385718
1.03708358660753
1.84380833234197
1.41262508626985
1.13350113937966
1.13888301711401
1.52565501104534
1.59598002818102
1.65224106335367
1.36088449227321
0.790713245942159
1.2567271858206
1.02704676104749
0.589578125882471
0.553567472950816
1.21366628576412
1.3167573120425
1.09923627245614
0.765760795682477
0.731035465318138
0.794308035297118
0.662755009564974
0.773135563947008
0.554021110024308
0.608385711514709
0.6567867498987
0.589320930472732
0.736811810246845
0.768990893897273
0.91269813969569
0.864207922660265
0.665702456789946
0.595479656783479
0.73051939751529
1.09313577718606
1.13342874359737
0.828946111520913
0.559790010955383
0.650123760716112
1.42387370231735
1.62234380927335
1.21768038174886
1.03817751373945
0.860230247004517
0.842853090767114
0.904003117095538
0.747921324917564
1.18340838276769
1.74174738258982
2.18261238212781
1.82045334931083
1.22127766052794
1.88874450169325
1.18612571725251
3.03988095956373
2.13780912087555
0.483539634630066
0.993543660319523
1.19276862303823
0.759646160251666
1.94042681885516
2.53294416522354
1.81679700370587
0.708638979888686
0.731216835831163
0.786147481785598
0.8735305632946
1.05707399244665
0.991400559480422
1.15717691127927
0.872880059507154
0.466739798758703
0.462576748796288
0.872878689084465
1.25129687820257
1.19948284506109
0.828582802690888
0.495737705924129
0.501796725456173
0.621495282709613
1.02664464931761
0.834921762998663
0.497430859746454
0.800002238600703
0.767531014952538
0.749878246240679
0.957035399430433
1.10403587920238
0.732280569981614
0.524679137624515
0.484037684674885
0.362823371509204
0.735871415091206
1.14542483566501
1.13737570244254
0.823461658428645
1.11463609557328
1.22122292032518
1.19348060508079
1.24103807421077
1.03636978586109
0.901572401613157
0.830192426865535
0.713329264695341
3.14100688576076
3.08723909491716
1.76893491468883
1.4574234923197
1.11448923963958
1.36586565254938
0.781876654905077
0.944598949169974
0.700706606452791
0.609435707905855
0.517158456063372
0.72654616775884
0.767348690045693
0.653990947684809
1.17401632229613
1.34372027370528
0.77887140860436
0.634952471456749
0.74578908728339
1.06354788534811
0.947409477336374
0.73869922872665
0.812610976941496
0.623621814042486
0.411984147826568
0.649714365194213
0.76307862118878
0.641335087004339
1.22544666149947
1.56487160019752
1.09507089207106
0.749217174247299
0.71897119263613
0.634773399287529
0.862587711473987
1.07338417282127
1.26298591955642
0.92436931540002
0.741892772771467
0.985410987615049
0.86226219312958
1.48674070643015
1.91590475599922
1.62705689738432
4.81036655411408
4.45528927223745
1.3073708847202
0.933459341795076
1.00643547193196
1.10239456948022
1.13385452011481
0.892134879624301
0.760260810513651
0.651220316139258
1.04762493729675
1.02666117201707
4.30800958215337
5.76604054098765
2.34009193566264
1.95808942353131
3.58641223536411
5.00322134429105
11.8190260325496
10.5890528930396
10.2108201323697
16.7732722173685
13.9209379294566
26.8333250786665
22.1866099642935
7.81326455894554
13.5080022788704
2.41463719263541
1.13274777961459
0.98402621950192
0.751748151629501
0.657699332172279
0.564769549903063
0.530284306854551
0.83861076918534
2.46932111001918
3.64158651432416
10.4432846233995
4.45353428250813
3.90739608747593
4.07633192813014
5.21360055534321
4.50837165465342
2.32301423000947
1.8815895578656
0.894635451848069
0.893618385924927
0.883146823507808
1.01492367193153
0.916606911561845
0.890700530134093
0.69245283855991
0.348943240312464
0.578949243365604
0.526253974769884
0.473116075107425
0.911173291214106
1.15220989940709
0.852904068681509
0.643791502168312
0.815267509928763
1.73569560942004
0.983549903427703
0.707721095412413
0.927761916265457
1.08903564482144
1.40731733821612
1.14259536575856
1.1734007530426
1.18584851110005
1.24188430142642
0.774126681387975
0.520074156344524
0.412617825269468
0.868165165634811
1.13621186938287
0.698524039629841
0.870210665904516
1.04529635916933
1.1856021130161
1.51352041263222
2.16196194226514
2.78296018405919
1.51249580616142
0.822049820382609
1.29765934716325
1.09058047099455
1.03750655543599
0.586996551380352
0.786727696409715
1.05137134326643
1.12878229317741
1.02469930425418
0.941501884547543
0.888021738591279
1.18503873330471
1.45660613101491
1.28511160158227
1.30891477902718
0.965323106619403
0.630866915916834
0.658048518204967
0.643721778687282
0.469208732982974
0.59567744264743
0.519981202206734
0.861419527541939
1.01471517558666
0.759741842240683
0.689708124984411
0.625294624500355
1.14451369897483
0.993807217144142
0.646647911144877
0.859072947964162
0.585052488634624
0.795306993039582
0.865471465166567
1.19161045729974
0.816082362009208
0.96034506321852
1.0585164767373
1.08682303788631
0.956987222389781
0.890898471422041
0.930416017709576
0.592272215276074
0.621557003787785
0.625896688262446
0.7033703386324
0.593386411738349
0.568090250618356
0.792995962828696
1.27342050187914
1.39587528949613
0.955471759318155
1.63274841036104
2.10152955619872
1.09508914838063
0.666614880511751
1.18932725443938
1.94856454958978
1.78798286482426
1.4440309931739
1.67340996350059
1.4440740289181
1.59305109900716
1.37545769254192
0.732316648229479
0.518096681060629
1.07890837032026
0.886954686205931
1.03302089400007
0.997074005523824
0.693710792802616
0.904206132712852
1.04798026669082
1.04851729654852
0.533569743732268
0.551212158645203
0.606931844226812
1.28226965055156
1.94140256975787
1.03479066162578
1.43922042987574
1.13792686008501
2.06104139929035
4.75561556440527
5.64426585773623
2.56915276730487
2.76646606825391
2.33225305635582
1.31400819857
0.735523901013482
0.938226719691481
0.695026955305171
4.01177788063509
4.46464978924844
3.14460412066208
0.895583128307577
0.79176785551194
0.987283361050123
0.623402984951543
0.572354863688398
0.737823522304435
0.871971578841443
0.684066214062403
1.37201229308894
1.96362858721222
2.09866935017624
1.0484985361507
0.86771173493605
0.926969079748781
3.13494132803473
3.4799799700766
0.971766700594202
0.703748201195894
0.605491988217593
1.5507845877098
3.16510647004395
2.76210895279948
1.48318120411152
1.31643152435112
1.9584256180669
1.47421978402341
1.03084153109874
1.83634902658709
1.87019559367005
1.11876480338737
2.40940351962565
6.13175149316652
5.91175973779646
4.39866341616053
4.56854900067027
2.32011904304455
1.28509343292006
1.36041216495846
10.7716038298366
10.4063764687196
2.05910536718519
1.29851693234238
1.18367774256335
1.03252979495109
1.17474112158314
1.09460255411622
0.807274191218975
0.758577622388684
1.66407884304239
1.90531903322067
1.18596870081147
1.83020535432819
2.26503676774389
1.50112607165979
2.41212857036784
2.09541369413982
0.771763240515466
1.0356430444029
1.03417424028975
1.27286146473767
1.18663858664771
0.728626042185803
0.856748032790995
1.06918827200621
1.0476931702319
1.08136705927903
1.84405655654747
1.67158826674236
1.360612961437
2.05931355479525
1.07167825241967
0.775782174511043
4.06037619282645
4.6139862459583
0.775733097933535
0.790124218921811
1.05768240744212
1.35348314040915
2.3969261174293
3.04501992581999
1.68044544009987
0.824155025256513
1.30269609760672
2.4540878627599
2.06795874283709
1.52569967194076
1.11669184484813
0.867658562335079
1.3168873310206
1.32102517169872
1.00454591394589
1.19722642862029
1.38963499804129
1.14997251350443
0.762769540069237
1.06305516434703
1.69885299047323
1.57045191706513
1.60703103712294
1.01073627002854
1.74536044305891
3.75818606656298
1.71763569922261
0.944165691178669
1.19973632080116
1.20138602044732
1.4005482581208
2.2976041286103
1.74242592396096
2.27502877337039
1.64311337738483
1.10717564968382
0.884595367165312
1.59418038594213
1.81547656236298
1.47870835003722
1.70478910544979
1.62095896840091
1.81487636110352
2.67252876344912
2.17884233106134
4.79424668416747
3.97734629129011
2.99748297123957
2.30932765964901
0.824171905842451
1.32038277537456
1.53679387950053
1.25833399601085
1.37548431551869
1.20039392064744
3.29805148876739
2.81450653553821
1.96394836997142
1.0066777371442
0.553626611870483
0.765308968885128
0.997081935072829
1.66423447129976
1.0187132271983
3.09177795534995
3.92429958159736
1.80124681194086
1.29533190217703
1.89469664850293
2.04728403936758
1.78553031448014
1.01535424213232
1.11695741632874
1.71516239105495
1.69983491184747
1.4676162584021
1.35454286521319
0.591414609359232
1.39845313475704
3.02535053039607
2.4765912923794
1.45505248279996
0.926533422099256
1.58115003504464
1.68322993953736
1.15383709533716
1.19512045509423
1.63098587164817
1.70659682443136
1.39089269332596
0.934594773784699
2.58559889637252
3.21756988453112
2.69167804842772
2.04144811153498
1.34011522961982
2.3805671955942
2.07857600493418
1.54976564782217
1.28381104497226
1.3473357358568
1.34209183351139
1.81681450557445
3.23581745757577
2.60529011289339
1.19519717332948
1.29512588712029
1.39125586344035
2.73877807361944
2.80499873568291
2.13983358038741
2.44901376049724
1.74583425835929
1.00524798641345
0.826733380469711
1.04132060415192
2.2496895916751
2.19678442662508
2.28720499848173
2.49958472681254
2.54445554897776
2.27543959069161
2.04244551780823
4.55322582589301
5.12045600336747
4.11239004155023
3.39999317053861
2.47468633893032
1.91863438497313
1.9794670946883
3.73089933155366
2.48349298950482
1.43745717333819
1.81568968642528
1.46104005782397
1.83674922123131
1.30092973115913
1.64741482176684
2.49880682772153
2.39279173196955
1.28089506038848
2.30915060376844
3.79182996184178
2.46393432361708
1.23792808891558
0.742666918601648
1.3101743234591
1.09147035666526
0.814861085004856
0.892918585192616
1.218645808391
4.25718121503731
4.35348927224821
3.7195713503533
1.44846845067523
1.60288014381818
1.88953914189674
3.27910939888169
5.6332614728183
4.72294907823282
2.80114248767065
4.12534421693937
2.37280380802737
2.16836126552575
1.74123825997515
3.53759644306461
6.42321680596186
4.60855191137748
1.87688272975882
1.84106483270343
1.64201346398037
1.25359955235611
1.37396556158885
1.47906774878873
1.41422988550673
1.79470856478467
1.76816202280012
1.83205175379006
4.9253238448054
5.90353067400542
5.09560440869873
2.65341534117823
2.24427716799678
1.91029547260331
1.3249365912273
1.58859339797248
3.86843466197188
3.73012913414284
5.85607293310385
6.13434598426319
6.07662348485803
3.49745751808279
1.33289867520092
1.68700030593539
1.20313826601085
1.41112020091416
1.39902261598948
1.50623980377748
1.2429861971906
0.84308239189297
1.47174674827075
2.43495100162635
1.92480352852657
3.50134679762553
3.82868660652556
1.90358773420482
2.66597708004751
1.63000507839989
0.797021259913092
0.681668072490586
0.777531421972114
1.14610586723718
1.17510194047035
1.91522522536361
2.68871189790502
1.31516853070266
7.54529488574864
9.59652400486085
1.47256286644889
0.878309291899785
1.0675033611419
0.848538807514282
1.47904272704068
1.74054346062006
1.35890998987085
1.47613676963766
0.722012870673214
1.83139186321428
3.04268963058114
1.93031985851232
1.11122602428242
1.27124248700676
1.29142932750729
1.28035100832968
1.72978245985696
2.30076746620167
3.42499844121663
8.81910409990138
5.10297909922505
10.0137391053496
4.04137777346914
2.09349117329292
1.3953835523495
1.31907567437266
1.51392529763549
1.46264531103901
1.81054429687513
13.9714473378511
15.3605267022009
6.10683644028469
7.66135231485347
5.27885179578997
4.75456881195941
3.59480556610708
3.49319484761566
2.9607962032887
2.86220318612501
1.87404325058348
1.75408329753232
2.84578323421425
3.70267809733386
8.25522640538327
9.34970820434203
4.9714520706022
1.23180052717816
0.804227854205818
1.01548401286028
0.626895252721418
0.842180680020264
0.852828017782537
0.86396274719782
0.589662992555254
0.584186880288816
0.69775516327912
0.633595663808295
0.471486824321202
0.480860770725378
0.645269724214001
1.37228349209911
1.17377459240312
0.726502245574372
0.800004424507736
1.08579367541034
1.48044720760223
1.23850694958164
0.893369307116707
0.703753493218009
0.642427562703688
0.499310512514741
1.50711189956853
1.79549025729441
1.14168020711054
0.958678009023744
1.01942132807743
1.24418720888412
1.66657654856079
1.58121564446928
0.888808674745947
0.850019424336044
0.970243464909262
1.15157510738202
1.53098504571383
1.02528890122822
0.57515036854333
0.66676742213476
1.47648822763504
1.97978796058322
1.86787209468431
1.2657542098031
1.70297944469826
2.46917920696009
2.8158447625278
1.3257635669944
1.17818553805349
1.6451249038756
2.90746364491112
2.41009206739168
0.855840027820424
1.72618135297008
2.01576085893618
1.51422999303258
1.53222508836175
1.23010169916846
1.0767605760108
1.89462536583891
1.79154816748014
1.44458246435784
0.676770387841343
0.791077207514487
1.12052002648904
1.31116894442532
1.15399903578677
1.32931359128991
1.73446621569112
1.41370628363685
0.84631882104914
0.637469194380341
1.3882986317836
1.45945622287049
0.923908568730554
0.865216490998997
0.728611386293431
1.31304838911852
1.80061547107517
1.29940344201301
3.2990392883843
3.89088675325578
1.53197979156387
1.00565582187783
0.83502450312025
1.60062518633309
1.77541329004708
1.3797413993814
4.00150194538208
4.73923071317062
4.80084635532859
4.45014628629195
1.82617583685339
1.60985147501679
1.76650923944809
1.74541258231645
1.76837339841746
2.66321362736518
1.81953860622399
1.05857943716042
0.539897442640272
0.474643689387728
0.369861919939316
0.553914025431466
0.713926335404008
0.649160792540055
0.631710049402965
0.94624721927431
1.38993309714776
0.85839477195266
0.718943167892805
0.861155785378222
0.874089526092382
0.739593535969208
1.22552299008856
1.26416272836561
1.28702733057519
0.449380425227581
0.384442153180862
0.558977258223912
0.578404843139085
0.527060794902415
1.01160721195024
1.18874245530591
1.28487300237711
1.10313440213965
1.46969901490027
2.10257556949875
1.31264274528673
0.706626892441357
1.24373340466912
1.94749090178353
1.67435161343257
1.46033626813368
0.889090486340676
0.718572236806002
1.48013274566787
2.61704061739576
2.30392182294711
2.67119093279574
1.44542613717102
1.93897838220873
1.64667846722095
1.02678222654549
0.772911892862597
2.47559693818751
3.85575595410459
2.25520215806758
1.88305328081147
2.72634626870545
2.07590706226922
1.98552832231376
1.9058588096657
0.887635558179901
0.561856071591233
0.945379570482766
1.47952221046969
1.3967424707
1.46238910939449
2.24988990844966
2.046233050283
3.45547419062218
3.42002074830861
2.23108980325514
2.29050869713879
1.86415145086318
1.95933960606888
2.51047613823443
2.42583501745947
0.935676064951495
1.06932242354167
1.37105774888275
1.60126157252096
1.19507237888458
1.07699711447416
1.55463825367071
1.74710234264607
2.20709513399476
1.82805108329651
1.13321364553953
1.76108388637754
1.62664120879633
1.32579476471747
1.7483453985818
1.49359552765247
1.36923857990824
3.33975780622142
3.65139058566558
3.40921146247809
3.42395458895264
1.44981636534902
1.13026210352862
1.49149300922175
1.58391118877417
1.80227215068013
1.6848725012459
1.54353783820874
1.97921180192415
2.08202304610158
2.37134826605273
1.39443235617602
0.840822326012482
1.40776405494715
1.58292211644113
1.48789846400226
1.42147162564951
2.01495216069552
0.845297062470143
1.43290588282757
1.92781276218164
3.03635858946008
4.47400519696346
3.24275128312855
1.11866644085365
0.839236776485525
1.12546946683244
2.99194913333726
2.61626583358411
1.33918413383634
2.25570149525946
3.40765435498423
2.14525646173593
1.34757613669219
2.4458278773159
5.01422881175829
2.45168636491199
0.964342111974875
2.15478501212126
4.09365980235539
3.58709099383123
2.70483381329362
1.38685952038606
1.53419799579711
2.62379900429335
3.2186918028687
2.69399587482244
2.11567497247813
2.19836686862751
5.17673160895871
5.28892295538106
3.37695770766913
3.89505862689222
3.33726073761939
1.88274729176813
1.26646818428322
0.88570467716868
1.59608386630436
0.772315423837566
1.06353334845488
1.18371114287121
2.01770346808705
2.44222496560536
1.72025405725498
1.65044617492621
1.81939228463678
5.30034547676858
5.19096417965891
1.61436443368291
0.98605957745062
1.56137901558074
1.6272529038912
1.19976308631423
0.888713622773047
0.747076671937169
1.96519015183542
3.34942676744532
3.15583809807749
3.98996238610985
10.8649551845446
9.44195096049852
3.98014494669456
4.70518317173875
4.56852662901719
6.10348585222883
3.14835289490519
1.46255626377346
0.926430911359496
0.947300545926142
1.12635704349385
1.29949579163394
1.12920218758059
0.828067569359053
1.98905813647611
1.93754269053904
3.35357061414476
3.98221787088886
1.98789211285292
0.820280156005894
1.07919067400517
1.34778329634214
1.66337064189863
2.40444176696533
2.53203018450246
1.72831468360887
1.81021135299295
1.83149833033265
2.75435787481431
3.80965735514998
1.81964469479894
0.956318830591515
1.16743846675958
1.56702234889214
2.91979660627533
3.33267662482079
2.05770978857641
1.09439358577196
1.28247848112696
1.61018231622338
1.74774758242144
2.32609362694469
1.63637007293469
1.03869987256029
1.08502365379833
0.802151114170956
1.39267893792582
2.09542372029049
1.53189793698672
0.710191436671475
0.883644873319249
1.47693105225824
1.26324938232729
0.917758114071485
0.882167431924097
1.63970184821021
1.61870204831163
2.06300714890774
2.25334233679242
5.04772666540494
10.1148767390666
11.2007701813116
2.9984721225748
3.22253248082119
2.36699231392495
1.05901696218971
1.49078142842474
2.33167688352277
1.36782455577557
0.851418349105511
0.836503970686553
1.43125524572052
2.38623849582176
1.42528637394502
1.50769434424509
1.62281237785791
3.60747772931341
4.71961940419742
1.43869211725487
2.11376913558191
2.15229017858197
1.84186545057466
1.65543321328984
3.14242810086179
2.77029242808411
0.915258581238263
1.29763521539686
2.42757072522536
2.44623509389798
1.99936984472895
1.77600673035196
1.8209407438917
2.63907051793781
2.80008226639652
1.57047681056889
3.64890978164392
5.28948215736018
3.50422052215801
3.63863653160338
3.76055962302068
2.24407809804809
1.19151181646711
0.9928102022442
1.46366468195736
1.9932040945686
1.46140838234386
2.1357744450861
4.42791533865246
5.15903963454947
2.08236798404823
1.26350519051284
2.24748476096701
3.38254603973113
2.22821040007008
1.67808096632728
1.57759928424152
1.09854257784918
1.31111241185524
0.936291103470763
0.391435095457329
0.635571452075977
1.9084397317819
2.44445942748025
1.53986290923124
1.61870539368424
1.75783045896377
1.05678611531414
1.95367798112879
3.60582651257278
2.76502331551993
1.36914845281199
1.8035212295601
2.12458473944722
2.51572628576102
2.02857716708462
2.19711654864282
2.83453867341096
3.59608528492572
3.39058730796595
3.62577261422961
5.88390421210091
6.02573999525279
4.23063521492804
2.05771379394477
1.10046522073273
0.817984682790302
1.35425804909247
1.86432921263167
2.63904921247401
1.84707371407642
1.44104258055225
3.32350255092982
3.73663217885453
1.98514762515911
1.18631250216441
1.55944871391271
1.64683381370294
1.43199476170055
2.30328713634151
2.31269493907807
1.21082838504073
1.38177619065783
1.55797066313181
1.29398499168766
2.34484627597465
3.02151236121901
2.87162787406714
2.79215697824777
1.82136147282779
3.12916930831218
3.7430340957408
4.96723133712671
3.72002748364193
2.4956191067172
1.74051489618925
1.15484838982037
3.11727981591662
2.35772557011299
1.90008364774783
2.89303794692918
4.95401474879434
3.43685298989249
1.21310717224707
1.26031460093257
1.00839958591578
1.67640312223971
1.20332678339449
0.852915013843675
1.18048729978867
2.02848381465373
3.79921368431308
4.68607046160409
3.16550556350085
2.27459184258266
2.24703382744818
1.74022862795817
4.82911951144419
2.83415145137026
1.63201816926025
3.51533816220652
6.84589366775467
3.57307469941275
3.93158085195793
3.68315697131849
1.44817168939239
1.66197431342648
4.82506405076555
3.27743301448015
1.36663744871083
2.53401266380575
1.83021781889662
1.13473760798359
3.60812570843947
5.1862644096405
3.19146309929706
1.33707086333417
1.42481022132919
1.35355621626459
1.71919237439578
2.88187573227662
3.7939910921048
3.11221275962049
2.95797353680017
2.41036236609618
1.91200055034347
1.13008569848363
0.982241789676949
1.14586865979717
3.10618342014809
4.21967560376111
2.31480323176276
2.2180186882512
3.1959202329408
1.74256288997756
2.49914638810188
2.48909647550974
1.50743271830071
2.09288844430552
1.77161649530669
2.28958992978857
1.43254527157674
1.35086869176228
4.39354692014515
5.92404001997009
4.76704359939214
2.3353278013219
1.95189761266876
1.76654950545273
3.34238934842571
1.24368350741477
1.37093365110006
2.60321931071706
4.18835149868016
4.18153288144034
3.13302952119743
2.19403008545551
3.29723279667124
3.48836446463069
1.5008204908366
0.915118612137908
2.72895053708382
2.96503581023952
2.49084384237952
3.05051412811859
7.22323937858848
6.50907954466464
3.85278466286807
3.21245206839857
1.32729679221498
1.41289747350802
1.81664251800635
3.30375116740185
1.95966119683306
1.8320636456669
4.74857836157391
5.03945023888159
10.0802230293333
12.5344602479996
3.20514101271827
3.75673829772892
1.61195841449245
1.82787100969811
1.56429288289787
2.61187908536504
5.52451525082228
5.97124363391346
3.76225734807002
1.46472659378548
1.45165193136159
1.19385474331017
2.20500888258957
4.52734373575981
5.13847965149264
3.59674444480056
1.28827685849775
1.13540060512642
1.76189861214178
2.02830383840538
1.68781736840951
2.71197059649914
3.06844239259933
1.39939454359155
0.947773293740749
2.84608606476142
5.12698100647677
3.74276586890071
3.58256423402733
5.0358794407252
2.49534586421171
1.74829427635919
2.03155130043117
2.451130447231
2.37401788207466
1.75536685887722
1.45891258797908
3.11274971694607
5.51027915408875
6.60762875252039
5.93033749923506
4.63012743909507
6.13586331256519
7.86438659648823
7.91382058634318
7.89386978911829
4.98494219716817
4.79118819235767
6.89328095909163
6.3128722049113
4.84851153406234
4.92735639887406
10.4660854942952
7.23476513065679
1.73464741222077
1.42358450413679
1.61761329789427
2.68169099520028
2.07023729985604
1.66239006479104
1.78138451418106
1.49771072140986
1.46456773960095
0.901528378611825
1.67570576337944
2.80395567703081
1.90679864575025
3.14854839769402
3.97372689452628
1.31522811444655
1.94037112698206
2.06911108574869
1.57087640915168
2.15627096789383
2.10863127509362
1.8968071261959
6.33806813675239
7.06589418196486
4.15952396013553
2.44403127517445
1.53743221499346
3.80501900215097
4.03055069204366
2.57304549166711
2.13778356310313
1.55072859833911
1.06249802270078
1.63861737964081
1.4618995969156
1.85304935745135
2.33384250065439
1.87297139011851
2.29768523874691
2.13784810688483
2.11987913795977
4.11363684963867
2.82224741704939
1.51242184361615
1.26921247112631
2.34444756022383
4.39393713227829
3.2092277656035
3.23659954068966
5.89083868384547
1.89235700691733
2.15833538035533
2.27386995513359
2.90080681252343
2.68047388940205
6.7004983395543
9.78084271894404
3.74700853224905
2.27164998830755
1.54506144605051
2.19290559845998
1.98509447931952
2.33333044559528
0.94000653791049
2.96308748293612
4.50883428383383
1.84363760765336
1.31398808144882
1.29317259856946
2.1495858858655
4.0335079359853
3.24765623105404
5.14170757657123
5.09260843063899
2.60893672943914
1.17398474802369
2.22406341338962
12.4689574967083
20.0962741817193
7.17893660594667
2.41540222715114
1.17984382183021
3.43574756765717
3.20286887184292
2.07549213469691
1.64100696143057
2.40018509238493
3.11374228303329
2.74017307691795
3.93773052259303
5.46590657085003
5.70868938839253
3.07008823685195
4.84876194939195
3.06618258412997
2.88616078835136
2.57119922216317
2.27193897430112
1.67985314677235
1.07583443439156
2.37704039343288
3.05078826156139
4.8126117654689
5.25337925217272
3.20474191752543
3.04781601926826
2.68010801918843
3.58362764724061
4.39701418801922
2.72538785831623
2.48857557007066
3.90879797257209
2.23223017443823
2.39541510625151
1.7391204986628
1.47549013084376
3.89015940093548
6.12961268973024
2.40969808918511
3.06079297138235
2.53272502625648
2.99663559811821
3.32951059781249
6.31348054091142
3.88863949117992
1.74483924580729
3.33694537332324
3.9500635978437
3.86204918789362
2.94188360122921
1.83827739086637
4.78060413908663
5.06495260165038
5.07731917042675
6.17541863663146
2.78544767606959
0.862633881248093
1.27379014645529
1.93394542647932
2.02346915355611
3.35116110441264
2.96632888072437
1.42161317138848
2.59706237409117
2.68053686676687
1.61029233325497
2.36628397133504
3.45089917604123
4.13825101964842
3.64949721647717
4.23602030151005
3.7590548370247
3.93119150761685
8.2491973022254
6.45598926235973
1.3997869697858
1.85484940680439
4.50243543327503
5.76460995380474
2.31261440637958
2.44411016082078
1.96656486305128
2.19051483285452
2.2126500806868
2.44508905613682
3.10543415359976
2.60728899373611
1.25432617668824
3.39894263773281
6.29439566243649
6.44384572692355
10.723150460776
16.8996102799823
5.55325813637788
3.84861711119372
5.08116393434844
5.4338809936612
4.3680341979833
8.72952741190694
7.41591090359063
1.69330671325286
1.37959032485572
4.39085430929512
3.68560516501086
3.08302961967845
1.68608041311481
1.80371668740556
2.32099375160554
1.62873913902561
2.20439284340397
2.69237827721068
2.15209014744512
2.49450157657978
1.35974562944435
1.43567015650131
5.37109223965982
6.27611277581726
2.81227621749759
3.14346735327924
5.41550780389348
2.79075521807702
1.70305577398088
5.04843108030592
5.86072121371885
2.67268022087088
1.99289028640901
2.83668831586688
1.91804772842153
1.11416223302676
3.6514913704337
4.62792828921169
3.17008313787456
3.22237630627379
6.1761591670313
7.8283598473946
7.044849939712
6.85753672851045
8.13542182012016
9.52660821084727
11.5594940501199
3.24545641610307
1.88661261413897
1.99753608033428
1.95948813980333
4.0418038239652
6.36501936499655
2.05719736434866
2.06998921313457
2.07233256387387
2.57553406340866
3.78850206941094
2.91307292358323
1.7390879534559
2.01836973019797
3.39711320861048
3.02844652357408
6.73379424355611
10.5062124619462
6.02549419289476
2.51386198664514
3.23617599582781
3.06919236469231
3.16870259602676
4.17062208606679
4.77366525363214
4.47477712181177
3.6728686369415
1.53165971497416
1.78578150562039
2.14049412754334
1.551025605032
1.9195635236915
0.957415106799854
1.52543144899974
1.84145498722659
2.55232681398938
2.12351158356347
1.83137975172258
4.21554834440671
4.70554982334478
3.63506753846844
2.88289377741644
3.04889892900301
3.41168313977325
4.73161725009042
2.69403204800997
2.59698763669298
3.24485112840419
3.38175246428443
4.80524998850158
3.38590603890288
1.76982435152602
1.73704717149218
4.26399750029385
3.89647578621484
2.38698183932873
5.0465840535958
4.86153715375023
4.97095292825724
4.41010261141469
9.20640126592918
8.96398107508006
5.10644607078692
3.46109961711155
2.71579781559772
2.42813812403504
2.65426681747462
3.81450972922555
5.994905666699
5.24420844321575
1.75525991796735
2.75787469913831
2.33672568200776
9.61612458545234
7.27115372657427
6.61513801536422
2.17326251949225
2.35750843716883
4.57466141377172
5.54080480245572
4.63551444681133
3.06972101631787
2.19651604870326
3.83844099076013
3.70221570563887
2.48353460918526
3.76759047502406
4.04954795668402
1.51982386040178
1.39042458582186
2.27498421543805
2.63061274559015
2.5924316972884
2.4250367725965
2.51107833739084
2.42299440754399
2.40164968617978
2.8239472979262
4.26266349053589
2.07460642902203
1.59029989395985
5.22097236743442
6.55426249909988
4.02831338129662
4.43964942487536
2.92218983636495
4.50157358964479
3.09419561482666
4.88324342875748
4.78346990399554
1.45701798792598
3.47283943406804
3.01585003379769
4.20462529995421
3.58999670988623
3.09288918953051
3.59847618384584
2.12197727951517
2.54582689628034
2.23534815358029
3.30565959117348
3.65772867817877
1.95685506129248
1.64028586383314
1.93044227505477
2.52238699984967
3.63378848725676
6.13989478230768
5.53709776616007
3.47474129476335
3.8233392524374
2.90058593647029
3.8978319379951
3.06632324306694
2.08371207044078
2.24508459501937
2.93557921399671
2.78000204475551
3.07021534817172
2.73687575097519
1.80408388675343
3.32121648329586
2.79224963237741
1.64010926967698
2.36745996680278
3.30610486994205
2.89809084434505
3.53225109137119
2.90067998549159
4.26229179066911
4.15661244683942
1.94741582948026
1.47548975559739
3.22498511003281
5.95376076322518
4.5940498641828
2.96279885609825
2.25912063779229
3.37582440923987
4.73869842458695
1.83631631729636
2.11046681972479
2.42651667406677
3.53848435968631
2.88276765983497
2.3683090955068
2.04970116600981
6.04830307486616
8.57694659000721
8.15015413083659
6.90109253220943
8.24033495976006
20.8312330468829
15.6564700206138
8.14384490305396
4.0270964608956
3.37018367390368
3.90937263658296
4.18322022429652
6.48752362337384
9.3104025055691
4.44527083242883
1.55008719884034
3.25778475355253
4.15521810179478
2.20437012936358
2.0326342218367
2.2550031533848
2.6243059321166
3.25245035897679
6.15774333122395
6.47918178055419
5.40643096621223
4.28663808628716
1.97047449095516
1.95606791399106
1.23084928010342
3.52955218362012
7.30910548316629
4.95420681800972
4.44226136780039
4.43676324505577
0.665199856951767
1.70063520682827
2.10493471115141
2.80663149653007
2.99210601695157
2.69355976504494
2.08908239253086
1.54043112059993
2.98676882474179
4.25794906178049
3.97557115864471
5.33338567524809
4.75284183651112
2.95860464025078
4.15285006073473
4.06755671679752
4.74893596047951
4.05075187442369
5.36880412338137
9.0380556214835
7.84011410153741
2.53106097354908
2.43156778815896
2.17609584564764
1.90301059165436
2.65208101616783
3.75973218727253
3.2287803510625
1.81965201105545
1.41221284996625
2.16960449465101
2.09577933074091
3.23086766029372
2.99661198640477
2.72158347359113
1.95113908809305
4.69841715169299
6.02863250835431
5.40887447998975
6.40007113257067
4.0079070693197
1.94272475750612
4.66852681020851
7.60622448256614
4.04715821345937
4.60024441098919
2.82689777508582
3.24754759701906
2.19603314622166
1.22587171905919
3.75258320470702
3.24606868692901
3.73529913555227
6.96277899781602
8.06569998613702
6.42696863441079
4.92833434657116
6.61688079990659
3.89877228892162
2.78542731373578
3.42129312666672
3.86316000048422
2.60934473360089
3.31210513886515
6.64077252271347
6.45966521589175
4.25085277760591
4.65112493448721
3.05726396581986
1.84712252343424
3.16628354806948
2.76967732618879
3.57419649292354
2.31419783079749
3.57084866360742
3.6714998464369
7.05624160938929
7.39380984925012
2.2070875723669
2.3914540193817
2.33116024306989
2.37180409629489
2.68532613814802
3.52684555610963
3.40092176723908
3.73155058990584
4.81590460331435
2.47642325402955
3.20626239519118
6.19929946303113
5.68262596829313
2.62618061075068
2.30856703116212
6.61139528807762
4.66212927146853
2.0621831148682
3.51567220346656
4.30321913630694
4.82668013710271
6.26357222435414
6.4856739420498
6.62191461224722
3.51694677266526
2.05753012838055
1.86083428015089
2.27865303599013
2.0106641466876
4.09502141303784
7.23751159591155
4.60796334193006
2.16271936638492
3.28352656971656
5.20157068371737
3.1235572208342
1.56080214082476
3.75089918263634
7.00612102588391
3.15277716479703
3.6697180269488
5.5762017298032
4.4973618470621
3.85701801451008
1.47520511749138
1.64413878755956
3.26567691273468
7.35673934365481
7.01845583551527
3.27484906591773
2.08409188182784
3.34256911895334
4.30955982752211
5.15301793498181
5.98030143588103
1.59972023855461
3.91097415726812
3.80987350492024
4.76509542142484
6.0803004790617
2.17805348930383
1.57884227606572
1.30869251822815
1.4220594404983
2.45065190613578
2.02629474193027
1.66624816496857
2.63604611702049
3.56817008857576
3.84716086563638
6.51473894130582
7.26470288171203
3.71595018455711
2.10835034792995
1.24744078936066
0.862027704390685
1.48961186559179
2.67082959981162
3.518194104566
3.65204398181914
7.45751903349048
12.4118080006567
9.59749148869578
2.86827655734287
2.92964389638382
3.35967262354145
3.35794417624614
3.70581854372908
2.67971649647962
4.83098008469196
3.13243135487193
2.74466546387124
5.95116864828024
3.2849790955956
1.70545070089704
1.87196227502621
4.87579952409182
10.4419220033733
7.98838869205318
4.59217439434085
1.81569394046245
1.7851169726104
2.43988988594469
1.93481165899382
1.88860454171048
3.07536709534644
5.87131274735115
8.53081192393731
5.06305153411285
3.2672777528751
2.73913435831656
6.26007097072088
10.417388030624
2.68043678459426
2.14028137331335
2.71967283537529
5.18801819562231
6.451362364288
2.84513212412812
3.63930466012676
4.66911874421697
6.12754783913563
3.29631970245198
2.28266270141125
3.5524480414955
3.01088217066691
1.92694539111587
2.30732363200084
1.82419415995492
2.8372273576477
3.73026268457563
2.5042877715286
3.12302675545646
2.17051756919808
2.94686666639922
5.96904706075836
9.91619446833094
5.80920799180467
5.86483967836919
6.56449862553927
6.27615235753189
7.26481736099542
4.71957759816129
2.40921018683706
2.06420143531819
5.33698236589003
7.76035736697006
3.77705579791478
2.60491666628124
2.77173234430634
3.07601201856141
3.03815726111605
1.37388812362866
1.90849390288051
2.80648323573351
3.25612528744729
2.03651414641356
3.44747442046281
5.47438615605472
3.01589273288822
3.20251608990136
3.34939899426823
2.2793908791519
2.53496399280655
4.18302131176085
2.57859892216906
2.09959219331981
3.37412407918816
4.1246499542741
2.3559547076196
6.77809609577891
5.32037555707147
10.1372666931419
12.2385593082669
6.16382786641287
4.42194216346742
4.23383573627594
3.95876556004454
2.34940829480626
3.33402751320894
3.41934193439829
1.88722074923158
5.32980179901398
3.39607113316834
1.42577298358734
3.50883892222364
3.51511230267163
1.99124866234344
2.20895876383617
8.29130481715461
8.98127266366665
2.93994008578002
2.11214344215445
1.88544482384542
2.09093765444762
2.59215184086793
3.59744939321515
3.36677964861157
4.99352018371792
2.66909482971755
2.33018421026704
2.27176460269491
3.1962700760897
7.06855752808875
6.05339997272241
3.39654959032825
2.8099136871501
7.66512206480553
10.1038526953093
6.58713524110749
5.05805096915402
4.22456958491323
2.81460383880752
3.56520282939688
2.80497463036456
4.97457724620824
6.14325838211636
6.00110152105453
5.7485485577836
5.15960851227711
2.78315582731511
5.27507739681426
8.86923581766196
5.61403996075748
4.59987970302642
4.22065818015916
3.11679613127024
4.07804255864588
2.15134377915816
2.31709961608515
1.77778719944597
1.55904954701087
2.32324325560136
4.15923006587268
3.47916277180605
4.85513545494079
6.04682488815429
7.7313955125164
11.6557365321724
6.74391124807588
2.73844220729474
1.98122282381982
2.72467584490023
3.74840582639802
3.19014017851769
2.21030815876028
2.38346845896399
3.5249733438869
3.55596733818363
2.32859185867735
3.89101811208303
3.88905769088983
6.51007857241597
3.59916602512939
1.91027551933638
2.22553954227814
1.09707595858328
5.43968455153876
21.5197007688854
26.0591951983297
10.2135670164259
22.2923066844642
25.3996409927384
8.17491110454303
5.66083748037257
3.67761955666734
4.17824321778495
7.19573818045189
7.35332164649557
4.30403537814995
4.01340198178786
3.81694323951346
3.28613670302624
2.5615467356967
2.27626189594925
1.75680575336981
2.52997454904497
4.85028431016921
6.06988545652362
4.75778334513939
2.95079388547143
2.7464055563294
2.34276088491978
3.17074432841897
3.53751915295904
2.53096759442971
2.95124506583465
3.39983535515032
3.74523708410767
8.74461212862712
8.63235149679479
2.56110988102242
3.62938866986242
3.49966489069829
3.10720186811457
3.35561083277935
3.95285603879836
6.07246007638503
4.70696570094129
2.6038505630046
6.57178131192169
5.8684771680397
4.58920471526406
4.22554166993792
2.68305315423496
2.27402800971812
2.92416998886634
3.32483927621188
3.42497431614046
4.68530777602256
4.19582954093825
3.92523578794349
2.66766319839838
3.41303803639978
2.81479289857798
5.94854939721874
10.9898808061754
10.9815755122387
11.4843506506766
6.85244821417645
3.26800339356533
2.02716899574256
2.20796905636037
2.7536235264173
9.35024161939563
10.2223090560538
7.08272648105019
3.86580228104557
3.08078305288968
2.66748738072069
2.07842076780964
2.79163783436308
4.90656577392539
6.67436940288284
3.05237607369127
2.49411845147859
1.70895250333231
2.06206109621576
3.23591821982466
2.46815592157991
2.15777447572053
6.22385758134635
8.48931525064801
3.63686166671937
2.99194677749076
2.50745862667908
4.49519414109689
4.5962984315005
6.35357030413151
9.65167375438824
4.71161218041548
3.54255495851498
3.9594231143252
2.8328678830591
4.09898472832307
5.52286240569586
3.21333858502256
2.9725555295844
3.19743714631002
3.21492733246437
2.41038114944705
6.31956649020108
8.88125762328306
6.20211457842766
3.74558650397774
5.19192708240497
10.4605081788875
11.2549592759293
7.18356872081254
2.57494987630558
2.46296804604005
3.78762350607209
3.90392126617392
1.99760860929247
2.34960825396294
3.19760288181794
7.12560514085336
5.70198621515872
8.87612423062706
6.76367108033043
6.86561081730541
5.87956966374189
1.86507577256118
5.25629113780189
4.85407153024513
1.78742496436492
1.86625167436604
2.21514200573122
1.81806793074031
2.08947379057713
3.9464385649422
5.08129925812134
11.5655234941942
11.0295466576569
6.19302124227307
5.68613162080592
2.80590136909369
8.02123457576073
2.55210735626148
7.40626837200769
8.72885732699382
17.4854785396638
15.9532206432546
10.910074519699
8.14357339090335
11.0473972734586
9.50686697681486
4.47913001156899
3.01879576591305
1.99276748043091
2.12034219111448
4.19988339486833
2.41912140040479
2.30213848033631
3.30415692696455
2.07424324904489
3.11102806353513
3.56455143364156
1.6171537430727
5.07691695348217
7.46398514809714
5.60393906142053
3.69058318605712
4.21260576992004
8.82334742946295
10.6491997331369
4.88376161728151
2.90193853384736
3.78497273207792
4.79980193917162
2.35421977739764
1.79766504854637
2.81361096139289
4.05497012237952
2.70240580879213
6.0154379526701
7.33844813139138
3.62035514462283
5.63680738522466
5.38947004910433
2.87446754143479
4.5820184110931
7.31190645406089
5.42033395065795
6.97751528128996
5.14328391386166
5.71233576035739
2.01113886724461
2.70203665558758
2.58570965330892
2.57318487192815
9.19258525447946
8.87239744207067
4.0375927090679
4.82569691276377
5.38216415265321
5.27535497137761
5.06530440840546
1.49750255022364
3.53186454448294
6.94615864870433
4.33671791386422
4.21868684143983
3.97004504708422
1.9197707451614
2.04405397889492
2.92179464859869
2.951079339969
6.2187113193932
4.23924782988509
1.78408715476353
2.7704563503517
2.86303722505226
6.90782046702857
8.27538066128228
15.5577074453279
9.82703249468315
2.15742451694965
1.34472694981166
2.27086464708945
5.76550753946981
5.9507893895937
2.05149554995828
1.40333049887266
6.33447341768802
7.34360402699079
3.53957883168964
3.5824506574087
2.14083121705166
1.70868343338844
2.7686869267255
4.33382210508405
5.24323962802226
6.14522005449642
3.66488255363223
3.46869605507338
13.515486903877
9.89289182396815
3.75583699171568
5.49461287728275
4.50806424535398
5.70920240631271
5.69383830988224
4.28905202499616
2.39766866701281
2.79821406630595
3.45078630627739
3.38534067668452
4.83898163289566
4.12706138663469
3.66106208844005
3.32828521969204
8.9068268587585
8.0279328427401
5.51251549361266
5.42470345906981
5.27393842846514
3.98362878445282
3.74265681533367
3.36807497089653
6.37478101777556
8.72418899812867
2.45690967781424
1.96441672272246
1.762510594769
2.3077357746116
3.43935453729685
8.28904749465554
8.99312399129792
9.04479041991979
6.78624557997181
8.71948714221434
6.82230730807353
2.07441264687015
5.42179399008195
7.70792197153049
3.7427990813969
2.98552160163401
3.8049000899662
6.47547863971045
3.32443262263994
6.38451110439264
7.40007321073938
6.66045393566208
6.20834660292962
4.22376694975203
2.5177465510902
2.41820492685116
4.70482459205126
3.94864593318466
2.97240981958912
1.74114589447929
2.46809408680024
2.14006526485499
4.18955206025683
4.91979207142462
5.14895319015546
3.88516116699975
2.09696227494637
2.24355084557366
3.36865874812651
4.14399833208617
3.90000081265825
11.6580196809292
7.97321323475818
3.60397737135068
2.46943999366664
2.25950148361274
5.2218138207598
5.92874251333938
8.08903892596003
8.59197409951163
4.73382748758107
2.43368406126299
3.57616402264406
4.41426988453779
1.56592811466308
2.19821697246311
4.99965461856958
4.48138934527891
6.17658283782614
5.98837809657666
3.40558007580148
3.0982649294723
1.9387420778362
2.82881731412549
3.2740278743345
2.45510059258889
1.53425149984593
2.52590738403538
5.09897030067589
5.3478876459908
8.11884265011743
5.00100575091545
7.1135835025678
12.2935150356723
9.54024830271705
4.76487329735995
2.44056049601733
2.76908322090161
5.86168529068859
6.48746752283243
6.13368676018273
6.8009491657866
3.78723635012662
2.26441404940108
1.83322964364676
3.42124592783551
5.96689851011858
3.34485328699884
1.77226014505217
3.53715389456872
3.41290475248772
5.86898679332124
8.69197176366141
11.8228331826579
4.35367772592485
4.08294728494713
2.33222891262218
1.44190391327381
5.27589720136703
4.97457158356874
2.19086805509277
5.64375125934949
8.25658950117242
6.00784636787479
2.84837319752743
8.76549093360968
8.73007780258592
4.95557146036983
3.86822051924379
8.81354754859394
6.39567762519314
2.02455363977992
3.03432605597414
4.15894916500779
2.68347296742381
4.55120989810473
7.42446182146859
4.25072943745312
3.17709356998698
3.55527726090763
2.96769044793106
5.44716107298283
7.72710956848233
4.02994696816023
2.98909799706634
4.35959633020604
6.62628413386257
2.85780968997879
1.76748577471101
4.61743912782689
3.61066002836368
6.35388348750456
10.6023527287129
4.88002840735077
3.31345371975921
2.3245003131617
0.771741926763271
0.805945888822679
2.77166299350201
4.18702415447868
4.73960864869443
4.57156846360625
3.04189698239891
1.56605437138278
1.57478417719275
4.12830557751942
6.03452578858235
9.91543398722253
11.0383776262073
14.6423556335972
7.83983242101974
4.12684557743447
2.18639255941154
1.91482372781554
5.37872276521776
5.73926449180056
6.62234707344338
6.54278959084095
2.91618085837914
3.11427879312063
4.4888049807744
8.3120693251666
6.1331994804746
4.65732413976201
3.15560120652105
5.75138841931533
5.03344497993474
4.40420747140236
6.4678412809768
3.21809722141499
1.7775034793397
1.97633615578589
3.93983992078838
4.39238459436029
3.26396468966798
3.76993758510288
6.0920317522724
5.75864623813907
2.50315887839227
1.6491464078169
2.2889148216115
2.28883259824954
4.34041294017815
4.33985486773677
4.13699831810632
2.99088054020575
3.48629062465501
4.07508470605928
2.90968908347889
5.01792606756412
7.30249058107999
3.27484057545943
3.57041541333375
3.96338193048746
2.1467738359455
2.47654178021483
4.34286510993061
8.04276127525742
6.39466994247802
3.16501169000368
2.10171112933717
3.97205579384658
4.45057062810444
4.29534638671926
5.02708133584751
6.59948118899824
5.1989585010078
3.03116462096754
4.47447610276084
4.2517478528081
7.33090858139891
6.66113819630173
5.04807920820057
9.76171225479576
5.80695111451511
6.29266164075719
6.26755641449323
7.1248340169631
5.85552903311823
5.653015523444
5.28097821830984
2.61103040625835
3.00513514699972
1.89104671659886
2.72668855092592
7.54800221454412
14.0777688221755
8.45299160631333
6.00276019785162
8.03662072647759
7.81431227529076
4.22830888933578
2.67534872472956
3.42422934465413
4.41680624156645
2.63696676086047
3.07981801418437
5.95382625629727
3.8873977384749
6.44428661601379
7.6474027663321
4.22333221074831
5.13748965183057
4.57511259022865
2.12598497980241
6.30901258591076
5.56583496273381
4.95622555226427
6.67031068655904
11.2763542963806
7.69399067138509
4.46963399197412
4.09655086822766
2.00813653959725
3.6813494512044
3.43695444756197
3.25131834007782
4.39133749249825
6.35842113596092
6.45020131655102
4.26320477270183
2.92971354993029
2.90146403195001
4.12531628410041
2.88094684616268
2.4465793497013
1.68784618557769
3.08708900284901
4.17537619427467
2.65522093948873
1.28852635576198
2.10140987163461
6.26068453209361
5.73078869682561
4.54775818644531
4.44077324336127
2.62074145871376
5.60522241787734
5.93867862811042
3.91208412472514
2.15172831089375
2.54457698770051
2.62901559432045
2.87357938121764
3.29788377070638
3.48462972164749
4.83253305078062
2.5069516557142
3.61962956367885
5.72503040557172
13.1019776780618
28.0118322861561
26.5858906822296
20.5313825012254
20.0497674219758
24.1344228641548
5.05778537184664
3.65498752240147
2.78183757200594
2.61844189817904
2.29482279486694
3.18939552168913
3.38674249907536
4.19837539688272
2.9015291368532
3.47030798379678
2.93570799897719
3.94897228411803
5.92224371695499
3.22778968812128
1.8697864694885
4.91261515879039
6.58648446307611
4.1926290308249
2.39220749449384
3.89846051761202
4.60228193104943
4.58732213177242
4.58118290678625
5.11212314150167
2.15356155005977
3.00966985100408
2.92494027357056
3.72770007374756
4.04743570117628
3.07024767016764
3.86625761245245
3.08345589437374
4.43133705030262
4.90057350647285
6.61058447305913
12.4992903448547
6.27361005049319
3.27085866264212
9.48238651218576
15.5489169079141
4.41636991781907
5.6421712142094
5.21611415150053
3.54087209914366
4.98655080470189
5.92249173438122
4.28903337771251
7.24067462537012
6.90655703660499
4.3225543990265
6.82550166982897
5.40680609491817
3.04430015375405
4.39399261980046
5.87142152749281
3.95357493531169
2.68279177921931
2.76772219337592
3.37916612816275
2.95813319899601
5.03304463455922
7.97078549272407
5.58455583142968
6.08844639567049
6.60108760337205
3.61888716554379
8.08836427218522
10.2084800569644
6.07590229043131
2.36920326114339
5.06449685697617
4.63448719780459
5.14576184641718
7.17203378187226
4.54862416724468
2.22692618953757
1.58885070489452
2.60665284464244
4.4187573366603
8.8092278836425
12.1562902832322
11.578089827784
5.88910539848379
3.63241877134476
2.19554064247873
4.28446841486774
4.05682732292931
4.38818818770362
3.85550192545113
2.6295947406637
2.74809843141921
4.50405979618584
7.02684808444941
3.46749443485969
2.73048663385473
3.23350234555736
3.09983453293637
3.19579948951672
4.41868655879214
3.97192693454396
2.33854214013528
3.02501150007022
2.67841226840605
4.88787126677739
4.03467629459952
3.50590940392796
3.99811681410884
3.51472071791971
4.74440241235929
2.02913421280105
2.58990703707997
3.71518072047102
3.19303653425331
4.56734545794685
4.31537470345638
2.23069180363215
1.72024241529473
2.94566441368461
3.8036497109795
2.93811164838115
2.43690348980281
6.62423209942129
6.68310965008163
6.9272787583832
5.0663527485955
5.79965538997533
8.92628193021938
8.60962975873522
8.24856755173336
3.44183435140707
5.7202918212962
4.41913488631238
2.8367334061183
3.87429955329989
4.57705627549334
4.93411047315504
5.16732916446976
7.51672678444962
4.90653814009663
4.03266032711429
3.45726662144093
10.3505770643992
13.3675263486221
6.24998311861688
5.02100562516619
5.70648623555953
7.67643897050426
5.22966326237018
4.4644191300559
2.41029008779041
2.84772435241956
3.39995037437702
3.08282376433364
2.79047165362929
1.99111202655295
2.73208291750532
2.64366048689644
3.02589876411743
3.71652129215943
4.38528296951565
2.95929302409853
1.3083107072767
1.44755009654021
3.14366961452786
2.46051869102013
2.44881951451973
1.83157413000673
1.16817255170888
2.43400328711844
5.83045825947533
5.49638929138056
3.59151883936383
1.22107384412787
1.0166257570349
4.19488176714801
5.30364567575437
4.12781424764741
2.73301047154338
4.6127586289498
10.3735523267598
8.87830784332329
2.00789296980775
3.86679590392562
2.86014145575361
2.09207912592415
4.64975070798271
4.27052538478105
2.28797692594213
3.78795509668369
5.03676214817594
4.38492730295204
3.24881488470657
1.33359345201581
1.4999211812555
2.98867584504447
1.85532783994789
1.64724076709264
4.93164467381142
5.05547997636648
10.5810700086788
15.0743559499587
8.78728601741394
4.26139206714719
2.80214593895281
2.16366677466037
2.34109552143791
1.6975415366071
3.13866760509656
5.07957577770122
3.54935742155113
8.93471282228043
7.13383811291534
5.26261239496584
2.74874855386081
3.7636998365039
4.94217232780629
17.6213614045815
9.97664982695773
2.70725189861268
1.36468418801446
1.52100338635742
3.71132731975129
5.22204561129922
2.28263703800088
1.33803780460581
0.927359032103562
1.35044962729078
2.34364050211215
2.84807152303766
8.14949138010954
6.4345307630436
2.95254015496644
4.04428313013379
6.0672263409144
3.20721618485862
5.161106248277
4.54176931488715
2.86406315178747
4.32909420962057
3.46922229163333
6.52644181517218
7.33970162647771
2.08351419893676
2.7717800638479
1.80828872804801
4.61373855255319
4.31238856998054
2.94204148318612
1.95873501737263
3.02086597618355
2.19259147409873
3.02894993467137
8.72768899291236
6.01210608236407
4.11684820737592
2.82707218955874
7.77112371560525
7.80369715632241
1.69680106741086
2.83917115162916
0.805700771506911
3.47912487487341
2.25496681440838
1.35176381577483
1.88393029921031
2.75683053531696
2.76615944499869
2.079153791463
1.51727299215393
3.2413541059703
2.79455183823254
3.6143665392432
6.08223803877179
6.94958245903717
2.52192227292632
3.4833737732751
3.9088167176748
3.53875563620834
6.05140258993886
2.6818523550775
1.44119428214752
3.58331313358432
6.32982609929732
7.25929348075172
3.18463421789391
3.07934102561799
2.85981186315082
4.05686374003747
5.86315138201855
5.0990934453348
2.8674563349514
2.25018514228143
2.26365044729555
3.32993170783973
3.24519967321256
5.79242153283126
3.60556563975534
8.04741606236158
6.34893111125096
7.31772961784517
2.42454514829459
1.13600286932501
1.49682786928341
0.842456595430346
3.71211210507142
2.7237659781413
0.964049252597805
3.46279644597795
7.33343862146153
7.85541607174401
4.3289981140032
2.74721968289816
2.84825105187713
3.64758828852297
2.67149209921473
1.42252392978081
1.57560545979592
2.11766176149023
1.74420493699136
3.36333350764576
2.21735334168573
2.15285291645823
3.90631161935395
10.9418488570188
8.14684353024095
5.21418511132791
3.53785783410444
2.33359381719742
2.6392429318236
2.77598226974045
2.51107883960594
1.38491010245938
3.29209645076709
5.59903172388642
5.11214716169979
2.64790353169362
3.47966423705404
4.16150629127002
4.2434101706865
3.89253034545438
4.47404580160372
2.50280746672118
1.24725495868364
2.83032928662509
2.74688336346451
3.02954015988914
3.6812328648317
3.42849059221206
3.52570841511338
1.74404976186326
3.55096132075806
3.31302834220467
3.00677416447905
4.23220714870124
8.85279310375499
17.1411824721361
12.4617933171451
3.93405321754311
3.06612309777484
2.74192573572596
3.71111960911045
5.23397405767682
23.9031372141537
29.5538450784176
14.7798786682435
19.0652743673017
16.9745430095689
4.39908556954333
4.67576637562223
6.44550874413765
3.93139419866923
8.2893705257207
4.55294435712921
2.24557208511472
2.78086356542198
3.1975831429862
3.65527853251929
1.93849192804857
1.54790913267393
2.23385184427644
2.83214324948235
3.21355065267741
6.08301663544494
4.70710417019372
1.96458132608503
1.37003302335673
1.55124536067911
1.28846575961746
4.84282415552448
11.2636980973354
6.47105945167139
4.19691994971877
5.43714368264005
3.92532655770589
1.6249998114164
1.78041182515039
1.52306050716768
1.5979658550975
1.22511192528993
0.923802882105089
1.28066819455527
1.1857800964331
2.23576772668082
1.20446665130491
1.10591997777313
2.43807359754919
3.31164666133506
1.48983065024677
1.41767613204624
2.58997577367814
3.05449122483092
2.20844415747671
1.0234050836242
3.00180644901356
4.25145939561344
1.86946441659956
1.98195499218006
2.29732281499349
2.69328294024949
1.66510948453845
3.76298098812251
11.7975825066628
8.48109583942811
3.22191772120466
2.94920033089781
1.59021817970716
1.84352187358908
1.55154929731212
1.45045978634994
1.29504375066255
1.39596331229184
1.45470831760651
0.868832989078829
1.48102276261639
2.81312005527175
2.7468783402981
1.1048375557
0.693277662854735
0.717002121313043
1.71906101104378
2.87678204398969
2.02818409565474
1.35277620725412
0.956511293387279
2.77392233910797
3.28931289161299
3.82478534474349
3.66952184966479
2.01068524632692
2.40821924835628
2.83137960757404
1.94719333199173
1.88630471285545
1.62738454642257
1.92142857637247
2.60539812648373
1.51590209480129
3.58428424740951
4.33450698376139
2.55503459912181
2.89509792312728
3.84409883879266
3.99304327867952
5.28777682378415
6.97946599479945
4.46333308116705
3.0038887571088
3.32241013198054
1.25646042127035
0.815934987007967
1.16887535315261
1.41689102338367
1.73141829095523
2.30436278026424
3.29338210697616
2.07187299683009
1.71687068833063
2.55618851944864
1.52377481132685
1.20814614026155
1.84426335569294
1.64984808381381
3.61831191462936
4.44291528795739
4.87977561982369
3.03141332854009
4.57222635701348
3.20444092760405
1.67524050902072
2.91691735980738
2.37805069055672
1.60268463348791
2.24570340267472
2.11501378518771
1.97500831020324
2.05299967256268
2.52445620658881
1.72095250889292
2.26496672443997
3.39552878014976
2.93381820444178
4.11116576028011
4.26931681235099
2.30201427657715
1.18757696734
0.860602471968419
2.16148507667996
2.32457037602661
4.2212237614694
5.11296857500732
2.16064504440924
3.40574262095357
8.66559172214079
6.61423051459382
1.98263506786075
0.973458046643276
1.55484299464598
1.55104205465262
1.79838026627963
1.75859702364337
2.56508135055131
3.21861628505051
2.11484190028837
1.76981903492997
1.63787664208347
1.39550633661507
1.48321847449203
3.74456566609131
5.79876234310431
2.95854888627729
2.97139337717241
3.5689380706251
2.69142589658103
2.21775704007307
1.60400347529709
2.66353555938607
2.30173637771809
1.16586820330242
2.63135722588496
4.59013366050394
3.56593798772747
2.0213898291226
2.22014665332353
4.84397793102374
4.2659800610787
1.55557957198899
1.62417780857526
2.47327015983207
4.12339296274317
2.6875356820819
2.21652901705182
2.16412332876334
2.00153613712924
2.64715835053896
5.58553236841303
4.23787312881518
5.3659726127092
8.95670960287609
7.57696159169868
3.63472628779005
2.55177321848481
1.24387127320972
1.79134612624271
2.11627279346079
2.64731446017415
4.00213150126849
3.30153539966315
3.25896775298639
3.24445883413828
2.17507759168761
2.19997616679182
2.67559785663365
2.36145964257642
2.67686321786604
6.63612100228798
12.5178657154352
14.7775634394708
6.98417882455916
2.75166826798134
3.87462897212379
4.33747549484329
1.62825468354868
1.81974887918756
7.21126162107645
5.76066093330467
2.91600931808479
2.39662863131432
1.71809059231971
1.00430547531736
0.833909728626132
1.18794464237728
6.83393413654039
9.18234777987561
1.81100684978911
2.37063881370744
2.15783629265642
1.65075895729052
1.97288603136461
2.23418528658341
2.65818719605698
2.25709060265188
2.05501353062364
2.56905461370552
5.39919854689966
4.06892131035385
1.65704018396104
0.839682871497415
1.22635020976293
1.60733950099083
2.86620373059843
3.10416182620444
2.44154434693892
2.6190052195445
2.09143887707294
3.38714039428223
3.7608482698504
4.33785715204934
4.27945785197892
3.38804687365285
4.62141831292594
4.20778128305376
5.5841914082225
4.28130504945652
2.15033083970217
2.26468724889627
2.41769811351065
2.28245346663119
2.50109376191002
3.5373340373521
3.74787852489726
3.02730505264161
2.96034808898597
2.98418799362403
4.637233885515
5.42943482473551
5.39067410879337
2.46291156276452
2.98722075125787
3.46790034859293
1.58472348846095
1.10589430350335
1.26064354278428
1.89951678464352
2.9209312045973
3.49577079913143
2.2324632402031
4.13013275831821
5.49472912811494
7.55330485547525
5.11652915054513
2.03780976091032
2.52095903211005
2.63394147649999
2.82151298060543
1.18673855621533
1.59507597336672
2.13602470522994
2.17180542339826
1.80848350115654
3.06613891708363
4.37111941191258
9.49964627973517
7.54102862408743
3.717377606038
4.71818593736322
5.73212143676495
10.0844109102843
5.568334323422
2.45888673855011
1.19708812816216
3.37453896802432
4.835147219037
3.57623375254671
1.589442207472
1.50789859960863
3.00705066380577
4.52766050147853
1.94346934493853
4.5955802350411
3.91703193922098
2.23835731481563
5.26467214893791
4.87401490228402
2.61411398753625
3.31019409717505
7.96042927024757
9.47160377075807
4.74765427975186
2.14296539587575
6.35760297339504
6.45552307836083
5.43969732059139
5.14210391999639
4.37839004283131
3.34035975201664
2.58942407218435
2.55320703891249
2.53295718789855
2.96613910862568
3.94958960673482
8.22240656509981
8.06667175737514
3.60113501175764
5.37988906231684
4.72449131079197
3.44160752890416
5.22058280527314
4.98960915896378
3.29629263128876
1.70847069889179
1.76473010330813
1.43552212184447
1.33307186673304
3.21000595271401
3.84512789211937
2.39746804209181
4.60744622500406
2.2553852346481
1.47263269748962
2.43605253826007
2.30882891500539
3.46755977807325
3.64172621303179
1.95825207190737
3.271088170973
4.06458281671603
2.48359881447414
1.47135739181669
1.43457017952458
6.25398086050009
6.27709124677319
4.38719900974074
4.17367931063492
3.77631044787301
5.18337674965491
6.43367779542562
2.69855480031552
3.06065552186579
2.6081856478847
2.09588621601508
2.1819927785903
4.31034081969484
4.51989999887798
12.8474066578739
10.9958128329802
2.21511192618681
3.79279386499293
2.00163486882167
2.21871503436483
1.96861949574155
1.45249884927191
1.50371631683396
2.25766620330113
1.24796506154294
3.51966370551422
3.99989410574143
1.94388149398143
2.92011764975912
3.37855251859097
4.9408687464057
6.60238665524851
6.05991096946034
3.17440212837004
1.57823452200572
2.66165270642618
2.51827450721792
1.52363155193031
2.33653857645538
3.75555361106501
2.90619484016836
3.12912819210069
3.00226690307173
3.33674719302108
3.09084480339024
4.32358844921494
3.70374797875269
1.61224781853005
1.51295307256528
2.40488268943621
2.21674755787618
2.14272749682411
4.94345156228989
3.96360183248679
3.87157794884635
7.66071282740719
4.98917337182955
3.89580397614288
2.37902399057667
1.50556643114214
2.78214727351898
2.93461794042427
1.44317334236148
2.50569248549262
1.67267171220965
0.982163576116764
4.72980190241144
6.49436267904049
3.84326537982525
2.38198806769272
4.32921959380507
5.92213739229765
7.82930988655305
6.5516904151448
4.08645704090031
1.82662532799394
4.69261533692647
3.2138332710779
4.47962861785763
10.9623943944292
10.6423467065467
6.59298163088592
5.9661094982103
6.57877643898833
6.22986515893903
5.34317975528656
5.43399806951456
2.14412244465655
3.52784224469575
6.83639330977407
9.54861136653224
5.0011611073879
2.3319180392468
1.8205546900857
1.92073684136218
4.53949380626008
5.78771656782945
4.30586532539168
2.67388719456059
2.63691472557964
5.78974588485004
4.60093662962394
2.16037453565787
3.60761017762003
5.677417111748
4.31200587628334
3.51152428302245
2.89972086325743
1.10185201281293
1.83625716124063
2.14268740107477
2.59179680851552
3.59186039972516
2.87969224271221
3.04981112565906
4.83581879974333
8.30327827794001
6.57650356737247
5.16744528158872
3.71647184220571
1.80221865769681
2.23416212176451
2.14316497323122
1.88239431812007
3.66660652603704
5.21916135494055
3.24054812422979
3.76757008019586
4.42644865456125
6.96955783058602
3.80165383123792
2.39009167665124
4.73860765537095
3.82903804222039
2.94383465234714
1.838346439336
2.3521153565458
5.41105572830357
4.07233771248404
2.50155741667672
3.20691667491903
7.4993695241247
8.49180471941747
12.0326624975747
10.1245794551436
7.82197585049339
7.13929625395686
3.6863075308834
7.28038218900178
16.5576629962244
7.8529782243888
5.95903982179989
4.6593364413127
4.30068635795976
1.51183308453446
6.38079372184461
3.03261028939184
3.19466896767291
2.97844082394725
6.20778945759519
3.63625845837353
2.35716678829887
2.92460307465803
1.63618898403156
1.5047804802945
1.65038966601758
1.28453838317997
3.30412726644927
4.15279714003835
2.70396664691098
2.78246895269301
5.25937450395161
5.2376093480907
2.14780490286808
3.21359806487308
2.06241395214654
1.62102135449775
2.39483049588145
2.95574549943661
3.29883714765827
3.12655329756326
4.13223959878904
3.18208932900885
2.04927473300933
2.24409853957254
1.67699555355179
1.60597542700789
1.74859225993842
2.02558871701885
1.806568724075
1.17917189185221
3.91276026849931
9.11696027893693
6.82601669121709
1.80377006162532
1.44550017905044
2.11566406911298
3.72137854278352
2.28110598176403
2.92954754359253
2.90070979156902
9.63625632650758
8.32276850110307
1.426864256517
2.76856348487967
4.03728886401574
4.09767122567944
3.37965887289837
8.38355038657764
9.58640683955753
5.0606453939612
1.99614442793946
2.01087251709668
4.17414071415771
4.47639058214639
3.74386462638905
1.30628160756255
1.6454084653516
1.55826358922907
1.62915017119599
3.30387835659967
2.1867907303372
1.58242147154767
3.84231183553693
4.13619928885911
3.81970502193328
6.12348630119936
4.09112427109135
3.46923382134461
2.84766787169118
2.23653684399289
2.8984842513857
1.93004536613575
3.01412020131595
4.39219071351421
11.8953337959905
8.34893329603155
4.22149867439428
3.16201591479619
3.38627193023743
2.47180563513133
8.26019449568473
10.7865439773767
3.50344226258898
5.79979294687024
2.73225744560449
2.03898962710026
1.238729174742
3.02929816815746
6.02876833143045
6.72859503263731
6.09675430035222
3.79183049213084
3.50829062466486
4.03913821712435
5.48566589537357
2.6349531736599
2.27830372633034
2.98114058530563
2.2021325594223
2.65782827235437
10.7350995114232
22.2684049068575
16.4295736492949
16.5980075388397
9.70263890339947
3.54779387316277
3.5628408115783
3.6089352423913
1.18277702064247
1.49986165458315
2.45641439757821
3.42329368898451
5.87500707030803
2.27399700871706
2.40364445001702
2.92311035214142
5.91426589547232
4.66773560875866
4.28248735634386
5.1702144425485
5.84109469147847
4.29570262257228
2.27585200788905
1.91647071248304
6.23858996724273
7.55772334998643
5.6822980276569
2.53889289427693
1.82476430792396
2.33523948741429
2.63302203039847
3.59930020568988
3.97363406150626
4.0573238768162
5.01596279830471
3.68962503075433
1.81079159699753
2.01047610327622
2.35396630793446
5.60848585935655
7.21971004500587
8.05195314886932
2.97127683443891
3.0829246249554
11.8779320999799
11.6256958693686
5.37256794642288
2.19359043457136
3.73500141782944
4.7467060357567
2.91522733023756
4.86321653653041
1.83772762720355
2.11700745476943
4.08433756943567
9.33097882970066
5.41722249069166
2.89414455735185
2.31207361827202
2.23291378748699
4.4169531494769
3.8994667657711
2.39472773101331
4.52180627220551
3.88966360561148
4.18954393104199
4.10645997292943
2.76584445410126
2.87087488791469
1.94507985357784
2.18221512040847
3.89694524653106
6.02763251764637
5.6115719746412
6.56929317217944
5.26192001553734
3.83695444120044
1.77957745178646
2.84533891838911
3.67269852671113
9.37033425558526
7.9309503222262
3.51154585530904
6.77858572288276
5.88347513151416
3.46991667969427
3.17831122596721
4.11783028922036
4.42074437297055
1.84242844547731
2.30427474041374
4.48881393467281
2.71929209204881
3.32440851673035
4.51622567420129
5.83593175009914
6.54857342362975
10.7805624190634
7.29166583552008
2.19788170018308
1.60574621893145
6.06830972021143
3.28719060228967
2.32677578933962
1.86874307463038
4.74462463165056
4.35479731328615
4.32708926439562
6.46507344977159
3.59671592359976
2.55606827535025
4.896924316477
4.15870344896868
1.73548866149754
2.54872319536841
7.95374354204407
9.68684672880864
4.48505948802531
2.22777980479951
2.51862825417841
1.99653947622929
3.6232833544999
6.53168220261385
9.26382236115758
10.4905364497968
4.24919512004977
3.82150510427767
3.50450463853818
4.05129563428301
3.84848759118387
5.22620585915813
6.47199245311267
4.98422195105432
3.78560032487618
6.28003879683965
6.61372937413628
2.68905525490211
2.10162132880196
3.10718528286804
5.17163714653778
5.07273593596043
3.93133617918942
5.44761243567975
1.96147640518038
4.16917261804402
12.1410694597526
10.9312552464764
5.59840379283579
3.5847634282234
3.36105421272304
1.79242372382221
2.88877145144898
2.88193433670018
1.89995895533888
1.88618647391911
2.07635050967426
4.17349428509597
10.1284984955271
8.74208889298322
2.44104699447872
2.92427175043007
2.80266658294049
4.91293776142224
5.48185335704032
2.6627002393297
3.45686332398696
3.06873138798862
5.20051595913289
12.9136831409465
17.2473063415053
6.27941972089707
3.33980148269498
6.94539105073881
7.32785803831182
4.67756400768542
6.19148522900951
10.2029011683382
9.07687023347149
7.21638894211931
3.55397945988658
4.00658518168653
3.13127591608116
5.68160835596459
3.75136853662808
2.57793534041521
2.01622654189571
2.31704145922203
2.2907015560686
3.83444534459082
2.81625940444273
0.881226229197359
2.5792191634313
6.02507540774697
3.4591351330677
2.43029024558682
3.00867350921691
1.76291891550366
1.88234247612646
2.09391696894293
1.89305074562514
2.31980545394255
5.45008351080331
5.29881793316698
5.78990441096948
5.57478679590488
4.67607552139513
3.398931233004
2.45490440630741
3.86165427360479
2.87868110756286
5.2286449605303
4.08829324700332
5.05395126953272
9.54441429863415
6.65626338916629
3.49255857108983
3.42168616870379
5.67281992103884
4.1133446775694
2.70755625151475
5.20491980746553
5.5935295927221
4.37684017041861
4.41169221705272
4.69238047760662
5.60217507534402
2.79951179710575
2.30449106875157
5.79705245165911
4.07853811250281
3.61893902294304
4.97272145130975
4.46289008126936
4.00557275071198
3.12046419303317
1.12014327446672
1.88931933120597
3.67427596630437
7.83425766627995
7.46591552036143
1.99862509476889
3.49906352428608
10.2797800256683
9.0105888887869
4.3880584502723
3.62903166650267
3.25382010765488
1.47962471042491
1.31845588779635
1.90649934505652
1.3496896088066
3.22636810682176
2.85106394538851
2.13408687069201
2.53801470226021
1.74775544671219
2.52209675910176
3.32717586749435
2.8434937444386
4.96923227902775
2.0379044619637
3.47317803008334
3.90146341436458
2.14964407961623
2.05628570470751
1.20847998090244
2.01440125629085
5.02275481775793
4.89096754437819
2.52044289999418
5.62204460552182
3.12753880335891
4.26173510369463
9.89197553670204
4.4866958510974
3.52266006338285
2.74386195477168
3.3090316079297
2.97208443009949
2.72162064998197
4.10479624762992
3.53549659211177
3.84775681121598
3.1330892858302
1.98787595421457
3.56638406037637
6.75661262102997
12.9922308885199
8.55605527536682
4.0118374085621
4.38223643854585
10.9873322574074
9.59706278647221
3.58003263431829
2.56030325701804
3.05215407892543
2.47260706070577
4.92847460209448
5.32544324271483
4.44268374205298
3.63061222376422
2.56971666863557
2.33295020130777
8.1135824537301
11.723882477697
5.5080773822941
4.91028170244858
7.41529934982786
5.95450047273577
4.00346717527095
4.01677795054917
4.49919138276892
1.17625160307892
0.892655879433798
1.11647447328044
1.39899344357385
1.64065900045559
2.73992059951105
2.38256362664061
3.28869481857278
5.14117314488473
3.37703051801505
3.5134622448965
1.41961078775313
3.2497198658416
4.45822660747074
3.33240355913385
3.85272481711404
3.37692542202251
3.02205672448712
2.95863164452567
2.19679932172656
2.19795236074675
1.50628341510667
3.09814216209937
5.19086450458459
3.69221936255133
3.14617782321587
3.85329930576507
3.94715498034162
2.38676351123133
3.80202100722231
2.89097002788697
4.01967481732319
3.47247963849137
2.34911714265964
1.80972248460406
4.51217977708447
3.29741351634883
2.1566807384985
4.21925479900935
5.19805148402683
7.20269387545183
5.68991776163524
6.73430978085297
6.84424278866125
5.1008811332001
6.77614467313863
2.15038809311006
4.43097869202218
5.49587068251052
5.21862782072899
1.4466557856478
1.13345741099911
1.39174039449333
1.63467941759899
2.72347250506654
2.81969784304701
5.58546945201626
9.13572834184147
3.62181155944774
2.2796779251218
2.0963295919801
2.74200807526894
6.52359086803962
5.21245527190132
3.20066267253832
2.54035333956354
3.27298341933872
3.04495301274055
2.68502400206466
4.67436101270589
5.31484586724357
4.85973823870974
7.89034066904292
7.79080616917178
2.09953533555145
4.01252983173739
4.25730085961838
2.71891325997603
5.57950812009682
4.37447810751641
1.8748935995754
1.63861066847839
4.29154432710802
5.78993854380642
4.74741661217911
1.6374757664615
1.08228873482881
0.8820925111948
4.36543587726149
4.74216365923296
1.96374259816383
1.87574877284584
2.745173436807
4.92477494762662
5.05715264125596
3.20438145904592
2.93293543249965
4.48882827934405
2.82282796172394
3.58800875834938
4.7297556092674
3.6826381826072
6.65493951081061
9.02397880545631
4.31911955882104
4.9145556075004
5.12183457225075
9.17779016830757
6.78414654307756
2.01452889919919
1.49972682663962
1.03697197384535
3.18409562781049
9.32663911636103
5.79700040773579
1.70116754730453
4.26915836717962
11.1529774972371
13.7519642175897
22.9514005813255
12.8568805835496
6.08727324754064
3.94065157392038
4.19508321584807
6.28233560606658
6.57516447457918
2.00223097873181
2.34839995189328
4.2575220371919
3.21773008983547
3.27364875000098
4.24979169625069
3.8571598392481
2.38755144961759
12.6906203837593
14.2967730319062
3.34587855252937
1.13317895128076
0.982805955672538
1.11525411429983
1.89978048770084
6.42970016781915
6.60801445568707
4.80113016921324
4.16126738204852
4.04878062490631
3.9730837661681
4.40968143913821
3.50178911406813
5.79865021073125
6.72188357418169
3.91572163622602
3.16497888740359
2.52155374328416
3.89250478579085
3.92314167157639
3.23636103786589
2.00911443540197
2.2912194390119
3.46689840700444
4.31139322088487
2.60161888279658
2.91016743685105
2.04704139693081
1.16075385343492
0.843627012926157
1.74116026971063
2.12863055269146
3.01423841666072
3.54058513991138
7.38230873979764
5.82949647108761
5.16268683927829
4.30007490751425
1.70903389605538
8.86951255303412
7.84720016301434
1.99958168898937
5.36658331660215
5.22688747162231
9.82937443464506
9.43393359351566
2.39929936685245
2.59275446213175
7.5071163444354
4.24269378222758
5.67519513113819
5.05207279036483
4.92499475486179
4.37426888321707
3.10942415873945
4.01572916245949
4.26731711112648
2.75318562678757
2.46498293878418
3.32238811071133
2.12863555256278
8.62462524666286
10.6267574078849
1.51062173162685
1.72844436724689
2.93818353638856
2.95453409348205
1.77418938508715
1.93772822079654
2.31967914314372
1.07141827431904
1.3680360557391
2.28986911748562
3.02843203156066
2.65858879537928
2.48082497795278
1.30075015636226
2.53996136198155
2.80412886933122
1.70154445879437
4.98006301224967
8.88346271243323
7.71018878637976
3.14752912271924
5.64643479470144
14.4808467645675
13.828224782039
7.17437391885831
3.43492337655051
2.22231844378708
3.95479891142943
5.99632711384636
6.11787771728693
3.24994854466844
8.77465636875649
3.5455214301647
0.786760211917387
2.05030799438227
4.95555595493412
4.94502698915021
3.53679473123856
2.92975751194542
4.03287700969965
3.71872412702525
1.5927475879439
2.41811343044356
2.24322480343246
4.17592777578251
5.85286563430775
4.48605720807714
3.40944626962227
8.17142164587896
7.07456288434485
5.20150911654935
2.89123496502278
6.08152857218544
7.72815013768676
6.56662404751712
9.55861766319688
8.96305476048634
5.46873357659498
4.56342273315868
5.6579838415209
1.97437549131208
3.14132741707699
2.23434428794501
4.96337254287934
15.4187868949318
16.25130651187
7.21209864547781
3.90704320136015
2.61178579871169
1.25029873422315
0.50897558301456
2.66180786513073
2.90171003313465
2.54123114633407
1.87838317543094
2.81526587862549
3.67025242733935
2.6305351922194
1.62326975413164
2.03384192008722
1.47210234286856
2.94939486499745
3.38698342436086
3.33982373242415
3.90272780156035
8.93086372750137
16.8633908187894
11.4266259981174
3.43469344428063
1.59194981169382
5.07921607657001
5.06392206073303
2.77817952739556
5.50340532537036
7.13885340303049
3.42110999852414
3.06467554516417
1.88715892347739
9.49257511128059
10.618927358024
3.18378490554223
2.33680920272104
4.18324014511056
4.50837062472848
5.45787179141556
2.29146188681609
5.45517367822021
4.78032617316199
1.77181628703293
4.97323367134938
5.91422917087066
3.6858086854814
4.30601320235642
3.88573016236019
6.55695236254147
9.05590808026981
4.55788050503647
2.19542222206315
3.86136361102958
4.95156426447863
3.72133216116646
4.66543819721532
4.80516655831676
3.04785623306371
1.55311145909664
5.21373694032597
5.63246050668945
2.51744926312888
7.41651298352894
3.43519366091336
5.25692033972173
11.5263182648124
7.57384770317279
5.19995666588207
4.13801641443776
5.75842652453202
7.48171655935514
4.00919145400105
4.69243710973443
4.33274398796887
3.69090224324965
5.08693633686387
6.05990045492765
4.87284995512878
3.71265996086573
7.10380460168253
3.90270682482716
3.91240534932832
3.00788943473357
2.73792234195134
2.95045370482149
3.1140402585542
2.05717090155854
4.81718051880204
9.00435265771406
9.3714556036942
7.00816671438114
4.93200263034593
3.9529886875224
1.69265600022324
1.81557659092973
2.09986440396081
7.85566921427846
7.34832478682647
2.17233072432054
4.7450212836756
5.3369147253787
5.6277007969885
4.99808602825137
2.11048078979482
3.64292333538722
4.31159277886603
9.76074308753852
15.1414639738343
16.5693650245801
19.8962777024667
8.40334378511967
4.13986284059727
2.05464960402902
3.84096789435709
5.7025162314703
2.62489611025478
3.86793799285778
3.80234336844268
3.91302664919283
3.82343286374967
3.77923694137607
2.9445479003198
1.34246949781886
1.68315842255824
3.66072173532004
5.10257759411335
3.56159763559057
3.70556293603875
3.31654581064394
2.5476258608213
8.20272963726691
6.44273395759611
11.8654224744903
6.91332837112533
2.42657104717395
2.61482542796464
4.12774475503814
3.17084412067321
2.86404645012817
5.74404270853558
8.02494808517242
5.7224445395676
5.55880694759871
7.29059304996923
4.82452474835522
2.5027011392854
3.72397612400671
4.27539348137296
2.12385296431674
0.990391937514248
3.46040676125978
3.65693728953988
4.75192655841622
5.48080177473717
3.59080521528028
3.87830928719406
7.18800715015148
9.58589103182023
8.62809213972741
2.96729049644989
2.39234408234883
2.83577302593183
2.56078042806356
3.94077519054354
4.92817578445077
3.49573352618355
6.01651689874071
5.03853354033611
2.21215814157598
4.03715868393574
4.61590599281506
4.37829180048975
4.71981501545568
5.68358166608818
10.3133729405012
10.148291533896
4.15059758063047
2.66094624666952
4.28795158260395
4.32173115900169
3.45657367567018
4.26205290976685
4.41129525447665
4.03028329255836
4.19894398738868
3.10792391731041
2.20051007838261
2.29467614230134
7.24662667726021
13.0271764965765
6.24441259465247
3.28154955098182
5.25433132445071
2.82217710970366
0.91079528852799
3.36909334560066
3.46876438873998
3.35429057933152
4.86923404218008
4.16189903282194
5.05185828715095
5.45881602702614
5.18854981853148
7.04153493028158
3.9483572811984
2.35362064453353
3.99450789869462
8.42784154306875
7.28367969889405
2.32087741564871
2.1024734541353
3.11154668140913
2.69411249522866
2.19507680327774
1.9603361370284
5.01208934299223
7.20023032830724
2.60582439687028
1.74864314778028
2.44182112093863
2.66691707196276
1.92478655126793
2.1461205727532
4.02020122697313
4.47485491441656
4.02571572944555
7.31117615272438
9.17894227667786
14.8318057102679
13.9364472103532
6.21176123460663
4.57270514862921
3.71915751833239
7.08467319469507
8.90673744136956
3.33870166736327
2.52590446037002
6.04271572009347
1.81767357563659
1.6144330386784
3.17279686389802
3.70381696835396
2.88711241128049
2.88502425969681
2.55076175355127
4.09191636985346
5.60419044096618
5.44498288180854
4.839291158855
2.18813992823422
2.95655195419292
1.71775046036887
1.56638689545977
2.45198481129759
4.71143537341467
5.09186932014562
4.90478608520516
6.56739029726132
8.69813743381361
8.92031057614106
6.08897274011214
3.72788592583279
3.25743899215157
5.75180544442915
3.657078081146
3.2203331820372
2.85029633156542
2.26386568305295
2.05807425528577
2.64274048337415
3.46239057420412
6.33353665363509
8.50266540057103
4.53545722126413
4.52494877529423
3.99190122371357
3.12981419707652
5.69932154475246
7.79627438309606
7.73420835757259
8.02750865572816
5.71191124105491
3.33227687726776
2.64374911848732
1.60338649616792
6.83747058005396
5.58313921030141
2.13466630208697
2.18220221652406
3.44753682126817
4.40709696264614
5.36635500095045
1.82259743495227
1.93186910241232
1.8614549352769
3.377565304523
6.84698315703675
6.74643274298672
5.2002223166324
2.25574086361608
4.36415012268768
16.0526930127673
14.2177012216549
6.14273125025426
5.9886959073628
8.04035633969618
10.6235581240827
18.2261446351976
36.0083620617546
64.1886922009481
38.5061802926561
25.6547974287057
8.03326777079741
6.03685145270235
5.09917397083743
299.943783401901
460.045483628858
27.9215126377337
17.2583853628609
13.055201069384
5.58238480813048
4.05430996181424
6.4266862962796
4.38733358848251
2.68104061726245
1.83322705523387
2.24516606971755
1.98080733560325
2.91565050662283
1.9031940978658
2.29763114904232
1.98491235832722
2.28148411860033
1.81824247247568
1.38802510365014
1.2273554279879
2.70484270865437
9.14823828148267
7.68615906260028
5.6063833668739
3.65061083223874
2.86703233850247
1.92634097048944
2.29475965551853
1.78660493413576
1.85583295068279
5.87739791832748
3.31383962472255
5.24415868586034
4.41166356376208
1.8878039774755
1.49361939581861
0.930711678870368
0.702593973019435
0.551166518856662
1.37303253214103
1.79252200473568
1.35397610087346
1.45737271139211
1.40866725841847
1.34747974019774
1.09788550752447
19.763372757889
24.0604146024957
2.65054709113823
1.39744009224153
1.06199767884275
1.41027288575511
0.984188776576888
1.64874582448956
2.34619239055117
3.15149153619798
1.49451019296414
1.22058954974621
1.22862976843429
1.52184062211518
1.40043293774735
2.43729909337092
2.53016489339602
1.09765030112187
0.965684695553664
2.30635726933556
1.10110499908902
1.3917436837816
0.980491438076951
1.58343026650517
2.41613471400353
1.67041017446413
0.768019800856775
1.07760123079366
2.17467844535276
1.42722451005033
1.1020021033547
1.93135236037626
4.21039331927625
17.8003038968996
26.3128942372124
13.241554282461
12.8607716795252
6.67401589055575
4.07580302880164
5.26975509928574
4.69117289199427
1.58098079447382
1.82232896795194
1.23888948212955
2.29620609343101
1.47608908347364
1.08735647059376
1.29498403545473
7.05811053590544
12.7049908846066
7.91372933587173
0.999682628806497
0.846963121344301
2.09729131461629
8.60409133150319
5.55017656575087
3.03916830674008
1.67503987981338
1.44613834695345
0.863458441665074
0.654906822643441
0.637959292511856
0.57128841815483
0.67259612381419
1.52105979712354
1.39311858497621
1.27780931060791
2.24355457838343
1.12610026100536
0.671336951442339
1.03629877630305
1.56215928270686
0.982268480350231
0.993849519524841
1.54827644005992
3.34850179178476
3.31541448512412
2.90746311446434
2.32432840600577
0.894285204532543
1.35220022323048
0.939305788456258
10.9398034792573
12.9562852694019
6.70766680789841
6.98339067309562
15.5576059412092
16.6019467304855
3.19465562360772
2.08775872897384
1.24285295838307
0.940232942003247
0.703067339524034
1.39356498042926
3.40289750698007
2.90326800269905
2.79747779636028
2.00378427905722
1.55115377635735
3.37614275042287
2.62001887071671
1.39942856277635
1.26709068916459
1.08733444008341
1.97111566671821
6.4275275965387
5.12642886841069
3.13327043513742
4.48633474515894
1.24218893100308
0.832949430033923
1.03688808005173
1.57444919379172
1.32494543605133
1.23006523115772
1.17053795834777
2.03881473862168
2.3008782563885
1.50686905168022
2.55704614520721
2.79544019980719
1.8316078830732
1.25523218057142
1.35870504172806
1.68140024549852
4.45976740150502
5.54654478751446
3.83993651950984
3.34526105263393
3.11089817254787
2.73006586195434
1.40872713486495
0.794001361665859
1.29160261672958
1.83998986215457
2.6080651233338
1.13120539141663
0.694129892569825
1.0693044680846
1.3066240119617
4.63678559504092
9.05457343254652
9.24388747921649
8.59769696160631
4.81865666355937
5.09278540130599
2.25133424219348
1.49706725406476
2.69002529838779
3.11617438570027
2.66696837931876
1.1949232544814
1.60963308078324
1.67103730828109
1.10638069552911
1.0028374886361
1.11058191250244
1.05588409234343
3.10024619497271
5.64827241534977
3.34864216354266
2.25380614307278
2.0141724090979
2.49331774892219
1.37550813228685
0.955054474928685
2.97834628649766
4.80684356104972
10.2749168584084
7.39994404243313
3.80925531918053
3.37163119322485
1.58642273868139
1.85738169942905
1.67052118542091
1.76855036690682
0.654653703329444
0.954496746280872
0.941721840921468
0.813767552390473
0.743163078666775
0.95039652896058
1.2793505663151
1.06289149601073
1.43151712769653
2.07429577382444
1.8214864105994
0.977686715923197
0.81686372106059
0.681632937953155
0.738445000992742
0.756366191145109
2.9944005347864
3.38784290181694
0.520171806573201
0.712420815384481
1.01064331129509
1.08197127774101
0.730533470677127
0.59217612344229
1.2503717405642
1.054996524244
1.88241080854067
3.32282046603499
2.84830862085209
2.62919964700449
3.41420104991344
4.39317264667185
4.94991822550454
2.94658925338894
1.39071801578085
1.47743418520356
1.80761469159748
1.29229671114271
1.48623222758002
1.64596777804689
0.674167761120575
0.700942524983976
1.5107491868478
1.76715106580415
1.13803930942243
0.979240540033242
1.21917145278287
0.707412629311171
1.06326168117924
2.8185025450522
5.07102450644889
7.29520057283716
5.50875585511301
2.15997543859391
0.909211324601943
1.04402186289007
1.06395383177985
1.64945372842215
2.65367600033726
2.68101138530807
1.89962211582533
1.75415444770817
1.54761623256226
1.3500349618473
1.43290763424788
1.02059826207995
1.2017987780724
0.955640468524947
