2.3689238008046
2.28145485237674
5.02175383783882
8.82168777771298
8.19155802475924
5.12743398589161
4.37333882688144
5.10188957737412
2.89345532358996
1.19018943593906
1.61192728263969
2.30125655821164
3.06996903813155
2.32982612261184
1.16376720145697
1.27088445394464
2.84252541469811
4.90403478156469
13.4715410068792
16.1517512173244
16.5693737520427
19.6759969058678
10.6703595897786
3.36617938815028
2.38642068633147
3.34617267493242
5.15477270865948
4.47449049034866
2.85885770100452
2.81505105883757
3.08529650520008
2.22566331979897
2.29013515533717
2.02981453496957
1.81885846815002
2.3521021839119
10.6925080389722
10.4253162681472
2.91341280192107
3.88444088608254
4.55913545852676
3.09382992349929
0.812783418013703
3.02326269841385
6.91270885891038
10.6707382825649
9.13974426883245
3.01410497344085
2.94445883458074
2.52202477590529
2.67138325571171
1.64978058512992
2.34384495689225
1.81148427749775
1.44832582445268
1.15154984864363
0.85094386128676
0.590758518368991
0.877184810229458
1.11454741194054
1.26540969729409
2.81408984130476
3.56662571754265
2.74737877540011
2.46601660606521
1.4415247209294
1.40616153729506
1.27022376956511
1.49386773523259
1.4041892728275
2.9541445565218
1.95119278707328
1.05570865592139
1.32766255199575
1.39331792757754
1.21758855922004
0.757839195008981
1.35664806439402
2.58037525714384
2.21465844086488
5.94599867549373
6.29350012342314
4.13039543128454
10.3727256298579
13.387008507571
14.6778436152251
9.34241217888928
4.61170859090544
3.61610039223124
3.05583409017578
2.6242256802243
2.04699931630206
1.71423251680284
1.42678432836554
1.51819894804934
3.10363001291905
2.72523062012913
1.65579000992326
1.3278287324238
1.70729825382424
1.78761839756791
2.26060075801872
4.19710838963351
11.2077155510691
14.9777015206306
10.4592225566093
4.71397167512778
1.53293463012082
1.3669370417995
2.08120886503152
2.26114480525407
4.13288262871881
5.53843604787958
3.54674429748459
2.23410636900199
3.11718141851331
3.21244523800403
2.60596292082972
1.57835029222366
0.958980655935763
1.18531519191628
1.3187849711944
3.60989084598695
4.96323592488575
3.75304782982446
6.19391618718684
5.56567517209387
2.35668194410662
2.21921499400875
2.43374895615666
2.22472199468518
1.49440467824252
1.97926509591619
6.04007039984425
10.24999069368
7.81130790649625
3.3179517905769
1.43720793255768
2.14624689282289
1.71816468234769
1.82452787058671
3.70792976085981
3.62109699170718
1.8560915904342
1.1557122208837
1.22019123984686
2.48285361539821
4.76364543643544
2.008024589481
0.816551528543361
2.68000691972358
2.74763081316303
1.33011072592682
0.923404834212165
1.08114947956404
1.50086472138791
1.89816673127215
1.52852762784494
1.68472884530207
2.04483042959975
1.57126832453277
2.95801261288202
11.0304747086478
10.7944337552976
2.89927990631349
2.53730043587722
1.8681607103118
1.96323161366402
2.72534723094888
2.56669381737093
1.65654513003924
1.09897105950969
1.14840782896369
2.10869096048615
2.14489964998889
6.22995747528013
7.0999335906958
5.19533918180673
4.27671518055206
2.22464540665271
3.69112672787549
3.57172945705023
0.83194156995279
1.45504856009578
3.21979374201928
3.60242717132565
5.79739781827417
12.8275217031663
9.05195632160063
4.70639666988847
2.30129950202127
1.50041849845368
2.12371429560813
1.86413192348436
2.75000754145131
2.51141837556254
2.14571541112498
2.90160980786109
4.08488985859535
3.97928012604714
2.16763847356903
2.375308761403
2.03556186699602
1.62671321094546
2.95009823656139
4.00683124638208
1.65745201128466
3.64048448966742
3.24222770916222
1.56293615065541
2.41824017618836
3.76432586705537
4.63694066347049
6.15290698092485
7.78490110318406
1.55839891487599
1.26056240940995
4.24531094321497
6.67333536571801
4.50457162209747
3.57885231289607
3.41092742164049
3.06552058532869
2.59063853208134
3.2827128783237
4.14126342197329
2.41778605822142
1.41897633607376
1.74960742814305
3.33102701863024
2.40366831510785
2.7032197733004
2.3217749643299
4.27321428713568
5.73707539879658
4.34314788519546
1.80113536855127
1.47418126541537
3.32715117469581
3.42131041333382
1.56803029322184
2.25479503327858
2.4351975727496
3.70952171824628
3.62240520392571
4.78311525684975
5.15243108153098
4.22710284336084
4.32292838136015
2.2836416512476
1.8962595681123
3.15089474108608
2.30367680879688
2.51294560154972
3.59447053446558
4.23719762417157
5.26102510497689
3.46370402399461
1.52854131923015
5.82236737252793
4.94020085839544
1.91809753987259
2.53347155583789
2.56595739119427
2.83801876735897
2.74186809591453
1.1391834135705
3.38062514749424
3.89973468324604
2.89700070737178
1.89487546204467
3.40732586064379
5.61510517880501
5.82928613474995
3.37475400149919
1.40046605936751
1.72463785318483
1.67505703615596
1.64130308182173
1.88361788310523
1.5134468880007
1.62908593547229
2.41190225295914
2.10463988574855
1.54547866289838
2.42247647607784
1.60229579782147
0.978725020377682
1.23487892701878
0.986041632063142
1.0824248021509
3.18801039824973
4.35340680703715
1.65131885066312
1.75210572908028
1.60112057871356
3.01852440951693
3.70248030150145
1.02435596119944
1.54063859451123
1.81624475673341
2.62375665724503
2.40206051894538
1.63128672885576
1.46112870998993
2.39860131993278
2.94051824870884
2.88545382665908
3.73745404420422
2.81000674188895
1.37281730312903
2.2404339683174
6.04060649640343
5.26444339123169
1.17204954282745
2.44550055525081
4.74390223063088
7.8718322523444
7.89316199507298
2.4037329848327
4.58822112453975
6.03801903790212
4.37229197583634
3.24592501375514
1.15363340821991
1.64147064695728
2.97623559776771
6.24393726383416
6.87141388493389
2.10448587440994
1.59046046214472
2.04925636806001
3.45769885208749
3.2650016384698
1.40571152205228
1.44264830042626
1.59287833602285
4.94856308241841
6.3999247188792
1.58193442632731
2.86998644073624
3.59811541854071
2.19940203569033
2.4756733795103
4.70227001617749
5.17175067784402
3.4620468408268
2.02685109271497
1.1059830305114
1.75306262091715
1.76948963277837
2.4769397253073
2.11211613771327
1.77404334196764
1.36777492104155
1.13566663299872
1.38973454164026
2.85152151522844
3.20670275994675
1.87997388543255
1.68500645198145
1.83139366817093
1.30565918584522
2.38293071591145
2.97788528232548
4.61443729995393
8.98139964910785
6.20402734737556
6.67588318590979
7.00821516105984
2.14046184208569
4.23090995430327
6.22905553930933
5.79199695844155
2.34336239739018
1.38406322052533
3.07815401939735
2.82518225903741
1.56751086715317
1.16749553859829
1.14653468830944
1.2565192953275
2.09594764707573
2.62604344391563
1.09236415675571
0.837409584092594
1.01327686204672
0.951153710886887
1.85867924948977
2.49537650759184
2.43060763444458
2.39033000212349
2.37455922778305
1.6865416885512
2.94766807971118
0.884263780483813
3.55065203257686
6.35137418504825
4.2231331121509
2.47013576651482
1.55769966311079
1.6113232907977
1.71993368536924
1.58307539503415
1.60378117062319
2.8851948999024
3.755560429573
2.5802455742237
1.72673641149491
2.32509844434511
3.16850407864358
1.69236933939553
2.43117393508708
2.68152767509602
1.57366200503894
1.7555100561226
1.33118796146301
1.25241002033688
1.33764838471616
1.94377069435349
1.02612042045197
2.69587697423871
4.82223283118716
5.44341688669821
6.1398439368957
3.05658758548823
0.856108136537698
1.66240803690241
2.11048412842564
1.49872027606267
1.32825125140178
1.0777588810958
0.716251141322737
0.882236909472853
1.18344310592468
0.96543747662197
0.988634823254838
1.27258514109125
2.11298688121791
3.15750945065917
2.22026230247837
1.0165962217559
2.06057448124011
3.87102241027957
8.80377877684459
7.97507817274402
0.966107763595694
1.31874199928428
1.98533972028143
1.2047861880096
1.02456902401763
1.40457099217946
3.27264592870559
4.21107606567524
2.31525996120228
0.685459816058548
0.942801952626572
3.84453067381159
3.79079769492987
0.822146646298636
1.69156061168467
2.42611682796542
1.6054861623501
1.06456591783625
1.90118250648434
2.01963339066551
2.03483048398996
2.34164976789457
2.07079330564938
1.71533798116759
1.3635197609853
1.80699429665657
1.74925824834499
2.15319015744889
1.82791156168366
0.706928128918834
0.776067749354291
1.16898126397033
1.56538086245873
2.39906546232295
3.64754539803563
3.77399047547866
3.46165613862826
2.74560907917117
1.65714444844742
1.70286070275267
4.63344523244819
4.31174739842002
3.87635217445598
3.33809054591943
2.3436038097689
4.98245194234769
5.40375401519715
1.93909184371819
0.66027540360732
0.995402543795456
1.76282093701581
2.63143295373082
3.23453031136529
1.72539673442136
1.45131683156086
1.05129308466855
1.06644605048248
1.13840401821956
2.67456123818104
2.24826114285767
2.48003756130236
2.42026538543399
1.18983610075345
0.95198185729823
1.09735455479754
1.41691650017773
1.61330088671084
1.82781379480038
1.72593396574079
1.05608514075229
1.11735612630554
1.48471348232503
1.52559866114874
1.53601535863072
1.66231210388672
1.08198708098123
0.864782745654888
0.727242942096431
0.880873987273675
1.13198139296477
1.3981161895206
1.57350023095127
1.37240619437343
1.07050723662347
1.17418331085074
0.727038640320294
1.34645446773525
1.4678604582929
1.30519805030849
1.21216240016863
0.84373589773531
1.32551948857733
2.79061314123381
2.23746094907246
1.1967409668094
1.88374649433136
2.74525101760675
2.63870153551448
1.61583886120406
1.04715183570106
1.21551377801553
1.25237135075488
2.06369146420227
2.26201707642692
2.7483007048527
3.99245051952835
4.43063910731879
1.87786246650682
2.74482025512352
6.31632454813027
6.81107536684115
4.66489116431474
4.09781909694416
2.33460471639466
2.15835540159038
2.29440114902193
2.56611778400849
3.38958562999037
9.91951681971672
8.10775008308323
6.27345607446749
6.89974772537967
10.136108634429
8.70600686516207
2.5149970975719
1.43214012049771
1.37000971608781
1.56214827851595
1.51994358440219
1.28836324549028
1.07073432708239
2.18706594708338
2.26693368567404
2.06872778537261
2.69165648006336
2.3334309225614
1.28294387106118
1.6113648522885
2.82734732957843
2.64685529031492
2.49007648900818
2.94378538801737
1.50299607787796
1.774592899911
1.80229351977377
1.06041600324465
1.10287116700069
0.807642138539149
0.658210589677877
1.14402539308328
0.838262074563782
1.08750063193921
1.63191226966869
1.43318042728708
2.16876616881238
7.18671390473217
4.559623661278
0.615909076708761
0.640847295233338
0.895417674591547
7.6234733511394
8.02213846303962
2.19343257557411
1.40524815993685
3.28683320557771
3.43034319438982
1.89828311906993
2.46332419642212
2.63425967429126
3.59762694405786
3.02376819937435
3.27724249850513
3.0346030494504
1.41100271952296
2.46195536229929
1.93065560073151
1.68980580227257
1.46654815658477
1.36131902714856
1.45703970428725
3.42343411909834
3.48007456392497
1.67083784818651
2.53825621745156
6.80087669492969
11.5845109601624
6.6597710229066
1.7529736090211
1.37980711658812
3.07965551157562
3.61968472470768
3.69739071689412
4.87562611253805
2.6968327292261
0.827226820345371
1.4815763246774
3.4713262949521
3.22761540121272
1.68986899072141
2.25445471634832
1.67122627590205
0.727153227837961
0.745689847383738
2.11092657115456
2.34349380881167
2.90937167987317
5.04678675149081
4.40369740564096
2.61044274064271
2.2922468220025
4.17190669810307
8.97250808829458
6.25035473823394
1.38079104381112
1.11378819045237
1.92365438405349
2.31601968818261
1.41997820587
0.720430691311003
1.73263394678621
2.46589026996374
1.26614582539158
1.17695121599392
2.75100411876944
3.09924422502944
3.17238971548679
3.71197551715596
1.94618350522426
1.32009453158107
1.94409853027842
3.36232854379368
4.35099869014386
3.41817971131165
1.7655421585473
1.28681216053344
1.94593695152832
1.95040308608649
2.17590348514455
1.4177063570901
3.85568743111049
8.27186523408668
6.58831810185047
1.92736184882253
1.01182124243205
2.54400578038393
2.98631106759852
1.51035425376257
1.15554673720098
3.29176022010185
4.89127769098907
2.97694162170972
1.60390172715987
1.9516282778832
1.70986893205639
1.58943627974742
2.95979212447159
1.81329771741676
0.683096191914354
0.565398628443993
0.88384672829502
1.74925360606424
5.04983811862125
5.56868479517229
2.60677870255432
0.627646749522948
0.697480620130365
1.85404322709088
1.68721221314891
2.36840615025865
5.31925919876156
2.10530948517689
0.828381184615097
0.700920323923055
1.3438758425354
0.950278667780236
1.34168054149199
1.57434368319556
0.893800741346896
1.09298193724071
4.59464248913496
4.78310660932824
1.91186679123567
1.46990617923068
4.36773025314715
6.25989414770744
6.3358463226083
3.81439301503235
2.14941115221247
1.84678035965023
1.57620845609327
1.60278905767682
4.80174566035171
5.2465375275022
2.82728770721486
1.86592067478795
2.48727304584277
3.90219080056145
3.71585549477399
1.49785411961784
1.38476192062942
7.56395980609605
12.5626029621678
7.96054074394261
1.13471653874883
0.913113640460379
1.95264042110217
1.97346736363403
0.840778013140688
1.32245925734467
1.5838279448974
4.43537812318732
3.07001753199936
0.889295008155678
1.59469564897905
5.02984012836907
6.03199569723983
3.4809414557413
1.39205071482324
1.35915441118633
1.7218661197878
4.76179693087677
4.47557139818638
3.33038090298035
8.35809538588944
5.85861706109318
6.71948120614286
7.46048096622809
1.75721126362784
1.87202439181336
4.26900567668287
7.78101573050999
11.3136044973031
9.81794887866775
5.3935885651172
2.4091267499768
1.19869306710788
1.3386261892685
1.51174382928079
1.60674173208234
2.13349109160652
7.38923703219536
10.0841845297147
2.89593856919568
1.92265022220489
4.00433573953016
6.15270017037539
4.5358993772416
0.770843363480612
0.965775787566205
0.839502278450546
1.17671287578417
0.869920793722114
0.619428359329875
0.722826059742525
0.727784432554181
2.13581269918067
1.38518327669779
0.59296471414936
0.473044329603646
0.782104951057551
1.56735397220315
1.44131471149597
1.07102271682172
1.32032932758907
1.18055686342018
1.70880337797574
2.42506336453459
1.70789068175274
2.49972711754516
2.88880168527673
5.36262222374913
8.67043539082442
7.30899979695429
4.77482695796574
4.46306642954476
7.36648072628238
4.50724142455257
1.45466983819553
3.31094046059821
5.52429202329518
3.89694379548999
2.47267160650092
1.28546306246759
1.29205286956203
2.0115673082047
2.50251400245718
2.06152553308763
1.74301548670451
1.59790640577751
8.25261541101836
9.65324847219151
3.42297402098564
1.52725485149618
1.92312562762135
2.23034230673618
1.66230645377746
0.844053055621229
1.44447390809481
4.78090379954868
5.54637927957792
3.63392451705523
2.3357865599974
0.955458349597781
4.64600718242162
5.14096167145686
2.05628736527421
4.72037985561373
4.36378922836213
2.18898349215802
2.41173884405296
2.48675051595354
10.4061969150915
13.8781284585207
3.16900320292581
1.91731519083597
1.11310910697903
1.27004053403341
1.13321877100165
0.646551559539795
0.608908163594602
1.62172754355623
3.12626721657529
2.55525354460068
1.71204947953641
1.26001206565517
1.62132071194297
5.28317142033317
9.6608353113207
6.62652453285295
3.16509324633397
2.64403532910136
2.18409026054716
4.98167081079732
4.27780879345885
1.43926483650057
2.76291142388915
3.66036154520592
2.56452537346669
3.2537529529013
2.64702681961977
1.62179216843734
2.24903524229447
2.66296719831996
3.14004053052817
4.15108698575551
7.42852282337123
6.68188552677038
5.29310211674002
5.24820489071454
2.41729107671496
0.989200635422086
3.35125807768566
3.19990800100268
1.53325976073335
1.06487426898878
0.866351078103064
2.52189579937524
2.57289165910136
1.07952294101632
1.04178768831539
1.11421617184823
1.43622855049888
1.54605973354702
1.495290372944
1.35823010363314
1.12150318440217
1.35377045366992
1.40801712076338
0.96542323089918
1.12921676512201
1.35580830428514
2.46731951662209
6.25345119970912
7.54328182933882
1.3567036146701
1.37130889504864
2.35019327232421
1.66349366061133
1.15815820327929
6.17755120777411
13.2133134105574
12.2402272305928
5.54202548068886
2.17638175963362
0.975354978532399
3.09932682853856
3.70898637167048
5.00706988590581
7.11119207412204
3.33984428428388
1.87362618680007
1.98737823311133
2.83383775881116
2.61205161841707
1.78404584378592
2.13149735324724
2.17450668797006
3.02546681673317
2.09239036892018
2.23506045056472
17.780511267724
19.1265447528325
4.19710014690368
2.01415645077283
0.79852426253404
0.78444778046235
1.46997235462383
1.91785180086599
2.08173409955944
3.94109085856905
7.11841569347625
5.26663209480088
2.00197473546109
2.3130989571923
7.47974908428218
6.50399264677989
1.12080975178415
0.958904522673567
2.12686147976772
6.2993013974959
10.0160063075589
8.03749800245524
3.71641635432882
3.77125801803902
3.64351899072061
1.1525629086045
0.772801577276548
0.887390518847803
0.904921115025723
1.22271503174274
3.4403026296124
8.02086269868348
8.85012754368855
5.69641348571348
1.35276475425211
0.957650712768731
1.3546054255265
1.215558100285
0.918694165565667
1.27773925064299
3.52416363796001
3.67667525752105
2.68507443822394
2.54158539264973
1.66079193761236
1.03552839987254
0.965222421463925
1.50386118123416
1.09197899743572
0.823882816186874
1.11474614782862
2.34310962071972
6.13403859140785
4.65716790830183
1.60733301449708
2.62153795099952
2.62864551299055
3.09784305218939
5.84671266312559
5.67041926664286
2.02241660652884
0.631040099779785
0.773479881279358
0.995344899198687
0.825389915944699
0.975646845069145
2.7909477258322
2.13498589201952
1.09106521645652
1.83319399860598
2.66541554713013
5.06787784364167
8.98398183184069
4.93302009687182
2.33568780836698
1.59508685283698
1.58774973526341
0.980136427171713
2.37917353759023
2.53149134356338
1.51381835931949
1.15280679232142
0.825056594978366
1.23831005954517
1.45447573483578
1.73993132183475
2.79638809620583
3.8065364180758
1.19598228075782
0.823858615710224
0.903979084042178
1.15963096837419
0.987577968591954
0.70466236783832
0.84817334183838
1.10276938211293
0.97978600059789
1.12407399230262
1.29846213876728
0.946691593618851
0.704562246595082
1.10238753961591
1.29100829627825
0.885568914531428
0.620225820836181
0.599225671827523
0.97483717459072
2.65794049904461
2.92311112799121
1.7938880299799
1.0139163803551
0.663087312751962
0.971842260620053
1.1754567858609
0.628833694521948
0.575639685734393
0.632445353938948
1.47298264342961
3.78390835838638
1.53460150395202
1.23673422613262
2.78705903774122
1.933460198839
1.51436587899989
7.08350561726855
10.2132257617173
5.60740032925843
3.42375063513895
1.91335869759284
7.92461310808284
8.03037581643952
2.4314965217268
1.78424310748511
1.46378199076953
1.66566123362059
1.91280390105689
2.21894929898946
3.88090209402565
4.27749947766171
2.69525112013152
2.49257043865172
1.19052353823681
1.21451369151848
1.61720528724849
1.2458395971947
0.952709260310286
1.14664732132547
0.98096253746882
0.735196107567958
0.698552424603046
0.630939778083397
0.763256697781156
0.618991451615831
0.742615896178062
0.832036072411965
0.836646906626119
1.0455580252059
1.22840007776472
1.03866144531454
0.723914806236122
0.58532384926479
0.527843879091226
1.13907252337308
1.40108155993497
0.912747951994872
0.858927585064325
0.827989725804453
0.601839025447388
0.76886704522982
0.883144714271101
1.03217457331594
0.731600716842925
0.573609545976298
0.759855596239667
0.67973344390951
0.756257528115594
1.20161768969314
4.39945477802643
3.23833358336435
0.635242055464977
0.764608458276445
1.73707867639792
1.87994847740512
1.31928319238823
1.09553419603748
1.07605638688739
1.00003288486076
1.15671894382522
1.3621843008793
0.936538405664549
0.89659053148152
0.72714304024731
0.734389166735389
1.04884946384993
1.00226273566838
1.0625831094109
0.787358831576424
1.00471251656629
1.10975436582199
0.727472195965434
1.64752755433184
4.04379959410079
3.60962770036578
1.35736117318326
0.579158587489578
0.702805039886115
3.21058755416808
3.80604753259096
1.65846901171792
1.40501390328047
1.20312724970907
1.08526133245103
1.42629955861325
1.55323658429781
2.25369372399909
2.58877017945041
1.1025108902843
0.492975116946003
0.74744714963085
1.17855691632835
0.58593215620629
0.751733120427088
1.52492668457215
1.21981561168175
1.25903431544987
0.815999680593565
1.65891782344825
1.79515753472062
1.64234385704911
1.61707110628439
1.30059180717089
1.17326054092239
1.14313480303903
1.23434215831134
8.40720365861922
15.2512282438052
6.21869790693562
1.87010603988033
1.75296129148723
1.22273885195428
1.38956013762504
1.33774192255501
1.28286199326795
1.06511381468721
1.08120365060674
0.851210951012136
1.12699262953874
1.14925747602469
0.523951199477271
0.761405126602586
1.14971113528687
1.81985900684468
1.85279462861708
1.08499902704564
1.13474967083357
4.57617155713822
2.96321996432324
1.66609762692008
0.558829048767253
0.482188949156299
0.648676029178623
0.751916119299857
2.30507354125427
5.60524282967159
5.91101315862307
0.5888695943903
0.544029541383964
1.00301634659512
7.72512566034349
8.80860853666166
3.70543484404356
1.89339128828793
1.44492161136472
1.44446609454934
1.58865649595832
3.08771883869297
2.67594643863489
0.586838275057727
1.24753845367375
0.964062793564876
0.83703051351045
0.73698305743709
0.843512996776537
1.10599698526997
0.813741277097575
0.560736772216684
1.35229391530405
1.25383906092719
1.82863883842773
2.16476300339229
1.076639463024
0.677740432649533
1.39500810861992
1.76734336259519
3.18043795490823
7.00624037062114
4.74189686433765
0.633135026093035
1.08853423890626
0.876998381018196
0.844685605525274
2.81465171580121
2.44348757974641
1.34354979134255
0.970497669685588
0.943675029041556
0.743132859656516
0.796070731770916
1.15538990168377
1.31406929716758
1.22688554826129
1.33066412093988
0.802014785074894
1.16966191391547
2.0378558852975
1.85293308876937
3.26651851039816
2.50789078500212
1.52223934437542
1.51108266226894
1.98965335739184
4.96655839017565
4.07070094433704
2.725986618974
2.34049481655366
0.975908300686116
1.36381723095098
1.14375063480269
0.680061155336526
0.700923837321473
0.767328927073278
1.01435191347705
1.73884619498863
1.37342506128113
0.819978075487481
2.11696049210075
2.61445394452382
1.29379726755712
1.17726126023873
1.5496993122895
2.13263800203495
2.14227669108646
1.84134994740748
2.57349340305741
2.25283467030062
1.19508026746586
1.30276905630229
1.49243715625995
1.51697459634661
2.71143459473067
2.7535067211159
1.30420988820341
0.76243705766587
0.832439656622412
1.17536544799645
1.3591741452894
0.978502134773921
0.675467979958574
0.847091322458522
0.82120283993426
1.3609803875671
1.52319538672729
1.39407240883696
1.87184610139443
1.43095611386097
1.31148559725365
1.3103484196245
1.5632091257119
1.25191969056425
1.94078192782406
2.21829090929335
1.36997462364962
1.89548651957734
2.60681693540133
2.07300849607237
2.47264097174508
4.06420341219166
5.1491835425176
5.19815615607269
9.61236475538284
5.50517829533858
2.08500117045511
2.52828299933341
1.11306020476392
2.3294295077346
2.20089822459912
0.909970275264493
1.4954820320342
3.08938903574418
7.51716495678002
7.39309488730568
2.7192435922652
2.12560185038399
1.69537406260697
2.06124894022873
2.79404198607203
2.15688424565705
3.05279567647181
3.24100847618909
1.37008264832942
0.678770649920617
1.19727312462613
1.32254385473281
1.13466496965631
1.19958147430754
2.31424179954113
2.24418104633207
1.79128279073958
2.82122583130614
1.49415777369704
2.76589889767356
2.78769743022357
3.35075068196127
7.0726443424361
6.31426927138624
1.69857543658269
2.41831270496257
2.14345439633649
1.42782705296759
1.03504433760111
0.629898635679965
2.19392825812043
4.70191765757323
3.59596883588745
2.15937263605465
1.25990178046824
1.65139295387441
1.42338615344918
1.27954905472416
1.31318653418208
1.36963357460758
2.48370355416842
1.41022089957805
0.984429341622356
1.02267621605282
0.899433825843171
1.43701694607183
1.55044582972835
2.30359952465437
2.36702181985368
1.4033876032697
1.65966667793028
2.81709833187123
2.9243973040471
2.04292436654113
1.26266579852132
0.831919307956498
1.25220647884368
1.92820116815258
1.6894139419544
1.62508959928885
2.06657807012953
1.21832969850839
0.693803899485611
0.539640309054343
1.64062015985753
1.86383981202361
1.64602505154505
1.48314879154392
1.41700243439668
3.90654347456889
4.85218788410792
1.09213024869394
1.63396035235641
3.31172305308114
3.04511770098332
1.81377195886215
1.2570367551759
1.81732087132034
2.49762597633337
1.42079976856161
1.39276522925643
1.27680734952646
1.37197489776927
1.35983494570619
0.985152945789497
3.5424557829992
2.11230253474354
0.818410093599096
2.07489985064276
2.30029408882869
1.91400986271281
1.35574355938009
1.20714985856998
1.58458813678389
2.00510231858146
5.6476409655631
3.66159100282584
1.98425578781155
1.29552844309289
0.840525182686837
1.97622731496147
1.8480141765657
2.1049438463891
1.54603052822603
1.53419469936725
2.16343303102588
2.41561714619587
2.90687297206036
2.42923546632814
1.28408186588208
1.55572067736151
2.04707393260554
1.62337841031553
2.65831781518545
4.56749573608956
2.63882424264301
2.46267508621876
1.55194573268042
3.21110851867798
4.22897633587995
3.64656554558779
2.20176347276899
1.3101583563017
2.26233743047955
3.00759663750356
3.21479762202038
4.46689189656061
3.16248082467635
1.10054708260606
1.16782093042751
1.77937365939827
1.63458594601004
2.40300912121931
3.20865239125393
3.38263097371705
3.42472512234509
2.22835451314388
1.41710519803185
0.985014539935237
1.68216576402302
1.69131494434068
2.29602811422881
6.07662424899444
5.7010912817699
2.43727075366225
3.23678353133704
7.01928680818969
11.3030590706209
5.16512561726493
3.21591769226203
1.77045017386435
2.03995441626373
1.89897716160871
2.04205517235118
1.73126287361824
1.4894923120942
1.80445111193881
1.70148393031686
1.57767993334355
1.72049802551071
3.88342945279659
2.74569330320512
2.20143452990251
2.31815050948159
13.1411433157755
18.5387538337161
10.2504553251776
5.56755759079802
2.75740276151426
1.65562805282302
1.54604361310358
2.108593743628
4.06894412852839
1.8353258029879
3.20412256784802
1.72265978559322
1.1264046147459
1.44311154872634
0.900135107136758
0.995378749113616
1.54297808879845
1.70309575842825
1.06408361331408
1.10290882285095
1.0980809226866
0.892347608324482
0.88899262042223
0.727636218640797
0.842846378522447
0.608282332183457
0.85957918173189
0.938073424937641
0.963367428325307
0.837807385984393
3.05138406034218
3.92134310296185
2.53204880084823
1.03424877471837
0.987041261081035
0.86857423208528
0.715515211600773
1.32294029488598
1.926395932419
1.1519340505654
0.740519760555463
1.24838976047611
1.27603618864912
2.09353108077911
2.48019501539394
1.00333502954961
0.670285379732851
1.14955948862316
1.20158370586419
0.743161394678517
0.995930429534395
2.09071312982922
2.25242404277366
1.09415094916106
1.36595093462839
6.99462549838695
14.7364315636132
4.41794590563228
5.30780635448211
5.49813396264001
1.88375369307625
1.16841123523719
0.901869790465501
1.12830723825984
1.3246477491573
1.18172967242607
1.2115949553944
0.982723874818239
1.45986844012572
1.38871950286472
1.86227427813564
2.38186185192352
1.44442867940098
1.5321606278863
1.28938623176881
1.3032146981153
1.06667033670706
0.670179273806146
0.71570177436618
1.18733046663025
1.16750820518991
1.36255791513528
1.39756102156653
0.992813986008514
0.725852351938432
0.661022035169588
0.934276252549783
1.39506898878365
2.38742610046358
7.41308103123336
4.09197956501545
1.33732989257771
0.94802374408494
1.68898764018227
4.52769233326355
7.04781455031207
2.96664656981355
1.71966892865797
1.39392351372305
0.720731727177475
0.622872389463416
1.37272038670482
1.24716549851795
1.52080816093435
1.46382990141266
1.02996145684155
1.0002977510517
1.76560561653884
1.79762902457367
1.77518858426517
1.28898438803903
1.04455269418717
1.48529336551819
1.27432065848861
1.53057982413924
1.51363174641162
2.318771546515
2.31639534921836
1.66227458986481
1.33219821983057
1.25351252602026
0.749852525348564
0.865362179290949
1.14140284238206
1.09957898352412
1.5422417909103
1.23194984896867
1.22651467234267
2.05997357177045
4.85060016868862
7.21099705492272
10.1918205258541
2.83453447127107
0.824254491360937
0.667441394591473
0.716831747410012
1.06034238161329
1.16543704373513
3.19449999710995
3.88054572828474
1.22472773613674
1.40967893044716
1.63718627933996
1.91904787071827
1.53737447644834
2.21389961884531
2.21782520365652
1.1721415347097
1.24657995728214
1.23712031202248
1.59089630985922
3.11888239835184
3.61664780161897
2.42438452737897
3.3322497363586
3.67970860461305
6.38174986830558
5.71749165130204
2.19482949366586
1.22234334572418
1.19880521949917
1.94384172131834
3.03980410956031
1.642876711249
1.27438668138282
1.46713918163031
1.22339321239814
2.39739373931275
3.19712491555893
1.11904217131902
4.54959576146721
5.99488189956949
2.72696319624016
0.81476087149246
1.09233264797986
1.49670566208178
1.32874605851243
0.971493204898153
1.15188572508753
0.858269485807703
2.12768519203387
2.68198613867785
2.51700391993949
3.73720232656665
2.49851703057204
1.47759923985819
1.59386726179395
1.15363455981304
1.43002589874366
1.42140262815056
1.45900471312491
2.19937009519442
1.3754970665814
2.1958154561385
2.13340479574884
2.43766921108469
2.37103758334206
1.5976651467777
1.53352749106703
2.58670570598047
2.29882182194964
1.74647934781468
1.72813542232446
2.37188259527621
2.25492296955611
1.61023655544064
3.66845190539134
4.38511288432543
2.64896037417804
1.40472926378738
1.84280654162573
4.00639373002126
4.01674692365648
4.01034185192443
4.39308893128648
1.67109952989837
1.62074052814527
1.40226192804769
3.76405795958526
3.85237508354569
1.50102102597278
2.05329177735124
2.49352360416101
2.20899152896549
3.36530723467717
2.28561146002347
1.66522668102356
1.29370358136976
3.41341926435923
2.77432458029799
2.96503554483117
1.43654375929732
0.774727490109003
0.839717665520278
0.950485010338357
1.36289162641253
1.74683014522078
2.22702082252587
1.77505209686716
4.5855623926004
4.80314427588475
1.17340760275592
1.53693469707842
1.22947606767889
3.21998120981783
4.92530472682137
2.09845665715775
1.72331366624012
2.10467017677097
2.73324764140557
3.03349305955949
1.74162707322347
1.76316809301197
3.80894140904455
4.82021130301355
2.75709287651139
1.94610070261765
1.23930932906218
1.27354147135969
1.31531364107596
1.04767160619309
1.90547618997707
2.37829652494638
2.98221681698851
3.61897953535272
3.33564057816681
3.04752598556112
2.43939086459252
1.64913289162412
1.93636070775976
4.02002808185056
4.58576048189957
1.53357385877081
1.50858127547186
1.664184716688
3.94147525477156
3.97863787022131
1.76331592303358
1.22055605283593
0.756491364633
2.62055907874859
4.17103513501275
1.97848428616547
1.81547201901754
2.21362714858409
1.61946192198515
1.29755397517206
1.37190043292899
2.04260500987837
3.09031637425503
2.53443084583436
1.55764271742904
2.16490567472837
2.48399768585301
3.07507562860024
2.95040545228241
0.738491098252346
0.981758419930439
1.7974811234662
2.34566433946358
1.48650750662726
1.87356882834877
2.99644972464994
2.44893993020196
2.35718791167422
1.20543558535687
2.54670779624277
2.88600962159047
1.54663606706277
1.24794799357513
1.24144284901395
1.46178887532236
1.41387648988138
1.44319317528698
1.44322779199645
1.91863521392626
1.80844622080566
3.26688585748004
3.14850632460073
2.40558257214058
2.94048826326414
4.05294805864288
1.7119877789759
1.49598066219025
2.27712731902633
4.04235874440747
5.72339164852963
2.25368620604549
1.67541168725073
1.66672349333641
2.08271786370137
3.01212606878294
3.71076027897804
4.14232110807639
3.3289401532387
2.33343639456013
5.16684092359198
2.67530142847297
1.97900538870904
2.01180149384974
2.25944995206961
3.25850392185139
3.19735358067254
1.72040388264996
1.04600901169969
1.71988539479034
2.08207302549132
2.0566009382447
1.65481990919408
2.0511229092478
2.74586216243116
3.34446850427137
2.95656040137732
3.15303390945791
2.39783004247986
1.5822949404034
2.03677231601744
2.69085312182887
2.80226068723146
1.58173224356241
1.81177255048321
3.16826226346744
3.69418074219781
2.4478503267926
1.83967414904152
3.04560055320686
9.491672482486
15.3478264097812
9.81578214974775
3.28148216489281
2.83913186322578
1.24271337139861
2.37321958717984
3.70267917209321
2.68318371350371
3.14892750458076
2.29156542481231
4.92556151206637
9.81369881478711
2.68124456684982
1.29465789528305
0.839702551523807
2.1456637565517
8.86713399692385
9.29768213844609
11.7141092554583
11.4704996567561
2.46914397797698
2.98616629985855
3.12412993139145
2.22546422255535
1.58464219577577
0.97632660696521
3.77564364228551
4.39445028909144
2.8384578781046
2.65899322102507
1.13861581788635
0.739312517509797
1.18436632047288
1.33584773610269
0.833261176856313
1.0463936349238
1.22498135913892
1.50093303988028
1.58597988927695
1.54239096981486
0.988001428736406
1.33485569315126
1.07242719851107
1.40937419128966
0.703988611310744
1.2450340408885
1.79738190025488
3.06622677299091
4.25644189974113
5.57382364405078
6.01371781161375
4.90944183916005
1.65318935432931
11.3909070955265
9.07445165154381
8.07281202111686
8.66557177664947
4.91777477291285
4.14111173982494
1.3525189717855
1.92237437968425
0.862490217795579
0.781422611806669
1.93148833659749
1.68118017110156
1.06854862040031
0.916662710828098
1.56703404580406
1.95994363366698
1.58477773834298
8.35486324774247
11.7756734071628
3.21544627905443
2.06874910889343
1.3109885653715
2.74963532837043
3.038258501006
2.06211625491699
0.765279807665636
1.2638289834155
2.09247386140155
2.30951952588454
1.3199624040109
1.05818084410809
1.61948377599167
2.46008695167566
2.95249063599438
3.51997983227231
1.14696873653436
0.653329421863445
0.622322544640194
0.712363519046926
1.08074892697018
1.43876932068902
1.71310361840696
2.02781691230305
1.73410326928339
1.07239236136964
1.12093835723894
1.09769463442335
1.26873368542362
2.40060534483191
5.414000291904
3.99151780048325
1.93472363648751
1.14668506616725
2.05499121566161
2.24269393567334
3.80293102820242
1.47170708249657
1.27003969299107
3.5751834953555
2.92964879989307
1.27434251011682
2.36733493220462
2.54535747466594
1.05052519312454
2.61326948629433
3.07150661075627
1.50057958163101
1.08230631516787
1.09380131000301
1.58884755107331
0.757015859695198
12.5312118595479
21.1754676803821
7.6472260183322
1.80606076533751
2.39661206676595
3.49570726308653
1.34726575629961
0.709114744760043
0.672450002397234
0.839270453706066
0.879920215268264
0.752128144157184
2.48333939247714
3.15227584930885
2.84442699501009
1.0762361707418
1.14316862515911
1.04128094469833
1.48970873433573
1.31260234959575
3.1037160840552
3.21433250274816
1.63565056423117
1.09680601608663
0.954339259128751
1.0052338791719
1.83272655644215
2.65253012391229
1.80440340598645
1.43160086063045
1.48442419930256
1.595334730477
1.85678368962451
1.95499759947453
2.13686853431046
2.19840369989247
5.44818037601587
4.79419697771465
1.84811238608793
2.09983579140212
1.72870783648145
3.50793520387903
2.727295358426
1.85356805222528
4.07516317853531
3.22456966124863
2.19958015540551
2.41982803227079
1.60901123858113
3.2116236072933
3.36484333004769
1.8642779603994
2.13118420956638
1.87977184017052
1.72398404575322
1.2053261666843
2.3713394997348
2.49125521219009
1.7206157902015
1.05822059307969
2.02651582576752
4.74823343276717
4.36255382953146
2.70909099210244
1.28297666918801
1.1678483914585
1.02276196103175
2.2712070815312
2.8704221930663
3.22637164981707
2.14559840533744
2.90943776965509
3.76773999686323
2.54249928575161
0.995294928259139
1.77696507174747
2.32723212409053
2.40290908171159
2.16737088167225
1.31789153577821
1.51649184064722
3.04724781429061
2.57570347318018
2.74691862377585
6.41619613826081
6.11611406509882
3.03378777249266
2.31727537405654
0.864389753746999
0.820631996278365
1.02938987581214
1.69048772735726
1.59820143836733
1.22697917702257
1.63307179679336
3.37250510872074
4.32905992969153
5.71845526153333
4.12376312937482
5.49239860686185
2.59353127612542
2.40098512663456
3.25269120789922
1.70153682077823
1.38921503571746
4.21328830663348
12.3428742663208
11.8558705289127
3.85180932115912
1.47576664219179
1.74117043902485
1.81092315528331
4.73497775869587
5.36133103692878
2.30832583961761
1.89562417482242
1.62581588517537
1.47317222798126
2.22756959517067
2.25387454944911
1.67751584842167
1.38090189304024
1.48972964234191
1.50248272398194
0.972401808133241
0.857469920606468
2.48264750782809
3.127821542729
2.02367778497584
1.33911108862217
1.06891849920443
0.972608474115308
1.57614808343761
1.91420729152314
1.23937350858345
3.76800949748283
5.91641743951061
3.68380727283798
3.37759635664063
1.98433979765216
1.62540779859766
3.67377646293094
4.03620209584547
5.66461218437905
6.00949948929316
5.51652358736988
4.08466678585214
6.37112764451856
8.88737017931018
13.7260304914004
6.03838476632666
3.36080880566304
3.04163760500563
1.79559038161241
1.77689346855243
1.91246696215039
2.54604654490442
1.38853674348844
2.05909975858546
2.59061883287813
4.27716383147862
2.83504339784204
1.62573627000545
1.41866817095367
1.45474445734499
3.30440420043625
4.62548891386547
1.27667724440269
1.47480784565618
2.05601274861651
2.31826213740193
2.29309305654211
1.89834216976811
1.97149534937928
1.74617955492024
2.62122245422036
2.00035060591431
2.07779616073684
2.47608009646853
3.02206516687527
4.15958161217303
2.89217693075885
2.37725944249867
1.41132961214606
1.33489602435347
2.20332475200271
3.06503010015517
3.35666043830361
2.06250014558075
2.9760002435834
3.49176816731288
2.11054561748451
3.04713751671788
2.50029339605616
2.32291601734642
2.2915853188524
3.93603815490646
3.70031580980422
1.21048464653819
2.51097408941365
2.52074738090279
1.79840930146121
1.48640994043394
1.32847311318993
2.95350982787288
3.65562404013181
3.26302307835663
2.96675495357924
1.63658314948768
1.84596295637521
3.06001719487132
4.03932480894303
3.41166684141694
2.11144489049815
1.89226499114585
1.83535339015766
1.77336618084256
1.67762085219292
0.939300122016717
1.41988865268942
1.61819101898213
2.42147383385968
2.4725507158768
1.48146768479671
3.86582152302228
5.04177990353899
2.86729335630411
1.43462142771663
2.51705001544713
2.41458888625863
1.53806130413115
0.851999988105954
2.33854988871021
3.37983676225459
2.71902343392916
1.72519111322392
1.22238773869328
2.46890627101295
3.0400248526294
3.59341460997301
2.2844143798201
1.14411000375613
1.74382726412551
1.87057548551136
1.19046455548206
1.95504041666477
2.14795149354048
2.59260817619027
4.3762298347127
11.0233897827803
7.45971725864248
1.34805247415228
2.21254739272977
2.73565529319882
1.3982091873614
0.822719529097504
1.75000055123278
5.04515136787842
4.35322944598411
2.11560773991837
2.00912098141651
1.85426598589598
1.32374652107772
1.98375369105864
1.72093488701002
1.6477951489437
1.79738496344511
2.05030206600542
7.17371664106038
6.63083636186373
1.78888377019063
1.97815558996151
2.66790894047576
6.02337765715932
6.99339616998468
2.10228593788701
2.1219623579238
5.01846277578254
5.21308803881707
2.13960015879727
1.22312342745385
1.07287514984476
1.44677962450003
2.26763819218569
2.52665103181012
1.66199901970936
1.45265193746044
1.81577068579253
2.34681354596184
2.16160735550663
3.29499733358836
3.01109230208197
1.72945935766903
3.05757064081925
3.39037776676936
1.95685611129094
2.19539567980736
2.23205946782455
2.2146062517778
1.53470516590454
1.32422634011043
1.9574497783202
3.02900608538019
3.32117432591158
2.33854228016872
1.10523382367859
1.29124822866762
1.97084096818186
2.27185629378213
2.17048895946954
2.07442393123015
3.36883830750576
6.54925255045306
8.29394602984232
2.53740485421741
4.22000933710496
6.07943392877069
6.7948773950265
3.948972332438
2.14780477464229
1.9960814672276
3.84138906127338
6.95555961680415
2.99842524899202
2.56705764839665
2.36695645793941
2.24368363192322
2.40680533216575
1.60479925416323
1.74763538299842
2.81928719652804
2.95272695782701
2.71869554225056
1.75615871964754
1.53959340394088
1.88800295158337
10.4817275519286
11.9474270526481
2.91231408000595
2.54981355392915
2.56089440113368
2.03242907316242
1.52551097775553
3.06144678353855
3.93279139129734
2.9779062623931
4.61806307589681
4.84422295226691
1.99167669728089
1.73418581600086
4.05068946877801
5.65517842283183
8.15176001098784
6.20170306582892
6.6050024785706
5.12465986812978
4.30668348783907
2.96689423898563
1.51216738535796
0.786636349351354
0.763591677926248
1.54655054029975
5.75142365020758
5.04007782029387
6.0314857984763
5.46694266587491
3.53646286616625
4.96348374411847
2.70161401181216
3.22000143948957
2.5205141565469
1.44773013851735
2.75593199402986
3.83190735320902
3.78531201356432
1.26429677071578
3.84866307045781
6.27109810055198
3.5555730880561
2.765072175859
1.98733729255359
1.82887759746166
1.84646861203716
2.35629018077083
2.87427164052546
2.6546363998847
1.57480870918907
2.54623832651998
2.38869601672691
2.30177927760532
2.45766734225776
2.78722054343033
2.75528978519597
2.26844399422712
2.06226154074931
1.45622517875213
2.07285938678877
3.20631075877077
4.16772373439066
3.66041679015915
3.32234933377428
5.85943408837065
4.85076166642046
2.88673898424778
2.24292437961658
1.62324600263239
1.93996052909417
1.49125374774082
1.90484231297223
2.41472097528989
1.55112556597632
1.40859669651035
3.11892277430216
3.48145063971297
2.35127526892337
1.46381660022241
1.54762817728887
3.89579697539204
5.36231519565458
4.54005465090156
2.05185570690153
1.11387198659518
1.05053821119843
1.55387977319013
1.64841446793434
2.24755263084482
3.21282793120665
2.7531645612598
2.16144068521466
2.39445214625463
2.54595077132627
2.57219722953677
2.15362467548805
1.41290085082925
2.51903679962094
5.39129612840497
5.3104368653819
2.34563924827891
2.59837732084344
4.01574099542277
4.58631386869156
6.43162150748796
5.7532529434085
5.16602100421356
11.6471296796775
12.4092902258689
4.0346828796172
2.56529665146614
2.27508424040187
1.86484429696111
1.32758952120753
3.2066985610495
7.06239168428126
6.18829806526872
2.33915675197167
1.51532732086604
2.30244114119969
2.39358210162917
3.30901687345628
3.76990382409805
4.17715159831599
4.03604267946722
3.8130170079454
7.72054480686464
6.07958806012491
3.26357641194431
1.8051553273837
2.55740277466688
2.72490911304381
3.06897395839274
2.06316981797498
2.15346128269938
2.73344235579121
2.89810274025145
1.88533460763066
3.11195751348789
2.54013822895668
6.53071561857301
5.45786112926887
3.10575854795815
2.16608159531197
2.19815701914578
2.20421308968052
1.66131718674024
1.50065577709924
3.45440346187043
5.39729279579347
6.23161140035275
3.77715558129926
2.00984175175388
1.64717814057698
1.96073137486232
1.63188850250936
5.18783169563213
9.30218689913239
4.06795048585221
2.92089600511243
2.56110595973777
3.15754036526152
6.48822758613237
7.89703432871439
4.11528398504022
2.70590846778222
3.99917192968645
4.61357868794129
2.46949562099291
1.7053680876551
2.86323056269676
3.49004783116631
2.54878741368081
1.62893730574906
1.69668819693892
1.29593213110093
1.36563174067665
2.97222332000476
5.14357104880161
3.44887617873222
2.60669147077647
2.8031795254405
2.19059218698498
3.87670533152453
2.8995369388247
1.11626279177107
2.36380129529883
2.60484817310347
2.50108141607126
3.16471884115808
3.14937898520034
4.81037133415768
5.40595693200581
3.91527600403733
2.34093855515581
1.54065797559671
2.68944905008354
3.36584380964052
3.26660555965817
2.92536994156083
4.80203590737446
6.39088426863151
2.73051454135889
3.11753508613739
2.79413236984412
3.90689883812519
3.98351221753135
4.25202557657184
3.00188576850884
2.20765310850282
2.90208808994717
3.14477036172645
2.94739539389636
3.06381126699621
2.62088198337023
3.5310614326118
9.43513228252547
4.21185332754531
2.71810067765486
2.55078450785143
1.22895113314309
1.53665516965831
2.9881172141465
4.10743208501164
2.18015643519328
1.05189065331778
1.28922071831649
2.38292224441006
4.29911383432022
4.29545955152255
2.58489891450658
3.88568268921747
6.3306261460427
3.5941997029388
1.07351780116078
4.60621749535532
5.40944391705822
2.19882422085759
1.90075594214639
3.29639560414601
4.04366020911818
2.68958283085245
3.61789478050733
7.53216170344574
4.68366724807092
2.8306285692539
3.97609725894706
5.37981880158348
5.13915404494399
7.14515890171709
11.0228498160326
9.61609410550752
5.13309216309674
4.28823073447735
3.72296580466263
1.5782160582715
2.6290112477869
3.83073288194356
5.49314880561517
3.56404883531802
1.75356695374727
1.11838327100908
3.10389592036175
5.03333686662147
5.92649709851159
3.23379783920715
1.89638890376391
2.54773380714424
3.08642355965503
2.86504159493966
1.88436560445776
2.28154655208735
6.46477028689529
15.3152334384749
6.29916455766401
1.40771728085859
1.50089169852995
1.54389483205397
2.25239821208813
5.11265060315198
4.2975871733176
1.52433287988085
1.29251788814233
2.69563362333504
3.67610821398295
3.03256927987011
1.84521742137194
2.03566867609693
4.10728900169206
6.53390562040647
4.37021866488425
5.82160778080857
2.37241519252477
1.65108872964589
3.04533578890175
3.22993043016363
3.29475395034465
4.59517880659773
9.325907572488
5.38012488814476
2.07138195996615
2.34239425492691
2.17001279328017
2.83265008065175
1.9282424666158
4.073044362386
8.63121913312301
5.72462200430305
1.44982908135053
2.3529432479819
5.03095399954217
9.46254222686292
15.2202917396759
5.31196444938636
2.70026788959123
1.65259366862655
2.25731308062347
2.62095179716559
3.61092924171532
3.90314396349919
4.92951469934279
2.80445673574012
1.31923816794509
2.17172380163312
4.10921342906875
4.1676719622548
7.09473460461801
4.34541920724594
3.03945464476295
2.02651210476308
4.10437816634992
5.5659242602009
4.3957641130048
4.20364742043214
2.44548520735309
2.14751304044383
1.83422943636518
3.58414318209365
3.87981915919045
3.9523423133673
8.34027607719432
11.8912358454205
3.94681316530474
1.54627566576846
1.13762145894751
3.37317947157011
4.38696233044959
4.13620599180953
4.12832283413194
5.82825397016994
7.7695987004323
3.30328022867923
1.82362601575703
3.7773574679867
8.93911136600042
7.50278040627369
5.07392156316708
2.25430477384726
1.48474141651552
2.50353396727219
6.0028819078259
10.8426874014827
8.55902753424746
5.38856879355156
3.17164422037423
1.99679322966085
6.26895742211279
10.2070294206899
4.30400413423356
2.14038380546152
4.36492679890419
4.49142536286617
3.53464929736699
5.28711723853076
5.51750432374467
3.4102401354639
3.23299222907021
2.12120209302456
4.80255312677284
10.6181877060986
7.4682219627201
3.89119804837205
1.95403444573361
5.71208841456259
3.95348776472115
1.43601113241137
1.98812288492593
3.37343044344409
4.24304274074929
3.28124452929421
2.52584988363204
3.3291288117261
2.48526271177799
3.07461535197399
2.91338413221606
1.88347233768879
2.27243174855934
7.47921443267898
13.2793424665131
16.24889446224
31.425906803219
13.3836279922734
5.4074570837921
6.9217827831924
5.16429652400961
1.9354378217257
1.20966039097381
1.83203594652241
2.12694068534423
4.56636005502873
6.58806290204133
4.68675626293486
11.9734645046188
20.6398806275961
8.82319964812594
3.96629369266161
6.16473812740755
4.71910855675601
2.2299537044962
2.03824161309636
1.93693923770497
1.65709888201871
2.62950279623458
2.15362066260818
5.44817563109133
6.96983029103755
8.90819530894227
8.30153114647863
5.1415706858769
4.54520119657728
6.04290310229181
3.62876310574959
2.99214056907025
4.32919424438952
3.88028575101442
2.64819694080479
2.01086404584946
2.07262598842126
1.3298392358236
2.87515995593795
5.28417327832148
7.05820700641283
5.78083751123746
5.97416083882173
5.88004450480855
3.93227506435807
3.25857432655772
3.57385661846602
6.52670181156008
4.35174621393232
1.48993258153598
3.24904277595771
3.47320567590344
1.82354982704038
2.6003279228559
3.43685364287617
3.42595958938453
2.79481467673097
2.12147211659007
2.44424336280117
1.91322382109381
4.03756139360935
9.05649863249798
5.99603902686867
2.95539720718967
4.1481043429566
6.05314945383214
7.69723978470688
6.08942344886292
3.2829383586812
4.3317669412256
5.99259308038331
6.39827412457418
1.64248943254212
4.39084639312307
4.87961833236142
2.78911575217543
4.13575632768065
3.83803672896604
2.56803093131249
10.4641036060871
15.5443686252654
6.32677688204093
3.01867224857423
1.78273138474955
1.86192260680811
2.00821719255403
4.68143433548595
4.38832766440565
3.07211438479094
2.00459228463833
1.64845271642045
2.95043692741885
3.97980632692881
4.07988443035043
2.91107573276402
4.62508679460037
6.67497597258432
8.92101944384727
3.34340419273823
2.71755768589741
3.13717213249518
4.31633850612227
5.74822738367871
4.10835402874607
3.73652842335099
4.06020520502271
1.84849375130703
2.74972954952175
2.40286233132359
3.11111456291034
3.73007274442847
4.82412897873459
4.23984399376397
5.05631891099428
5.47874837891007
2.39675137276051
2.42499611270682
2.86717828216038
4.34283630914184
3.93114197559909
2.88800347779625
2.35047338458548
2.92907306848181
4.90426450428696
4.22122272846455
3.25668153582988
2.09424989268712
9.25708428961446
10.7035749932053
5.22606325375461
3.0945115139849
1.66991333852876
2.86171117699503
4.52865911278252
2.92431809924399
3.28544546145172
2.91991254074648
1.72449221150227
1.1064440533675
2.68057296098668
5.04625624917465
3.56438588865788
2.1687339841696
5.65290132640391
13.835430583758
9.39458025496301
3.8377531628997
3.10399919313387
3.5889886246977
12.2900555873628
18.6853364659145
8.52887282881116
4.04497615256312
2.98696208550473
3.27820795343368
4.18886012930002
1.29275310475204
1.78088860278544
1.86241830395106
1.81537508897908
1.43967953225985
3.16013535619878
7.21226975730365
8.25306311277873
8.57968427855401
3.96456531154541
1.6763163085205
2.72949815064647
2.07595402577856
8.23451339512964
7.81147385453849
2.91137566114664
5.25415965322063
7.31937502277226
4.08594795343631
2.5575847202218
5.65728525371569
4.9653322535821
4.18209814079414
9.06398189387962
6.2031276673748
2.32771728527316
2.23812908542267
2.6840941530423
5.60242567683121
9.2726726184656
4.71539295831923
6.4353540072498
3.77574691735797
3.44952017398585
3.14412894485498
2.8893564647651
2.15245995067952
2.25149077667787
2.4377977906392
1.7203166692088
1.65067209004986
2.03675303607678
3.28385621738635
4.76459626856644
5.19624042646491
3.68285031516765
2.80323331408097
2.88333154350562
2.01157216419613
2.75067784703464
6.90842041407886
11.8396716256761
12.2748029707964
17.3914024596865
21.4450392112039
13.6931669512078
11.3120615926172
6.725060180139
4.38779016958006
1.50633529119902
3.20437766826011
2.78245564833205
3.92649149792
5.33279272076173
1.99405647165056
4.65784057780757
4.37707541112569
4.42593661596983
4.09181734716607
3.38636324014654
3.0785572041485
4.48004369999335
3.52912042888047
0.82821339728178
1.36380007051289
2.53459058985999
4.55371034205204
2.28607402927996
1.57485471362111
6.47499841874247
5.89296280972375
3.47152139793785
3.95727539858321
5.28771488320765
4.7107922349132
3.8550893379729
7.26297074728712
8.02934103676644
4.44537767013396
1.9796977111471
5.48903559495839
10.3120174741783
5.67791920476011
1.65149349241786
3.48159747002444
4.11711185759989
5.11449595825297
6.127986047679
5.92589407255373
4.57960407274559
4.67972959238513
4.80384390247292
2.50779197483147
3.99785855918198
5.85999509049885
5.7080498310498
6.26051976533573
9.87748178487083
5.80676934988693
2.36643366849187
3.673471633182
3.4432865032718
3.04581341960634
8.83523822263513
6.54542942330156
3.59942026641799
2.53851408318187
4.68374157786085
5.4944493414525
3.51033616537282
5.45934277403343
5.43723954736765
4.33247377064806
4.16720788963177
2.12144668823215
3.00502338802241
2.87789422698093
2.64114198354389
8.64345436214428
3.16997301329295
3.62022795979197
3.34343034474955
3.31125569396226
5.06199318745227
15.6259188918765
7.56485615582809
2.34416065407956
2.5502950291486
2.77009708025262
3.03527685996489
3.53519678244417
2.2407552448366
2.32322469781124
4.50093131432319
2.86215263355345
2.80982997125709
1.90497757990839
3.42932497426857
10.8366816307129
32.4184272671257
25.2324420174457
6.47328088859906
7.45203275211434
7.51988020634922
3.31883151537585
3.60032412110202
2.67096054822776
2.39412654818096
3.64557106825305
6.93064699889712
5.56929682559435
4.88447794939538
4.7255511388555
13.9523053793152
11.475749736212
12.4124515674737
12.2924062326872
12.9994446210915
21.6171278319882
3.14225358178284
3.70891732437461
7.64060397037172
7.3092349562067
6.55051056797615
13.1017281192228
5.71708632071625
3.87642775213678
11.2538075552828
7.63852764140563
5.45272788428956
6.14818044045969
3.95106784272547
3.61869928402981
5.24511273671088
8.16112326909749
3.41470299084593
5.0864870276381
21.2001494575002
3.30990963988318
21.1881417980874
9.12224080155829
4.93268257890095
3.62110908644212
1.69783523904307
11.3840139648034
30.1933893929982
19.0138015277446
4.17801205013223
4.53383834678369
3.01375748541508
1.70590523284817
4.15861918830335
9.12788421853339
6.15410423431617
2.98703755322669
1.91795732052185
1.92725527378252
1.80552575642919
1.41491944232445
0.754055902611508
0.900588339858866
1.39540964351318
1.93861093359818
1.48081881196281
1.06259599841628
3.52915469248454
6.76363563533233
2.35009522133346
1.34226868162029
1.34964774118351
1.98571648067528
1.84024277667594
1.00823253883457
0.730659944329168
0.964459856829678
0.827989466160008
0.608580153214288
0.689275792559126
0.712361322556479
0.928400767003802
0.915562708101622
0.942281007303742
1.36485757209053
2.34165398153058
1.69501370641825
1.15634887886019
1.29385407384467
1.25728238282494
1.28121645375816
1.55730444341133
1.07073995352259
1.23746695764564
1.69480656600789
0.871597703621768
0.897966421469659
0.861788226392577
1.58084397779949
1.67432482433331
1.51034838007475
0.959258906895632
1.75710823014075
1.7888012527548
1.09899907098145
0.951436139118589
1.2149254705364
0.735509035507257
0.71515198009575
0.686840545304746
0.59910791207921
0.821691680564594
1.29073584268874
1.08631721943296
0.850012238737949
1.36138513688152
1.14945774683618
1.03560337832373
1.36864012413115
1.82641960566675
2.12290647254261
1.43296377192674
1.2814939262989
1.60979556064773
1.26579500061665
1.44819726986239
1.42438291620296
1.03308446665511
1.25539583945038
1.63072043390197
1.78816003218805
1.18976532681748
0.911110045982055
1.59322595865209
2.03750280647968
4.22715747094296
4.00897557119893
2.04057765252263
0.711984227709867
0.607217124737449
0.793524430326541
0.770802326791982
1.23070043704272
2.27794425734796
1.57269328980848
3.00936084990708
1.21183075189359
5.35102838559514
10.5634222261408
3.28083807695262
1.13638998083518
1.20560376130236
1.2995871995273
1.06410087823406
1.36009057891409
1.67644680869494
1.98105472437122
1.79291671406791
1.08427749528489
1.29729317609047
1.49756955453389
0.9121740116796
1.39226547272861
1.24703983160789
1.28532069256678
0.70480829651042
0.91503093685774
0.699927610766301
1.06452783781564
1.41711781301224
1.13406398673176
1.6715907928564
1.90663952353251
1.83647679769515
1.16600385555517
1.43294296994418
1.97806399132454
2.36578015848796
2.72305800653271
2.42618412839656
1.5221051624275
1.59555106600766
1.51171945233837
1.12769709100867
1.33048338278046
1.31629006648619
0.898577825393594
1.03729145637484
1.4470865191163
2.4602761084127
10.8380752797625
9.86717870543035
2.76862412819618
1.6833014986154
1.41714455780988
2.17241976334236
1.65282203240839
1.55586921727267
1.18983859506573
1.36746335095285
1.60314564581996
1.35539465463197
1.47961470176789
1.69298393382268
15.3463849527274
16.7353931394652
1.61196742914534
1.40572409872182
1.02813318514774
2.31340166812444
5.56742627013211
3.72470136571309
1.20847948053501
1.75466857202536
1.04471918464758
0.73701706879217
0.657721038319323
1.14738496500387
2.47396928915555
0.814270444147936
1.07586775812229
1.12720977646602
1.65601444637486
1.39812045403609
1.09617282920527
1.2216195661217
4.02579068254489
9.88118759778106
4.31021920382541
1.31313320996361
1.15708114835326
6.13275094575834
15.8609350862453
6.57477895724254
1.84422463326607
0.985620030800085
1.19264658980472
1.67652263983089
0.872204061814823
2.15784646515793
2.69724925075612
1.75191026776962
1.69221477056577
1.74504029910574
1.89239454370347
2.69555366690822
5.55563216896123
3.65924913033683
1.33853029897748
0.75665146075607
0.599903441278591
0.564170071646876
0.630841948723219
0.838332193119932
0.738807650252144
0.882763597464632
1.17884495858236
1.19017480500179
0.865450541263504
0.756692569818272
0.925568644907985
0.97888428321543
1.19367237719516
1.10480029465952
0.835183537629819
2.36981176837137
2.93439664885521
2.2726778833286
1.86071669512453
2.81879379926128
1.68828166511844
3.57280026564886
3.03115759263421
2.66953258890931
2.53023667053003
2.31573513696574
1.67921461466462
1.04194881844476
1.56792420862201
6.09620322217476
7.17839873489811
5.02989093904965
2.21066609978857
0.830406405764627
0.61011667076871
0.9230807095481
1.31982812014495
1.45484914508548
1.30998885872325
0.866656675581756
0.871303524410773
1.30109733215123
2.69272054618214
2.42052384892634
1.78740283311006
0.773203347645124
1.25545944312955
4.37389186121605
5.74981644828765
1.17725870086274
0.932442949135049
1.0992015190081
2.4748713785999
3.27943657246319
1.9081836608644
2.06755442420626
9.95947701914034
10.9902534402609
4.73580776423205
0.889459027255085
0.476555356407546
0.988533613348468
1.3582668186419
5.09623464528469
11.1143206590585
14.3970530881512
9.06252908741686
3.93378355461817
3.29247838638705
1.75915518980481
1.99451086015841
1.1562341861822
0.592691958696256
1.51509390031399
1.59893974014857
1.08584932227196
0.8418089789673
0.782194458642026
1.00613114807273
1.05532065096956
1.03188081133696
0.776734855384419
0.766246491446341
1.14707889572466
1.47014301507617
1.22701922973397
0.677962284363337
0.879182507143293
0.911914976983786
1.28846772230493
3.26753828418811
3.22458946108286
1.64972156671329
1.94149262656836
2.28730797071516
1.51409644227368
5.78631839819227
13.1090206462283
9.31774696974743
2.83303904960403
1.54252184013088
1.13346765299574
0.711567658696398
1.11128835672458
1.9184658554572
2.86031069874891
1.72906066123749
2.217185853842
1.7012916683112
1.77520674625925
1.56243423879919
1.16359997361404
1.66932137428418
2.31863947630652
2.43165247142433
1.60263221427567
5.1660035990522
6.14302671513915
2.56227568775609
1.40914530290038
1.50268903508565
1.01983307378663
0.649932337435376
1.00248854068082
1.20373950651492
1.22428978174143
1.20092296830958
1.46162671624349
2.25101581189418
3.74678021317181
4.15868240766387
1.96444578353063
1.45132592657714
1.26119795112804
1.28013367315255
1.28540471154231
1.34564722336771
1.1891685188602
1.71836115938008
2.03463882998421
1.2883034196125
2.5633560012495
2.10612119472575
1.14126052833549
2.56282280968099
2.37975121925244
1.27448067804249
1.59384453402331
2.29897297853294
1.64444736905726
1.99332803309854
2.01176508712251
1.92240559643545
2.44269663994167
2.32196885598951
2.25530252258012
1.9798880611411
1.86836775978657
2.76708362664885
2.08995992491323
0.586200077870265
0.931822456998736
1.39245050904963
1.84868747508029
1.43098104791634
0.873710210077064
1.00282313639634
1.86432522850349
2.22687410938664
1.48803915480628
1.40078460206706
1.79097353994005
1.82066335868913
0.867842516319052
1.27080973032157
1.29977395141414
1.91461959538119
4.35919780628097
5.36868214913914
6.04156240448921
4.37193609409986
1.63606201807212
3.42459581266397
2.54394438445008
1.15054348150625
5.41252152166952
5.4381702400239
2.33794257743488
2.27005502757334
2.98679292203643
3.22858063825901
3.88866504795396
5.6081725488512
10.6779138067155
4.66025457866692
2.30491419298879
1.40158299725976
1.37104616317833
1.37459004858362
1.10013951874883
0.839587269771504
2.22668425625511
2.89240497482164
2.21290057090581
3.96313954000208
1.89998384567856
1.72714927318133
2.47723959603209
1.9366113419577
1.39989984188948
1.43733894984172
1.35475562810486
1.16178819176074
1.66531192376477
2.20183067304515
1.90178559096865
2.59956914884146
2.55556472946041
6.09353241477905
5.54310731371693
2.6427137836675
1.76021074238529
2.31761266948746
2.92173600674059
4.70758613743528
3.12574061261327
1.21002771629573
1.25070523363839
1.27101328865097
1.18098751883476
3.10776652034147
2.67028028320664
3.24855770695053
3.44715809524938
1.85323231672233
3.01001390215475
3.09991936017181
5.63260429557419
10.9351648564072
9.29374946696233
6.04383111505273
3.51800626429191
2.05456512105481
0.854976248412668
1.16131098988112
0.966445122358772
0.826682363477782
2.53683873902591
3.69461264837703
2.65612830792075
2.52001093116061
1.0021975214718
1.13982099960885
1.16107705823732
1.04784483972082
1.15976111241656
0.92613972123435
1.12799339191827
2.51298231884831
3.74261685686903
4.0885506497583
5.62630032203741
3.08542270873965
2.16791982225539
1.35893892431907
1.20351037008051
1.11151905909499
1.13989683256849
1.74341881196056
1.50861286975233
1.30080115725494
1.92687636176827
1.49821642669541
0.640574095238453
1.37877927672955
1.86836560659638
3.54251973131174
4.12159892800157
2.02241204922756
1.79429925748895
2.91540210452701
4.13820819818106
1.96026911983092
1.41225108483079
1.75269216725811
0.877046901275284
3.01920961064733
14.4565586435541
18.0640015215375
5.23265609115103
2.69114098669843
8.96223198031072
10.364311640946
1.40062586691865
0.772400510381499
0.679861277055517
1.13416209137924
0.719996204690996
1.32466676933908
2.38005508663388
2.52463520436809
3.87156150652932
9.53296903725826
7.01409189282024
3.22884433459569
3.85207059256913
2.18918473794656
1.74921307721391
1.09023746959797
1.11673168573598
3.37585639112706
5.50167751179606
2.10334414163409
2.34319667619231
1.97328100637347
1.38302516048298
1.98956982017813
2.04994658771102
2.31404212551752
2.40741423574391
2.15524240611414
3.79506752110628
2.89649071764343
1.42468619454131
1.89583922946152
2.49359164714919
1.81053326381791
2.2973421052343
2.75551251039647
2.53425936328279
3.68979534943747
5.66239764772387
2.85719988249619
1.48806212750934
2.3259066606574
2.95191019085562
1.53828872221434
1.11430551739583
1.14293578116685
1.38501588624244
3.19431279328164
3.9079478775415
1.45829220911132
1.83645114789589
1.36122913985304
2.56021534338285
3.10889750046996
1.29122739297923
1.0828609675978
0.982410868261289
1.92223961231843
4.08165437722624
4.25007733917719
3.26492959788458
3.22894642832573
2.66217581946771
2.22008839422827
2.33179036555273
1.84498717619118
1.7552521094232
1.5966075501417
1.26977435131954
2.38796825786995
3.62757996247004
1.10338445670213
1.01675133929857
2.28640593190559
3.89001642188948
3.52575695434885
1.86638953637618
1.15862883186416
2.0453045025703
2.77724606294669
1.61048237976385
4.24448647014565
4.26685776214645
1.29086236656322
2.46786913322847
4.18582695284428
3.59679628385313
1.76214389767004
3.00316351503533
4.48429005547288
7.80742604163172
4.05842812090445
1.75455611508413
2.09380509972543
1.852283011369
1.57742581688858
1.73362977150394
2.00386578804448
1.57935180761998
4.69640013727927
3.82782288327545
0.928100830414468
4.45057822663112
15.9391184702116
19.3053087638117
10.5636520791747
3.05341045492197
4.33525876587597
4.3425780975413
2.39909443431304
1.61176933329343
2.42677078101642
2.89724563693308
2.15926537072875
1.51146603803556
1.52152528778251
0.896915263680401
0.900016075825378
1.03381540887432
1.10820937608591
1.35870411615704
1.41375040018935
1.24764891609932
1.26377658828949
1.67556137456383
1.74526386429552
3.437939005872
6.38219481878646
10.9969969357269
8.28778298131078
3.42361184937423
1.65943431893485
1.16159092298976
1.08225569083314
1.93946192144951
1.75416053643863
1.92113353379257
2.22389133761018
2.98907697184838
2.4653119333972
3.16838541311559
2.31610753718243
0.673700331409068
0.71427982001149
0.740661605129776
0.557859748328928
0.879132655048699
1.09307086105438
1.5511468994995
1.65933711160659
1.55642761689635
5.58991353957127
7.31216366095569
5.60997567232714
12.8589246689259
9.99034923227904
1.88980544859372
1.29591573308544
1.83149801703982
1.08045449590873
0.75617465303954
1.97042842141588
1.81047599502468
1.3290632494671
1.65492385716814
1.31488595762496
1.48312196816713
1.63684920878107
1.24579295934226
2.13710940009438
2.83970737145212
2.16881523352089
3.93308794131211
2.3630555090123
1.0080471896561
0.740631076008726
1.74459517768338
2.62486015547561
1.52371378757432
1.84511205400276
7.28550756722076
7.73428565358949
3.40127915957811
2.63267814923536
2.59405265874284
1.48202611002956
0.730392229875395
1.28765281105929
0.976512612301095
0.858448357777476
0.71980361257257
3.0072241036177
3.80032011994972
6.54823639074634
3.34714352089554
1.66409187977778
2.02498074367886
3.22339172380624
5.08304825426098
2.73485584343947
7.06938389229876
6.64270010882522
3.22817176908353
5.10939737864947
2.66849502567326
1.08117632471132
2.20339882801029
3.96901180272704
1.67576974732157
1.18312392731548
1.35093593210053
2.92594046571791
3.67462550344034
2.07968581842856
0.916003974931616
0.774172823022271
2.45369813118835
2.96950601501341
0.92157649987471
1.01815418429624
1.7694523513862
2.8738661882408
1.83214062524605
3.34516576621791
4.50702259546012
6.58904874978938
5.39671691659989
1.74909405077099
1.39102217026661
1.40035412188561
2.74563493121083
4.0966983658484
3.26678780077841
3.31052031465345
3.38128541150244
6.89613457622092
3.38417774060835
1.75598287451263
3.38423517998828
4.28803288779218
3.98217837689677
2.70171674697273
2.00512938902792
1.57664774250179
1.91384557458933
1.65722643372313
1.67256513470675
1.20630070673811
1.93724719338875
2.25214444358332
3.63612573912539
6.09149926120365
4.5342020864732
2.67025918112108
2.04756912710189
1.01493786000517
1.42207884171824
1.66629179393142
2.39541186344697
4.03261751053376
4.04354756178687
4.29928890454725
5.67821398565121
5.18511837575066
6.9508300234915
5.91211910197936
1.68695478420204
1.08074609750017
1.19989552387123
1.35900207975694
1.29343733337835
1.76411081080268
2.10380424573691
2.35104959632025
5.01536057497123
3.64106539058202
1.10273293328556
1.4250183153113
3.23542490993839
2.46523333097658
1.81563023827863
1.61696524144955
1.7830176113372
3.7222057946537
4.15961930320268
2.61104002792563
2.18865446560403
1.69087340644133
3.72597325231166
6.67779977392106
5.52668787684605
2.56801640756613
1.11602882765715
1.39636527613153
1.63972117881893
2.03040876939065
1.54780277691849
1.62648186496929
1.7985510828973
1.34374018418674
1.88744162624406
1.55608845459235
1.16526736690348
1.60908126397735
1.59238833934591
1.69945757902891
1.80714423131287
1.21962297817181
0.960166502812138
1.8529946498119
5.89596330569412
7.91512752684324
3.3251854293127
2.50715894296743
3.95775578614631
3.77528848842936
6.6565335606938
4.71653907524112
1.68515662546895
1.63108684980361
2.41064956074081
3.37631209996374
1.85281678757457
2.63454272659363
3.0548548329988
1.94013011392726
1.63787647760472
2.5702702447952
1.99949947516518
2.0735089044871
3.18960664712
3.29188907428771
2.99136116000322
2.65649918574148
4.39702996636193
2.0122299759432
4.08449694413328
4.67064796082174
5.00343717650904
5.61819371270018
6.57254057889308
8.59811138581196
7.80393410611995
2.30986188954812
2.53574207086952
2.51629569529871
1.86088493798815
2.1023401843946
1.59784688227453
1.20559902079879
2.50903867364094
3.09712128356992
3.3759171941692
3.56911044672716
7.89912513929109
6.65241445154883
1.70664416122427
1.53865760254363
2.47538645509041
2.03729709475361
3.46752252238109
8.12076278889489
6.92354010864355
1.61636130274339
2.58065046018808
3.02058778273676
2.58408411289085
2.58338553258409
3.49538245726315
2.58414573826292
2.54777888654283
4.19562391788272
1.97050839470019
1.38502366352942
1.71724047452355
2.70287705391955
2.95615541747046
1.72916040750831
2.23854344221643
6.0439726067712
5.6626560194206
2.26537886821891
1.55903868248957
2.32255786898182
3.15137822853418
2.0420995538472
2.51709253922805
2.93637952687014
2.14552388154409
2.28448140740182
2.02043514454955
2.20252003201695
3.50581838424908
2.00976477846013
2.15813437351185
2.47074612586324
3.39726935166238
2.77313145790128
3.18225541549549
2.55641567344017
2.33067236457808
4.41626394556395
3.63907770011445
1.77675248103527
1.82593499040878
2.22980873179336
2.56753778362775
2.14280907729533
2.25651852710984
3.23253467060694
6.53613602073146
4.94560456224364
1.79380657297174
1.67444798389233
1.23306094563953
1.62330609961203
1.46643099989082
1.34823621314023
1.76269973147159
0.961855446440764
0.939824513489328
2.55969361687894
3.62359226678104
2.73281104216752
2.49794376176546
2.80737896704435
3.19955667435609
3.46566875327616
1.66972394393484
3.94052719082871
14.1470206172631
13.3223304843029
5.25029711629533
4.35830143387845
1.77010626481618
1.2470089965782
1.39358417698837
3.9204842345626
4.6817087198224
2.91707648339476
2.18130005852806
1.83390208168188
2.84140364652509
3.76774462262421
3.11076077639226
1.8412677253664
2.03932134477992
2.66388579615995
2.37107084925307
3.16172981334081
2.92329353917386
2.02204101132623
3.38481142676563
2.87563098222737
2.00979051549958
1.51819062994381
1.49022487701321
1.50918857416621
2.38909822033841
2.03940217505155
1.30645340549476
1.85672548868225
5.69979415192518
5.69112486195117
1.85355688670645
1.79109031450936
1.83373440540872
2.5915568807615
2.90437659161018
2.87118667237497
3.3749935535069
5.19015036516402
5.03362486030638
5.95224250021625
6.83741658818529
3.91364563941668
2.01347539009542
4.46571779126555
6.71138513817805
3.18499035400291
2.19496432454934
2.55395322033944
2.01626160449897
1.36968152672686
1.92319130815346
2.0991379694148
2.52169921291407
2.14201930870385
1.31521637084533
1.78030881894168
1.59895476953523
3.9617293004975
5.22407412456596
3.62539538051196
3.43180482378241
3.38940730859325
1.51266912071483
1.560941183209
3.02013041083729
4.8741322114662
4.18763102456834
1.53354008237082
2.75137725040821
8.38551159186997
8.07096319922763
3.40176425217678
2.81191796253447
3.91577028244554
4.07836921010076
3.96225658162147
2.56322834108497
2.13246744153681
2.61636191570255
3.87591245540275
4.82108686781992
2.57335979671945
2.26731461324288
2.41898670449395
3.44208315029238
2.23702824528777
1.26570146563156
1.1777787261171
1.09580692898871
1.48450164922362
2.05542216429597
2.67911676877415
2.72831438961929
2.65385599113173
2.50570533499591
1.58154552406188
2.53121243886739
7.35455326990697
12.5186662055608
6.03176946491555
4.594737916724
2.99833462540396
2.64746030408489
2.2581854920746
3.77201506065807
3.0750767969458
2.25937277101764
4.60856341637753
5.76619956579232
3.89625424956272
1.65205983445296
1.80495744259386
1.50099606608469
1.67032130148511
3.05137269462643
2.86441348903582
4.96785728154278
3.05536490005697
3.62163834572207
2.35060513715011
3.31214868886733
4.53222024405905
2.41397738264529
1.69020220984495
2.81114251754628
8.49451750412894
9.05914871891871
6.23261838897082
7.70487267891171
5.32465700441968
2.03864764602606
1.85448317407188
1.69368685594059
3.24554710278961
3.22104293721155
1.65802520126176
1.89207157631234
1.69323195645168
1.9415431037385
2.11012875959334
4.59014001255151
6.61197528269874
5.7027067500444
2.97187548245723
1.80242445313912
2.51918815422381
3.14147477829479
5.94962461985304
5.04766980240697
1.56032643760244
2.43878887843309
2.08630691832354
2.08800677697474
2.36826561146921
2.21004463571784
1.36841391312926
2.97179809689262
4.65288539601522
3.54892343893346
4.41603413978864
1.71371566231149
3.38867799520522
4.49234795880801
2.84843990670591
3.62503719203722
0.980135354077126
2.52818381064641
5.18656747231378
4.16240429350947
3.99034262760141
5.28730251130239
5.97887760094677
3.1697896933182
3.19086418526571
9.78711970534789
4.99243740194843
7.36727059314531
5.6697131383367
5.12981448414968
5.07861603956397
1.30435935111124
1.45479882316817
1.57456660080694
3.93901422439429
5.9099699133462
4.06913326315902
5.67697014443913
3.33801927522747
5.85136715826124
5.79069265153766
7.18887362879671
8.69602548023185
2.17295348339635
6.38958112761526
9.8842130677787
4.21426383428611
1.93666765070443
1.13490240151047
1.91186720685601
5.69703795594652
4.56091485563403
2.65126268376564
2.08485735951404
1.86791127114342
1.00258368244525
1.79439186282273
2.84763087332739
3.97919714491019
6.47370138517929
12.7311251580653
7.81124338804459
2.18901707788599
2.26993541469121
1.65328190410485
2.51060334774655
2.14086104955732
1.79861006195741
1.87515702409065
2.70652026803377
2.27829413332671
3.06111722157052
4.4208126559643
2.40883785523848
1.44520035704961
1.00528070966511
0.814187062014636
1.86007540411006
2.92724936540144
3.84964297781429
4.64801523486737
2.63676560656953
2.09441104245154
1.91007622597986
6.43452772966258
10.9761993461265
3.24604552409446
2.03652621690076
2.01711287052404
2.09692016672355
5.35066266165617
4.44644986112747
1.78032835521459
2.34704431254658
2.52301016801537
2.15785277763567
3.02724419493893
2.86312263314179
3.58953503543494
2.10042646025412
3.5430821900306
3.38215227700547
2.02292744925921
0.855766013492436
1.09888941629083
1.06689334206476
1.94444879659297
3.14925670202587
2.74920282438889
5.54026510269969
4.87211812640618
4.51088231374772
4.50664357601153
5.71292613639096
3.8071194432103
2.23837364229305
2.00926017125491
2.26171493024021
0.883790795029102
1.26827584147086
0.96777531160421
1.57419667939718
3.80215810882537
4.68198086029919
4.15754911190881
9.08929005007091
2.79685115427847
1.65664006280279
2.39069930819567
2.73759392548594
3.43134894310525
2.97462639367833
3.97206415462312
2.67175696177341
3.16764493719195
4.52424395777639
5.4599662443755
2.54108183231767
1.66969846926667
2.27523856820511
10.050002718078
8.18252154237697
8.52101404828013
9.04885558928017
8.09621781801564
5.01088776719352
3.87819198051587
2.58238079945093
4.42274810922173
5.22859679841998
4.45474196648695
3.88295123528858
2.55315802052304
3.84157943267031
8.76215925691768
7.4826810988214
6.66938521009869
8.8200596104122
6.19433567023818
3.31498349563066
4.41835618321605
2.77540836099372
5.71018001629621
4.61528785291001
8.91901880682626
11.5552032009722
4.31865569957871
1.82325167524309
1.35621336201079
1.31653846696631
1.88341027002178
5.56391851274225
7.41227545657516
5.02179550181779
3.55120285306882
2.10372338126794
1.94910838740155
5.30444193191022
7.76870525844854
5.72839972072253
3.03970014979879
1.88118479425328
2.18233826727865
5.61505295581203
5.90175870001197
3.67144227687733
1.5993772846215
1.70025440757487
3.38903401768318
6.69960740548055
3.89298784541745
3.29124515803097
4.34053737232291
4.13727932808359
2.65603258077343
3.68513154152208
4.91441518655754
8.33887127457293
12.4649373246138
12.0574182098487
7.42904417951254
1.76573476545057
2.16159264275324
2.94336136667165
7.18647546695025
4.60983921889982
2.33702050953325
2.07973365041036
1.20510343816058
1.32801292753218
3.84283102670769
4.85848587206231
12.4581431448373
15.0387701011948
6.24598253536852
1.97846310227459
1.37869991964313
1.63360537070096
1.93110215012847
2.4045350157942
2.55976949530049
2.43563272978636
2.68707068973355
2.4575241618593
3.72453471501026
3.6721595232687
2.31855186353227
1.35266271292155
1.86779219590999
3.28136655815446
3.49475217226553
3.83283776694885
1.27892817826899
1.49767165441917
3.83595600449282
5.13068062935583
4.28446034687497
3.17358801446722
4.79880222042064
11.3735984379184
17.451196311654
12.2304972821872
8.62265629064556
8.26083085479391
5.2406545317601
3.89401270951496
2.66858817227069
12.9959861327697
17.227721967121
3.43356611466392
4.10394270413109
4.58189624749488
1.84607819010284
2.53231408045031
4.97715573563923
4.64198538415624
2.52449930036751
3.02643917212167
5.31723338374304
2.20042917080392
3.2520321713206
6.26859299587096
5.05663625834713
2.51648447346629
3.27396290543265
1.04285077559013
1.34540659782735
1.22801694356851
2.00962664000789
1.92556312469735
3.19074122275917
7.22157189260423
6.46598853274048
3.96200709942685
3.11619487518832
3.61639148066788
5.96275461786073
6.65506762595982
8.55484867394737
32.5637300135677
13.8282864083598
4.90069444284956
4.34584403628347
4.74435963752481
3.75309536276574
2.77928410111192
2.70549360064681
2.39592234433052
4.59647434627132
3.56702068134884
2.31081867480256
3.17315420338402
3.01115732095021
5.34180845725264
4.0021327155312
5.02364575076514
10.4485851438538
3.66201313986605
3.12711151547999
3.67613531763381
4.20564462258158
4.53458598438519
5.79260771441355
3.24007228128357
2.52084386442296
2.39390746990322
3.30333070068756
3.09614146544091
2.2076911167692
2.13782424510183
1.65233860336079
2.78133139435797
4.65695719162111
5.67503564869917
3.06668557675358
3.82967559807697
2.19759158796379
1.65175619989919
4.16163805719892
5.03382609836625
1.78213085525933
1.65023694786599
10.3585522620804
26.6094765528419
11.3575067341739
2.55141986000396
5.7788452836886
4.5516622625132
1.19746764473635
3.84232440859811
3.01179563507395
2.34426395884533
3.48354450083989
4.06088735760896
3.15858558362367
5.95858556880486
6.81351847231507
4.70684501289953
4.76534176921503
6.4690081454935
3.59195333401721
2.61789161950798
6.15751227454718
6.34786295687148
5.86749730114714
13.6003510906429
10.2501098629429
5.8640914938522
2.36202952461706
2.79967337861675
2.57867150837221
7.40859881471872
8.13204800874561
3.57580993306405
1.75251107644632
5.66019285114847
6.8085555687411
7.79471694010058
6.25748163993327
4.76020758926385
4.63063712377443
4.85239718272697
2.9969026896905
3.2454560143464
5.08748198762424
4.78368854206912
2.93054142261325
6.27246614745989
7.46187211928915
4.1884777329803
2.39302017518456
3.67041444025055
7.36304394390958
12.3866985098069
9.61897806359269
6.29850524326748
5.22177486606452
3.55927162103982
2.95922850788612
3.65819770426362
1.94605154752371
4.40364427867138
7.5242084184546
7.32078746201519
4.28548403170246
2.14317290763475
3.27782902437155
4.21999760595121
3.30389850909495
4.42018570580595
3.07435175251803
2.55909164032008
2.6571311157642
1.8483601944166
3.70960692970839
6.50282219125332
2.05929744038352
2.51118722547749
8.6775601113589
9.00547501963754
3.9925571485045
5.19952784843197
6.82142444728043
3.86549794582153
7.15442633068826
5.85122664025653
2.69434091267865
3.58991169630852
2.49469836996972
5.63085033159062
6.90558884983779
10.1021531144842
30.2734816256104
11.5032405839022
2.64187628071077
3.12530771897765
3.22338108196841
1.5162482334536
1.72711619435509
3.38645581143554
3.7486750005608
2.22354763083671
2.95056494230924
3.91939428920591
7.52282920989983
12.6309629737667
10.28205473597
11.4471505841022
39.311506641689
31.4819255241516
4.90053037995732
3.04424823563864
1.64348238134235
1.13275333385175
1.37948100008635
1.99521621807161
2.73292372044647
3.79899430439712
4.31244679850875
4.41168886838709
3.46541891298249
6.42783753146035
4.2545950662692
5.19953957308924
17.4032072838079
24.5614081777885
5.54805528299559
3.50075766023134
4.37596600366917
3.43314810543322
2.44948938872604
2.82400269199538
4.27666508872424
4.81382749088288
8.92354177652469
9.94114223893337
20.2198536893108
20.2073355373878
4.84972006078359
8.58472136849719
10.8573927358875
6.00036874961522
2.87738625621487
4.72226258297905
5.23211274724153
6.66507195168109
6.36216962074398
2.69078678973521
2.57286240443786
2.64260622828066
3.13545224854308
4.72425366146771
6.84000071870681
13.0646319262959
8.3353449913052
3.21016508410447
5.83011987916314
3.84078102039089
2.1017462369694
6.70955609421453
5.60704217626596
9.9768311192813
21.9006916456991
12.9144933350216
4.3178286257252
2.71920966212295
1.21434820590472
2.27472773512167
2.63682526259299
4.76428496795265
4.01320012982833
2.46550302689401
3.09761841005527
2.64383264878197
2.25278778529696
3.00531367765201
2.18964946344982
3.79461903524704
12.3805496410677
6.12379497385071
7.36609794145615
3.1541092930156
6.00839533426431
5.1753031235637
4.82282516869532
3.59742461278268
3.3481512947849
3.58589964184428
2.47133512559693
2.86292347850409
3.17530218340125
2.17474380335559
7.48835638287967
9.38101917128654
5.96947131142078
6.96417944254795
7.36971789529293
6.54658599112141
7.75876780155094
6.30240911846269
4.35795915518327
2.94707387132001
3.60957407533654
1.70541185778354
2.47775442530872
3.95027453338569
3.45390810652232
3.58186208271248
5.88043784683313
6.52869651431774
4.21990074441109
5.35816003076448
5.04370269219064
5.14467971950085
6.7056658689745
5.05950598562654
18.1512631773576
16.8717757358662
2.22602343579102
7.90351220707986
10.2189274196948
5.30669502032879
6.53483758414229
4.181905948231
1.23556954415644
0.905323888730927
1.12939593283757
2.25877513974116
2.79233995215741
2.00190486606172
2.13635246471162
3.02420477128925
16.7553037744062
22.850897061485
3.25972816153512
1.20357133436396
1.46111697212101
1.88274061680856
1.76850756302964
2.38831842798343
2.05554754961955
3.00190139944532
5.43818487716699
7.18660086410496
7.55987959956543
7.66809040861748
10.7210012061885
14.7239909440208
14.4364697114012
8.99795354534269
9.46704664370219
4.96799765994446
11.9696657066118
12.7270695641238
9.4660882614536
12.1020461699244
3.76161703191115
5.0506779862399
9.15416786986253
6.61901526485779
3.08155395075368
4.27020164199647
5.25990212714547
1.74716109095851
3.90327216080426
7.03969108154229
3.9483238124602
4.58420700555353
4.65244492846965
1.92068962063877
4.18144290763338
7.76511509486243
5.23718421727553
6.0849326297038
5.69035913387089
4.72134873988961
4.20059227911144
2.92167548546108
3.09416231703646
5.10717049615243
4.65104148753429
2.98438216654218
6.48845796047224
6.81302058900537
10.141382952318
8.6140908157072
3.39197281101247
4.05304470714277
7.45245659409189
10.1214132601574
3.98963146753821
10.8339111046296
5.18602657962283
3.03309124445556
3.9938516259664
5.57698474669877
6.64970721602646
11.1418272224565
10.6514949162457
14.8652284099416
14.189813522324
6.0961956504832
7.03288890755706
4.14163676755588
1.87032221453991
4.87237014314199
5.6976372051035
4.48082884359324
2.92749711924186
9.62530259275723
16.1572494814794
7.44608012780137
4.24025999333407
3.46978668958946
2.93799827268129
4.4648623384956
5.06882826307413
2.70801203126176
2.81130298474481
4.75669476515487
6.70347849549095
7.23102857083009
7.1023363250717
3.13816071295255
5.8797382171736
13.7742825718148
19.6842990789784
7.98804890101458
2.98799546577994
3.50280201575707
4.81727592970581
4.03034371808276
4.03849865896471
3.09861694691139
2.5242217512173
2.47156587600953
1.69608912105429
2.24030180276104
7.78265004519062
11.440230705009
6.3307875321041
2.80745661199308
2.89236300435612
3.18266192110045
5.29262239703886
3.20657441243604
6.04139288290084
3.94822737728358
2.46701940183653
3.59410408250276
5.59127116775905
6.77181675514421
3.70148807516555
7.10469874078721
6.42175446082807
3.1540999301998
2.86465692015356
3.51204402128682
5.89192479742243
3.71300531810252
1.66985616401652
3.33046268712377
3.28326390689462
2.01054103737547
3.36116123379256
4.2165050348064
3.53819971894139
5.53276282292267
4.27806837536072
4.97390141209892
6.07729434092954
6.39722391971496
4.53909846070049
7.53566046701857
4.74619490579558
5.51083202746743
5.89600065710519
5.67832693574651
6.67809998613425
3.20097563990878
7.37379704880747
15.1407658720452
17.1947662592023
8.67145279524842
5.72233876025902
5.78007989878926
12.4446543167096
10.2631455132038
4.44647393439481
10.5516835583397
20.6762903366762
12.6702104695367
7.16846617143917
5.01263773500068
8.79813276994985
13.8813174011771
15.2375337540694
8.62837975735109
3.59379744736476
9.60413046593122
18.6987541133718
12.773154846522
21.7473504161228
11.2006036292281
2.86941036844055
4.75138030259411
5.10544827647954
3.13200732514502
3.13393706847996
2.6866580712891
7.63570505139454
8.02241222497966
4.74126308581108
3.87229275277402
5.15982655744768
3.28703530074061
1.66609083837033
2.39761218607921
2.83951574171169
3.47495837191543
5.94929113961432
4.28825019597707
3.36661134405884
2.91726574593743
2.21300541517763
6.10117078839326
8.07862890495891
4.92525289860124
2.02845619046187
1.72969374816839
3.2460066204877
4.50466289986705
3.01244409057324
6.83290796212385
10.0388272424336
10.4527628667373
11.675347919986
3.95571703357636
2.33903467503251
3.6849564953797
3.23747859380259
4.70043449337724
5.8498356341196
4.05612136458594
5.58108243673318
9.32087248698886
4.24846359777247
3.52689101723626
3.43418363707416
6.6126038995434
4.37253273268461
3.28360250292734
2.81119339049046
4.54548342839506
2.77114315476848
3.15991862331045
7.31637230086793
5.4114621054095
3.96931009388237
3.86487044468717
13.9610490917576
12.4710786736006
4.65745564381595
2.46047481788345
2.03458833434628
1.55785334598389
3.0512663664444
4.48812494739021
4.27783178456184
7.00143783197706
8.57837748838479
6.23589300373477
4.23756335966189
3.5248637660508
3.93495096854232
4.72768247063297
3.93316294578236
3.70906186925915
5.82408146722706
19.1309111062806
20.5565367956773
5.76881645348988
4.9713266149852
8.67096096974453
20.7743420403852
53.6952710205148
39.4456607471037
11.6718813442349
4.96001676349227
3.12602325738978
3.75778087928474
2.54266329275582
2.45223294413975
2.47243484285289
4.02377978837615
4.50742270489614
2.06711517915579
1.94391103983474
3.29435344804258
3.92039434588732
16.9793380167216
19.7363885696193
8.84157529379392
4.73163617107245
2.60923354734151
4.49369829211447
3.48623817336893
6.27360624167239
6.19341145150213
2.59879058699144
6.44828753097337
5.85199511413575
5.12250258924146
6.22326000230953
6.75845586092938
5.82869744022872
2.32251694267819
2.63421106423925
4.23708870769461
4.11082497915469
3.80885133971227
6.54034373931514
7.0713167135239
4.52212217362611
4.13833918601371
2.08395922666607
2.6549929553157
2.42519498908677
4.85296637130496
7.30930507060485
5.58996693904286
5.32386084907381
3.35190707613288
3.07368297808337
2.43386395445259
2.17802037010989
3.35600507095041
5.86821994616577
5.99652674298851
4.91864176074617
3.93231011626032
4.12306814452839
3.75511275138157
2.65305655456201
2.65613006185231
2.90167421608286
1.84237752519878
3.59361490552721
2.85823353425524
2.07153461794333
2.90530272392832
3.53867913748128
3.18526382124411
3.78699204144969
3.57967585819619
3.8009592666981
4.27104977268151
5.60669847142391
6.57704891550872
14.5569648836077
20.1148460294725
3.38371599347487
5.4147261206525
7.31200115241366
7.30775848919882
6.27085443633822
4.14228937326674
4.06079246517255
4.20425375097385
5.50900906903758
18.0480268673922
14.3015576672198
11.6044593289426
6.85887814236581
5.97707471212595
10.9093973651872
12.6416014600704
10.3862125460421
6.00772960441069
1.85861872464698
3.07448525625924
4.94580862981118
12.3927971535721
14.1569293107687
5.66442518979037
4.19001491505073
5.36411855729374
4.46787818327592
4.35130898208335
6.60059938314278
5.62784842942807
1.5142870601513
1.93426137441411
1.85908420825417
2.57586353262049
1.79726342287587
1.70305218537367
1.07601524549752
4.25866957950255
6.95438344268004
6.37154443507817
5.3879740872195
2.26818741495273
1.4937626012651
1.53251611082744
3.61078250594712
3.88443477408627
0.901786853298412
1.88022742035003
4.41342185540066
3.3634776281273
5.76355012406848
4.7658092351726
2.56068095279955
2.20278580565089
1.25370138925515
1.78960355908624
4.94881707982797
4.64491620071236
1.57778049945808
0.793472900664667
0.839385994201558
1.10170714516192
1.07858253604752
0.520832236587508
0.799282510938832
0.985036919041052
0.911589286595923
2.59746110934345
2.84981233998296
2.02582371161914
1.22697077442996
1.1752038464109
1.52469321831468
1.47382594642895
1.58460391821435
2.29762295550151
1.92583992270997
1.56892122135421
2.45087883950297
1.13253876366146
2.6801491418852
3.0611611900239
1.45290731445415
2.85249044767222
2.69006808443275
3.01528922598821
3.49866581507608
3.86240183022866
2.72736504675849
2.84618651706754
2.77200251430316
2.76940109438781
1.84980528758004
3.7311727093135
4.51295428553564
2.81658013436439
3.55180490585406
6.30652137560105
6.13342518167177
3.783737044885
4.65341705941353
3.98494155577312
1.97607524240796
1.33719324510669
1.6568539163718
2.03942343175925
5.11373062436158
10.0386125132017
9.04165676406071
4.83733084874506
3.00153120401095
2.06031863024748
1.57404300540626
1.44073427453496
1.12889042138495
1.24983794515806
1.00874210820292
1.23024532112052
1.64379720727187
1.91114310998866
9.04825055509816
12.7302209541443
7.17517533168268
3.80049730648481
3.13269331887024
2.00046897990512
0.763647094216948
0.66759553987327
0.945486673843187
0.97718087614975
1.0945911984397
1.85727254696096
1.10572659982326
1.40594369097165
2.44567325447572
2.60435923560292
1.58429357403985
1.43130629086299
1.29962356872741
1.2943770777976
2.42230792721153
2.45360365561402
3.99486024935072
5.25887646888479
7.04018246218109
7.30987696332825
3.12765927688183
2.90197458438181
3.11228806307436
2.09901560396028
3.0387786482873
3.1879246917395
2.99153976287388
1.29868284034136
1.8758963102264
2.35887218679647
1.66683074880929
2.01628081929242
1.75971713952539
1.67113366280073
1.10686996156543
0.869197090793221
1.00759053147423
1.2241196763909
4.85877672816365
7.58183837637487
5.29285178019415
3.0497526159509
1.36873323165896
0.751910285698621
2.5619355623808
3.14411205005726
0.883291885438032
1.01994707381727
1.33221887063767
1.48512948905192
1.71220320277137
2.19094491634318
1.93687874861214
11.187870533346
25.2210509323642
6.70024083191571
2.78552027700271
3.66971362026004
2.3252635479071
7.66456251481286
9.01917480226575
3.84269924566573
1.10884229548227
1.84033021295067
3.59462570366337
9.59289464466559
13.9442271537748
5.16992034423277
3.09853127641246
1.75282626368954
1.72289474563611
2.96917084592137
3.33940416909276
1.5194962538805
2.07349313468816
1.65819138689822
1.14051898218026
1.27524592520952
2.0426460810931
1.68359932904877
0.976613133722371
0.884632406281438
0.940046294096798
6.75860235002683
16.353300605948
9.67887910488664
3.19970584076936
5.05167317205081
7.02182153879059
7.36607701427316
7.94677739076035
5.53109873106206
2.52181747739233
4.29474704721965
4.9347509654862
2.81041905507105
1.67465281863224
1.74068973019879
1.23766329602213
1.51192091446035
4.70687851835473
5.31426600626702
2.03679605554612
2.71279942255211
1.78744924746269
10.1875433638617
35.2274254518131
22.8017831165344
2.35575608820681
1.05513474485777
1.16091405967964
1.17424943746677
1.45228823328909
1.87791777496884
1.25174525229762
5.90886845733361
10.8579015392378
2.26693441310091
1.43046292371148
1.34762228715554
2.56867974663251
1.69586796456706
1.3047775806775
1.00304032761402
1.24605609434939
2.07277205961812
7.58146868399812
11.8789220131913
7.19137539290064
4.09874697642163
3.01935256764568
2.09541053936641
2.91049740863618
5.15359987386843
10.6219757898366
2.00265799854963
1.3416916056878
1.56065064050721
0.490203827349327
0.844430575117458
1.58340574848675
2.67753574989571
4.08449484001093
7.92140006761498
3.56017156077427
1.33687999479497
2.34595073646697
6.03445067849871
8.02228262508216
2.86591007068201
2.05105535856618
1.63558068715841
1.34860429849568
0.662566205209665
0.895205197802035
2.10599397884864
2.22919081378391
1.75097967804229
1.74260599277572
2.57007820886981
3.35505598688464
5.27284648486995
7.22793140369522
12.3588881045478
8.89743846674777
4.64312302148259
4.5211983572413
0.742883489403086
1.1781297091
1.17056257654557
2.37818176364214
2.69533112652893
3.99046969023122
5.14803583495519
2.1123254908969
3.96662894846223
10.2351548663867
8.43051597691215
4.53210740072256
4.28540881849488
4.3578610547148
2.2156590904967
9.00067669095565
16.847194204392
12.8504469193526
8.1213990663932
3.05122967072285
1.94832181172983
1.35966385131752
1.06773554711143
1.17533371758631
1.65477041582658
0.932365488185414
1.70597854294907
1.41970998716864
1.16305099736155
1.25039664991695
1.92170212294117
12.4126290536864
17.1316727980309
7.02235106129245
1.51038257264123
1.06212477100385
0.829714036710144
0.730670531889998
1.09563078636222
1.39686937639731
1.96050880227236
2.3751616587919
1.73719436692797
1.49752044999267
2.34964811617319
3.2221486461812
2.34640621432041
1.25139481619928
0.763614688105331
1.25883846955798
1.26140841492946
0.908036568408688
1.29808651094463
3.0160882230636
3.35561853408013
2.83303359065919
4.49664877625839
2.70222554953166
1.98443109462127
2.53335548214086
2.86370337762841
2.97513520410959
3.14864150102462
3.18075656396769
1.74838774477227
5.01602370057135
6.30607106524302
5.8001691813891
2.26877699032499
2.03840593505463
3.87549991440658
2.41026071964346
2.53952007259135
1.27251509746236
1.06575451232767
1.17035411942292
0.763057779974689
0.852191476518313
0.642283687054697
0.749300581531041
0.669198399418561
1.04189150122442
1.29417349333294
2.69832072723032
2.76659846607338
1.58895005062498
2.32700141381546
2.08001227467581
2.5307434687784
2.782054494269
1.11923759297353
0.799980370219157
0.916785346511353
1.71010309116617
2.49514337895566
2.06250231487534
1.59246841660796
2.28294193673248
1.60982694215401
1.04575716189826
3.33035820574605
3.1037840925899
1.76184515691126
1.54670150110239
1.06414928712528
2.1256813814557
9.34428995562518
8.76588294158398
4.97843552293244
4.68002666490295
2.8039594724018
2.1680041355633
1.31339181169778
1.68690331888442
4.84713493633045
6.22973978071813
4.08400791088435
1.62266976311379
1.55748315642191
1.72119108369012
2.50964826523905
2.68245772557515
1.61472014335541
1.12910557162594
3.4630307735974
3.79765533748431
1.40982190370106
1.48995572111814
2.51941883396732
2.02095478662171
1.64237426885736
1.75243494570239
1.12106805074521
1.69713611949984
1.23906746085547
1.31283976030906
1.36655327228056
1.35879579137599
1.49691416833167
2.26854126078811
3.67863153419902
4.83506577823844
7.18612053751972
6.40364961702774
2.86524751151767
2.15250707009413
2.09939106269525
1.45883147415182
2.5702885035969
2.27694614258065
1.33114564350215
1.25855166194342
1.48265761118765
1.97080340203723
2.10627696873239
0.825701463455556
0.782499022084426
1.01833437491052
1.55152802112256
2.60480155050252
0.971911040987631
1.18614343607878
1.62600208248315
2.6999068567916
2.56153556487131
1.82238617188344
3.00722314668849
2.93147356490552
1.61486205802103
0.88051550523515
1.88802596803103
1.94432999400498
2.6928557728858
4.1339767240798
3.1497915594395
1.81828811617064
1.23997757031731
1.3292484776918
1.18903364336303
1.13162829834614
1.11804394289753
1.30722418711238
1.53524321079396
1.50969437808404
2.04564351014198
2.01068043090084
3.78046535136931
5.23414071144124
3.24495816431596
1.33373322963978
1.5215801117173
3.56559165431735
4.31891557669528
2.67254843098764
3.18192837573012
2.2653061788729
1.61844645398349
2.18623841725881
1.02809951966483
1.22429187228056
0.954696018349277
2.22617808858922
5.58861931566346
5.32557082062784
1.49520600953493
0.873318451422799
0.986034466760153
1.84274660192369
1.96627456931072
1.35103631509385
3.5870949398149
2.11259384193798
1.00440651303275
1.35200005983764
1.70628925977178
1.67703695049298
1.56603702400118
