0.0239110607359741
0.0205523650901234
0.0553138741161287
0.0223547090111237
0.0190576451257075
0.0416905162354879
0.0706079470301184
0.0283186829787404
0.0425437947659369
0.0130779259516422
0.0127013257015955
0.019350755208542
0.0290289080535802
0.0552218296250628
0.0917582575670981
0.0216567321411178
0.0366098028895221
0.049949418061859
0.0313988936608099
0.0359464863027843
0.015581964479775
0.0179538779036936
0.0373963629573188
0.0303736168957405
0.0104409696861917
0.0316769731930206
0.01747297761166
0.0204756252544414
0.0393298580383221
0.0507798332101227
0.0386539164243696
0.037898314581806
0.0382722522619186
0.0475774900359488
0.0250276579784257
0.0494553419025798
0.0524923757445029
0.0215077503911283
0.0246876730376294
0.016273479803524
0.0163749504561651
0.0188360547829962
0.070656061126824
0.084373812875625
0.0173566912434391
0.0380963474271835
0.0456359547371734
0.0757750763440285
0.0308329562613146
0.0347016369297528
0.0281221753011052
0.0266169647871899
0.0183955204157173
0.0480587100611227
0.0382643947965882
0.0164154776839793
0.0185946898826069
0.0156577797539267
0.00953001075590928
0.0199145835262623
0.0310716082479978
0.016735332297033
0.0213316777670025
0.0115540847053311
0.0276369215253131
0.032129575655175
0.0349144147304195
0.0339298703998742
0.0191620516619348
0.0220016410509417
0.0471424272098499
0.16338061564763
0.0704621495935131
0.0362731539262069
0.0695510828426099
0.0357560204466011
0.0464698444100777
0.0371956882984573
0.0176225709290942
0.0356263979363892
0.120625999906472
0.119709417640517
0.0234636977519321
0.0166421294209639
0.0250889056610045
0.0286028464024947
0.030279955033224
0.0341916992405044
0.0226111596182873
0.0502372285290238
0.0419994665312985
0.00773095053696317
0.0211943862734393
0.0241591997093964
0.00866633350560902
0.0210501931146106
0.0189125579723285
0.0118494763887122
0.0137427492839822
0.0287707827195966
0.0513242131620359
0.0552066948647538
0.159344482125933
0.158522091830502
0.0235821799803986
0.0126888930283849
0.0438200287238395
0.104711794530817
0.0634902565862867
0.0736382122297744
0.0212477915709158
0.0336408285273914
0.077604320100387
0.0651800657712497
0.0369317018529832
0.00650609560516143
0.0251635401845733
0.0300871023047033
0.031947255794831
0.0466385255943734
0.0371427137582234
0.0165970747915674
0.0173847946137857
0.0442625530733929
0.0541006447741621
0.0450187593947958
0.04329587836089
0.0264125088361585
0.0398912435451542
0.0522020425032707
0.0262649317704188
0.0486898243036676
0.0618878725879586
0.0270748549101313
0.0270134580177574
0.0257727475633621
0.0178848426361628
0.0269158528252132
0.0253239909593164
0.0297525862729093
0.0306297465623876
0.0155778257981964
0.017599822702025
0.0193783557616321
0.0193861125769751
0.0194980502651631
0.0298350811113756
0.036810964988689
0.0580475746643956
0.0658040649549604
0.0910167776370289
0.0910452389322199
0.0314513736784387
0.0188825348433444
0.29861945760941
0.511530236536826
0.0640003355688243
0.0117259416870511
0.0109812689963808
0.0134695963583653
0.00755621159935875
0.00665023723000593
0.00893425918455953
0.0188681192599192
0.00606088134332201
0.00563233933911895
0.00726542393012332
0.014065499137401
0.0421988511210021
0.0247264411507693
0.0130560723877585
0.0285176616721777
0.0610767776234625
0.0579822317148602
0.0375598159352934
0.0137308085552289
0.0117366887308577
0.0104442723640198
0.0180288671981047
0.0314437958058334
0.0192369509422572
0.0289267553721191
0.0310861477070273
0.0475135625659621
0.0796816475868634
0.0243736415632002
0.0231522128735498
0.0824036340008663
0.049923427294825
0.0109505756711907
0.0114918268629666
0.00589594682626102
0.0164150381554207
0.0238520373652572
0.0153787543222543
0.0147980894365364
0.0272613236099013
0.0179796720295879
0.0271724321232757
0.0376390661810203
0.0158859146172713
0.0331818716171791
0.0444079388622682
0.0181987083737659
0.0142868717573846
0.0147132639304086
0.0173041431863501
0.015253712261042
0.0128939387547779
0.0195938807129192
0.0859607824707883
0.0702352769340309
0.0103017980664381
0.013244509594462
0.021240028795695
0.0233126881426655
0.0133323591400412
0.0224098622230986
0.018516571835172
0.00856323277804786
0.00896439077337716
0.0144781967396971
0.0204293388996539
0.0146777289972097
0.0300024496367387
0.0201874531704978
0.0122732310667929
0.0182597450754894
0.0257430295828237
0.0319862215557638
0.0237278759074607
0.0280167764749863
0.0336192387682151
0.0159492744744563
0.0382935889526936
0.0269109306610318
0.0227807676279831
0.0589071088500005
0.0191592920818545
0.0163111722737378
0.0165662983592025
0.0444337263226652
0.0280401139572278
0.0261328800309155
0.0779855647527112
0.0485390182200309
0.0253515381478074
0.0170102038135938
0.019063841314272
0.0142992500051017
0.0287910008715885
0.02010925725991
0.0120468897570682
0.0160423832357086
0.0332641743394278
0.0360542501225441
0.0267997098031623
0.0254867758957015
0.032818534286918
0.0360929018176607
0.0796024257726842
0.0228190108923346
0.0448370551751897
0.0960049209837323
0.0412204857145876
0.0462558940405591
0.225016933528853
0.0717454059398697
0.0142784543408809
0.0455004689303317
0.0411948944841437
