0.0878032833150569
0.46995922937589
0.875179456982617
1.17937893493695
2.0434800561388
0.312056820322981
0.467344499659082
0.301512692775041
0.305226906806248
0.103327131062412
0.0322850940059606
0.158639893143622
0.088949692968736
0.0604104188531656
0.341107013032972
1.08622694880024
1.49364373326054
0.175936438717009
0.245371834652559
0.0627582910626978
0.0516694647829875
0.0464436896244255
0.28717295482065
1.04562427391598
0.0648870581884423
0.189721984532082
0.0480432427535818
0.0204156787332708
0.490699249584963
1.99619044535739
0.272334208511835
0.101600731586765
0.0276669005208814
0.216335518870756
0.0943676824270736
0.0434965175270342
0.0487352535551012
0.0242852638195728
0.143615875317237
0.0945789023486549
0.433481452171847
0.502450911789263
0.0695896458618544
0.140635003245082
0.123908696029979
0.0345146857168892
0.0402009019246892
0.0247441352552555
0.219589780821022
0.143596068419908
0.128930333308686
0.0839148489610168
0.0420661720999947
0.00843759441401337
0.186040139563633
0.735084893294175
1.35819505189606
0.251413583340787
0.179985288904505
0.29392031055169
0.0724867785653174
0.0332758881430572
0.221766543719111
0.380237578885427
0.0822417416672002
0.23197580512032
0.0653463858309428
0.174628063469757
0.428999038903419
0.865404532017992
0.0200187114408946
0.00783294048519967
0.0210474333573579
0.131544347036997
0.0305873268502931
0.0403190543661822
0.056535589740675
0.790613562491475
0.395782933216659
0.472760228113468
0.897719434815202
0.798904407193872
0.119639708477049
0.0448685313821588
0.108261870077452
0.0207418712767113
0.0776582790194051
0.0461879304314109
0.0188589103762522
0.318758490395267
0.322059479821066
0.0717249999844308
0.0231053663637403
0.0164475619954927
0.072385822359842
0.0179357433396073
0.107457452051053
0.031695464006102
0.0200240233417415
0.0327222450765391
0.0253431826661356
0.0628125180708178
0.642338846655495
0.234940116036885
0.0444315099940531
0.176552464025544
0.0862739140978849
0.0133483975281888
0.110779553480355
0.355748027453132
0.718088969927124
0.023122234154233
0.0520924201750662
0.1858998511816
0.0230526515392445
0.0670180782268519
0.0992927019206359
0.112214627750131
0.33677807794272
0.83072033553194
0.0238308938320979
0.0574025312988216
0.625816077911634
0.129299840938843
1.15286263937709
0.069516741393008
0.052130780443503
0.155328721897775
0.157671043860902
0.291895508381829
0.63102907989794
0.978850892042791
0.128147127208546
0.0704687907345858
0.0693014115273455
0.931340667772189
0.484099202173877
0.169301314600091
0.0233745296872272
0.0172768989312114
0.034795316412595
0.0431885285900248
0.0350025998659723
0.0410490131424861
0.32642823467507
0.0514908262096939
0.0338879025177874
0.0240263664542575
0.0188052832934024
0.0760445190533571
0.0302995485841368
0.0490030649319711
0.105118256598451
0.0176186919161127
0.0897600925733527
0.0537959534034397
0.101203203206426
0.121035202483931
0.0296670340358959
0.0266228491481366
0.037260185799017
0.0343356726258542
0.135573905676182
0.326515548822707
0.0263377603226611
0.0149819218955942
0.0466559123650188
0.0172775007234473
0.0604196377135061
0.0252670881531424
0.00637176876197043
0.0107470813919141
0.0134052813786433
0.0165903237889076
0.0116358445442349
0.0516272056186357
0.0963354975327611
0.00990516530498068
0.0211505608855072
0.0208090875913027
0.0171741846057652
0.0402202214580404
0.0115271377346527
0.00885039796217716
0.0102719105702508
0.146526768079535
210.545189472337
158.055126072911
8.70051750060182
9.00825616775924
0.912281644003902
8.44282722180838
2.18573492822316
2.95120976882402
3.97025612595559
3.74317500721678
1.15646198602392
0.15660836976087
0.606880265760891
0.101463769846842
0.357081258675926
0.0247208118755817
0.0573333540694223
0.0516084609264634
0.153559996909182
0.00981466145962641
0.0893550627756767
0.0326581209203711
0.0780040410799155
0.0262991439904373
0.00535373803357845
0.00581351407018561
0.00447619505981146
0.00551206493023693
0.010357478144134
0.00746739097270133
0.0254977020103984
0.0783725410286998
0.0812737363988661
0.0141136494815759
0.00608583841643844
0.00745871401654009
0.0119264926198904
0.0339488486123835
0.0349857025632429
0.0456192751838
0.0248003458987141
0.0390664914206702
0.073168705021406
0.0359112062435377
0.114498911136907
0.0424082079755979
0.0321935201001318
0.0121783283247879
0.013013272508155
0.00505845651545161
0.00768882093562575
0.00527006072207914
0.0077990921387108
0.00834824971025536
0.0239556681200965
0.0148782747814273
0.0105388278755795
0.0121667595048894
0.0198924468115791
0.0065164954380558
0.0299120374069051
0.0138140655698824
0.0104363304582295
0.0208095544284693
0.00707399710948807
0.0104158151545518
0.0698338157473585
0.0848330364892167
0.0145202880811253
0.010114083698477
0.155875062392912
0.331500170529843
0.0350998750334463
0.00778859074533142
0.0537257542114926
0.0305467142953346
0.0179033888414969
0.175597348318979
0.242447149782894
0.0368757253021358
0.0257350521498601
0.00403860826106172
0.00853295423725913
0.0253883477485423
0.132743199878105
0.082779032473007
0.219768151180132
0.199800756251306
0.0189427323777257
0.0144723087348749
0.0115085604931813
0.0148639559001201
0.031519201158562
0.0379407348609525
0.343588881104473
0.213772108874138
0.358906752727081
0.220709938978159
0.0365672534384497
0.02882678804401
0.019720277475018
0.0550958838984253
0.0126963600967128
0.0131986011781794
0.00718266858684717
0.00641752772902054
0.0292177802074878
0.011323531760941
0.0263468982740088
0.0148648037166201
0.00517907400233008
0.00263693635614439
0.0453430061899258
0.0263336314514472
0.0865007560133346
