0.852034882479823
1.31673426678959
0.808042540534938
0.550743900179335
0.232620824127435
0.298700827459181
0.358415930308668
0.469170916524924
0.582275561035848
0.977081114723756
0.80318300810788
1.56532203438763
2.35765344231538
2.10985641719718
1.77429378852405
0.91784354485844
1.31491733831921
1.19075258063559
1.08477046980386
0.776829212643513
0.596544435544503
0.67433335838419
0.759086304401277
0.773781293289881
0.309273310231647
0.252651777071658
0.369994944933489
0.362588215082211
0.316845682883084
0.364769977386352
0.442282021985188
0.439532603476421
0.419562219713476
0.357346536122725
0.311288557050853
0.578292997206748
0.640018010337035
0.445824468379664
0.24426956822902
0.220411763427955
0.220760823014401
0.441390583599955
0.573698424192967
0.447566793922628
0.341997934951367
0.357326878116471
0.375658248425934
0.358262706785808
0.173875047797637
0.244605858620619
0.260383631145774
0.204010129147489
0.257242000094185
0.67191728556358
0.850164515216857
0.586741359508611
0.665462621035054
0.661318770034971
0.453784972553712
0.354402272147689
0.297950696154366
0.213778479614489
0.256193861116263
0.509338317560636
1.30855572015372
1.39585934791266
0.935499172663301
0.762365396560617
0.858144094217176
0.80712857368945
0.529139975288134
0.682851587871046
0.648549147031546
0.640317718017392
0.829384853478199
1.05766544980802
0.778809804118304
0.563824473678971
0.952069311929429
0.792693305819898
0.44812598352562
0.254030691950133
0.341262554787523
0.795054489873792
1.19894442305781
0.605837802277389
0.861475629252552
1.26762363729034
0.369148593590728
1.35543679737115
1.02673198935845
0.405911429765295
0.483988376536863
0.405830174785315
0.542157667897374
0.578453254169773
0.488098523987755
0.381697729447746
0.402460834022895
0.390794094488634
0.266402233001284
0.340415564741785
0.434472944724827
0.432900986677566
0.420231763940102
0.391360080464102
0.340346996077895
0.772756475856747
1.61605749358844
1.25775167243407
0.385210254043312
0.280499409546578
0.367182123187382
0.824501737616976
1.32437249255215
1.11866587532268
0.700582432562052
0.829207022215903
0.937447770476464
0.866706375233471
0.628935536818413
0.457761968879071
0.293095958906015
0.116368817389832
0.248790310388074
0.780734452675322
1.32774345511996
0.676516397527841
0.259202797003414
0.55559168200366
0.793631824662057
0.45261389437854
0.360918607886213
0.281934795644154
0.492231158175376
0.54834900277607
0.437188286836962
0.65461433296245
0.776552912537971
0.935346475803529
2.04261379063105
1.27175779247336
0.41335923117359
0.358460697740105
0.558135355259103
0.58690510764866
0.347109963272018
0.398736867747908
0.461448563511332
0.445205826297518
0.343905488305605
0.40012494242363
0.635064249016229
0.548616525612329
0.52856906404568
0.413393136932318
0.270424246714465
0.230774429485415
0.635592642444867
0.950610386506005
0.880175938077518
0.721543653734285
0.317397037519559
0.375145717207379
0.363687850013139
0.303806167571295
0.293444824795412
0.311814653632813
0.501938514447253
0.504799517859265
0.255149986456436
0.334417308915011
1.0932969460098
1.85485733036741
1.22020788468636
0.550977201767873
1.26207139457273
1.45535533727291
0.848612495459202
1.48312735158303
1.19112480636764
0.75796128080104
0.353970294740487
0.255808310307503
0.31063051475521
0.420002581461578
0.37322077001164
0.313658312559603
0.294581576825498
0.577807239311286
1.15505438874973
1.00915578319435
0.394169689495669
0.415827411757206
0.621716878566459
0.950356381269538
0.594075680893522
0.213933432795572
0.909971091129661
1.49377558680881
0.980335718609394
0.69271110539899
0.388474641485859
0.79715754895766
1.22807424350794
0.82494108735741
0.319179504853833
0.34152105454122
0.266926741955297
0.270832562987769
0.271066111038913
0.191813697469057
0.248802938804394
0.383616481909873
0.328697897545706
0.222456869477816
0.275192076964415
0.292487317623959
0.366844408825493
0.314457988136599
0.275604300630715
0.32328322597087
0.301659436855637
0.717273962020231
0.747901815182035
0.358165097479631
0.403808232739037
0.499067105237481
0.40069807517836
0.379843435075162
0.648345829579929
0.741579225207351
0.610165154829701
0.531332765661337
0.245777496165552
0.256286741226928
0.294687042036268
0.599702609372089
1.10162396278685
1.13367327736938
0.680043677346501
0.520345106591856
0.213879589919859
0.195361461905458
0.253589670823804
0.325731040915501
0.354573301425511
0.254286891866187
0.311812697256146
0.313229614882589
0.274365141268599
0.230350852429059
0.210101582061043
0.222735139861607
0.216858796605504
0.195195611891709
0.177163530373446
0.173792803383969
0.28795622471755
0.375367963093127
0.326464298056094
0.544326119969939
0.841616105098075
0.564307278352224
0.293425719506661
0.34067377116139
0.460850914637615
0.515379152869596
0.402778419215278
0.348569109524555
0.170438155162133
0.650257862726689
1.6610790143342
0.913383656922139
0.414411020533183
0.331682345712566
0.359430030442418
1.37167447910714
1.94622143991068
1.1776310414024
0.636364862253539
0.183659317154342
0.229732730329911
0.278688549128444
0.250630078030999
0.153541433975032
0.121741810118152
0.165498148158935
0.25401819432886
0.326389244057927
0.368192572869517
0.43469857659186
0.352614921705493
0.218288862976872
0.153532044922638
0.187283853920464
0.135851353870761
0.219187552757614
0.221163044900432
0.306143042696757
0.327494245382194
0.281940195682886
0.251457550729114
0.355888426770002
0.354114645717766
0.190654033950454
0.357447340635126
0.972267934739022
1.00460437418562
0.353754163537073
0.202663419593916
0.383276663695562
0.535213655077537
0.419731432769942
0.189456680313939
0.125403860583044
0.111276825794324
0.123220902845253
0.176932489010244
0.271098948693991
0.367913649975471
0.253003438801987
0.162907335220567
0.20952975845155
0.222678715024139
0.173910403637486
0.219744639330307
0.297909569368432
0.299036348042655
0.344742828797926
0.277513711531397
0.156629724765103
0.214743664083423
0.183290471937579
0.128283666519296
0.165249374790132
0.309084014290865
0.400633198388295
0.27035628649337
0.261826588741981
0.197732630887757
0.274924771647173
0.310389659690436
0.17134760735222
0.174142734990425
0.151735774521725
0.152044143920488
0.117324616638617
0.169326476617253
0.201394087495789
0.197052728505065
0.250778049683249
0.262192551119097
0.255213437853328
0.220878914144699
0.321282742382109
0.430179493863746
0.249011941536252
0.222392456400567
0.167162135021675
0.166401968272481
0.184322491865398
0.192577771016447
0.118183502043089
0.136729516102136
0.14134251215069
0.237506831619027
0.263775984533787
0.188811536470759
0.137611488036438
0.251215990706437
0.580134390662932
0.493051303341468
0.250676864842996
0.196897240572845
0.203683017104755
0.264155221060045
0.196561841155418
0.253107833669608
0.272372777616122
0.190192444508217
0.139762362850578
0.129504186887746
0.119224718785065
0.108330702162147
0.105544836857298
0.105236651961808
0.134079707890177
0.207818127103586
0.155929111534036
0.111837471506289
0.137539856073522
0.171517610111866
0.185179993100477
0.203450550561624
0.169250573580285
0.162425786223392
0.0916963022723637
0.100050390357853
0.19793066019102
0.165200810031565
0.172230753702303
0.22908695690968
0.207447894158509
0.200668204577331
0.289118408371665
0.255075924728021
0.114784139273766
0.0686626850389274
0.0765120273732462
0.215263905379339
0.336031064513772
0.348809320422392
0.323364591000578
0.245590240860514
0.249329438086203
0.162525103070134
0.193620449419865
0.150252447815781
0.153672879873848
0.133179074299949
0.233163615441059
0.260015575021736
0.175740928369839
0.186259372252522
0.187956679516033
0.12732554482947
0.15758558076023
0.192994948805386
0.214139615710213
0.190472123204565
0.151966406741117
0.078944251781327
0.101906979166324
0.118649879806691
0.108168353968581
0.132561898677053
0.17741555427174
0.213893644791737
0.206971748351509
0.0913913654195881
0.0852496223348283
0.130243650046096
0.195284470665488
0.137033177047061
0.137754034799129
0.0967159104660223
0.119911872378305
0.232471910370647
0.230191922343924
0.133096184365752
0.168650095425082
0.2287089506623
0.289814436746556
0.260108510501847
0.145898293305304
0.133018139247931
0.145037042701084
0.172305654646484
0.197685910014964
0.239597771448443
0.201056055475176
0.148853238102802
0.192058209447532
0.12562676408659
0.229243270646322
0.248112469641427
0.182170974653491
0.13138584831532
0.203472682352559
0.245003614684698
0.206483618552989
0.161149768194701
0.122074734985595
0.132311978758847
0.130915001938941
0.16760498949014
0.0892007464374126
0.148084162955981
0.171765791645728
0.199503721905952
0.193791141932497
0.208453664641707
0.200743867203977
0.170482690760659
0.186170185662669
0.221981141491898
0.169859254967983
0.182133999586745
0.188599064483046
0.13683903307569
0.220648303022701
0.279674759822479
0.253645392177715
0.100719006207529
0.0796130017869727
0.118107049374904
0.146449865823829
0.165728422482329
0.117964131036597
0.139203530056686
0.132960666754398
0.134975014777708
0.220623683579075
0.219526761985689
0.317502404114446
0.29053711089325
0.113973406623603
0.0921137758320506
0.110876112430892
0.0941540680883812
0.16524859143067
0.321561307608257
0.508426513986202
0.321727175197564
0.165257089137063
0.126399397361601
0.196939593110209
0.194030452999279
0.109127329111896
0.148955747153268
0.200430149741431
0.183905643229216
0.149909280984655
0.0946912406108282
0.120817103294898
0.135825195616431
0.118951924342233
0.106212453560331
0.145312555711003
0.168412139152889
0.1502418004971
0.243637560065608
0.137885872037185
0.223239994131652
0.330615038772469
0.465530388151044
0.242398508268942
0.0908374501300409
0.100285517264464
0.141767859002822
0.0937827631645974
0.105946299495684
0.109249196778275
0.0929459398862868
0.13173206809462
0.180015602969438
0.166348250551929
0.112116722132806
0.128671681179639
0.12115501233966
0.11279789300061
0.142844611188827
0.198861523332091
0.196098640066315
0.174244453274481
0.0909940716637109
0.136197129688263
0.213311308172582
0.145032080077564
0.222919232670623
0.158168793332724
0.271915700220419
0.362328585830604
0.161988034967066
0.136924242618608
0.205479261491704
0.270466505941243
0.170101236118761
0.115130384521473
0.175023231035008
0.218298027135359
0.169862335407654
0.227039396781241
0.209076487702163
0.142510490466313
0.128481133608967
0.201278706032089
0.234486267676726
0.134266499753848
0.111443007311698
0.13819902969815
0.235062136207952
0.22174360186742
0.22104740259026
0.302925450464337
0.199640542468012
0.144016579290485
0.187283814596798
0.162071140870432
0.143835401372832
0.171104311083378
0.171100264414201
0.0999399892312982
0.141821170918313
0.162705055603267
0.17528041952033
0.190246944766528
0.253196789390458
0.201835595914412
0.0799093017562385
0.194277671011349
0.198868757650514
0.224595141809503
0.237545178585467
0.0980364421351025
0.431946686633847
0.376757983732344
0.227518469448661
0.145500884000241
0.102179240968883
0.22766547468869
0.293809158495606
0.224596218934835
0.132319782389458
0.11420820706789
0.149841736971127
0.145850806695192
0.138496785024661
0.109221978495191
0.1578276820518
0.228580077592203
0.267692007752743
0.195007819396619
0.13039000444769
0.221161107479163
0.247100979241381
0.289942484411703
0.305610059489234
0.298622323260016
0.195798705747562
0.224985796606604
0.210375571782436
0.197466491936609
0.162492356468891
0.130745688433772
0.238088792019815
0.255219632838807
0.179307490634091
0.166912333733483
0.132648484099481
0.135223140650005
0.117482774944705
0.169396931917304
0.163672725716612
0.164184736652798
0.16463207961567
0.276826550638752
0.264193239651432
0.296811002914216
0.26413853977145
0.143141815743847
0.257019268202501
0.224809544623957
0.287420740306356
0.211442677532061
0.151665407908929
0.12531022486673
0.110115696847058
0.0972928901369111
0.128791213076768
0.172915060689524
0.226635551354877
0.242903645351989
0.247686060128143
0.196308801518326
0.0924000601283741
0.113835546229239
0.133889298631122
0.161795672586448
0.20203454053579
0.211176855610849
0.267674887894162
0.204739179171567
0.113054905102907
0.126907450534295
0.159782112141297
0.173525621299764
0.104182814373379
0.10832426104725
0.225637064812067
0.347960247617336
0.18616497013158
0.0961234686852952
0.142551952685131
0.136438230087762
0.116793738886529
0.12293288868128
0.0836272339257227
0.157949093821858
0.19148949809516
0.130732332796356
0.122891967406716
0.103606556658652
0.0775120006565526
0.110780353907719
0.152982403767103
0.123832821783738
0.104184578687277
0.141400105195599
0.134331532635266
0.134645574422248
0.152356088345248
0.171932614109168
0.235460127957835
0.200283767400774
0.177729233543295
0.173057710892596
0.14411596884477
0.136220432662835
0.111628082332262
0.099846533962947
0.13124371475639
0.254856904649355
0.204150694758889
0.156629457352516
0.165548512382469
0.209812438649654
0.203605728293809
0.10453373976891
0.120558607634267
0.140014430749604
0.194108550713247
0.176732527661707
0.214574176939571
0.24922244933741
0.234009929694241
0.213382831883113
0.0891908698421339
0.183890681044729
0.134473315936564
0.268697000708876
0.305998348203519
0.245468696712003
0.154187482378231
0.107598245976714
0.123835500270438
0.127183809940721
0.16823574219176
0.207425351252438
0.119345868562277
0.109735762797423
0.166883375443139
0.0965809928282092
0.116955465875278
0.108539736783518
0.182291529695668
0.147691354382992
0.124542931139199
0.155400942506804
0.136146606116287
0.225675389941953
0.168436050753991
0.109014023256301
0.0516669308788002
0.073388636282171
0.183706839992114
0.282523095250892
0.126414286373257
0.127952027854116
0.135871696948881
0.252024960416904
0.2582302782874
0.121494259546252
0.0868310731246912
0.130744629822924
0.161377963629788
0.121138822149855
0.158964816631004
0.227119479646808
0.273207888849358
0.122231649746968
0.0874634753155725
0.143127625180523
0.248870798622655
0.276399065030399
0.196408600414554
0.181117576025234
0.176303665775508
0.197379266828657
0.138476315170034
0.149685608543873
0.150194026118537
0.113422545898264
0.193989268804279
0.253658002205101
0.301909597183766
0.235785945293962
0.169509574211055
0.164730053446557
0.178281272076902
0.155113172690354
0.205076438043066
0.279303222671633
0.158054291650714
0.113648256402144
0.0935274397989231
0.0991275518639038
0.201883648626591
0.15005316416621
0.195278415313847
0.223286668796479
0.144547959504702
0.167207192782663
0.202464669299273
0.169408259403147
0.16490757743498
0.134828286565515
0.120923564080469
0.129793277258558
0.129957263623559
0.17059793281599
0.107167504814922
0.117666333881364
0.194102045183777
0.217938544663947
0.193726272853368
0.109574988932666
0.105735743785166
0.12411418030219
0.120869936767786
0.140790043771727
0.17136109249889
0.106049760346457
0.134328605168128
0.116434678043792
0.110120764156122
0.104332883924838
0.126496639571416
0.132835376774512
0.131222479732807
0.135379699564686
0.202797583098436
0.247522029207661
0.161943010337816
0.128623691793377
0.108392716070881
0.163998550973294
0.136714907378352
0.177196390717729
0.371619577481597
0.339609637179209
0.144089863299636
0.129335516426308
0.100330271502782
0.110350898045545
0.177911971549812
0.0898254509745512
0.292894735314756
0.322377334984185
0.2285216287473
0.146694177241656
0.159481346935175
0.125139433845728
0.18667616075159
0.17846453810728
0.116409645197643
0.200145209716305
0.224531324613282
0.13432627898479
0.134052280529478
0.127977419403651
0.104470443140309
0.130712871355498
0.160069480017939
0.110882325003687
0.100876546706068
0.169497147736946
0.151877597326869
0.111090107136088
0.172558219585193
0.137795836827206
0.137362677042012
0.166612792524556
0.142486765245204
0.111786425245576
0.152897793920046
0.197392568522305
0.146436369293151
0.189060873811249
0.174993203471858
0.17933997289374
0.177779944078957
0.121513437546946
0.0970753860728886
0.122052833468225
0.117548699450016
0.13562324113624
0.196397860047349
0.155661880383551
0.125978769593888
0.127799717435798
0.140358113579939
0.13897272067074
0.192698897596041
0.253710950230537
0.219796108712458
0.132250441344711
0.162604217200752
0.137017810667725
0.0976112023274646
0.110725039893743
0.140630998717593
0.17614448355302
0.170398148969697
0.111099995937136
0.110076106613776
0.180007316431276
0.221785813484619
0.197304983321883
0.0984268875922825
0.0630986896080364
0.0967017161799187
0.229005286561199
0.201611466987995
0.159404994130848
0.182318978589595
0.194502750365812
0.161703732670613
0.105707571650943
0.0853857213922054
0.12012272010339
0.0996691767395204
0.0812603860866906
0.0740460174044518
0.106249691300682
0.119872325137068
0.110131583613541
0.11644202535239
0.094104326453497
0.110098989857838
0.106205649748723
0.128887948679127
0.154177176647719
0.134539778307675
0.124987747833025
0.0937995426055896
0.0837767265456866
0.0836041026764097
0.12860427046406
0.145936707727328
0.13862325021816
0.0841735544027472
0.111833681723196
0.127239960839607
0.113830370800292
0.0896107600073497
0.10618278022454
0.181183550715365
0.329565753023622
0.339206963174499
0.188402637277814
0.198694725042417
0.269342091588971
0.274019277420887
0.237936832960429
0.209499008112607
0.224643477930141
0.0873217329971792
0.236131649686942
0.356253563501856
0.175750826112704
0.221264687293704
0.287785848164664
0.195414230780302
0.0853829541821697
0.118200220493332
0.116927098488364
0.136950631385039
0.187993716676497
0.196097065708047
0.099126739046847
0.137571883044315
0.126996757362605
0.12605869063853
0.136784197964414
0.0843441008773906
0.143539256284429
0.239168124132477
0.196870249439449
0.131769437985612
0.133838731828672
0.0755269421318195
0.167538879112029
0.192632809186085
0.16012639372121
0.166089037792559
0.162120302922545
0.167848511917696
0.127053527251721
0.150248381456886
0.133226191093446
0.161045208869216
0.145041749976778
0.25098783471655
0.162602282974937
0.169042877237137
0.236625016346862
0.261589745555224
0.23371541946802
0.120369527433293
0.114019577890923
0.128983124417405
0.137211704449624
0.178244178240312
0.222277773183336
0.177038123474197
0.161098517962925
0.154802185946702
0.17644212268841
0.197730408439431
0.147287316071525
0.113037373544108
0.0878971204688871
0.16907894272456
0.24583377716065
0.224390163353261
0.182439371185818
0.151236630055342
0.139619713629501
0.169008484069982
0.124904072817748
0.232849491438556
0.135375664537968
0.249695742345058
0.152701487332476
0.201627993412187
0.159646517457527
0.149736775921253
0.202692328761917
0.322045707116969
0.195971681643728
0.101423888414362
0.111970670241365
0.182525830366583
0.177577424243199
0.0805910403323713
0.0801979439239589
0.152244982443113
0.301022106868335
0.257193735576917
0.153061065637046
0.135326635769687
0.179037501908338
0.182262563659097
0.101216143309821
0.0836847478092049
0.105374641894909
0.162316398098004
0.160269365812257
0.106188551497007
0.127847421776007
0.090004001652116
0.127467750944351
0.205669684862994
0.177945200743916
0.149446566058715
0.0723581472948317
0.0983729878254307
0.14736146701427
0.118453287649753
0.125632153713104
0.0724178176943889
0.096062261466638
0.145060105166533
0.136908550708276
0.100206610022391
0.120711352762172
0.0812715875997322
0.0634667108568891
0.14086777332095
0.183483017742626
0.112864821600761
0.173801525138133
0.54979186859639
0.349137910436664
0.28018587247201
0.163922720077873
0.172328183060048
0.170030362508607
0.199497489572357
0.161584598743128
0.259086613825049
0.284142730829967
0.141847119520439
0.130055026489919
0.133667903730722
0.155750777729264
0.195154994339731
0.249967920894491
0.201678912134967
0.131905683730175
0.0639987228828575
0.145070499911142
0.195131934090894
0.116793601045254
0.115173876054146
0.22122557821368
0.287483918203667
0.271027949396471
0.154260501500505
0.131762675192181
0.161409185649212
0.209761738428261
0.0937983586054493
0.0841250248666388
0.156417982678513
0.180217001703289
0.148287575786378
0.0787315521681901
0.140151917786808
0.18633479773965
0.181640328813154
0.198709576592513
0.218436851939981
0.177104100595253
0.164383569044536
0.191011796369363
0.137448997508754
0.150754909775835
0.176674908563839
0.103412438632374
0.11042114040407
0.115883489706271
0.239344223688891
0.323226571707996
0.269410519549041
0.106295420923277
0.0974707182377021
0.175865374075202
0.206393672695687
0.190166320774884
0.190810322262213
0.10054245789797
0.0776909811774958
0.185597020723288
0.213428462999064
0.162816656574538
0.165460159122522
0.189174632481729
0.141988406882931
0.0786307768335881
0.16011459422662
0.192920246844666
0.23237914620815
0.175271887095527
0.0843428349178358
0.0736068387152808
0.147443626133206
0.147065088680223
0.1041310935847
0.109115321927437
0.139033473607757
0.137561861542268
0.126889355155537
0.1251853596353
0.202860366410511
0.203596001740282
0.331042935220535
0.361908802187466
0.220196809335988
0.0679307665944877
0.185429455145117
0.332920236701869
0.400130002312294
0.28494177890708
0.212030959517955
0.609098891219546
0.696149825850662
0.32478483852298
0.322288038591422
0.131705807877134
0.175982592280038
0.170634949468961
0.138609885059137
0.143670588446305
0.13523244992771
0.10378776415317
0.0903290922703252
0.109983877085524
0.0897655502995415
0.0748979448474954
0.0764568139364044
0.0768960839640835
0.0931646435215287
0.156601673859776
0.206532439074169
0.231901116754195
0.180004235579325
0.148805876220133
0.111508639677397
0.101261172048234
0.0879696346162071
0.11265690606342
0.108369179834868
0.0801769743639043
0.142935139522302
0.0954113421038472
0.0552454989970149
0.0608485726404999
0.103227941754652
0.115684634259031
0.136589016723786
0.0780703139695189
0.125137804891427
0.0818033903927608
0.109790420616542
0.13210971921243
0.135544466921137
0.245827422532626
0.238175764764711
0.11624966855547
0.651201435958808
0.659532817793655
0.238065421952298
0.216099218556585
0.13461963932754
0.113792119224866
0.115381169115346
0.105358077298965
0.130049525363488
0.204323754638418
0.244735006188496
0.213736870827089
0.252845456528144
0.151248255624476
0.111565371737976
0.0690838573219489
0.135549914283749
0.209256522980184
0.184351747491488
0.102836350059841
0.09838398359439
0.132337233634276
0.150253083820991
0.115337307137506
0.103497762799471
0.176408784816211
0.310084129634952
0.274351156674116
0.132681490628645
0.0994383830610435
0.130472246641177
0.194048074970177
0.202216887854635
0.170682529404062
0.148882423383004
0.178041355584173
0.192359665038936
0.196808983196994
0.155762028727264
0.128002968178785
0.203075974118874
0.205231988363887
0.135185356464115
0.0988342209570747
0.113051524518645
0.145300623699564
0.148769806262721
0.0965545221121824
0.1322288675216
0.237324925711398
0.164212263962932
0.109480266540597
0.37557665771302
0.642221959769503
0.326541204123276
0.241997345619655
0.303969269772809
0.251990361518927
0.141482904889923
0.115928249325072
0.106753258117135
0.0963467790688183
0.11138794925673
0.110129656771562
0.109908769730475
0.121245763294783
0.140675071658655
0.185562022080917
0.160194254343721
0.226003075554813
0.284782955960862
0.147312645417929
0.197962480918663
0.208812531622783
0.219676634099846
0.282897552570761
0.206377399553138
0.1133923191289
0.0806202611552553
0.132431105051943
0.172102037273621
0.19666672844706
0.116298553166863
0.170940368961862
0.216131521890157
0.115230086330704
0.114848361127041
0.0647009306866366
0.0952836764654513
0.123504032756067
0.0533399812308678
0.106989930305728
0.12909831164713
0.160449651274705
0.187711685533443
0.184714319472201
0.212359259246611
0.248963194878186
0.199220452694172
0.185519040454001
0.13284822269088
0.164534573785463
0.217363166872372
0.290464504068552
0.24727205371971
0.244225722862322
0.124425140105133
0.182421312330022
0.22198181334051
0.204784651057424
0.196460706559035
0.357043489122884
0.290396978465409
0.2088861347472
0.242004287489865
0.438333162294592
0.366697195814548
0.171010045538503
0.236586342868528
0.324748053952264
0.336071762171768
0.321442067531376
0.231223989803299
0.163980405070544
0.144842061691883
0.10032998270821
0.122488782720189
0.129507706663039
0.136568701815598
0.102719248584049
0.118482707035929
0.180207122567442
0.0961997776934653
0.090799589968284
0.0939923154340425
0.130091163459834
0.162601581554809
0.13399538454271
0.14678484639942
