0.159854260507822
0.13637675274592
0.142484811036308
0.12072938563004
0.18803949459812
0.142633909701792
0.16197456197276
0.36966411436374
0.29585481097109
0.301363057510966
0.372107218110637
0.367807590342466
0.253443054539802
0.108263327197406
0.116041583174526
0.097129721719039
0.179661393651133
0.104872843517545
0.0749216770316462
0.136287587223816
0.153425616502086
0.934545626558792
1.27770732827226
0.555635267369705
0.32822024691862
0.230299043558444
0.160431193259132
0.130082940107562
0.0721940490284343
0.0771652073410135
0.0988407800983098
0.111000541524029
0.257406396907179
0.222601296246528
0.228299191873234
0.269591238142677
0.146166441166526
0.182292247250708
0.256727588822946
0.153437148442746
0.177337413615418
0.221251057437851
0.220564930481603
0.309340494027165
0.245312949246367
0.251163939245307
0.162226102374047
0.119070216791677
0.145646995667369
0.42239772412654
0.388096671497921
0.202251502587073
0.286038703794851
0.228814321361807
0.201930224697597
0.358807357249634
0.394788280030442
0.129221288980789
0.107482525757473
0.0810519869414434
0.0688051745633357
0.048355585689691
0.0768599750609766
0.13082600022934
0.0680503158937104
0.190594727452645
0.187203755184691
0.143655967459957
0.0388515934948848
0.107600973053868
0.197556406969315
0.157663127823508
0.0833777595163698
0.110360877604557
0.0905878046049613
0.193757778252875
0.739178916242578
0.412364207939364
0.0772909744555006
0.198482214601118
0.238911091132276
0.196287824379943
0.215383239637277
0.199030964185633
0.0916470946015887
0.0608884216775467
0.11807473691417
0.136371606540572
0.0643178955671981
0.0592640740518006
0.205919162565844
0.192313457473649
0.229844590426091
0.287795758871676
0.333666255604752
0.287810037062056
0.189888998196725
0.259383202423912
0.306424840821833
0.114015800559422
0.11548639284287
0.0889226474086958
0.165477588602223
0.409135957927564
0.315912562947111
0.148746859566059
0.103144581223994
0.113362969686393
0.500106287840138
1.20371068452336
0.91415909554721
0.286266126845999
0.211242457000153
0.362291315629558
0.315727673950611
0.120847980715845
0.316246749885337
0.353355620828589
0.170007412083148
0.128087009668733
0.279707229235121
0.414113745657714
1.09857453641399
0.919061240721438
0.186199347515295
0.110755211212569
0.0983578137126304
0.468189717844894
0.436076445207828
1.15648592674726
0.975240708970099
0.730517741474423
0.30402339008252
0.235975848143907
0.189354504466853
0.102235041412575
0.213564268784657
0.111013990131518
0.173816486368189
0.181997838392765
0.15563059059408
0.351584213635913
0.540887410789629
0.114558301114806
0.113176834491511
0.148466165206578
0.288183628914301
0.209640850812462
0.157491985953402
0.109323946019378
0.176383528550258
0.361701144125963
0.280546576248958
0.205143744113282
0.177230262712937
0.227199059983919
0.204455467072129
0.147038069072614
0.187330759259598
0.33712769908818
0.466883425687334
0.330052380624413
0.183483825615324
0.0817564279925003
0.0893600697496357
0.0831781211551175
0.201635930474999
0.460043391501127
0.391017355356688
0.43590581436317
0.333434325277736
0.115064862068614
0.2462441484004
0.272343000544652
0.216525321113511
0.48174094487963
1.63619094520757
0.933513761613454
0.914450749918844
2.32378748574538
0.493340123226897
0.126103516935224
0.0903589214735645
0.14754040424885
0.113806974744123
0.0887506692861417
0.179923629177712
0.139071383754254
0.246912257272734
0.176755513324885
0.126878461614802
0.0891327203829061
0.167175479709642
0.307263244747961
0.263128281133311
0.254683899573941
0.161361147156524
0.136487962925873
0.121791007599279
0.142347108594299
0.156149084058445
0.100561972448563
0.0605897645487533
0.100023465186658
0.150661184635582
0.102008394876405
0.0916441122794968
0.217141150222741
0.202010153041752
0.317348710287225
0.462898302760009
0.465992826363897
0.515882419204228
0.328310886806378
0.25610129187474
0.185771956409619
0.130817802666035
0.103282984244279
0.201608324679132
0.511795196772074
0.403041812655549
0.418927992335331
0.436553453403274
0.394573520511743
0.292089595843226
0.248001486566321
0.313085500380466
0.332956987710018
0.206176071351774
0.238063628871404
0.310246913345258
0.195581412714877
0.17736686352767
0.194000037830636
0.458129316500292
0.587011305462882
0.719517432041278
0.728875635189639
0.334132500965429
0.18671497119306
0.214146811384448
0.172762316112061
0.121848827330933
0.133812718594864
0.122481475766106
0.123958884493997
0.102890553162091
0.181885129223054
0.241993399399975
0.115900829288357
0.0514268552560809
0.122015893055529
0.287483304538605
0.121530821934004
0.109532144784516
0.289835136751452
0.229420794083301
0.0524688960329407
0.0789180991604813
0.0772595944955619
0.177141184269171
0.233499895982827
0.195354058343945
0.167643476140685
0.0959369313170925
0.0501940276379232
0.0596550752907879
0.140627694791759
0.131756456997972
0.225619704489868
0.200613562101503
0.0940318494559163
0.15075385715712
0.0882980584851603
0.342668061071687
0.420106204444371
0.137201125350962
0.320776410750636
0.466413170266483
0.254742887920267
0.317633135216402
0.749594303951729
0.319065310776552
0.0321516665985599
0.199696446933762
0.190296492602429
0.130260234048877
0.169437157499361
0.120455823638619
0.0718217606359859
0.162915029697577
0.274255842748228
0.262246734713835
0.397579835522696
0.577552236765674
0.300217752172187
0.167236710457607
0.188650688742222
0.129449924941166
0.141712350541278
0.183179966792248
0.208348684460431
0.135842073355663
0.119707822837594
0.114025748981167
0.0878868415658092
0.0917468801822849
0.975994150121971
1.25310483522729
0.919947774299914
0.653220130948261
0.170711845386281
0.210194048005586
0.312411696925125
0.181039467727813
0.198712900092442
0.175626624475416
0.22824283761159
0.0902242253319232
0.110622698387747
0.0804134707838278
0.18519655169856
0.222152795465497
0.0657654663763175
0.0936791926170149
0.0955559785269387
0.308007409350992
0.370996865699876
0.226047972351342
0.184544121356616
0.252463507751485
0.427951309754297
0.294571158093431
0.230892887327566
0.505668835592884
0.636375481978238
0.56340350659384
0.600064724379055
0.425399846708586
0.191713983107738
0.162951627820748
0.13352061754722
0.095042794013344
0.0611237643812851
0.111025382154695
0.083886380685415
0.0520498263626412
0.0756623487914699
0.131835533879995
0.171076535545281
0.237335913222526
0.323415761014608
0.222462609810145
0.13244013027373
0.115659952802144
0.0494100758669401
0.0862119015118327
0.0769290908442854
0.0887148056176275
0.10243226710403
0.229463857668159
0.135394983799952
0.153648702674418
0.137316129820402
0.099525173011577
0.0546647039237073
0.0539389869919627
0.0444961496749152
0.143328688114564
0.46727862961494
0.451588854494256
0.370210397804811
0.32973949985581
0.191668268963227
0.176343294958939
0.16497137249111
0.034883757847694
0.0727919714783761
0.0989437887922615
0.131465528785639
0.111420593711491
0.0478608711272595
0.150598395851773
0.172087698923526
0.0931695534118625
0.0764168535007144
0.061823487050664
0.169193159272751
0.220225476998706
0.293822285196958
0.162221135617236
0.127817731776284
0.086444098479059
0.388470435301328
0.376644132548601
0.0656706661749226
0.0317319819396403
0.0632461013381516
0.132099958992032
0.0622849135636054
0.0627474262273028
0.0441081285677343
0.056096743866135
0.0796928608044129
0.0731551015709546
0.150337507470514
0.180497783862623
0.142465266351419
0.151533686940007
0.231699226354494
0.145975706906172
0.0772812808198132
0.046438143229336
0.129025377190316
0.251641543560616
0.124429499647479
0.118828665434746
0.130880858769951
0.165659843988783
0.122902860184953
0.119128273188358
0.121590950089769
0.204206268112485
0.150567988354182
0.0425237093109356
0.0646608413984565
0.104155863063724
0.154569721185778
0.158125527652508
0.0819691912011348
0.11468153000995
0.0853665088172745
0.0727381792297615
0.105683354768458
0.141894396556383
0.12552681295088
0.140436087109924
0.127021120853586
0.115430865234929
0.0949920998364774
0.104390661456675
0.221738423779932
0.22561112325388
0.10107627224394
0.381211877518467
1.19162156818616
0.281280312021684
0.260840875390444
0.28440773771862
0.199529806182393
0.13537276570791
0.101393745616977
0.0952080542511688
0.261733301057596
0.22892753634306
0.136667035063746
0.598335077159367
0.405304582744074
0.153909627616686
0.23870603241814
0.384944742646985
0.245433649405611
0.167591110966497
0.358165066785118
0.366001821190206
0.16698612884817
0.465340781231125
0.841259120722549
0.767134801308827
0.201922867759213
0.129387977379455
0.159785956958591
0.183318700242871
0.198874725916456
0.553206324083229
0.502014417368075
0.106908672031643
0.0960667276856768
0.128859681528693
0.169706399197466
0.215877828737322
0.152328541452891
0.143815817523518
0.111068001340119
0.271199136269652
0.236837371623808
0.122685641821663
0.350158877050481
0.306954869741873
0.386400524093937
0.223278053905385
0.143776073351104
0.17975826494633
0.220052761154037
0.150616578054036
0.112539288261275
0.161375373387599
0.129003045722683
0.086787452702176
0.193540463638742
0.281235529337211
0.369457549821351
0.780287027108871
0.628414690819762
0.409358297312056
0.240778911636826
0.337662744399929
0.314468927610252
0.204921243306929
0.0936530296915854
0.109018281308324
0.177686017756291
0.0701158013604066
0.107872990933715
0.0796110042140361
0.147261840654747
0.260845862805626
0.262996605358374
0.116760824697015
0.0805898840338012
0.102874166963344
0.067688049177967
0.453583941565003
0.432958228049317
0.319674327321972
0.203531947000607
0.144385677233673
0.100519849487344
0.116374644545542
0.107415190193697
0.137385368724905
0.34495796314455
0.309385914598709
0.0753846880409037
0.198897009930181
0.186489339523818
0.146457514487258
0.408271258945754
0.238005048200409
0.0461190693664906
0.0586788354128267
0.083007392073242
0.241431873435989
0.222927791839976
0.131847042690321
0.253689085038941
0.23377565930309
0.117444063680653
0.0537734772711498
0.0648899093274796
0.111482511602713
0.1413284442949
0.18045497002841
0.147468392046617
0.116437261080387
0.127643561089135
0.157201273290141
0.205269492039692
0.128510140761563
0.0794628707574997
0.105845596202832
0.110224544339066
0.208448924412346
0.250449742666822
0.200832825374702
0.208200632786933
0.165117391422708
0.203951629724259
0.161744273617057
0.149774620694978
0.175840990386724
0.0923885973878047
0.212568391671952
0.18237838389769
0.0864972422802605
0.132729661781019
0.161539854132978
0.178379086627557
0.201902880300866
0.146117203308961
0.156370279848687
0.161756310097405
0.167962376391991
0.174167450517373
0.112927336652157
0.23106706095589
0.33257022113552
0.29355897451913
0.223411196176398
0.112527143610684
0.228165411476952
0.129711139277806
0.128341499463025
0.335548720460707
0.344064904146762
0.160591454062128
0.163730042166331
0.115149293897602
0.0675789572863515
0.0890968002602599
0.118616685360641
0.111396369105216
0.0724501772643356
0.207295814485068
0.235871218219617
0.164114755677222
0.196350993931896
0.296271037055832
0.268346812174153
0.167813620720413
0.230999744486313
0.261209884486486
0.217095021674662
0.144166630067302
0.0560071930875623
0.0622584809070105
0.144764813420506
0.193970911715281
0.0989287950301766
0.101785977107038
0.0972479674475112
0.183726752363652
0.293253021309762
0.168141945625401
0.108692988258027
0.0724008952935325
0.0633347173789953
0.064952876400102
0.132382723614882
0.111328818048779
0.0723196283473593
0.251390862563888
0.22536343399362
0.204084297096368
0.212974008444252
0.0779033738596458
0.106633395680166
0.151639741850788
0.107606080769972
0.0699593185494378
0.155356908965922
0.106957161483121
0.0724966123426412
0.0776048872877434
0.0918720307022479
0.116074980520009
0.200700575393588
0.20726717774114
0.176416915814751
0.313910051991598
0.413068067389947
0.102207831526069
0.040544591015937
0.112171558767401
0.159641705842817
0.0898894643767926
0.140127855482454
0.309809190852024
0.177848084477811
0.140410377354439
0.14663751282844
0.109151260989572
0.148478514143933
0.209581879586698
0.15454514317689
0.14613278265761
0.227978413584874
0.212064971476082
0.097890777730636
0.071557138869128
0.0892294219192761
0.150897885042473
0.056207419784235
0.0704712044610929
0.151526418565896
0.0978469958583297
0.0698027873797482
0.251809325672074
0.170218948903029
0.0425194577194853
0.0724492026198511
0.0888887432641877
0.107274477872336
0.153289922903569
0.132019705804837
0.0869677511374625
0.126189195116144
0.139427310546896
0.0731467959237654
0.254211500898722
0.333590655695685
0.214037650138317
0.272505972675654
0.458146182433223
1.02323763438407
1.01427135162273
0.426451060153385
0.367106335463798
0.153547126285783
0.172585236638765
0.170223512419715
0.298679784337497
0.299339171606879
0.206641333510014
0.245908889779765
0.242006092595558
0.153840808417353
0.301244340689451
0.251142126275726
0.118502740105853
0.265931225421739
0.344335645258311
0.375085208734215
0.374225273114224
0.253761818575691
0.11463938895263
0.0726987730268715
0.17443755839587
0.608573734386194
1.06553571653979
0.72138602559767
0.230244244468295
0.124583984698402
0.218002672150856
0.268539354431403
0.205898398157162
0.232242263342212
0.459708397791804
0.310994138362589
0.401433122748411
0.335343960202074
0.344895318273269
0.296115140249143
0.169704364691958
0.224725221352871
0.168567380421186
0.0324937416622873
0.0463178115245383
0.111140279696035
0.215839801510324
0.33502025516881
0.268642550513852
0.106035994942324
0.142370410829679
0.0818527101675749
0.0816759050164076
0.123143050303862
0.215975608035469
0.319110479592609
0.391505852892782
0.478384380268764
0.246198976002161
0.258923247943964
0.189056370303704
0.307228594223393
0.433851098436631
0.473610341953629
0.359169911900574
0.204710239176177
0.190061367073926
0.157608910454926
0.139955747249173
0.116906308507888
0.239340259288466
0.296622080312325
0.203322714196955
0.359021060100796
0.507648127278703
0.145371883087185
0.0669741370696001
0.0620300359072723
0.0920430548639802
0.364977396793346
1.80919155137514
0.919680689259383
0.149660509352786
0.16559164986311
0.171544941713182
0.284384841015317
0.441991175449096
0.614645707285801
0.415891364446079
0.200707829297477
0.178655942252253
0.119630038857425
0.241880330018905
0.285825606450754
0.167084500565009
0.0970579008412542
0.0997085785939648
0.132696035046641
0.326302260582806
0.18956610717352
0.220876496672169
0.389413769208777
0.222222279842748
0.311254649516229
0.360164716203802
0.199006117673718
0.107694333267476
0.118331369526012
0.14421095659278
0.17445417921582
0.221943178021107
0.229468034128774
0.232316380344707
0.434888642336381
0.318838407910128
0.0777123180572266
0.0690181035093983
0.0293078386661727
0.0603681740485502
0.0735264755482658
0.217742760107803
0.348087519547359
0.130624978206817
0.128564087210894
0.267885901931212
0.191338796994963
0.149677996775132
0.239846833483157
0.134500010856152
0.171471200606576
0.129654108304898
0.0957096281900933
0.0954753923742693
0.0716852135813679
0.0914613974225386
0.0463077726616326
0.105694535065284
0.140496662673222
0.363822929057266
0.151029770966051
0.108066405631613
0.0676505123694678
0.189117295636626
0.23844763914269
0.250814708153615
0.236841975190771
0.321292628060837
0.340369754588091
0.311724208632371
0.152814677419737
0.118150897944707
0.22234362469015
0.342605184641986
0.39929010233749
0.187362447533462
0.130633829532248
0.121468978853863
0.295713242457697
0.457860548936012
0.273395529710319
0.374138891986768
0.176021555889553
0.0879046816380311
0.0632566763996246
0.0708470302483758
0.144551305555221
0.0968506379434284
0.679512690111349
1.15635913313153
0.103414710060575
0.0742685170155167
0.276915783458275
0.275956513831535
0.160754115392625
0.122297766350037
0.102664507449593
0.104745971818293
0.0916433795234969
0.123972309839317
0.268260671704192
0.425627004996882
0.34621847898659
0.2114943758053
0.219568657585876
0.193184159810323
0.158167282670985
0.16358412688026
0.179974229882457
0.105319764489886
0.160391566342645
0.418226962896884
0.429838718722839
0.171187192564929
0.0841455335148438
0.0995838259556707
0.0920420569560877
0.106879925215168
0.0788375313625009
0.111697420564288
0.0685007184350567
0.138853852957617
0.133765915947688
0.0772989597536937
0.0853343742481733
0.101967711583934
0.064710149256957
0.136152104581258
0.150592858043428
0.0897691215858529
0.0827117016583759
0.0848601056314707
0.0956423728998009
0.13096708287095
0.338859675815154
0.27508418292126
0.0815023665094577
0.134595252979115
0.124928557461827
0.116108930785397
0.276528745206307
0.504137603624108
0.30016417270405
0.315987683696401
0.336774838284437
0.265947046479481
0.185532235912556
0.172428278354221
0.111121592665725
0.235964957674199
0.167670142011461
0.0764343780309913
0.10896001251162
0.0847486970420268
0.0815397878432901
0.123930943464779
0.0780965133246213
0.160025279418207
0.290229849269615
