0.0183214989656863
0.0322018988158067
0.0308459040578677
0.0422000810172812
0.0482271141411381
0.0436537452052718
0.0487614562890204
0.0721033133104281
0.0381684893812559
0.0223220978564641
0.0258666241378381
0.0121351310769599
0.00899831293182132
0.0390020693786432
0.0257267159414232
0.0209913304320897
0.0130958364262148
0.0189398957073833
0.0199382320202287
0.015544118165129
0.0347408464653046
0.0251540401429259
0.00669157306386598
0.0437612562015011
0.0493925070119521
0.067365827641705
0.0104806517148631
0.0571937622923325
0.0264753079244327
0.0109384809408383
0.00975046080259706
0.0275331018418568
0.0686048969489484
0.0159182137785288
0.0268928731549562
0.0291320971264915
0.0281915303973033
0.00857911194495921
0.00632714855413622
0.0108819291059269
0.0168410197146096
0.0269748877749903
0.0312912001641977
0.0468888943737162
0.028758557012974
0.0199316175743704
0.0268078621320321
0.0377576842557306
0.0207392285720641
0.00833830179922686
0.00566183843171511
0.0107390401742534
0.0234004371652897
0.0399495516966276
0.0626814825838607
0.0326893650048407
0.196566956152387
0.183525499124132
0.0971251168939859
0.0169804957080056
0.0266033344728603
0.0387623081004874
0.041260460195115
0.0295650237488733
0.0278328604862934
0.0837693178062252
0.11102559530451
0.0642052322023828
0.036762404017149
0.0299823509501359
0.0260184456466235
0.0112543690568112
0.00555898642326113
0.00479401684888763
0.0101463970314437
0.00848997731251439
0.00456987560649685
0.00603262020787507
0.00868741114561715
0.00915813356017115
0.0094769944253601
0.00829795445099761
0.00692192844505393
0.00782867328785902
0.0132810466736698
0.0119079597762056
0.0282961513195625
0.0287779250382273
0.0359494982266546
0.0377612973262726
0.0197379687366008
0.0154418549112742
0.0303475868399753
0.0481166367779636
0.0212852071104617
0.0291959945782252
0.0690131588228393
0.217917686957786
0.00473148475854842
0.0279556733715118
0.00720006010811249
0.00886638401644992
0.00760607335643773
0.0149333743451036
0.0116185158148968
0.0338987168789466
0.0360509368236949
0.0163937002330342
0.0068617443070788
0.0134660050512569
0.0166973622988061
0.0142518732073413
0.00925188199186618
0.0100465983667478
0.00751601512250643
0.0131897590258949
0.00684777474819142
0.0276708181439399
0.0308945603260657
0.0364094472417106
0.0119879196553721
0.0180871173197657
0.0178433397945144
0.0199102246926659
0.0258951384050601
0.024992015035739
0.0267363467280046
0.0645892145273775
0.0872240984366288
0.0604155919928998
0.0549089769470706
0.0514285551307013
0.0665229254455589
0.0329810115832512
0.0330539388310321
0.0342228361021786
0.0118186105432
0.0201954470634146
0.0337223159190566
0.0254186635591964
0.0263194866059804
0.0175170067494189
0.0270979948277887
0.0142671475837816
0.0216859242994622
0.0423253875273808
0.0471987194845339
0.0712936344269749
0.070224482808412
0.0476327111610705
0.0315991651807791
0.0311789781587317
0.0406965015718775
0.0412796821484223
0.048500859921179
0.0427541592539156
0.0457936698205476
0.0238822516958062
0.0421272042795221
0.043118541233876
0.0124337914381193
0.0105684099237731
0.0151687815799359
0.0175975955555835
0.0547095210113451
0.153385825126632
0.0646141657199917
0.308861182957979
0.050802828056497
0.0174251486887383
0.0138027333006464
0.0195793588067849
0.0332544538505632
0.0277977775367249
0.00477072038036591
0.00741581895743007
0.0138448336918639
0.0204756276323598
0.0267542902433567
0.0179437225871122
0.0231008428829578
0.0392961217355015
0.0947349485501452
0.0497204506552279
0.0932792908091045
0.0679447498278227
0.0248426103522233
0.0283733887949157
0.0489247117967652
0.0306929645688643
0.0339820841462217
0.0556855572896401
0.0362564211098814
0.0283782490909007
0.0286257861758152
0.0370993117549347
0.020614899987774
0.00690910311688077
0.00699546217173311
0.00796949934751082
0.0152825680750895
0.0126239532360953
0.00447228096775997
0.015778136631298
0.030152034377983
0.364067808093362
1.37691701356511
0.325060016909329
0.0302246778795691
0.041828201458185
0.040204407707378
0.011396118573918
0.0227407645124184
0.0205003095562826
0.0108904244924247
0.00782822008833477
0.00407484596145269
0.00597075289308226
0.00640167420772621
0.0122077266825523
0.0113870992054162
0.0122704332345763
0.00759990601289557
0.00617918076576239
0.0132135684215207
0.0405972102744092
0.0977424394418661
0.0565652775129725
0.00838647906359294
0.00810766335487726
0.0203687602473235
0.0198348217363861
0.0217898414102791
0.023617626913323
0.0154478465030309
0.011119783500811
0.0101205385465121
0.00890249838677604
0.011915245594142
0.0161761046379303
0.0260723888782802
0.023339495878806
0.142921613845685
0.0198667785567826
0.0320069262874524
0.022148480310301
0.237667334421831
2.75681768133798
0.361412073441397
0.291473079976789
0.012976844745322
0.0112512284387009
0.0352911867754742
0.0327727085673204
0.0741743130098881
0.0727054111589635
0.0396740329716717
0.0354626911535831
0.0146544552689747
0.0200517497689286
0.0283234149673672
0.0130741887492383
0.0182665060158571
0.0227454349144516
0.0270368354528429
0.0185597738671189
0.0496146674590639
0.118090991126295
0.0627392319311845
0.508705721049664
3.15360626918512
1.27611628425149
0.00715035358351514
0.00870944413037769
0.0124927499160094
0.0166539750139401
0.0174874828056941
0.0167400294271056
0.0114593771740341
0.0224108310254024
0.03871624368792
0.0191588813974976
0.0117973396401115
0.0106145566924372
0.00816199250251969
0.0100635783546951
0.00675841581372903
0.00613966425977963
0.0102930664310323
0.0205399152196251
0.014586369014658
0.0142180550658165
0.00940965927757106
0.00391242198142471
0.0126762030195002
0.0208338076678308
0.00932112681405213
0.0145298500746367
0.0159008821920738
0.0105765257308078
0.00568461406433293
0.0125259254572138
0.434359805721055
0.351907921733239
0.101862850486313
0.0510369791743481
0.00845043634729998
0.00495935316894285
0.013959721348425
0.016942461909142
0.0309116031041186
0.0200901081515179
0.0153488967875305
0.0206625610339831
0.0139865522182572
0.0143618276181865
0.0229331835060028
0.0168385179936086
0.00702297695478064
0.0087385825429801
0.0111894358339354
0.00806503748436334
0.00493290376913591
0.0110580355885523
0.00855669715446577
0.00882782221569222
0.00874820402996256
0.0113992224424165
0.021926196686565
0.00533809046116429
0.0154636781998796
0.0237018619975958
0.0257802463594906
0.0170204901191064
0.0106627758898726
0.0355915161143032
0.243732199937419
0.0424059189189489
0.047806901802458
0.00572075473786526
0.0132060217983077
0.00921555254685468
0.00648407450583356
0.00591264961215668
0.0144605897211131
0.00555114875392045
0.00813700214477099
0.00429871628470564
0.00481331769736283
0.00912735464032757
0.00854857740200916
0.00535440726968627
0.00535631906424243
0.0042838549080139
0.00875107796532821
0.00720522795186403
0.00971498667013355
0.0156619631270329
0.0276732367499661
0.0744312066606804
0.00372711749157431
0.0257180440574321
0.0245654495714238
0.00473056972308797
0.0120527077332262
0.00987750835471088
0.0131811419487654
0.00731323201312528
0.00734306815992348
0.00909095012466428
0.0104226329676841
0.00718436084261449
0.0141739962155257
0.0261100273684286
0.284111231302634
0.00900822119600154
0.0383861212721188
0.0410789420362248
0.0193092122844438
0.00551496506493276
0.00434680610701564
0.00675624758349799
0.00709015247078295
0.00627307986207349
0.00851863818179081
0.00768407726703338
0.0439319744198679
0.0757842162576153
0.0124705167753587
0.0171834888946882
0.0184783041670465
0.108626146057374
0.62921033868445
0.179019502818518
0.0336515124421492
0.0085233942460036
0.00361812642522389
0.00498535148396398
0.00873187025306877
0.00928053113535344
0.00491264734376748
0.0079125967504281
0.010941728857054
0.007220540980147
0.00888775759683554
0.00592238031319298
0.0182653580996655
0.00452682983000712
0.00818824905851004
0.00991744203810761
0.00496814539716249
0.0445059002483315
0.904516354213332
0.0901738960612113
0.134280598044238
0.345746468168003
0.588504554720096
0.0498568689069545
0.0955981460267719
0.0489543300051067
0.0123439517558863
0.0164395785641782
0.0155840653912357
0.00883579912743407
0.00737936332342951
0.0195806718519196
0.0352730493317132
0.0504364675288195
0.238163754217285
0.0109201420733726
0.110488290563819
0.00405009646094443
0.0252651301814271
0.00593647081692093
0.00914600602424566
0.0058251073389997
0.00512873476165746
0.0099571014586103
0.0221014608870426
0.077901417839594
0.0563273220702973
0.374190430071787
0.0569172003776345
0.059743058822466
0.0097653720069071
0.00626672053741004
0.0112814306380188
0.076319488025784
1.45723512314891
0.0513237414008556
0.444747354347031
0.0395826584341822
0.0802361539590502
0.0325515566284896
0.0294531187701062
0.0222969609833811
0.00596093639872057
0.00412719219833356
0.0112461170956935
0.0095761136629483
0.00699425084461829
0.00746421883522514
0.00907050602453289
0.0173421627345337
0.00726205868202558
0.00682312587906307
0.0102588683861132
0.00529559499448061
0.0121876543167693
0.0102271979928417
0.00964189462058797
0.0145275184747024
0.0200151037732655
0.00730381206812878
0.00733093744984155
0.011121440304546
0.0170334230669802
0.0153071353433475
0.0602301961312713
0.0204305375376923
0.0394110080398915
0.165945631247672
0.400385147305558
0.328749192445211
0.274313005097338
0.0371722532186064
0.032334994492632
0.0193711126881585
0.00972604502524682
0.00784422842192885
0.0100108517037441
0.0221981023817101
0.114923715136419
0.0217962282023904
0.206385905900232
0.0873219337605398
0.966905705176083
0.127288920747616
0.0670852481138448
0.00910279275470739
0.00415382446685449
0.00591689747740174
0.00805437238069224
0.00692406707630425
0.0191889490062669
0.0091017287731764
0.00770462593225535
0.00685960211760658
0.0392438347355677
0.109073402884702
0.0258682896069705
0.0405756833328456
0.0170395027934342
0.038199596726732
0.00939368214366133
0.00868110473956221
0.00525503001433502
0.00822528057423354
0.0140103644181734
0.105578840714853
0.571838849035155
0.0360711651646213
0.305249219622096
0.260788491219316
0.0325854112172887
0.136405894650296
0.0234476471049929
0.0038169610870628
0.0201397825305575
0.00976185281623152
0.020590979063187
0.00753245223162722
0.0754628138135052
0.0844450874190075
0.0166334329642907
0.0098345693923855
0.00509932475425817
0.00522487506833108
0.00908496460466669
0.00548724146225341
0.0046624624159883
0.00505434721049361
0.0100605449092532
0.308568497311931
0.0306708360696239
0.119998951533659
0.0108512217022372
0.0231008307205098
0.222447771081032
0.540244935770546
0.0561633566033181
0.0575543992786437
0.0661728101635486
0.0122653533724803
0.0152329126542338
0.0108961725762977
0.00965438891477181
0.00948654274950175
0.00892120873412387
0.0221132160196822
0.0826760977808185
0.0312315524709493
0.00341456125083689
0.00699781380858547
0.0651580750200897
0.160468780790373
0.0635634919826582
0.0471073690579622
0.0137498926277638
0.0154992551527156
0.012692889940528
0.0246108538284784
0.00443031923836768
0.0139409199438545
0.0165056961932504
0.0095005346598657
0.00668113482462978
0.0401581273109041
0.0487156400517841
0.711027613565244
0.114579277254135
0.18541899772746
0.0114462280599434
0.00817869464133991
0.0052022270295729
0.00335097723547697
0.00626555857760739
0.00805739463701764
0.00901280687879251
0.0148234883093541
0.00751748465584937
0.0206352364481977
0.0198029146547007
0.00748575593045282
0.0109080912617124
0.0150997118045749
0.00530683519852285
0.0134319556669317
0.0086134619163193
0.00637646835294781
0.0415409825276071
0.00778699925470757
0.126515219518395
0.0478285957225765
0.327466416952825
0.0183253092299431
0.191054569873904
0.00862403911868486
0.00533010839658244
0.00628833696161801
0.0107336475951696
0.0099025633320403
0.0584984908140737
0.0658678996328507
0.0864953032278182
0.0202337776981337
0.0456091515809756
0.0196881325176044
0.00656681802505252
0.0068612852236803
0.0113847299287514
0.00629885989843385
0.00822497994633258
0.0088948249517851
0.0134561157103057
0.00501812960767551
0.00759728775473045
0.0201243956875499
0.0053708346236426
0.00455201491308868
0.00463810398438484
0.0075654239446436
0.0104457621088855
0.00913908376691336
0.0113042257044343
0.0136483692321003
0.0327214387421226
0.0556098663817453
0.0430688362786159
0.0340058911445411
0.0205792603694098
0.0183010549615714
0.00342868988885731
0.00502306201277111
0.00908043669257877
0.00454101174861608
0.0076667789631285
0.0184589515498291
0.0142946225673852
0.00327362226561644
0.00707115574564812
0.00810910538897404
0.0561951059516118
0.02343830402383
0.0068951149219378
0.0137166445315891
0.0344577999525138
0.0657558620751853
0.00715065621179999
0.00747119099330683
0.0270692325272025
0.00331932554230719
0.00407694799435996
0.0114640357212926
0.0141322753641593
0.0257752594716766
0.0152460034160689
0.00861026624926705
0.0182273927313131
0.0122464966584587
0.0357127077055839
0.0155088426238092
0.00476921525066422
0.00856039618964582
0.0211718962322249
0.0223035060158316
0.00946464601951578
0.0372936814186759
0.0463683921209505
0.0290918776111257
0.00577327001658056
0.0147068741372487
0.0204417218393837
0.0735705194212483
0.0100327174759825
0.142860147359451
0.0390210735189402
0.0186413909426836
0.0172359646325588
0.0142420842132051
0.0163308436720149
