0.200796378673305
0.177749206495857
0.363249374230854
0.312270212732023
0.317303943729854
0.820352502099686
1.28904347429782
0.725380135859543
0.500155436987351
0.325486956859791
0.100327459069602
0.0441107370623495
0.215230358732728
0.564913035779049
0.257898092089153
0.152463113447872
0.192033402378598
0.17529375541285
0.277215843916624
0.227133981190519
0.23200252067304
0.250170997134681
0.458582743067959
0.452955237734981
0.315601612560973
0.271527125963162
0.148989224529622
0.205081957536373
0.358863716499424
0.513109922563964
0.400624229922576
0.57529911857826
0.523238513112598
0.470599060420987
0.140708650319608
0.221346926232398
0.199636330269472
0.242796752856188
0.245091108676678
0.584190559017163
0.341332363916164
0.13659771510897
0.55033682482484
0.676741699395502
0.170342466187992
0.128879645271538
0.332012647234704
0.731742229816116
1.02596109677091
0.441605326272022
0.52911288947269
0.489201307074691
0.461027020378675
0.605474112810625
0.497332993839892
0.481807600067088
0.225978773095137
0.216084671567734
0.245736339851814
0.483059617394738
0.773032115031906
0.343882972936105
0.279722362506577
0.165897179661175
0.16354042610325
0.255247603260007
0.245939465823388
0.127922690505992
0.27627494825921
0.676663864745889
1.1936915485011
1.49711098530658
0.304031094284053
0.469909571090822
0.401256294322149
0.413749567649032
0.398113604122815
0.278515024834812
0.260375337816989
0.469566037836557
1.22198465210034
1.16200763525576
0.322689344333596
0.0992284537890734
0.221458698729497
0.314845780915453
0.244309469802076
0.380667203773401
0.158769258775004
0.379889628672445
0.340108927974003
0.11798710237618
0.333136144065809
0.369225268237854
0.0714376438694784
0.327388112734815
0.252569148433559
0.212496041642491
0.242367095619969
0.388467917865544
2.98114472714798
1.90911212873781
2.07872292220535
2.24530121400794
0.491221315855015
0.1540872725115
0.485138071980899
0.900006881134764
0.26623370959136
0.176266854663367
0.144056347744551
0.496133460449796
0.700179389215708
0.198199094647036
0.285467999901933
0.288571163117695
1.06049430901522
0.819031778923304
0.445440132204931
0.903228928526604
0.686010602264963
0.221908450499636
0.569067417103111
0.617317909074005
0.592613707541844
0.44135625502773
0.209373220598339
0.192424938075098
0.45602804188665
0.621017000104978
0.336794478414721
0.317750905602079
0.333223747040339
0.319364012292458
0.34588306475102
0.364598031915887
0.34424802473993
0.34046361315449
0.260118725065136
0.393515431768047
0.292771892892941
0.160163642607369
0.280608974418594
0.423216567803359
0.190091900357155
0.221815342335772
0.420624183655047
0.611454390657184
1.53491774040966
2.43235558378835
1.69027057020811
1.22004418492214
0.839488926429039
0.484529407818533
0.81823229260427
0.691218630187962
0.316524698723574
0.136795894647519
0.0834465778500623
0.109945996534634
0.0939201140014662
0.074500641555774
0.0873512513883082
0.0869119105435751
0.0428845869399544
0.0543530791947002
0.0994188156479148
0.16372402290002
0.419781303177623
0.136985727039762
0.0828932378267374
0.188307769538195
0.721534775830727
0.971610573648826
0.868980963334035
0.191766422417709
0.176132174953726
0.14299147571036
0.27185805144956
0.534228822744399
0.22332366145354
0.240977001878114
0.287074968585787
0.249017637116695
0.517041304804592
0.226393823315738
0.142258664029421
0.19528909607908
0.220682506342321
0.175758882055795
0.603190687203295
0.35994378581118
0.112583690004362
0.126776356692742
0.170120673731334
0.147724232356326
0.145787791565094
0.22640047343264
0.24490581779447
0.250398027276111
0.119856640456648
0.385887183684745
0.548844080695334
0.209812973842466
0.250464652691342
0.130755662620977
0.210697151340792
0.153974871496105
0.151247430231411
0.250916490517468
1.3917593266956
0.78994711057166
0.174770907601817
0.16297340945193
0.10466717940211
0.225784687063673
0.237219610030438
0.122194379057368
0.115621929003868
0.120926466378273
0.078094174030133
0.111132767430975
0.332783213996751
0.19501814016489
0.181589891544151
0.174740126435332
0.272285560830484
0.367289523753358
0.403129055208114
0.335043477255506
0.20998261709393
0.106642274777943
0.124614389149454
0.220529061753945
0.39964506644415
0.228241860453188
0.146518565929238
0.16005463159762
0.18318945228734
0.156293674677367
0.120586807469207
0.233386531042449
0.177817206340547
0.293767993978504
0.385100621687575
0.205458636979169
0.201326611373925
0.120003406915372
0.180191999421999
0.169889090858285
0.185665823246045
0.176551510320388
0.189221305612038
0.319796566714351
0.267661526646865
0.344062346793127
0.37733633206111
0.6082617951858
0.693746386584301
0.845718307940492
0.82827202449556
0.704551462938012
1.16240756903012
1.17765003231775
0.772326915248257
0.397848361834605
1.22704979612524
1.12424693252274
0.242470638459172
0.311238902465891
0.126581432650788
