0.0462474080753037
0.0821823713828448
0.0919646789454926
0.109852389034574
0.197978869332622
0.100341550517698
0.0975326788331147
0.058472992260768
0.0440175123972779
0.0522722761571396
0.0830742056959698
0.0701661181008009
0.0253046835623382
0.037932605945412
0.107610660719019
0.154052179906958
0.135238787457175
0.0677872896908251
0.0673260604758671
0.107076513982026
0.148577662448668
0.126289238508413
0.0941207341864855
0.0705406955496446
0.164020988842618
0.0792495791831363
0.111937639670426
0.106188055985725
0.0497975706186757
0.0634607588901061
0.145084127745448
0.146384613990596
0.114612338846266
0.200999961758713
0.188604184225357
0.150932407319026
0.122835262023179
0.0385188242860875
0.0606831097436019
0.0837607646803305
0.0535005486523149
0.104510714057654
0.0919143287612033
0.0524047317444634
0.0394538000107774
0.0694656735721761
0.0799740767459456
0.0521485201173982
0.0409743000003611
0.204485243639228
0.212465518282795
0.200873327692137
0.107811872804523
0.0538420773441104
0.0906991189563343
0.104097173555762
0.105336403758886
0.0607463273206198
0.0733908352611731
0.0589889916344043
0.084449857512504
0.246098592981254
0.28816383274567
0.166840092123394
0.172972691448013
0.0913399464647313
0.089284006211874
0.0636476699680206
0.0546454148131512
0.0601417749743121
0.116299099386763
0.0850437236319392
0.0348564863902089
0.0871492213649696
0.0854999921262669
0.0511690849231063
0.0474004874333628
0.0399095342679124
0.0226033878082419
0.0246550727892331
0.0260395981642739
0.0252778451051172
0.0421739573603314
0.0672405451384475
0.0447030128883426
0.037049458389238
0.0437508697408374
0.0234046975022684
0.033987713535793
0.0577606793912192
0.0566331741230645
0.0417191769280176
0.0330420513420769
0.105361452064609
0.164295613756814
0.0825548762545359
0.0535666811074154
0.088231276024755
0.143436279674881
0.0546513789836189
0.0674839332630608
0.115009802702802
0.0652007065785516
0.0776736008291581
0.0872818236095212
0.050953472727024
0.127303247964707
0.165707733101037
0.154060697311795
0.112200286056044
0.0840115350332365
0.0758368033029387
0.158999114707593
0.129846790274287
0.0667501171541627
0.0966687175198219
0.123593324954661
0.0795995598857145
0.137299518749433
0.119947759813006
0.0957304718246638
0.153931698889451
0.0906795446128034
0.0370636049284767
0.0604136966609917
0.0620729925378973
0.102533406071091
0.08239391924798
0.0819012755650913
0.0787833045015791
0.0598484821794308
0.0871895458296592
0.127270224105776
0.0769506916925878
0.0655789625943054
0.0914479114698109
0.0874137566772008
0.100720075990381
0.113714318361328
0.0781010971738745
0.0521946437628975
0.0558206486000362
0.0550035379468924
0.1086714868606
0.15516995140669
0.121121357519718
0.0747953255758556
0.0668993304305855
0.268125563612737
0.217385883271183
0.0437816565093282
0.0839681106971547
0.0921776358220442
0.172457205396129
0.315277417143082
0.302351316790644
0.180225900510744
0.125418726526282
0.0492688437986169
0.0558715558536739
0.0576489988713683
0.117851450854814
0.102411953174467
0.11407628295777
0.0887597199670778
0.0970530178386452
0.138707987988962
0.204868519608314
0.179523580273573
0.102518133213311
0.114379581763846
0.132868622293022
0.171461058641976
0.146233377955739
0.246028053577863
0.227488647563928
0.145985419554142
0.140525974276866
0.147699588497271
0.0308871716729184
0.0196812425081028
0.0283697350602692
0.0402321977185415
0.0440943584016324
0.0892099626429711
0.0923686674280338
0.0538566002187067
0.0678860160982937
0.122989146609137
0.0651914791602137
0.0481482678688245
0.0793111336758957
0.115218613285138
0.127961477981177
0.0771955942924834
0.0806583114754227
0.118179304219564
0.0910173773571396
0.0737862476840115
0.0535832235772447
0.0702135063311932
0.0560841331181431
0.0578432340553023
0.0642886451427309
0.124558375434497
0.113337594283446
0.0888191115923257
0.108946148531486
0.111796573279535
0.0689407189368215
0.0815572644682025
0.0808958589343725
0.15048818171316
0.205214884597405
0.142403334052836
0.056448489384989
0.0580172559925919
0.0581129388156024
0.0425522666889967
0.0366475508067449
0.0536712379206142
0.0822355185032688
0.170133669369415
0.132673477864653
0.0505245449804345
0.0830381507517404
0.0586751068499545
0.121777095637601
0.167277825375766
0.140293436376715
0.112929193257464
0.178863443678461
0.078293198187273
0.161447989664832
0.166017720205288
0.028151381472394
0.0861547785200296
0.136891791129974
0.0443850325512498
0.0688151727877269
0.0903830528592867
0.0709966404964192
0.106095037942615
0.17051933622913
0.0359515343353214
0.0806963300835836
0.130538350621755
0.0616073943618901
0.0630984067120658
0.0525018261530481
0.0539193529266719
0.056737613479662
0.0339074621636377
0.0626484361205932
0.0410888578054676
0.0682512281641838
0.0671778336294043
0.0520558826406671
0.0491462308482047
0.0328752423563739
0.0385516365605365
0.0437751499105414
0.0822583707875943
0.0735931495880535
0.118795896049461
0.106434228703763
0.0395334403828654
0.0566207865720665
0.0905313035279773
0.0945064060035386
0.080193549584409
0.0947619034968031
0.0608159618185511
0.0410797186063777
0.141183799257952
0.155051957788192
0.100881057441269
0.0743819309365526
0.0406982901598278
0.174919251716438
0.130046804092294
0.0671694722490194
0.0503367690232356
0.0300206501925638
0.0689492527058553
0.0883678462005549
0.0754403938457661
0.140182882752619
0.153329115964602
0.0781475227032944
0.0578688440886544
0.0418668940055256
0.034108179522045
0.0377091717397429
0.0969790250025331
0.127676443548936
0.062048472933962
0.0453745304101993
0.126517907697364
0.160772932038962
0.169751295535151
0.0998503145475285
0.0436066781439579
0.0376650873262588
0.053501516764278
0.0693380988247423
0.064360952551159
0.0233896229180853
0.0528705163854381
0.0706391362431427
0.043604467847985
0.0485606076206115
0.0673479412005692
0.155883861163353
0.198139661262841
0.184962480324286
0.151638491860976
0.127574408624459
0.0726087261114495
0.0813251104024057
0.122091840473123
0.0971920031276244
0.109078412963661
0.0693308858687976
0.0676027858176658
0.205837462925998
0.160228213882818
0.0625946115085686
0.0856123573426216
0.132729496891189
0.155420914406309
0.155391361174755
0.0381055314131042
0.0588990667551662
0.0948655043357437
0.125073937511066
0.103058221263196
0.0533663572528338
0.0763714355131019
0.136396009445217
0.133916806195242
0.0865659869741229
0.0562577908016159
0.0948782363440041
0.0693124543452054
0.0810598978047345
0.0718927304110784
0.243994782340816
0.385075806516243
0.0559888201083073
0.0808543207636781
0.136295820973551
0.177725374516083
0.0854385615549847
0.115163698411909
0.115657788761821
0.0605233490418996
0.0530496950772134
0.0476683792077263
0.0592132337193772
0.0455125062965694
0.120026410119225
0.0476230222320815
0.0653938519073277
0.0529291674635852
0.0352338825287631
0.0906927814411341
0.105548222535244
0.0509034649405219
0.0945449998494612
0.0627301701550443
0.120978538304989
0.150754438628368
0.135769719406025
0.134271206474986
0.0620807175555731
0.0769981360289148
0.0668800864846615
0.049639888547865
0.0634479669763208
0.0492267288003191
0.0578598396697691
0.082431468225976
0.0583479404308594
0.0349940861086269
0.145567547947162
0.107662804916256
0.0357009185728092
0.0477442457797288
0.0746928345226298
0.0909418738091038
0.0963391491624816
0.0977000471778804
0.0785819626834705
0.153388101914192
0.101446825100714
0.0656804046795489
0.10316944863793
0.071646744213309
0.0862918530193991
0.139097862234406
0.097599169877283
0.0620687759775469
0.0426522218996162
0.052166883271548
0.0680823754812585
0.0508462864041901
0.0335519838417824
0.0631610369249924
0.0620449568239347
0.0941389008493107
0.228016423679758
0.0874378342040765
0.101653456147972
0.0845466205620916
0.0553804329610943
0.0739563006975354
0.109275614281525
0.0648460105447677
0.257246018732462
0.375232084327284
0.109153703780735
0.106469036458381
0.0394810582136094
0.0290809052371289
0.0429848153817122
0.0921603881337354
0.15575058822722
0.0721256121520429
0.0723884360149186
0.118830999446375
0.0988422837385823
0.110736244200189
0.233118742418868
0.148547000035472
0.0754539724766428
0.0978931634292045
0.10829536524251
0.0514147662335613
0.068993298352584
0.0922262633956279
0.0552587051166077
0.0789198272412905
0.0817862395887455
0.0441592276668357
0.0614331393677293
0.0505011528446364
0.026275291401376
0.0257409072054072
0.0843790054070476
0.0743412073740758
0.0773035225670099
0.0687177815725448
0.0484784763605692
0.128408659329717
0.140436444891275
0.0787613233347065
0.194764583013671
0.161726521130689
0.0871032558079211
0.0749021434192097
0.155971572186971
0.201851519529793
0.10112709841934
0.118393182653596
0.121398997473387
0.124683102775324
0.23921582114125
0.25233632941244
0.119180647179184
0.0365204865988254
0.0274015922577131
0.0241105365773727
0.0396258108611188
0.0596289075667395
0.0484934175694741
0.0365743244790776
0.0916900991068435
0.0671161481172075
0.0647670241426382
0.0342037987876687
0.0113727809759943
0.0817871488033213
0.0593952611496
0.069285199780822
0.0881272762902885
0.0906446142034229
0.0501884155446952
0.0159405858104775
0.0343683585039372
0.0778446841412507
0.0636059344461209
0.0868519656600625
0.0995981378399877
0.0547883675040841
0.0251095747092332
0.0387279617249285
0.0749182818516738
0.0708594323484045
0.119322386093776
0.0887929934191004
0.0542031773856232
0.0431895657881252
0.0635934627177766
0.204187841731958
0.135098133189509
0.0889383005490384
0.208578459308907
0.183119720634563
0.130148130329378
0.120394498410541
0.15392332696818
0.118940978281129
0.0447805568740694
0.0434129732920859
0.0726129179981823
0.144052910247073
0.113221558281646
0.0503691748041564
0.0340454274983652
0.0360519207095506
0.0587751614995375
0.074005278084787
0.0647417735696706
0.0661076215007421
0.0873398054743424
0.0589957035333232
0.0325783713629959
0.0886222967895053
0.085731518035016
0.103235462607994
0.11627059179117
0.137783218522606
0.188185242858113
0.15440450639424
0.290377258534195
0.247968578588018
0.199185407375109
0.240006637784293
0.103451260735323
0.0531013388722185
0.0419728124205407
0.0778563088076676
0.103341998965694
0.0666298492601896
0.0793471672031053
0.157227948665318
0.0868942670235649
0.0458726000439245
0.0377287741314055
0.0557443679811464
0.0472060587660974
0.0365443414688848
0.0768991671460678
0.105824070416467
0.0503697865598949
0.0582398395186772
0.0723452131784955
0.0587624480820827
0.100678118424987
0.100528534417914
0.0624449696662669
0.0291757686980806
0.0309930957065873
0.0683865019166795
0.0531597420332319
0.0333757289418641
0.0375347873778493
0.0611587398039408
0.0765361869398311
0.0677695111371775
0.0829529638041252
0.13211654323709
0.0780275970974895
0.0900092391156378
0.0971241013459139
0.141532969208077
0.221731569703054
0.143480933514336
0.205181319962595
0.154999683060753
0.127190607750239
0.160924307137913
0.143722877758225
0.107914479311017
0.053426890138012
0.0512460363791341
0.0475198310860913
0.0533334317354717
0.0484657078696302
0.0669085202870229
0.0653757088511317
0.0408183263415419
0.0783908983480889
0.0474787793366536
0.100029764934903
0.130412044993799
0.0637341043729525
0.0450481443773214
0.113443807508125
0.102360808024661
0.0923382546734904
0.0581903923884209
0.0882921525751728
0.0673962165263475
0.068521256714882
0.0720527384430838
0.0843429158464154
0.0313537484213433
0.0460224065975772
0.0450437517919205
0.0564680234120714
0.0706289650306994
0.105202078461124
0.234766170364809
0.304099054258367
0.328407164105491
0.297018310808671
0.252305097354354
0.129268049966212
0.0581822990716634
0.104207312196015
0.122035817115121
0.131945701568339
0.0942406501578931
0.0281433326526335
0.0285267814392871
0.047567592472475
0.051745048796224
0.121772812264432
0.105734705622584
0.0448892002717223
0.0817416579838642
0.059220161738699
0.0388867152906791
0.040081553116883
0.0592090195255806
0.0809667065917309
0.0917468033930433
0.0654670866305064
0.0449102184884676
0.0638257838615263
0.0414448952474255
0.0839206835381555
0.0376713803074859
0.0223006389118984
0.0301558263845325
0.0422453553815201
0.0550208164719853
0.0531132250812268
0.0785386299311162
0.094123408282375
0.1660753067824
0.0899688836456414
0.060885762767959
0.0363994525073494
0.0315589695701255
0.0912776639373723
0.130626253872637
0.132511593309109
0.0848976264567726
