0.0197761065205591
0.0236495830147209
0.0230927785046753
0.0230120932821708
0.0183035337598463
0.0234476499926925
0.0238826404396599
0.0238819322545695
0.0253953003011139
0.0282076549234027
0.0288170220058408
0.0184297808194986
0.0155816730358663
0.0179759294412048
0.0198144888087231
0.0193386268410114
0.020524880324372
0.022479000334497
0.0235843328038733
0.0194882274561964
0.0170870701610706
0.0194545404351715
0.0188204585180203
0.0226738892591834
0.0179198799884189
0.0215632825291128
0.0218762810413766
0.0205077561973659
0.0267908385935863
0.0210107977502041
0.0200235826613894
0.0243230728831679
0.0215786775761057
0.0177054544609321
0.0228295905670723
0.0229690502020074
0.0234550014437044
0.0243477744129912
0.0219895208182856
0.0184561852307972
0.0237076685589247
0.0231116873413898
0.0238675692300664
0.0227221736857051
0.0187461127686349
0.0194352065080328
0.0181962127298479
0.0164647899501403
0.0164881477316666
0.0190195366494923
0.0229340411045452
0.0228254071782244
0.0174924419753255
0.0211537641347438
0.0218955226070575
0.0266514342531355
0.0229768207387324
0.0176252996653138
0.0233030697965567
0.026444795839028
0.0249211587923399
0.0168361026213836
0.0201206784177552
0.0222099769227413
0.0220466274173644
0.0265715195713099
0.0238442478555715
0.0210683997266229
0.019528605658334
0.0227115876621266
0.0197124244153023
0.0288319165794186
0.0258828254606829
0.0184831928584263
0.0165507077933172
0.0201337269068512
0.0223312815722581
0.025210732373098
0.023152863131155
0.0175331342239119
0.0181376376565429
0.0170965014441328
0.0202012565582026
0.022026183167006
0.0218555984037082
0.0194921883296876
0.0148167604556871
0.0144027292754478
0.0198537886896557
0.0173604832333588
0.0159605154347575
0.0189428830119531
0.0182338553022877
0.0134855267553905
0.0147606030816838
0.0170651747637215
0.0765126184159739
0.0921099053160722
0.222235876694246
0.242400247326656
0.490414915314941
0.55184366786515
0.231395837139174
0.16053666920696
0.125373973965498
0.118217522020547
0.104139218833705
0.0817421780663228
0.0448805123045637
0.0348031737896149
0.0349826347428787
0.0284120279949273
0.023808971425148
0.0250499764701131
0.0243604847329342
0.0238241875968029
0.0227889752739456
0.0247873443471241
0.0244804202162422
0.0267939708434686
0.0289741036528947
0.0233265557711015
0.022932965438319
0.0220762216095793
0.0232505420820223
0.0340354850389365
0.0322460607023782
0.025325962814283
0.0273838591351798
0.0236148154128021
0.0174077639325934
0.0214359163755601
0.0204748134186516
0.0209582941853539
0.019403143745455
0.0196585844948556
0.0238786526365444
0.0325073984665032
0.0278509231641168
0.0218309591790566
0.0210549665906463
0.0196831780499884
0.0188842383293609
0.0203383979830706
0.0179795358683034
0.0168915756735868
0.0218740530005473
0.027902412428928
0.0203606050508835
0.0243263829405093
0.025681922788321
0.0181576859620692
0.0165505103599167
0.0186946028054662
0.02033398179143
0.0196488560985023
0.0165255074359345
0.021777795877224
0.0302742475300793
0.0309553521436335
0.015767031468843
0.0187105438562091
0.0263302254661062
0.0273878456952119
0.0220776510607053
0.0203693175091907
0.0177530436239068
0.0163197930601782
0.0245742172604453
0.0289745824832328
0.0268485988880892
0.0260956946802117
0.0195568828266136
0.0218479469745277
0.0215962401281319
0.0245034518202402
0.0233710730026
0.0204896617640092
0.0189587190323626
0.0263617042945063
0.0279172594514031
0.017596345096963
0.0166357288137129
0.0205270694048404
0.0215755759428518
0.0255067842714973
0.0228990376218699
0.0152925528331056
0.0223445289274389
0.0210951680969803
0.0129866674188619
0.0146586745160912
0.0182585842220389
0.0198824831581812
0.0232186988520112
0.0194238042666153
0.0161336670732411
0.0172166218279482
0.0183719657149077
0.0229029377442784
0.0192234308151386
0.0271498067474494
0.0241611799485827
0.0176715225845341
0.0188463771696919
0.0215833975911928
0.0161733289963595
0.0160657522534786
0.0174769565752767
0.015559991490492
0.0203478762749564
0.0197066140634362
0.0148813051400739
0.0194237936877396
0.0210508096597905
0.0191058298335449
0.0192144671564114
0.0190605718048187
0.0160650570327461
0.0207986818557664
0.0258670201070239
0.0258995076111886
0.0184536381210922
0.0191491247359411
0.0150236640234254
0.0164124114879038
0.017492287424181
0.0188937510537956
0.0173738898560361
0.0137938047220447
0.0184412544225979
0.0183141947442164
0.0159249842868707
0.0172065624843335
0.0154650818432007
0.0133306256535923
0.0129864600274478
0.0172309436412205
0.0163015486261003
0.0203939402389106
0.0195931134537608
0.0212298983626707
0.02141776773298
0.040582792098531
0.0418520120738499
0.0260989521202672
0.0181700569641809
0.0179756222046597
0.0183358238675693
0.0144113702875714
0.017889128992122
0.0194160597836343
0.0169287709865995
0.019737970786016
0.0202803745513355
0.0161676376753122
0.0181019659071666
0.0228035212119155
0.0259450940006166
0.0199963492361812
0.0178963255093704
0.0176788316014256
0.0182267994528124
0.0154864952747759
0.0208652289956411
0.0219134176546918
0.0229163193070306
0.0261346140751941
0.0199815353084832
0.0179365930439155
0.0172404841523889
0.0191096531729732
0.0186256715204532
0.0201253669724415
0.0172145962102725
0.02077399964062
0.0414226657245674
0.0349644472277225
0.0164145959165622
0.0188468008821661
0.0211251384888952
0.0190144971766809
0.0225104840190016
0.0209624767407381
0.0227621574545421
0.0232559408489402
0.0399804466643459
0.0674521858324898
0.0876400598019741
0.113293833848196
0.0860799112516509
0.0398018442217731
0.0328409529263773
0.0299112501171704
0.0289119965117908
0.0264739331226839
0.020733665911712
0.0235509466003369
0.0217002721788087
0.013972401903222
0.0273236143902399
