0.0797368289280611
0.0498104890181941
0.0395520531163635
0.0466232357060677
0.0617664038927913
0.0849052257722365
0.0863523085818895
0.19559535188518
0.15526651615947
0.0470966303236711
0.129835329193445
0.163068435844298
0.259591862130908
0.61303095942894
0.0885568554604438
0.269628050253685
1.37943319904826
0.103458767366319
0.300399026046968
0.404240662521736
0.194408376880289
0.395621337275965
0.244892719905105
0.109693278849404
0.0689686859730437
0.0225041275520406
0.146646669720238
0.231879013112819
0.0593684777442908
0.0751219041086831
0.047687087567603
0.174914255120884
0.0256958669883794
0.225390500627976
0.187695937328693
0.102748179844737
0.0790451950434704
0.0285157089919682
0.0857869157379172
0.139111708228781
0.103934235363426
0.0976843394370322
0.100559129734099
0.0327570193959496
0.0409934923819934
0.390107732363241
0.221882519018647
0.0932829488962828
0.10427509016016
0.136534319744114
0.140790131007512
0.0174853090188783
0.0501244926883484
0.0901145134038042
0.087203496344606
0.107237657152219
0.258131770282603
0.108208233575783
0.0484404720332339
0.0609953168183818
0.0740421423447344
0.0761621660464135
0.102182435419717
0.0221633457505831
0.0473624178004393
0.0455084037322673
0.0393340685586487
0.0221736196265943
0.0157618289404014
0.0295668430281579
0.0511022901932976
0.100007050780988
0.118582653329734
0.047653347767394
0.0333415892406677
0.452269831228123
1.32369567581691
0.656929262904928
0.0273132993590734
0.119650892476967
0.119043262686109
0.0863151253462251
0.0816301276123021
0.0255445267681631
0.0281240785761927
0.0302953085476113
0.0307262042316116
0.08538325373074
0.0206753122685087
0.00873088912688259
0.0764546494424318
0.092508940779224
0.0646861307329051
0.0473432575831025
0.234528075759738
0.22228079727559
0.148933203791838
0.109676520187744
0.0313148708061082
0.180072539616865
0.0235937780476052
0.0294184805286565
0.104929105009746
0.698331118291244
0.187743908498538
0.0843046323802341
0.0377335205288465
0.0371031846426376
0.516970522673129
1.28180085336861
0.851584950666421
0.129022280208814
0.220848402070352
0.0380193335316285
0.0631582624003245
0.0443109896268208
0.103303684200915
0.022091632268045
0.100377330257348
0.0648109572683869
0.0566516187039534
0.567806536303149
0.402639383790647
0.179182200295346
0.111318987872978
0.0598678074245655
0.363071348945625
0.220536672572153
0.256375242607173
1.38041607371063
1.21911461164516
0.0991632785907123
0.126186400911111
0.121652464055309
0.0927068542036396
0.0827350718089472
0.1057301322423
0.0807645502239477
0.0689632834775804
0.0343993103206899
0.191703547153414
0.0976597657175261
0.142976133172151
0.126684380201142
0.0391479722884572
0.0526882550840107
0.128564166474279
0.10962143849683
0.090505963677938
0.0591259775049525
0.0396739190310612
0.168949502562683
0.0951876739194006
0.0510534960534168
0.0324432014772066
0.109593295905805
0.0105039140997599
0.0612681080942688
0.113803665225811
1091.39896929592
2636.66366082532
86.0387216122942
21.0462424906005
2.28546512782824
12.6699769256953
6.22425426770339
0.0550814742806433
0.274811632402208
0.209862499917865
0.422684420207275
0.163320659841732
0.0814421777540562
0.0517079048976529
0.104884466971939
0.192344260632132
0.147865252775417
3.23012332321029
1.15425411545928
0.260139869241367
0.480011357547392
0.0759186487078414
0.122218812140302
0.039550932332087
0.089847917501544
0.0392941026099647
0.031863817128297
0.535575859858061
0.123517112417204
0.0513781040283684
0.335772678045206
0.0531633391815895
0.111063988859971
0.0284764764988426
0.14704335303622
0.107075174918373
0.516740782050645
0.565349720933836
0.249986509809165
0.0295070372736215
0.0879547495584893
0.0407409241189394
0.0805219940966797
0.073322321179596
0.837639686444238
0.827421794783288
0.0508220141645565
0.0327289838400415
0.037113434677904
0.0262543043613418
0.119105553079978
0.150899422654972
0.179406914498749
0.108760626191316
0.0566264292018442
0.48120032384962
0.759083105696162
0.626121946219654
0.306174977094257
0.118163137777011
0.205559163873526
0.25145070983414
0.131189948805498
0.0567395945888022
0.0288101423740366
0.0317016597107848
0.0783822201661935
0.087491951908632
0.0768339912366874
0.0654876142579189
0.0734122213840134
0.038573959969211
0.0148980796554294
0.0293929147301904
0.711730845486932
0.118479600940795
0.164535216022697
0.256717231710814
0.0538386196738632
0.129486220240561
0.0968465279842119
0.352802846486721
0.144169980574958
0.0418953933348437
0.0495384272048158
0.0382226733825633
0.0888762523945383
0.0564983517407836
0.104605568312353
0.0439635986750883
0.0380184819087131
0.150125387216732
1.01338818957729
0.240714340131199
0.221488584883311
0.0459176523942462
0.9710460313156
0.11306374567053
0.159238112955019
0.0246029527015034
0.0417413009156288
0.118352355315415
0.103827708179472
0.0931484011738472
0.0859560073676088
0.0384498715125023
0.0663809150194081
0.0504547741839599
0.0287338881513854
0.0543789897789319
0.015541910215942
0.0185893328852833
0.0120954935520707
0.0471615837751739
0.0906628601337925
0.048948430386045
0.13568715132408
0.249327985253417
0.232884045250475
0.756613956591032
0.0771431300303416
0.128153761114036
1.47545442190871
0.703998104168902
0.658161971705981
7.11321857987569
2.42399221750649
0.0183667576341383
0.281448995734583
0.540871647730828
0.109385650755895
0.222981362597298
0.0253473764459018
0.0429723673786774
0.356962300771119
2.48904093382578
12.4876612957949
1.84385049915434
0.159955685049343
0.221616992974964
0.658564473304301
0.7846166092875
1.04894538605028
0.0196161846667838
0.097262665425951
0.0925227739417965
0.0449357899128924
0.0769439741048581
1.39299107134749
0.723914228844399
2.85525846425314
1.98452689984933
0.0833101956118029
0.0909078259845841
0.0359734338707298
0.0428841346070453
0.0547909386783148
0.11830849263085
0.0536091675637937
0.0208455712456429
0.0441699272201214
0.580484832103341
1.7065884397657
0.0480935072217059
0.355849559755747
0.433582785811961
0.234491317847459
0.0532939085888329
0.168913700681063
0.23560263573626
0.372742880348704
0.0599257343604441
0.188004266091025
0.106883845489612
0.226418958584374
0.185561629278833
0.262536721262958
0.0883470844240695
0.223099041733874
0.128128515454634
0.131028609625798
0.701589921775939
0.713125572602227
0.59151197053461
0.255254139753969
0.071332418232267
0.0598986641257582
0.0526220066550623
0.0296182687730701
0.0927052357674974
0.0825671250383705
0.0228630493040603
0.0711967459003972
0.0447260111833331
0.0364214878460349
0.0619694459507378
0.0619963388243399
0.360098562840176
0.808907527434527
0.157910582528369
0.146816241059273
2.85070686411718
1.34545965026498
0.13585001304283
0.0853899979057749
0.0889214850444266
0.363231759743249
0.468998027672812
0.178438035431537
0.0753984483430992
0.0331212371343006
0.298512676820002
0.461620267135559
0.169089575554469
0.0501045034370156
0.694855436030672
0.186474815993142
0.412990240347893
0.243053429761133
0.0942319227429558
0.159641932670316
0.249530229951277
0.219572896367951
0.0691238599910731
0.0898249050798753
0.0398499902940628
0.0226337826891307
0.0390222400386239
0.069690467464504
1.9308108957688
5.40460347133479
0.391638101970013
0.206650140350778
0.275552458787056
0.975991080686745
4.84875974287695
1.85837116122633
0.0496978071786239
0.108190657676718
0.126842575802743
0.327784512303621
0.0585252157347671
0.016000562411358
0.0116667548130366
0.0148745233302487
0.0902960006474605
0.394801632591326
0.0485896806286234
0.034417195635319
0.0451752502512609
0.110257531546235
0.082771763739612
0.137431533410377
0.0588008737923977
0.211745579231997
0.078947016773695
0.213790200084847
0.082912197578166
0.12844778224193
0.0451188718236375
0.448180197665559
0.132811530798257
0.0972980760976051
0.0882188369612746
0.0248334070121619
0.0546298005320483
0.0638522379784042
0.100179009831113
0.0383917834394245
0.0137277738442964
0.0264279826985665
0.0820488892698732
0.52758452515614
0.0715900063866376
0.010920980553417
0.0387954383616692
0.116471671723723
0.0906739736795508
0.219760542870666
0.0473316958843234
0.0684458332376515
0.128316776946979
0.0959575091583062
0.0442590649406647
0.0220918336209828
0.873188226967788
1.78194084603693
0.846353216160573
0.0422608458622979
0.0693920985183206
0.030252155444373
0.0160766776713584
0.0451219037337902
0.0611413482319925
0.0570480654394826
0.0553580514032614
0.0934141396499147
0.116817725550431
0.1019418837261
0.152641290361312
0.0667677709834842
0.318153309177747
4.73066921215809
17.3783444797978
0.0971535570391546
0.154547587949402
0.364648349277983
0.205830551956403
0.149058991847891
0.102930671556458
0.310325698762138
0.0749377912980728
0.276063393812984
0.0773859310536563
0.0482565212452403
1.50364277247792
2.19693387969832
0.233104353714823
0.61331430160022
0.100588744444197
0.0355321628787739
0.0434549860765881
0.0277687493584746
0.120423347328293
0.0406926768777794
0.0580207298892655
0.140501122671555
0.0957580549986718
0.0763185839035869
0.415312524749952
0.0595554116518705
0.110070750834075
0.188836769490802
0.0687230770452303
0.232317235904818
0.0159997577344316
0.0443253990172032
0.13305945654053
0.0823267379341099
0.0106325194556171
0.119891854577502
0.0940324462795316
0.0733979145292915
0.10474994121691
0.0440008869731261
0.216922491014045
0.49069379403063
0.0263193568711503
0.0633143033917452
0.0983301048691567
0.0403225286625046
0.0444068846677709
0.0361569957251449
0.0309105573282091
0.0292379281064384
0.0236640659854848
0.0347384830882662
0.187634930211454
0.481265387192961
0.0229773681685148
0.0253372581350494
0.0235062403246733
0.033385740588943
0.445561837666743
0.493093732891984
0.406174683618909
0.26709898178346
0.0141896854585374
0.203510207570058
0.209737835209201
0.124823008693934
0.0937833611460683
0.0681876470475909
0.125374482107695
0.0585100329778075
0.026144402100946
0.0320949864321335
0.0928175075761778
0.094240458778032
0.871981764085564
0.360771554329235
0.0909581309185366
0.214374846824496
0.0650765647639611
0.062908237244409
0.0893549746777055
0.0684953954173764
0.188823858241641
0.416454194733783
0.0423926938357038
0.058782126884203
0.335564647643386
0.235406539713812
0.0678534658340131
0.0560228505208761
0.236532546054907
0.256855270974918
0.168002158266668
0.135461297807569
0.0736548370965658
0.0154756096939553
0.00991602807690609
0.081464457775058
0.125193453557853
0.124614039727319
0.160228437343838
0.0612100146994422
0.0379159745173571
0.14200201468444
0.159195960030045
0.05041868990879
0.0284365780050594
0.0357771774253301
0.0165781826461352
0.0241407307741708
0.0234306975110592
0.0840180872911708
0.0604494504677835
0.0463449768313908
0.0572360409976613
0.0253605308296356
0.0422290708441719
0.0654225123608952
0.0838001169148055
0.352199148209049
0.147769669501412
0.264098618690562
1.15806964430961
0.33239670664097
0.0557072120566111
0.335164388437107
0.247113983357228
0.575191032741092
1.27378581525074
0.983846291234681
1.19594844119434
0.16373352979577
0.133869091013562
1.58825718286911
4.2404693308518
1.74147040283033
0.179878796148891
0.0176025113207923
0.0341900321022257
0.307055102609535
8.67821935434849
1.97531435536628
1.04979509251511
0.672886486168998
0.103389783458441
0.285389230601363
0.333636964673895
0.0309005239523405
0.159380183924601
0.743854841043075
0.579862122077873
0.467592204504791
0.664378220120691
0.0824080934660596
0.148336714556505
2.21848088533426
2.27530482079073
0.0899290874186823
0.0458037708948562
0.0742982916214462
0.545178214500838
0.222167084190484
0.331338525191915
0.147950275478788
0.064037338558463
0.215240502462068
0.0610705515441042
0.0912898793433697
0.0817352414343343
0.200903507462302
0.13583395555966
0.0323175518127686
0.119387663864584
0.169366266052273
0.377622573399575
0.067052241644469
0.0717612250710505
0.0684381761253326
0.0396911824561784
0.0299136727645342
0.0424553732398592
0.0368256903093731
0.0398887386376576
0.0389437126152208
0.0522556731568039
0.475869171783082
0.570909320044539
0.0446517472256495
0.0408674459560815
0.186192687295779
0.0635762621341099
0.0872150320141713
0.0142166310323102
0.0859379192111084
0.0779638664869499
0.0603366763521456
0.0227118146392047
0.0280301314969909
0.165953784441368
0.140084843073887
0.15164211705327
0.154518818731886
0.444155085621367
1.53797909705865
0.481190053887881
0.0515221283651891
0.0358359890903642
0.0229837510397217
0.0186703061628071
0.0861383316436678
0.0988983819121108
0.0476484646535496
0.0269060712598747
0.07064530002837
0.0649668570595319
0.0340403085317453
0.0290190401609568
0.0114664863535339
0.0699176123911631
0.0223617148597589
0.0406590171649915
0.0358235082753363
0.0407732501803255
0.0258838289760136
0.0179232800418196
0.0166247484080434
0.0240736732445455
0.0414883415703705
0.0826479510178918
0.130817518641282
0.143709747936963
0.185381346082871
0.154051280681993
0.060581503266519
0.0402362417195795
0.149661757719106
0.198989346727078
0.146920251785632
0.040539315168864
0.0268416707754389
0.034372521018476
0.0238598785919818
0.067216486892098
0.0958413182424015
0.144264975463935
0.0307484599623803
0.0573620444741316
0.0501174760050717
0.0582637988045306
0.0315908499052006
0.144488566589136
0.0668853025738324
0.0130653028974919
0.0301962266197409
0.398280869551107
1.53748319045058
1.23869616718516
0.0424705904148576
0.0442954134106352
0.0506975492739583
0.0206916176863818
0.0465564024121232
0.046618350031177
0.127727380735467
0.31695282082465
0.502784707339555
0.231716149173937
0.0369040954940038
0.0682674147431577
0.0846243888032561
0.170404712022664
0.296156923667153
0.0711175393710901
0.0181956060836516
0.0363058150258957
0.0669360880336788
0.52400469778477
0.0360248827368266
0.282023367081228
0.0274739160876546
0.0198176613358986
0.0643852236740456
0.145976321338546
0.108393872628013
0.0517062962154361
0.0714215828916437
0.322695780756247
0.452816864241223
0.0662830156148216
0.160725806826574
0.221849733158957
0.181282733656154
0.20907870560896
0.1676778349679
0.0938748041038451
0.174411592809942
0.520361494261801
0.663330073165808
0.0965789211750724
0.0660619572161426
0.0456726678458949
0.0442450752871632
0.0818591054981038
0.181684171817329
0.173987764304854
0.0298428717334027
0.0309919346036207
0.0205653832802119
0.257157087791659
1.41206153615749
1.35895960486181
0.0938390910623393
0.111152545288017
0.192877780336435
0.0416016190115716
0.138666669545624
0.056670845620672
0.0947037013284738
0.0791099787777821
0.0579770040632576
0.0168638602394906
0.113999575110476
0.072318695094457
0.0480417111811801
0.0556910375562713
0.0722786318289077
0.0500474884216268
0.0774072504037725
0.0726223745856654
0.0636008424331058
0.108850791840127
0.215973284670445
0.284587057691244
0.106342468040608
0.0621611519406455
0.107557540312891
0.0380622163698685
0.0194956158447664
0.0230280862498836
0.0467533505987879
0.0284827478384871
0.026067939351795
0.109072605215718
0.175301015215923
0.199437711330325
0.166230063936187
0.0341987942953146
0.133532211361923
0.0140905612645901
0.0185723791226928
0.213666442635592
0.115176951882654
0.0574438806459912
0.0472441120893703
0.0248835311868609
0.0861130031635011
0.241707762410893
0.259176860469235
0.0504490531409449
0.0293776066614695
0.0578524419582331
0.0227996472858287
0.0308442003620461
0.0267919659565648
0.0122313455278403
0.055931306000457
0.082841749562755
0.122714475018781
0.174207673425729
0.0794122506288978
0.699998135818193
0.301366864506072
1.6978779622637
0.856163793271555
0.187668785193055
0.477941011282971
0.708292797913744
2.56251436209287
0.539503485209197
0.0897572340483379
0.326147620802056
0.232883656359188
0.0521640657146107
0.198842416902232
0.0192783213783183
0.0838430941203646
0.102496606700292
0.595636811821957
0.630793948171968
0.0156387425330625
0.0103744806746485
0.0370093658640328
0.0187305388776285
0.0649589738723649
0.011536743613468
0.0923649336056529
0.705873369722872
2.39905325309824
0.0240218452814652
0.0361089878031381
0.0262929169116334
0.0361987579016872
0.041410924168883
0.0670127645055995
0.0614318466353261
0.0262607457470571
0.0312653223786333
0.0424076253305243
0.0490538909715453
0.0596252750553727
0.0444209696973524
0.0691665824695831
0.0465663077703821
0.0293021060627625
0.0753371505160196
0.298592231489104
0.122092151267497
0.176582613771299
1.1515986579468
0.616955024641207
0.920606751462386
1.8274879165807
1.42603924615056
0.296216263201984
0.265543658397154
0.491581873896363
0.0763759706228648
0.0627579948770495
0.0816125894262704
0.12221656914788
0.0305876237546964
0.0362850041594256
0.0277063886093785
0.0466735908766814
0.0428285540866294
0.0340560865249212
0.0443516019011398
0.0183904220681377
0.196940703438535
0.327454315347549
0.179430176575066
0.0239923131791475
0.0782442398013077
0.0770687496442931
0.024623784250247
0.0134361141440452
0.0383876194342935
0.0720180101774979
0.857827620293529
0.178039980903873
0.0424862987200281
0.0826329088560444
0.170265088952002
1.21005096794355
0.609858341257009
1.5983006524245
0.102525072828797
0.0787600086813086
0.0987865329190381
0.0698691529281991
0.0608954708397451
0.041866254292948
0.0523288685276046
0.148978046955822
0.0189087866015856
0.0889038072820796
0.178879909768102
