2.59564977908651e-05
2.32109310253159e-05
2.73341386965067e-05
3.30945448014572e-05
3.12530871339494e-05
2.86491217494701e-05
3.12336508875227e-05
2.87328031230219e-05
2.6820843131675e-05
1.9547546454248e-05
2.01514196790332e-05
2.27813948635372e-05
2.50551792057581e-05
2.63425506332295e-05
2.95617741807429e-05
4.4347877388891e-05
2.10574220542557e-05
3.20762042708545e-05
2.92803872231547e-05
2.91360595821203e-05
3.4818090934788e-05
6.0973968085931e-05
0.000155912593438602
3.08879337820573e-05
2.85782905049403e-05
3.26279615915649e-05
3.47036663501672e-05
3.00147556565958e-05
3.00087674175111e-05
3.71499482136828e-05
3.69612665927911e-05
3.04204151867517e-05
2.088845146659e-05
2.69111600261844e-05
2.65653664598878e-05
3.13993085860014e-05
3.36755354638337e-05
3.24669769578094e-05
3.60844339201852e-05
3.33183275501199e-05
2.25790652676127e-05
2.04085218886515e-05
2.68766249565635e-05
3.44621287131359e-05
2.95211332238554e-05
2.71929167797749e-05
3.07356473306401e-05
2.64234231936655e-05
2.67146426516908e-05
3.05441747038783e-05
2.40332834291419e-05
2.06552243895161e-05
2.504338576635e-05
3.34567300044458e-05
3.32063323214643e-05
2.64552345522305e-05
2.3412900313094e-05
2.20131065332805e-05
2.19109681938765e-05
2.54922513287545e-05
2.10863905280823e-05
2.99846618948009e-05
2.86701922040296e-05
2.13829411233854e-05
2.4086921483224e-05
2.64934332876742e-05
3.36422297345621e-05
3.75746886315951e-05
3.58177754284729e-05
3.26638181264576e-05
2.61019282251027e-05
2.68516859878949e-05
1.84468199466184e-05
2.28310776370639e-05
4.01067558460094e-05
3.52359775831288e-05
2.53181032472241e-05
2.87140819270542e-05
3.47886460241384e-05
0.000131340682661311
0.000119638306385295
8.57337691736951e-05
3.97749245931605e-05
3.02635548648919e-05
2.1452792890364e-05
2.36792527890988e-05
2.6855018225157e-05
2.51154368401833e-05
2.00685880972909e-05
3.30926207446548e-05
3.94784771181338e-05
2.85332222954278e-05
4.01730269031137e-05
0.000104247231856861
5.2283232113622e-05
4.87095134589303e-05
4.08979124425094e-05
2.93612501430182e-05
4.01257284063703e-05
3.59433768155318e-05
2.34836146658352e-05
2.21012913624263e-05
2.38876762684539e-05
2.94527095211275e-05
3.16466146394104e-05
3.43350589921224e-05
3.55617783055183e-05
3.16349468505096e-05
6.11454641850224e-05
4.46940942971644e-05
2.54229043411615e-05
2.87388674592146e-05
3.08288092414522e-05
2.46217229891917e-05
1.92999524919131e-05
2.05119056279186e-05
3.17287826093385e-05
3.7973411129803e-05
3.0398291199384e-05
2.20326251678216e-05
2.7118113941393e-05
4.0179132382185e-05
3.88358162862358e-05
2.01582038173558e-05
1.47049573486679e-05
2.04724537124532e-05
3.03080364459779e-05
3.00642465578416e-05
3.28699598353329e-05
3.59540674321113e-05
2.4605552086784e-05
2.29823140395202e-05
2.41763003252704e-05
2.41860014882374e-05
2.93157398216516e-05
3.25847587091738e-05
2.19662458308308e-05
2.33144537715182e-05
2.51466232219871e-05
2.47559800043883e-05
2.79624492105448e-05
2.67951259605197e-05
2.78799964456712e-05
2.52151772335107e-05
2.89872791946043e-05
3.04081562737728e-05
2.73292697370972e-05
3.54689331636626e-05
3.9885312930456e-05
3.33951667893961e-05
3.24364387657447e-05
4.99016068485589e-05
3.8980067500618e-05
2.64733088162515e-05
2.84434654018419e-05
2.84733448496159e-05
2.3776548519949e-05
2.42326693698049e-05
2.6832616665526e-05
2.340572079189e-05
2.85796505246602e-05
2.91191761090313e-05
2.50381111320131e-05
2.42981293541159e-05
2.29053513230467e-05
2.19392004788474e-05
1.96014965060758e-05
2.36665414746879e-05
3.22008791191392e-05
2.85860738650017e-05
2.28188836563685e-05
2.7702471059146e-05
2.61235507944665e-05
2.929334995697e-05
5.5024484887846e-05
5.35642145077991e-05
0.0186873479016703
0.0108202941755505
2.66466557794963e-05
2.64925728783216e-05
2.22363075615417e-05
2.71331436935032e-05
3.00410458625865e-05
2.86487866137104e-05
4.30156943496046e-05
4.18381697353133e-05
5.44671464713404e-05
9.42629152023248e-05
9.1040388257604e-05
3.26307836627441e-05
2.60606749156902e-05
2.80444735773367e-05
4.36609000233675e-05
3.9177266006957e-05
2.35044602550973e-05
2.40522877993661e-05
3.87646102079037e-05
4.74675634865127e-05
4.61009061851423e-05
4.30910158417295e-05
3.49517442634518e-05
3.2309328733951e-05
2.63745400446104e-05
2.23514124524524e-05
3.24362893165654e-05
3.07396806063623e-05
1.9620620199734e-05
2.26620693264739e-05
2.40565297795318e-05
2.2036090580453e-05
2.16767887206243e-05
2.08895461661884e-05
1.98611248418419e-05
2.01539910073743e-05
2.38494268338093e-05
2.32519206494689e-05
2.2188260516831e-05
2.30991359181269e-05
2.51794601879779e-05
3.16618955231949e-05
3.5903934532689e-05
2.89632463187189e-05
1.6509851798905e-05
1.73574952610192e-05
2.08408826951407e-05
1.77787032720246e-05
2.40533261709439e-05
3.25282343565305e-05
2.6828048353524e-05
2.05609101436257e-05
2.22504756547032e-05
3.19300926105908e-05
3.25936580360875e-05
2.24779120012859e-05
2.79793640882134e-05
2.67289945181988e-05
2.35854619835833e-05
2.43303486266705e-05
2.23148149669802e-05
2.05951597543952e-05
2.06684491193729e-05
2.28004100489724e-05
2.62994907022533e-05
2.89445483974104e-05
2.48519760188268e-05
2.37394058710995e-05
2.35922728348078e-05
2.03595365913602e-05
2.13380487443563e-05
2.27946757870576e-05
2.23890704745347e-05
2.70576495352924e-05
3.94059437270755e-05
3.4951403706506e-05
2.88896917575798e-05
2.81505039812548e-05
2.56097563335611e-05
2.98361159184866e-05
4.04574141047523e-05
3.28872078756724e-05
2.76141869313662e-05
3.00540388643987e-05
2.85526982308585e-05
2.90372959995638e-05
2.71962019306984e-05
2.25190275546728e-05
2.23613441301388e-05
1.969226059589e-05
2.16424778228102e-05
2.73264519160412e-05
2.93974113687728e-05
2.68929377830738e-05
2.38827286675563e-05
2.45153947617773e-05
2.80991353994779e-05
2.65221236344971e-05
2.41475045730063e-05
3.63510991783949e-05
3.44148864594851e-05
2.34149760219446e-05
2.92549786526295e-05
2.7474241897122e-05
2.42535646610159e-05
2.65258943476734e-05
3.40788749861066e-05
2.95827140933207e-05
2.30367468117011e-05
2.86188517034845e-05
3.10892760411696e-05
2.9280706251991e-05
2.82850670782237e-05
2.61727805760708e-05
2.39221740625295e-05
3.04610206855684e-05
2.50651995645571e-05
2.18088783202984e-05
2.6092029750025e-05
2.87130363941724e-05
3.02656217736139e-05
2.45580239786397e-05
2.34220589038101e-05
3.42784060911491e-05
3.66750012231349e-05
4.87282127236407e-05
8.09054015493779e-05
0.000376705322515529
0.000352831419166441
5.7583669952973e-05
6.59566915276758e-05
0.000122854512313781
0.000218776425880257
0.000480550465024413
0.000234509217106011
0.000105657455470733
0.000104781164843248
3.74589864826131e-05
0.000130624172245583
0.000134149627001318
3.27784107768047e-05
3.35526219136899e-05
2.79095703349596e-05
2.77397149535686e-05
2.90106159549258e-05
2.74517740508218e-05
2.95127228536109e-05
2.78307014747993e-05
2.06785702505067e-05
2.56704900968371e-05
3.15946178321508e-05
3.33182698066546e-05
3.34475988969897e-05
3.36355768130734e-05
2.76071872951459e-05
2.97108630781449e-05
5.81384292102905e-05
5.63738520144152e-05
2.82593942287098e-05
2.8000718628397e-05
2.37590356216212e-05
2.52984294311231e-05
2.62030781160853e-05
2.01079823981156e-05
2.29478920233288e-05
3.38375223012478e-05
3.75752201060908e-05
3.44117123072002e-05
2.37836991654483e-05
2.87634962188456e-05
2.95625536762764e-05
2.37609363061673e-05
2.46748085374419e-05
3.42789414301659e-05
3.92956662044319e-05
2.66371547366919e-05
3.21514639520652e-05
7.78713735134682e-05
6.13954061673922e-05
8.46819528751135e-05
7.11421810861499e-05
8.24647713348972e-05
3.43711915773228e-05
3.7786483002237e-05
3.42290350113357e-05
8.88129541256028e-05
7.20539548533585e-05
3.51375724470625e-05
2.7441766753675e-05
2.40467456521477e-05
3.01384738901987e-05
2.37648195781383e-05
2.75182331798724e-05
2.72567590465503e-05
2.98037576708447e-05
3.12968659258268e-05
2.14031495601318e-05
2.45343099134367e-05
3.24525945529838e-05
3.47402045934677e-05
3.81935625546686e-05
3.54214980165594e-05
4.10211790912847e-05
3.70972653298138e-05
2.29959371764327e-05
2.95465654674056e-05
3.20567772616053e-05
3.04671471592792e-05
3.26864535334348e-05
2.95758245287877e-05
2.3669294150203e-05
2.42690910369873e-05
2.78664067760507e-05
2.44684280378439e-05
2.47514088034556e-05
2.4828012749449e-05
2.86096706831722e-05
2.79041765397202e-05
3.33405692660721e-05
3.00278143672231e-05
3.23531487589654e-05
0.000298096779773637
0.000363599639948687
3.86066018371207e-05
2.18623324747336e-05
2.501839420818e-05
2.43941982795598e-05
2.74041070275433e-05
3.07790830269093e-05
2.69058323022891e-05
2.69228484187267e-05
3.37822774154978e-05
3.0721845004184e-05
3.05006735929014e-05
2.89686337182497e-05
2.6741624491483e-05
2.30100980159271e-05
2.16505551654626e-05
2.93682599033663e-05
3.64981049454446e-05
2.4921867471447e-05
1.54449290859569e-05
1.94467692784052e-05
2.80452975827104e-05
2.90530308818207e-05
2.89771079777701e-05
2.95270880260888e-05
2.57107207061417e-05
1.87870991718291e-05
1.86896247380691e-05
2.70774091726916e-05
2.73607338862094e-05
2.54803764463876e-05
2.71907021273576e-05
2.61741424615817e-05
2.56924436360734e-05
3.02202244371378e-05
3.77388401849504e-05
3.75473275175813e-05
3.05303524934789e-05
2.48706435122197e-05
2.8543304472905e-05
2.92241885354294e-05
2.63373410675249e-05
2.71479593341432e-05
3.74004319301674e-05
3.95878916528172e-05
3.07285738524967e-05
3.33521354533962e-05
2.81811528335362e-05
1.75650890966304e-05
1.89563447044046e-05
2.38036232886669e-05
2.87903908771064e-05
2.94589217512487e-05
2.66534004899604e-05
3.04047803232569e-05
3.44736502369154e-05
2.72292797334588e-05
2.66868285624301e-05
2.59041380717094e-05
2.07910233304476e-05
3.24557936986693e-05
3.21541115589045e-05
2.49198130790884e-05
2.36890241922204e-05
2.51915917129124e-05
2.4207108063126e-05
1.95685402876597e-05
2.1833603578093e-05
2.55108231037616e-05
2.56208570540493e-05
2.44566296824609e-05
2.45185010507459e-05
1.91811725548619e-05
2.19598044116497e-05
2.32410195057386e-05
2.45675808132791e-05
2.55861567668978e-05
3.79178280962178e-05
4.13247611188185e-05
2.75442710734762e-05
2.4580818508178e-05
2.84718756687663e-05
3.01340837903657e-05
2.92474752342892e-05
2.26455807032014e-05
2.89318214201828e-05
3.42417159854845e-05
2.59499391154334e-05
2.62580963064903e-05
2.64753259530123e-05
4.12274227638525e-05
3.70560176785454e-05
2.53579368790228e-05
2.4800768470145e-05
3.02732104963162e-05
3.21622677458442e-05
2.63116365024819e-05
2.38096138934459e-05
2.48306990588925e-05
3.04393716079332e-05
3.26292295490218e-05
3.31023400794202e-05
3.27175551195594e-05
5.33526141872841e-05
4.65802419552513e-05
6.6169472401152e-05
2.51682431820769e-05
3.06779021899025e-05
2.43041116546292e-05
2.12063450193879e-05
2.29618269428448e-05
2.23954154037063e-05
3.85424037087208e-05
4.20796319670101e-05
2.7068740912768e-05
3.15275416227758e-05
3.6144470171064e-05
3.77129536067549e-05
2.87416483110502e-05
2.15097766118303e-05
2.29247315095267e-05
3.08036589522391e-05
3.57252877639082e-05
3.15357264571052e-05
2.57014486972963e-05
2.0642392209528e-05
3.11515956947603e-05
3.34348430268221e-05
2.80951682546318e-05
2.28748521156974e-05
2.20548045992172e-05
2.41557383735316e-05
2.37617114370092e-05
2.5354101329552e-05
3.36473637329305e-05
3.12895046404589e-05
2.73072784384519e-05
2.49653135496743e-05
3.09748536914893e-05
2.80244469009445e-05
2.45141418865218e-05
2.72585237241664e-05
2.48387712043619e-05
2.30585229485904e-05
2.8262066946261e-05
3.97912683763458e-05
3.37630349887038e-05
3.26500854396244e-05
3.06193465030544e-05
2.75987514220698e-05
3.57943127058472e-05
3.90593319830738e-05
3.16813545905401e-05
3.20908830512674e-05
3.85653165057759e-05
2.88761778862836e-05
2.25225466896399e-05
2.36491244041982e-05
2.41149561063663e-05
2.78837148268355e-05
3.44763659427461e-05
2.95057368550811e-05
2.62462574795395e-05
2.36705692082073e-05
2.33189790331409e-05
2.46389588494317e-05
2.8300648093599e-05
3.00294978683025e-05
2.88278280837696e-05
2.74408165473827e-05
4.08881629532061e-05
3.6321713786932e-05
2.72786259893573e-05
3.60964689275745e-05
3.22701563042224e-05
2.29991735783288e-05
2.19312202758938e-05
2.84231474514078e-05
3.56016284335231e-05
2.83458850214441e-05
2.65056327734742e-05
2.8998809223055e-05
3.30632397447569e-05
3.3938046627282e-05
2.64776340095178e-05
2.17824545814898e-05
2.12626277773929e-05
2.66238013541932e-05
2.31560048124806e-05
2.20255348433836e-05
2.78014644549115e-05
2.97616636502922e-05
3.38404876123292e-05
3.44526656964311e-05
3.31714362145973e-05
3.79432689661357e-05
4.11816791927073e-05
2.44662310088399e-05
2.39181465669757e-05
2.16741310882516e-05
1.82604015019197e-05
2.2094004945738e-05
3.0438066074752e-05
2.8821375090049e-05
2.21110251212858e-05
2.42021269303288e-05
2.71833238490503e-05
2.93682245926146e-05
3.0179835640802e-05
3.09159895072532e-05
2.83447950706726e-05
2.07695420288133e-05
2.01861951043637e-05
2.67104834333307e-05
3.3976671931278e-05
3.14632654555693e-05
2.52539123316936e-05
2.43253310020259e-05
3.13621384414957e-05
3.45511105035558e-05
3.40473575251276e-05
2.40162773835352e-05
2.73453276083176e-05
2.96698971337508e-05
2.47462043444912e-05
2.40762662087249e-05
3.07148799598703e-05
3.16313977656329e-05
2.68622176380063e-05
2.65806558426373e-05
3.09251504073269e-05
2.80147081505478e-05
2.39140938171726e-05
3.76708474629709e-05
3.26726320371547e-05
2.29148098069686e-05
2.58991209797865e-05
2.55833699625017e-05
3.04181738879244e-05
3.75541748394827e-05
3.07196641418428e-05
3.0591481911503e-05
7.20822302145559e-05
9.73624467061461e-05
6.37620971977439e-05
7.64573388676695e-05
9.75890446657608e-05
7.34073626467795e-05
8.30249109682672e-05
5.04704257804639e-05
6.61518748981849e-05
0.000133040856596343
9.35366895112917e-05
3.64946425713254e-05
2.18545394757949e-05
2.2064339014877e-05
2.84306490036457e-05
8.21719228649191e-05
9.78468313216986e-05
0.000115251921155761
4.70416465663802e-05
