0.277087394133913
0.139485059548114
0.179807204646626
0.629462635294187
0.602861893268908
0.242421542791231
0.251276126057706
0.198858172779112
0.357740740646617
0.517347279980529
0.495827290219085
0.600516971329391
0.556272852626094
0.904423669485293
0.519664958338297
0.385424858458809
0.495001366427211
0.285909202920178
0.184542347435864
0.249773386005507
0.147777643366343
0.162364081045041
0.271184690504077
0.317379940267493
0.254500221493508
0.344163961996966
0.338117026083591
0.243688837378518
0.231065604588856
0.247945094879538
0.168439278542072
0.158970924849547
0.203758508091543
0.260024408130405
0.378766129932457
0.428274144357367
0.294049560689785
0.13213220903696
0.253611288922831
0.217650443270672
0.237107664107056
0.504207444847217
1.45996062895134
1.00129394043095
0.995883605546208
0.440682938372549
0.130534810300643
0.0699723501465012
0.131984311794645
0.52897723363211
0.452807784416728
0.527798824012312
0.331641017961865
0.271841745763968
0.168864266192882
0.287209581456037
0.492132096748911
0.576761979964627
0.23009350807124
0.40798535920421
0.956657237984356
1.46245707891642
1.7677924030719
1.13872005182279
0.260808361350902
0.118070242625073
0.136049229671077
0.260435318455839
0.628829775174224
0.820814275328893
0.739716724113773
0.485938795064297
0.0835103561614196
0.204176086986583
0.288446986655774
0.51290314169136
0.524807892560934
0.170369212541453
0.0578052431226445
0.0546510652729239
0.0685883424604736
0.158910457637437
0.27830928564335
0.370153664276028
0.392059918518522
0.367587068396735
0.699676144637074
0.361249249556446
0.161236015230687
0.440798605154166
1.39760301115237
1.07903848157423
0.65741395794745
0.790416523253535
0.471703824131339
0.163298510037132
0.611243516492714
0.93683472179842
0.678405020316472
0.878243262953105
0.89866747295807
0.176940167966771
0.0717268131920733
0.073718928395935
0.106129043236421
0.168211685453956
0.141168713446777
0.299644503350326
1.02956118951174
2.02434945747465
0.892917274359996
0.562587562296579
0.749992804665402
0.564662736379868
0.269686030902121
0.189050443733454
0.190795758610687
0.173384574765728
0.189648391920336
0.269377707366842
0.519652043783885
0.405513799964086
0.364386951020289
0.383750508726581
0.151728404834904
0.0983501911759362
0.267222182209694
0.466824312956902
0.303044587109631
0.207008014442611
0.23510699472508
0.176170100933619
0.294846129409508
0.314676713676025
0.182449879928653
0.102547801735423
0.0939620915861282
0.102243291557692
0.0996306696067603
0.382690641938197
0.634194794335192
0.452165026899727
0.163835067389969
0.0617132444049535
0.165035979470957
0.179587392263044
0.17575600765212
0.271564237587943
0.291379636859815
0.534695601992784
0.340417241091166
0.212422830199273
0.148466933359267
0.136153469204918
0.127389037729431
0.106595124680425
0.106204685979524
0.208840586558706
0.255535360846866
0.365472616390145
0.42169722452037
0.225805899274501
0.363998846432359
0.413376501649758
1.08985712995303
1.32650588893872
0.309390225420612
0.427322321634487
0.416963470083014
0.13188989732108
0.30668007059896
0.251352164453973
0.343395651191664
0.555814405858321
0.40000888582759
0.169848129707758
0.123102622943042
0.14124842415698
0.418433450588396
0.627083535488884
0.504431892873
0.661429918993014
0.5207071432225
0.144112484441104
0.12745393634244
0.204403821627872
0.328123252480856
0.215766814820227
0.360785344511251
0.694617735843729
0.808875043257048
0.340873637132716
0.111617551120081
0.254861154527088
0.280207570668526
0.205242099027504
0.251506523826866
0.452820426762354
0.552532680278126
0.923840467056673
0.656285614304236
0.571012710716843
0.529589856613518
0.707507346737359
0.49939678343078
0.236749769532651
0.227305201853837
0.23356420658468
0.181034091482752
0.227790365687211
0.541190399372646
1.36336059581773
1.11042671666151
0.761142924223844
0.276858212613057
0.256392166675123
0.189902419748454
0.21334438795916
0.365471860749494
0.405215888515042
0.270206693844942
0.176542870274223
0.394643725503839
0.614245164897759
0.452290306916444
0.25870427642447
0.164886415894034
0.119839866836286
0.228796890944706
0.552718712901838
0.513733770860812
0.250450837274869
0.253380476147559
0.187046844177303
0.189373203879428
0.256724857853715
0.323675353235318
0.235335271169206
0.132191947479124
0.129258648405083
0.238280082884115
1.02560690764492
1.5257303150242
0.464902797985764
0.405575260693477
0.254026037753336
0.316376029129607
0.545922378182977
0.788541792783796
0.777681473093216
1.43885384511208
1.34112091133998
0.474348142562029
0.678387502571497
0.642326982018188
0.896482478046991
0.611403524917701
0.547634726661939
1.01690630737739
0.825681785791822
0.508436597767209
0.318360059367843
0.395468041510768
0.476564434326111
0.982897057952185
1.07894337186695
0.800656153666037
0.852535442459274
0.523354932210035
0.77328930989841
0.794812461289751
0.398420123927475
0.221867582074451
0.602885548386054
0.739903053777556
0.558481346679232
1.79284972080396
1.5288490619148
0.60799606051446
0.750357024217835
0.309856386834361
0.135275929180145
0.736019217823163
1.3414016997618
2.14492179376581
1.82127095045041
0.636990211593371
0.327644509008116
0.212824166974717
0.659639726695566
1.01694468784676
0.352058084961065
0.397031802756308
0.743746968494316
1.69004061989419
1.33151480800484
0.549964618493234
0.45431310685496
0.603271605707687
0.812053398906887
0.42559697645418
