0.227485855600389
0.677903450612146
0.884761140777025
0.497396923119144
0.284579844979549
0.392302058154488
0.529759053501449
0.220528913513688
0.35154105480273
0.19839003205278
0.198848271620019
0.35474810134793
0.164520086925522
0.213889070786047
0.503398102516661
0.294010235934021
0.245645633724549
0.274420817739849
0.235926259195926
0.212053018350266
0.31528788111597
0.401461794536068
0.183097652058366
0.306331569675454
0.175852589728639
0.432860866852374
0.674090436798995
0.485635171332376
0.206880745678368
0.332691399597823
0.407175001504177
0.486900374981011
0.490610297866807
0.642221462501068
0.515622366249795
0.349502880910157
0.305900831420633
0.136033905577224
0.181452399124153
0.268995991349636
0.290724897743017
0.230810601797391
0.277703253314046
0.224119741836965
0.541927760724784
0.316599980006853
0.157323634156011
0.315096560661341
0.473424870968426
0.228125678553261
0.337524664830845
0.425943806625645
0.5245221467511
0.470978655203113
0.391723211194421
0.441533185907236
0.851211246988254
0.542457734720372
0.294406488263396
0.289823098085144
0.243951692228229
0.2523713540314
0.262411525431888
0.48981450421194
0.427461391655914
0.268761718822931
0.352274838102535
0.55228493260655
0.583608363307729
0.313826963022697
0.174684824313406
0.325154816996432
0.291180371702413
0.320944054959047
0.249248677104766
0.239539574014155
0.207360661032367
0.220137076895877
0.338692028123531
0.385208365668636
0.335269639805539
0.329861422907564
0.653489587452228
0.639073921940953
0.275048985147929
0.257275683288342
0.241604241175871
0.48819893089844
0.370102459642854
0.503388347331433
0.418852492884233
0.277517527067424
0.605152601886037
0.44987458334724
0.447689649675394
0.332657267880618
0.106849426759923
0.363804301860941
0.626759826728182
0.492090957832515
0.5938052367194
0.662282817479494
0.391745263918467
0.171134221249711
0.191161664809299
0.173608673410104
0.272948520911641
0.240580298899091
0.2306748233788
0.227475404818968
0.2371884172812
0.463296391975607
0.376359981166693
0.24491326474292
0.390066536696874
0.670891219639754
0.569492084225973
0.271505879478859
0.48891240056617
0.700109451501543
0.604468237299717
0.398329879949736
0.426725574500265
0.246250034271318
0.214952855882318
0.231351028450032
0.263857344135541
0.333275675750605
0.153625551505047
0.153282621789103
0.139678804982551
0.230975895748181
0.315080395396204
0.41856734084235
0.157224238550454
0.181146621844623
0.147353305088468
0.373832802404639
0.387482765431451
0.233453983662235
0.268565605646524
0.289044988380062
0.345940316994751
0.305200439231189
0.232674009725763
0.81242314924524
0.72631266944485
0.306796067555627
0.47593597398778
0.228609248341273
0.207659228653488
0.282874444581419
0.298755952652633
0.441017212348051
0.417047418440655
0.168817290971195
0.22064585435974
0.342074699455071
0.512786426981659
0.242974129824465
0.208675458512432
0.21335161468888
0.348112704932033
0.446557543731589
0.309454325587677
0.192543621211313
0.179753104185365
0.154939377608989
0.326391061623102
0.217226709664548
0.139636481359713
0.321708524519991
0.456344626571099
0.247884376945574
0.0916185847204028
0.407604358663041
0.664561631769808
0.510724486475001
0.481097061591998
0.380960650569381
0.335431241252599
0.345401630332192
0.295442464018466
0.21347396527273
0.152332557801155
0.217698587211214
0.387285710670846
0.40662057545418
0.328621377149893
0.302149650622821
0.769092090886679
0.755813426820886
0.212010714755855
0.352762608915869
0.225703073064314
0.293378478247738
0.350993386221435
0.330477002402228
0.579662027314447
0.329468081711795
0.163278856883443
0.251610808407391
0.310197485514693
0.191654076447058
0.46517089904763
0.602436334691328
0.424183618828324
0.244703733348286
0.194232521629565
0.323013685000181
0.400686686061708
0.179663451563629
0.437784383702383
0.51554957545403
0.234681811008837
0.109150622989776
0.280461041671097
0.279339451862921
0.613528377166325
0.44924694048325
0.156815644428675
0.246471093496589
0.406480550707265
0.408669215583182
0.38950504961458
0.623253593587816
0.593758883151622
0.392171650583003
0.519486092893147
0.592455124812991
0.774473982640676
0.753732484616794
0.679934523832164
0.591176466953011
0.545140685755382
0.44190172327916
0.232160560571969
0.138718069449634
0.261425290937577
0.258756065057164
0.183486512683722
0.278619867312526
0.280256288121628
0.410422298461191
0.381942196848324
0.317395034713827
0.297063029301551
0.295435158046648
0.319489976530239
0.382033956938936
0.427441310663193
0.273814702047476
0.242069963309316
0.817819190156274
1.05473357457135
0.781710540595282
0.5839545051374
0.364614610462125
0.33283338060575
0.289302556105923
0.246629395555349
0.186776975019491
0.156671665682915
0.526925797287296
0.662190592039719
0.608893129734808
0.31213567780532
0.501068940818257
0.282701301137691
0.347285073684279
0.941753704437628
1.04028638488334
0.938232385605378
0.955390485723389
0.83180857117958
0.435113291471577
0.24215313287415
0.179448874648846
0.256346453458179
0.382740042902868
0.16930286801678
0.0610172577035274
0.114250162387374
0.124080360253038
0.382354246357553
0.537457547970069
0.433181505189118
0.137988541027998
0.20793431270207
0.287894239293058
0.220587620294783
0.158326603005319
0.168397189708938
0.151991596124111
0.17419161553899
0.368484051945949
0.390450917084495
0.568197640913025
0.508184334707474
0.355147577360437
0.330662088662628
0.0736011451462597
0.178370354110463
0.155981517944926
0.0993006256090782
0.198735474891243
0.633276087671694
0.966541480592398
0.699946690427098
0.338573569783266
0.208259191996822
0.262635827200948
0.268766370719637
0.128801434273188
0.1100182844248
0.30281537676208
0.396474049994902
0.366053541505141
0.371218170891818
0.364420006923912
0.175343676570023
0.262079088249989
0.378583721198364
0.250771291815125
0.211326486091826
0.271805914340151
0.0910029930496688
0.214333119418424
0.07960519334094
0.070169024286225
0.0517050437457306
0.0845582817155264
0.0482745065224583
0.0817115310482585
0.105464178749552
0.104172327564568
0.112020788184355
0.0669792757727581
0.061103514042367
0.0867053705586865
0.0897688326681307
0.0578986252363875
0.0914146103573034
0.0736654676636165
0.0943119117272879
0.116730104072799
0.121934943677155
0.0893062682344291
0.0408315475600209
0.0539406780939948
0.0849710566100099
0.113531363536607
0.108094438042998
0.0420620580400995
0.0806724826869999
0.113029774613537
0.0818015448733507
0.0788408173916573
0.069222003725635
0.115018602918975
0.0847585359084049
0.0539161254796132
0.0539394597387407
0.0521097427797436
0.0549511321596999
0.0685146663267686
0.0812004306542412
0.0918463693332411
0.111055508363492
0.0682435505534596
0.0991170222562735
0.128822336172777
0.0866002781432707
0.173024082897035
0.0894547426155222
0.0482282260374311
0.0344403720785541
0.0441676065092107
0.155198698148745
0.131135000432009
0.0723676547771192
0.0557186666688504
0.100138903644575
0.0765030119871027
0.0802117345916012
0.0307471047278033
0.0260537585176638
0.0432726733629318
0.0567876277667497
0.0588312607542683
0.0610377588569593
0.0389235467159029
0.0523311672308256
0.0657087009467801
0.0567155130190185
0.0282097496191003
0.0281268708662804
0.0656447908567469
0.0632740740649063
0.0499416306774237
0.0806276899801144
0.167917344975321
0.14517883946318
0.0402663114283612
0.0583454224891074
0.0562974281211196
0.0748174749458439
0.0438310485063454
0.0484618469579338
0.0407706662356167
0.0376740829886212
0.0756468545784171
0.0518785983556949
0.0744264207490163
0.0731336504065503
0.0732789244094969
0.05589176563911
0.0848429662956312
0.0684820962973083
0.0852588862171538
0.0498796552332157
0.0450457886701478
0.0661357057150166
0.0305418455760805
0.0222176683215659
0.0673371768454273
0.0811209669457487
0.0788391344370862
0.0669424832680982
0.0578383114538735
0.0628568465171281
0.0603114119131759
0.0546322025153475
0.0980843249267282
0.0738778495803952
0.0649426909279354
0.0629872495090258
0.101226659787337
0.0577227994295739
0.0699562738862122
0.125169863406656
0.146999512408297
0.0405309506706018
0.0899697280180941
0.0694403134868156
0.0276065713557827
0.0225056505657217
0.0509518280420177
0.0831559590216146
0.0647068762257951
0.0583165036329026
0.0487259752348298
0.0645742167129638
0.0809806442773862
0.0637244408536893
0.097887867277228
0.067767169227795
0.0542992978496322
0.0939840185475233
0.175500076060484
0.089896542948362
0.0595677154415618
0.0591101650395764
0.0533606137841307
0.0619206357681987
0.086905612802979
0.0469561962147756
0.0698983108133718
0.143045741540877
0.101227629013676
0.0685584723515444
0.0727382249173139
0.0767348092218685
0.119866077182194
0.114601425361086
0.119449860969994
0.280441998241547
0.289289638839034
0.144891090891358
0.0538682823452321
0.196832978724234
0.176579077505715
0.0824658363179552
0.0888672709419385
0.324601339144415
0.133135070265965
0.0987201591761422
0.103073728796326
0.12529090093375
0.134110144719333
0.12373451174736
0.0596323727046664
0.097378319298346
0.0612818971039027
0.0588026490296918
0.0666640555153672
0.147009917496696
0.0779018074723637
0.0517517395510557
0.154270212278343
0.232531069004459
0.0994808565831377
0.0935943059336444
0.0608267780661161
0.0850657643586827
0.0760092348465478
0.0734245313224699
0.0683734226610489
0.0743908902452411
0.092880182154694
0.11979834257267
0.159053091703615
0.113761039143421
0.136664114211813
0.15560235010898
0.1080106786242
0.185712290111017
0.226816885098676
0.0906036844122093
0.102369713058441
0.0670664865951805
0.192961223277294
0.0853945839473271
0.0983839987898377
0.0571121834972517
0.159063273966635
0.0948969140723525
0.129670545733894
0.209866627845884
0.271880409778067
0.153176987457181
0.105166337384456
0.124602601473079
0.10931230267992
0.0981335322666933
0.0895497027653947
0.118307626538607
0.241316006291926
0.153806535276127
0.0706183027098589
0.0729761418412451
0.0916765546682067
0.0727371831823737
0.118709622135132
0.0741709828710099
0.0753801634520236
0.101573351059042
0.0734853771585018
0.0643278991204415
0.0316170754774558
0.0400298941730258
0.074996109322448
0.0672209052065317
0.0823486258518594
0.0412219452068907
0.0607313969567477
0.0859844319117752
0.0987107457330546
0.175534599568897
0.167877644799541
0.0666033911715725
0.0587584843394467
0.131378657064063
0.14122046027585
0.0454437863244945
0.110909641941192
0.142090807173256
0.0603828783494855
0.0528774296113763
0.0633725259536766
0.0957722270380853
0.0445652123395706
0.050994021648888
0.0388518940845109
0.0329234186992326
0.0549644878302536
0.0767853010014806
0.0965701257247599
0.124088668151283
0.0995454818392423
0.0668136331808939
0.0970402760422856
0.111587040121015
0.0709313950779153
0.0577437442966815
0.0809153534833606
0.0283210801097327
0.0519595446299237
0.0999231663029027
0.0708298740548707
0.106991407601498
0.0973906362719007
0.0398186214211784
0.0574432534119238
0.0579043824868672
0.0539949053000465
0.0567536855616838
0.0541842617058072
0.0461776734079047
0.0540661931051789
0.0716842399249781
0.0645279285895321
0.0914841955266347
0.0717659238437972
0.0869095853579173
0.106652559533166
0.122446778837574
0.130039018548013
0.098321879792999
0.0771390626652038
0.121552464704649
0.118844952872458
0.0601975204214883
0.0636611710886836
0.0692238525329995
0.0418626312870724
0.0556659541209989
0.0446693738850999
0.0314502796579832
0.0304443544215774
0.0349905061920833
0.0345166863840353
0.0553209464101237
0.0714221179170046
0.0767442051712098
0.0486700026504797
0.0510634946999734
0.0419964518623264
0.0614829271437117
0.142516973392833
0.0937423610896337
0.0593473746862369
0.0584146684843457
0.0742043608484214
0.0478226976842369
0.0944510009086408
0.0700558173020942
0.088211616906036
0.0780733950651396
0.0965816208302308
0.0469723405714391
0.15913714166936
0.0574892244776501
0.055559117626556
0.045381321286878
0.0386397636996181
0.0800809979583932
0.0849126471971855
0.0598898375119189
0.0665261629743537
0.098563347386528
0.0570946846989791
0.0991660138872332
0.104045623216473
0.0519092120111788
0.0517262090973482
0.0492182036341666
0.0561460461418953
0.0349139758129525
0.0442515824070443
0.172225377288686
