0.748941078496689
0.802966156204225
0.760516197052445
3.11451702917517
3.16986606236455
0.966387716388234
0.711460515000578
0.927866664194028
1.71044952642366
1.51364648864224
1.12493402451417
1.32183067418913
2.16620922888269
3.951550714464
2.77470196930513
1.19839994911738
1.15284883496114
0.699495311364776
0.349770691156942
0.330888305408824
0.459101624065705
0.818230238329853
1.02965025743833
0.956762971762561
0.579334670506301
0.37722753006098
0.735818733345453
0.771976704047191
0.313378625554352
0.618564582649632
0.883460712959389
0.665449443866662
0.346207498222392
0.324367758720174
0.938743695174232
1.0106716463496
0.602351040387215
0.567100145630656
0.581038501449403
0.448986972544969
1.22390947402743
1.43548959212252
2.03373042380988
2.31356691388546
2.59251840526228
1.35595237705141
0.414052829488909
0.318163360668396
0.83211862755161
1.73254593890096
1.51023493995306
1.57870033835635
1.85188519259897
1.37754154356318
0.884506514760265
0.869670484616662
0.753383799507985
0.735252530229282
0.779615429207246
1.51199130705911
2.30399615979573
2.33219462502636
3.68123982716282
3.28628266839152
0.873806591891326
0.237606859352024
0.514780853668758
0.718847732361683
2.25156271337015
2.36245144444307
1.72602812339181
1.34529147750088
0.286475052548826
0.687017260764087
1.56976197155409
2.1025567494969
1.2541915030102
0.282883626389833
0.319899615794629
0.423156528168042
0.517277527867944
0.389485523350724
0.783262140221583
1.95110681038367
2.25455640307585
1.21185858149521
1.54561402886242
0.876234192830944
0.582275770296742
1.03785841042564
1.92757014346208
2.09514570621282
1.62197452570374
4.69223683402488
3.70426491820673
0.359413652890722
1.63722401599754
1.76689908075397
0.858529054595943
0.935820629977935
1.16193469988197
0.52218047618773
0.253039378133495
0.151975392586277
0.159081640714045
0.307177216652128
0.300587458432836
0.289232489240296
2.6182317265674
5.84100068291774
4.01933510934184
2.12288835665501
2.03694973096053
1.1040826941955
0.46251667128174
0.317535527056661
1.02145400000596
0.990892427840345
0.829933576404406
1.35066549184352
0.85124859542743
0.582903560402388
1.16731992850807
0.896539220243147
0.403065811196948
0.439351260208476
1.40868666782372
1.91054242113505
1.19903254720231
0.796063666151673
1.22304279210969
1.0579312392463
0.777191826139766
1.07533710347761
0.602938600358224
0.232912515234003
0.336182672091965
0.361796718925785
0.545597804306594
2.0209398789399
1.93881962838377
0.979518344633214
0.597956208035918
0.244453594731739
0.449840904203789
0.439230730941939
0.295939683943416
0.436702706498274
0.58811155105444
2.07137811623291
1.4096260046554
0.338185857815745
0.357376156985336
0.580153271452685
0.598577681377713
0.470971494290095
0.34108544276366
0.452955556626959
0.842139888409023
0.866614840274553
0.847310610606626
0.720126062096035
1.14235908136223
1.31685206336069
3.02578163362125
3.99614913074743
1.48851471113023
1.60495646749083
1.79257304358513
0.607103271707057
0.667600505326125
0.53723114264452
1.84242435344777
2.10747408223592
0.655053746550444
0.598695165888266
0.456376578145229
0.22525935583744
0.708408356661158
1.47532214362041
2.30409185342743
2.79866835236659
0.821980088058156
0.504658048650715
0.394890064662606
0.788707413744112
1.27987524473471
1.5280565828457
2.07940537402518
2.00823373867383
2.22874016388422
1.59582147783042
0.382892581538227
0.54523982661893
0.611581797049098
0.35313060746405
0.399523687508997
0.64417409544473
1.31727085578522
2.34413777650865
2.09257374569638
1.67077899726975
1.27912217714505
2.69153148757175
2.29955801578343
1.13192306373916
1.36697816786523
1.02620607194009
0.582710450294356
0.71576036202206
1.97106596229372
2.54749014037275
1.90679875182614
1.86737087265404
0.79780225104599
1.25504637329243
0.901469920100112
0.334595847174752
0.634601543308626
1.57377262809312
1.14866429446607
0.698221545558354
1.313451467051
1.82594175492736
1.4952375052638
1.1382643219619
0.558668241014101
0.409207619829693
0.694648189018169
1.78144249975377
1.71318701027315
0.787435652440047
0.98735426697867
0.817313641931844
0.790743763826072
0.841699758752642
0.89155457777212
0.690787960403378
0.616438785482273
0.610097360239043
1.30513170498604
3.33619233600462
4.49188224976303
2.97702429638234
2.19831344478663
1.2113841518353
1.07429577300744
1.26928488388192
1.33404040946349
1.36107420304308
3.05398149641145
2.837585153727
1.58583469852304
1.54817459731302
2.01366566210923
2.15000941334785
2.10312540637238
4.23831151405599
3.980068957197
1.42125439701623
1.1125250969988
0.955116705438566
0.503071392648099
0.82863707896238
2.28607091680347
2.14781404368716
2.42815150105116
3.25956959177878
1.55156890871251
0.778869927008759
1.40795419385931
1.17032099804035
0.491977312368187
0.924488799160976
1.34798957988558
0.78063041323436
0.751612996298677
1.22021629606583
2.17709732123254
1.73229112591887
0.516464702701314
0.221880977735814
1.8113531127582
4.03722368073079
5.40886470053521
4.30638578249609
2.94557794785231
2.02085242484558
1.98643248948865
1.71846317788919
1.11531535890684
1.0876590483087
1.45475761172291
2.39125989531394
7.38993776121222
6.36348858416391
1.72212216625759
1.42972247309793
1.62315091330465
1.48940861567656
2.23856401554729
