0.260351262444805
0.209524093133848
0.124807345576607
0.168736949471037
0.214671438101426
0.206580816356642
0.380801829286101
0.880460282141361
0.765086117195609
0.507974024784747
0.61531974851186
0.574013114448381
0.771261752510032
0.354725406385684
0.243322449473431
0.267305750522271
0.505685421479187
0.208439028278876
0.105919800409811
0.259129391883724
0.437884699395556
1.40450551863588
1.64073948991928
0.749593592645602
0.242389955476586
0.150937795846778
0.178505282381025
0.138080146849385
0.123218423178848
0.24144663157222
0.11846214345479
0.178002363476543
0.425312560465762
0.600491801079781
0.823662485252361
0.611419797539491
0.451517354347492
0.415955351562995
0.408462232336149
0.180323040465021
0.337899446840131
0.465414039760449
0.50784848011034
0.455590115964119
0.400025474930967
0.528143716281174
0.604647020945152
0.357978995993553
0.303777209620602
0.979127618996006
0.943371351136452
0.259064041827471
0.692059703077138
0.779347617186563
0.282349238934626
0.335269737490235
0.300711045490534
0.240560574113084
0.133073622374914
0.119654804561763
0.224225372212653
0.181236637446405
0.147340479910148
0.179196857979042
0.116475730951658
0.356807586123515
0.258203100713676
0.154114228503153
0.0812359541582598
0.0825074806716094
0.206979270851572
0.206831394700753
0.112227553454113
0.133157198582557
0.138039380734129
0.154880547957466
0.465156909482532
0.312390925819718
0.0769765842665839
0.212440804408947
0.190508795723312
0.290315888007765
0.261085529015582
0.206755102407542
0.121224094278045
0.0955881640061704
0.11390324426226
0.31718360860446
0.287000945313324
0.082384934201716
0.27759997047927
0.215134731537547
0.201491961685988
0.219999846190896
0.177105921173862
0.357611762404204
0.466688013495832
0.281001543443723
0.236944899701714
0.135726712493192
0.123053963655748
0.198299819051252
0.390034647103623
0.534120130915221
0.254342349614093
0.186263639025307
0.140435288990874
0.225318393663214
0.935576587115469
2.18090065927173
1.71173514432409
0.379581081927108
0.40049028910333
0.394149148075428
0.267290386685514
0.114800308764592
0.206606992524445
0.27014476780797
0.187638401277923
0.217387335918066
0.549136931564658
1.78673497337985
2.16434856514917
1.17266401821263
0.302620569074142
0.132065086883903
0.485974529918156
1.03939759108287
0.430633155091006
2.55142003446223
2.48665274869731
0.52777562378031
0.278960361153836
0.700537910254314
0.871720894787932
0.179033410415607
0.140560299275726
0.182603431566793
0.175276107825528
0.249101596026977
0.34422345822094
0.595390306323411
0.769275980150209
0.168437904041151
0.113333204231126
0.199202514510074
0.336925316831142
0.353461192238194
0.301482064851546
0.217138003457133
0.294656529809814
0.794978012172697
0.485965376060886
0.304817628340729
0.340340815468137
0.406509712854243
0.194807963949835
0.569728936115549
0.62112125445397
1.49665440655216
3.37319539183916
1.11436783637386
0.539959799547404
0.203212638695137
0.100838317208975
0.0717646129017783
0.501247279418731
0.595820924126898
0.351815438173232
0.531055286897021
0.460451366609553
0.281589617896379
0.2909928719834
1.08681697646533
1.15054572527717
0.628321005034287
1.85779087342907
2.09266444709311
1.01549586950888
2.25408474727452
0.390856002002783
0.238329634303176
0.083547614791344
0.142002008492457
0.21270365240628
0.112029245285646
0.690809085093661
0.485357326860563
0.338729581171573
0.298226001369947
0.197071156304418
0.128815244794976
0.224871456841061
0.372316960237221
0.431127203875438
0.307448845052705
0.254680433028561
0.227224351153753
0.305151796163012
0.335803283244799
0.177493714577132
0.163316015675581
0.628020682502896
0.709833835835945
0.170764761183395
0.159370126416952
0.127888457833735
0.189349428937328
0.172017215034373
0.930012648793132
1.10542576602842
0.568116623139215
0.563446626108257
0.344774400660239
0.187922094139176
0.174718593177029
0.417322198813847
0.667527104424201
0.859496287933984
1.64886266706892
1.40015794972283
0.418937821234072
0.296565059481267
0.204356913912992
0.202844808822122
0.505137085962926
0.652032751043917
0.559513359685517
0.274217666783705
0.730718703096372
0.644141940531057
0.198061220926191
0.164631547125185
0.0832305483753016
0.646934711466559
1.45486889352821
1.05162245077841
0.325894940124858
0.223286094889884
0.424201509719851
0.670471479303892
0.329238532335521
0.160309344377893
0.212921694141838
0.171900601350915
0.172262975720935
0.119782239692931
0.227788536151083
0.176964779827747
0.316755810461013
0.247546777183806
0.249497545092468
0.328095818408089
0.153791823253648
0.113567949425616
0.178143710234555
0.143276562206332
0.0730123095516305
0.0658822297753458
0.0651972742153683
0.170543376996239
0.136271160011414
0.138924371223013
0.145426206366392
0.105448207284584
0.107217422591104
0.162481708696413
0.165372818059399
0.125447639920795
0.178951656247604
0.239934214874995
0.0421183316439019
0.219718254495985
0.19290127489815
0.624074944828603
0.69688019748055
0.122411402613442
0.429920337523336
0.611527169383598
0.173459505606735
0.230954801784168
0.38924696185318
0.19359683962175
0.100645574328867
0.930883130193095
0.496615050249078
0.0677173795062083
0.0718045302797217
0.107013330901062
0.0442492187012938
0.19261141936188
0.232495345743253
0.1887007958956
0.603192873858538
1.24956267266335
0.904438195178536
0.185521563250887
0.273390496062036
0.392785354620498
0.461649761856376
0.265639376866478
0.30238830648913
0.240564426735024
0.339115565861876
0.456249184461421
0.307094262360722
0.128988013440866
1.14272507651206
1.42549047534126
1.18914401424914
1.28274186037328
0.287396193862127
0.295711387659572
0.310119414768469
0.193760873327141
0.204075180189763
0.177289586784489
0.214478240099498
0.0637457111534984
0.202170240000928
0.395653584613489
0.58072497997938
0.190889126011246
0.187120727856392
0.195796858281323
0.222573621497769
0.64799212537348
0.807809262834266
0.350296872201072
0.296346173335818
0.261835603938547
1.45727772468921
1.37940434127637
2.03713512065063
2.26683824432491
1.85843791379423
0.592035342532404
0.293109161369838
0.260648239482241
0.143873748052285
0.12126608440958
0.0804612712085058
0.0769689833438544
0.178680400980353
0.215351736277939
0.1694924329127
0.114204833322345
0.0898993820886182
0.119042697978531
0.147020021675479
0.178233365900142
0.476720701709907
0.395276120368221
0.149492282050805
0.196942074431202
0.0808252087093487
0.113260622836127
0.155057845568528
0.15523040761769
0.0734690972837761
0.294218365605918
0.166775663439625
0.132713779683741
0.104019734874773
0.196531740768639
0.171509757004347
0.174227270904184
0.102096379495706
0.112171035166702
0.213904091664285
0.33900716249581
0.290966086507631
0.196269622498061
0.160755700393909
0.122982855716013
0.0604164716310357
0.0813134563580828
0.117784758986636
0.242194384972744
0.39423955902396
0.366558897517092
0.151016776214661
0.0857310438678102
0.350171007867909
0.253665591325309
0.161792966487654
0.229012357272118
0.402010366050465
0.421523852807862
0.609757264694313
0.199344810216246
0.244467936642758
0.181844446009393
1.0079837780642
2.07292375854211
0.125192844017111
0.0746478368677797
0.105686237662502
0.153015578635924
0.0814504597303029
0.110226043556483
0.0723683761672943
0.0349474371097296
0.0357359298870696
0.090088440551373
0.36289217941852
0.309357409062788
0.0911633837399867
0.0982235216424397
0.373227594199551
0.291593432685322
0.0727141063802733
0.0541927263768669
0.297661693893766
0.434878176380423
0.11427062456267
0.0851506369646827
0.0611040080203015
0.17829243246938
0.191905836518047
0.253800727678881
0.331935469340924
0.181006559066103
0.190805596944189
0.0780844084154053
0.0881780576435278
0.291404947271013
0.259249473535589
0.0791266166878233
0.0913057608443888
0.144988727777953
0.192452978874128
0.131492019434961
0.0772848510138674
0.310183243903235
0.277454656968648
0.125473024791508
0.0946269309395885
0.115842384662423
0.147754382741712
0.1340139643405
0.245437942068581
0.23996695728658
0.144402640156867
0.721822935449277
2.09207016905689
1.18524629761357
0.211981208684048
0.433186044934218
0.2440057573186
0.113442558851573
0.146895906958282
0.329810356591778
0.461517467451226
0.282495717984649
0.325356287854239
0.722766034122134
0.651006629300673
0.405182239008266
0.82759479696533
0.712257763325082
0.304907321376715
0.236863171303935
0.598318404518207
0.54021913726591
0.406233613795763
1.2504092650749
1.93741097113771
1.58287519164111
0.513348061474196
0.2176253891057
0.351996985726222
0.331746921050177
0.291706961545465
0.865848417384231
0.681331843311517
0.12532020934
0.131382340469954
0.0966985590281453
0.227139816480897
0.236072288119725
0.241821806238417
0.137847874699824
0.147329679205501
0.129183759681949
0.133135390240773
0.161225989626393
0.472483674694192
0.499196772174448
0.368520133130401
0.278553675520228
0.283133206433977
0.17372433246855
0.215446711084411
0.182937643205729
0.308850254340826
0.44580461319201
0.164203745166782
0.0374806357044729
0.228621327721921
0.473800207037941
0.377443775530608
0.379728112809257
0.342292178018787
0.184355588497505
0.113963267145594
0.131996283379903
0.19375463271874
0.260457264357948
0.116818784055412
0.144509596435758
0.201987110220511
0.10152161446791
0.105530829966545
0.178399805082181
0.451334248031069
0.750515739576134
0.559133991013003
0.113481337254396
0.145412681985081
0.185531322994561
0.211691802601314
0.296654973394413
0.231432968949945
0.237050464334585
0.135631383842762
0.147317510798652
0.225498786040292
0.166068047418493
0.0863217456674359
0.253845687512293
0.510006349963517
0.317471162527724
0.155776431896215
0.21621434491533
0.240241895192018
0.304477673059206
0.505436215805395
1.18664361627183
0.913689794642518
0.0978311012312048
0.14121401140722
0.22492656226505
0.358804692826428
0.324338477539581
0.301951706527482
0.296441061678111
0.184833317700688
0.206314994612129
0.227985076182971
0.291092239859011
0.341916186797594
0.467826759367101
0.438695865770248
0.38804153897006
0.307077714194745
0.304697884349528
0.463118380660168
0.247113130006308
0.0884397520521887
0.0654950402264231
0.436346096981243
0.513519097195866
0.259944899448832
0.255708836290943
0.279123180832337
0.246074019701946
0.345245533453633
0.195396121238013
0.193545185926793
0.178096987813901
0.122530967809669
0.21423977010848
0.179449136810799
0.175489187166338
0.320754344223757
0.231678076774748
0.1736249244988
0.153149355439167
0.151483885090399
0.123081258911709
0.125915415709586
0.193873711372386
0.324109848002741
0.0810151273058243
0.170444647959159
0.185565892913779
0.195344666401353
0.228086091688695
0.127308715035869
0.115611739492992
0.132728269570938
0.170106324509134
0.750770578785082
0.363100178870215
0.170989711184818
0.190468917487659
0.16169685285908
0.209019673436375
0.150965673380961
0.105961114270471
0.0878884249947371
0.129802849258201
0.285858727464158
0.633491738683177
0.249040415029807
0.304640200867817
0.342808271782835
0.105809938907677
0.111942887302826
0.165676424705272
0.0718766850492777
0.055273576104577
0.116435451303816
0.16260961269651
0.206782236910302
0.224216651666633
0.250568033099541
0.341299778524173
0.34624944755528
0.344946784722109
0.456719164617177
0.280540842453918
0.242390358899673
0.187105707158459
0.123182273537495
0.0918164909454293
0.134458610309605
0.284908078896375
0.194335226005605
0.115472992437542
0.276207333077469
0.203743957106256
0.380029962841181
0.338655494742417
0.129574701136194
0.297138131382843
0.30963676297776
0.26793797102322
0.204406356225374
0.171248640722791
0.164719412103274
0.0680025487737784
0.0932515907608451
0.12342827468247
0.178525491627686
0.299693529038419
0.315761493576278
0.287492779765294
0.140533256137026
0.421090121966857
0.228132401539881
0.100760119286582
0.292342930634967
0.188065650513071
0.0973130339872587
0.127698772737359
0.641677884601829
0.372547355745933
0.177002610205774
0.149732026051694
0.212637321326461
0.262660228732489
0.293748967058307
0.188449192343239
0.245354310076026
0.455644706199768
0.389198532665772
0.262674796684091
0.079426495839216
0.101614988100617
0.154206073010998
0.0883029375019407
0.0801780188596386
0.214973871903985
0.20848221101542
0.124420393397129
0.382991619307868
0.175524767775716
0.101653265456252
0.123940931640093
0.105876085490964
0.071848867667527
0.0970701065417892
0.106809214686874
0.110568858848328
0.13140052291572
0.152948944754195
0.147566993702295
0.365520564865272
0.416540175685979
0.24459957160713
0.527601243160899
0.834233293081465
1.08254692463784
0.907246629379352
0.329774934534639
0.315993590966493
0.154918983872555
0.215006548839481
0.331344095957911
0.616420601032209
0.697854502127623
0.27095372895794
0.251700333045202
0.236752377595089
0.363716683016733
0.643049879502768
0.75160761641701
0.369469250904555
1.00526886368222
0.743576336464727
0.503912299805523
0.636213371244295
0.488397681566749
0.316903101418238
0.117108671589132
0.288777583180475
1.20236767381474
2.16880337063798
1.82067585249614
0.188344756148035
0.194911914342015
0.200029021136897
0.304987488938356
0.274457485053526
0.233011752227323
0.503701844499059
0.876857854714174
1.4787651724989
0.809018571955755
0.195374681598178
0.116983878986346
0.223602987953074
0.636231470872007
0.614006613557709
0.0699673697077898
0.10590049376007
0.119370177901659
0.76680995887851
1.30560387048042
0.474223980650628
0.226496539625392
0.232636840729064
0.14779382013304
0.128424239352481
0.636886441041807
0.807327169649344
0.781521817124913
0.728040721740692
1.02764624367829
1.25951908499726
0.436791910525455
0.519141674784608
0.528194518266842
0.53744864780705
0.505487094931157
0.207300428577497
0.211634026036976
0.164902153182544
0.0678507956960535
0.303597293962937
0.235680048136111
0.40209648991452
0.407569127501597
0.246267813629141
0.939515369897949
1.40523692666913
0.390887381793486
0.188356977975445
0.18274954605671
0.0931927712016028
0.184357906315461
1.88827935312568
2.07639717956454
0.195000956916681
0.397436366823564
0.499552483065897
0.463240597409069
0.26342106500177
0.436812308379877
0.306568391750474
0.216709984139019
0.136547167917351
0.0755783850480231
0.415810262107087
0.665153829913004
0.402558075661575
0.22607221196882
0.176981179918854
0.185156959963457
0.357850691880394
0.214700579225358
0.376846652198211
0.559676737988267
0.31180898269443
0.339901991739578
0.273807468046385
0.180509915317142
0.187126319898403
0.107488265833532
0.0776801793537629
0.179200937527222
0.258077756210233
0.190546884934904
0.056245055185591
0.124298388294114
0.129284653823404
0.107656629240427
0.116921122035544
0.0472735253358104
0.113266866461685
0.100183376670283
0.249494327282657
0.564614900512688
0.359933571871766
0.147479498588364
0.220751188157907
0.182966986832082
0.422575625428601
0.557086685405807
0.18453986660543
0.237789948826919
0.226784991675478
0.195333312564244
0.129306222800368
0.0935389686092764
0.285536882196539
0.142262516227963
0.108629050284151
0.230107773740854
0.415287787550958
0.197724875756237
0.0996260560672336
0.112920979998347
0.212800057467817
0.409709201079474
0.356246970197429
0.169144841985401
0.490547558982873
0.689950553496839
0.627232438098562
0.406305379608686
0.24583073960427
0.222620038196791
0.825437516331251
0.706297072626421
0.333745049569246
0.210935186623324
0.248612704594509
0.477207630995598
0.722132405239225
0.760867714777282
0.443789206626662
0.145834505836199
0.12514050104371
0.097724432732257
0.114150652465497
0.0557125979280891
0.040238596683719
0.158375070133063
0.348651145621001
0.20612742875875
0.105383014474583
0.112882779419286
0.0713809483303627
0.0669076823904885
0.101774734092308
0.167730750604166
0.123763325077957
0.0987935673762813
0.194587146566697
0.367610191051526
0.422699394192976
0.253984295615932
0.184850680942017
0.212497876741366
0.135409564697332
0.0715835958896634
0.0787980380465651
0.109918685890037
0.107411395316092
0.11836986611378
0.240686072787912
0.419565438027105
0.197295185854929
0.0851921927371947
0.119825062496913
0.185111511491906
0.180503569700858
0.0990222354885413
0.102145450928162
0.148724269842341
0.216568592484132
0.196506658079001
0.162351505871437
0.138486645609761
0.206024271322752
0.153289097782579
0.219423528468435
0.368591274660103
0.175517438907912
0.0792492103203226
0.176141922805193
0.214992156643468
0.0980150952771082
0.358105555166517
0.469553199851568
0.213953998692303
0.201274358681243
0.196146577164268
0.115893760155953
0.0996804229807135
0.104710957443954
0.0345534215603414
0.0586473428625978
0.163267470336266
0.231184442600328
0.196519146771811
0.24286118119643
0.188752205868652
0.37865480378188
0.314158599926156
0.255515522947507
0.204854851371126
0.150705819776378
0.201448634471123
0.198276045649184
0.150922130731958
0.417001329112654
0.494423646611566
