0.0850109506320958
0.129834514690693
0.17105763484676
0.126789610916987
0.145398781243954
0.110754900748917
0.0742120613590329
0.0676894864644149
0.0545602696021274
0.0727889708711186
0.231032715360061
0.381450943266235
0.478113526000679
0.717991175462902
1.08901976589747
0.875068288285865
0.14472190329049
0.261661693546961
0.163400788192262
0.0618396318628813
0.111284058688034
0.0926445947465615
0.156239235940822
0.164638472562097
0.177427471053879
0.123298802754625
0.151182278693101
0.318536560290966
0.262169511596453
0.110113651273755
0.117636746051637
0.0890705598055892
0.0622837041611205
0.0643162633231064
0.10208949210987
0.0896324900255798
0.0845259142963344
0.0320098810793742
0.0655293221140721
0.172992134650877
0.30154180473258
0.143078111022729
0.0614062331636063
0.183494390698677
0.222423387154772
0.113846006526948
0.120182091485701
1.80132692609144
2.36518013343086
0.569260983457859
0.340442500851993
0.568889162981062
0.865264574824542
0.457253689719381
0.0684698387284116
0.427532723800998
0.435662053165725
0.0582512992494812
0.0362569657165241
0.0391224995412549
0.0641220039333146
0.0338152650549611
0.0496938523635477
0.0761576243993802
0.168865593070507
0.209572246279085
0.0805850362616707
0.260572882377556
0.406517817919781
0.18216772975736
0.066691330625433
0.189904168900319
0.122207954373095
0.0519030815464991
0.0525438298420858
0.0434657007100577
0.05022954644949
0.0234624740287902
0.0454449009702766
0.0757388230100273
0.0727251865496688
0.0383502852521093
0.0331579034225586
0.164841634101337
0.223997614464832
0.131934134539905
0.0880644070638247
0.132942480826953
0.195640536761438
0.069671692505854
0.0248884786755059
0.0861260087353208
0.127700615697358
0.108718559159451
0.0750697461603963
0.0616329643274047
0.067581858727543
0.0597859587777668
0.0462426754435309
0.0596712944268353
0.0658609420590749
0.0486819154968922
0.124989944255465
0.250553792776244
0.218210715379507
0.16392989123675
0.170410527797657
0.0423104122097455
0.0929706543161159
0.106787033449337
0.075045269526457
0.140230290057095
0.212031889980616
0.327766484394514
0.228302661857198
0.27088258442599
0.424526339511772
0.177148330858677
0.0688143973043627
0.123024278694411
0.203770705281085
0.141621113687897
0.0815873082749294
0.084914468785567
0.179058381883224
0.124543036534477
0.129991589076387
0.26488917526257
0.110954980391436
0.150538850723224
0.313256878451311
0.347696211318943
0.199142176556286
0.116771488134035
1.12152440902219
1.18906847170199
1.03940076020279
1.32024614565588
0.240831718681494
0.141106771793342
0.0658340618911012
0.146163550863018
0.0633070404034546
0.118482217397803
0.246002539344735
0.115013494615759
0.0675268746691988
0.136079723742937
0.101215547422093
0.0888684686342024
0.121880771461332
0.12412104467554
0.0582437943079208
0.0535300690767768
0.19249131296143
0.0904731702493701
0.0458668885405775
0.0411198743930795
0.0542716823825839
0.328095970384347
0.340844573400767
0.260105721623284
0.12943617930835
0.0383667410217499
0.0675950386674821
0.198427765262795
0.230917411762388
0.309980924375104
0.458985962013599
0.503292626738932
0.180270733779921
0.157725880617716
0.177938921432482
0.104111732626262
0.100010280509227
0.0991962868834567
0.191560077052086
0.116424648709861
0.140840892503221
0.0883803784873517
0.159256012716785
0.218895533762626
0.249800637401922
0.717781926819288
0.650736514742661
1.29293192158613
1.20153227398819
0.312155469481017
0.126923707160369
1.1458087965941
2.02630516215169
0.787485359940058
0.226526752824651
0.128598643922346
0.179394140155875
0.253336926252577
0.121528964795814
0.0471636628148502
0.0897366350873489
0.183981940880383
0.481531043795336
0.317819662141106
0.306404942426309
0.173597440374178
0.0536299125700602
0.0569090734629457
0.042572179388228
0.0421264945509597
0.0568439227148973
0.128497996561931
0.0596953799327984
0.030912818940066
0.0479360218641804
0.0866585155891443
0.155453847427138
0.301617570595609
0.225136846560285
0.0673840564981928
0.200596300783408
0.323775308295684
0.361843723375578
0.286096388206375
0.232337231280735
0.0317207024134214
0.0452699730159435
0.0575621653782569
0.0978663323394098
0.11089146589586
0.083122815472043
0.053036693294926
0.192342177553777
0.22643905600597
0.088343002199635
0.265745463153731
0.505182539597575
0.431584045216778
0.426084526663454
0.429696427894215
0.623911307596659
0.253828922404894
0.246424050145121
0.338129270052097
0.180787714004763
0.152349805764931
0.121601818366897
0.152708892916875
0.157681212380954
0.113731241018785
0.444602712886779
0.971086643816811
0.437548487840945
0.148251292514492
0.583706569688139
1.21826252782736
1.03703774373504
0.517209103600284
0.253712467965386
0.035333705262194
0.089324810158847
0.13885093963115
0.0822898304904225
0.190546237576785
0.414680800337857
0.305653186841347
0.155731989374976
0.0942765409819805
0.141078508295535
0.112254847476807
0.209826588133763
0.187619262044892
0.18714655519573
0.0973231193238554
0.101163959806248
0.123880824928219
0.047832320646121
0.0722719511414526
0.16090466877271
0.229631882650593
0.20721910023105
0.159974729913535
0.15988694050598
0.0500470598666958
0.0629346891907826
0.0577319803833989
0.0959758025264173
0.103425998891951
0.105715115069277
0.383351274287876
0.365874834358464
0.26095088270578
0.357377146989794
0.274204996754778
0.242732570734927
0.222161816782369
0.11275786780777
0.120757969662108
0.115308485089733
0.126029883737598
0.352138620555387
0.701258226113112
0.485360521638762
0.398692253451201
0.581132616282949
0.603499092588241
0.185327368995549
0.43853077668278
0.829324404387338
0.621629377912893
0.226607026817394
0.0819303205271565
0.0583431034930652
0.0851145663460705
0.06690217008104
0.0931795875027542
0.152375003077449
0.311997987436603
0.336169430748607
0.1888382191452
0.682287255679008
0.645357402879309
0.197588557040879
0.0701525208436344
0.076272308826461
0.0658023747389542
0.0886430183717545
0.111118195822305
0.253569435839054
0.290065018674739
0.178905644789379
0.146371031857945
0.504001808721961
0.565856325678686
0.290047658499048
0.379926840248318
0.383448075135871
0.151408887254135
0.0706483566752221
0.0574951094455064
0.0687911934163443
0.0919236849364253
0.102304124850497
0.0907977666095386
0.171718912123329
0.0942127500925578
0.0598261787230264
0.688987721238664
0.970197022709369
0.845318207608747
0.6122068595064
0.133561124023833
0.118550699204723
0.165593611658611
0.0960295156759708
0.698641520889532
1.08062638870895
0.521264147026547
0.398676604993482
0.677928118865272
0.778678814536036
0.190894368444871
0.13921713020356
0.138859790753325
0.146720732101729
0.314047063774342
0.240551678504595
0.389475679312305
0.394218124128667
0.354724134436543
0.178384700267669
0.119832567473092
0.129732921301394
0.884545397193017
1.20975238665218
0.498167169511147
0.113560982738753
0.137645211101102
0.0908505429751487
0.0606090032089997
0.0786560171224957
0.0999791711562104
0.232827524196777
0.26697557855758
0.215053364040997
0.263464097618432
0.197063270386078
0.157769676998317
0.868488840649125
0.962079995027628
0.634282097850367
0.685442011806914
0.177174704248569
0.22865495011039
0.271997544361748
0.569401437158622
1.13417762411844
0.299449093103903
0.296196033107897
0.217852663168722
0.395974982182166
0.303238222319808
0.0714131943143196
0.0618262279503611
0.113194616068249
0.177068521746744
0.141339988677691
0.340115769713834
0.315700485702269
0.165433945854372
0.907479041188751
0.626775489644258
0.64727121401948
0.449625500317185
0.150305361125164
0.252142847613678
0.308150362688633
0.627822845329843
0.963186857128802
0.676296221841274
1.4745926343995
2.09344901175583
0.824326545865262
0.398740487191445
0.175403294454296
1.01054042558815
1.95805121169574
2.80592505288212
0.156185227810696
0.159157960595172
0.477255787361864
0.676369583500634
0.350579697398889
0.377607122819451
0.159333510517579
0.112563414803233
0.0779963949297594
0.0887320016077453
0.0854523533770118
0.159957628685084
0.17866568270495
0.249904736267903
0.22958309165067
0.394948852037199
0.366058169170273
0.2306597345657
0.193853215630647
0.0944763038037738
0.258083755274757
0.250820774702408
0.17315597224525
0.427669141992919
0.346821315493716
0.201133315138964
0.233332745331776
0.236709109031949
0.0748921266175138
0.0364819572408601
0.20932559321808
0.193298328846024
0.0870010560885001
0.151428259762259
0.165869863976575
0.374607192921541
0.214030693596288
0.0431771629565446
0.11197350942781
0.301863511183345
0.369045753877746
0.344122384122677
0.447649637060478
0.405886073856668
0.303808048509861
0.157594970977636
0.297232847277347
0.212371902785086
0.0979655871451432
0.11324334979254
0.115701842124382
0.0891500858384968
0.616476039184955
2.02328805067704
2.87108090966428
1.24243017196454
0.602490347671338
0.56518368220167
0.531926897911991
0.611010571798956
0.253760810356663
0.215357911535181
0.0929603046408881
0.239063957397935
0.455147130722401
0.236094369121528
0.34404830354085
0.384754563700987
0.4361605226128
0.386798072260731
0.260817377052841
0.0986395319227746
0.11812664496008
0.235793316252079
0.31418231466212
0.33651144723683
0.194996713994149
0.168967154363514
0.147623855929021
0.185675269055493
0.199735594597987
0.179390938257128
0.217758118373482
0.188146386331317
0.15291593875094
0.148724543696624
0.737763323376243
0.581891452080571
0.438385026858037
0.623762452473416
0.757667331259714
0.728282807654284
0.295243905438421
0.0948681491771284
0.0883075411502239
0.197156966304657
1.12466131429814
0.763231413585786
0.23772325195816
0.177583322842829
2.20793427210295
3.81808983256394
0.294986713619087
0.25768626855445
0.578995175269407
0.616210342168152
0.159862780581161
0.0858746475306095
0.247531745579164
0.231005745874453
0.23097191358478
0.203986123170517
0.247358203242656
0.0962662060496973
0.0562304848569783
0.0393873536782964
0.0513019899028798
0.126711310614073
0.127460276691989
0.0547185249769781
0.0980462086048372
0.0925480108085125
0.256877914865682
0.348080743054403
0.202672500669048
0.310439356391456
0.482276187420048
0.256222187940833
0.207784142575207
0.0530636942864318
0.0667777031876142
0.0871261141070932
0.163514183861792
0.322320160503226
0.290783795963954
0.126764236933036
0.180880683880273
0.333799596017927
0.754330351012325
1.68901737220618
1.41258455018972
0.392398481755243
0.576588324681756
1.10082660686864
0.690750353391056
0.0926271654474142
0.0432235547609981
0.116048704409456
0.20406624864065
0.349628598908649
0.594270276998424
0.227295242104513
0.102784201328188
0.223099535775072
0.580912772028194
0.293771175657421
0.132190185341478
0.236546827867788
0.397072419504761
0.18248692603155
0.16487705876673
0.380449295953452
0.330583803403978
0.165544853697719
0.412558244631593
0.064536092131431
0.240232344151531
0.377364518252158
1.01482720535294
0.594322752893886
0.098293856548159
0.110970272964275
0.267848155566885
0.318446185198018
0.279391516360925
0.478768518378016
0.317437718617851
0.319831675200181
0.931929355741476
1.21330014973479
0.273885743466281
0.552744870091254
0.909537990189498
0.646377774811723
0.356965812216313
0.288770205575191
0.21801584293652
0.2121453318295
0.252507148684249
0.116970387988033
0.0998338003296778
0.23204527110616
0.382301861033124
1.56809360630965
2.43240002608029
1.54729458400348
0.996062871157155
0.407982306861005
0.663091750247466
1.04454061913732
1.13831777151761
0.551019508387947
0.0894455350817215
0.201276147986597
0.203725813678494
0.769051331463709
0.908795960892301
0.414960224684377
0.234718388547686
0.160363386194701
0.353922477431448
0.41273127514432
0.108064650676725
0.191588317270063
0.616483761186777
0.994614084007724
0.467198787965006
0.113667350747407
0.113911867285291
0.234383689177098
0.109945789574609
0.179069532481373
0.335103942546238
0.190256303369564
0.139304580074045
0.234851552226922
0.828705525743692
0.528167386927764
0.237696776352279
0.310847168468584
0.257564298611597
0.847707657936798
1.22218104233633
0.73308654275232
0.375737477357343
1.81741350727537
1.72061273816096
1.45732515414808
1.1089863033298
2.41980872181315
1.56859255377633
0.5740722647638
0.215182881484675
0.118357152353036
0.093894379483125
0.0904252363995131
0.59219147761429
0.824160728780001
0.869296017475229
1.34592586279929
0.723173987831262
0.2053161124378
0.209667547337145
0.118521430093622
0.0927221619909547
0.12337838490397
0.159185636860751
0.120312216022296
0.125283670376425
0.0763634074207514
0.173612533324838
0.216242935403493
0.136164276992323
0.311665385991517
0.426945736445043
0.313165565347455
0.222802481355246
0.642079034553195
0.555928824469363
0.191004511748297
0.109992505605042
0.156162474415931
0.212637505482574
0.23689929814084
0.589425770737711
0.347572608526821
0.146572860919101
0.130445714529199
0.0562825755587264
0.0820573799587864
0.231930055535932
0.309480903352119
0.118231338660777
0.221593006363719
0.563135349863411
0.881285964487478
0.28529718675714
0.201969250763403
0.231363221229759
1.76512856382793
1.74166339211917
0.990762938554734
0.429676375465466
0.791900615167957
0.771017695745602
0.374318668759742
0.312489661883512
0.401948250555929
0.225461603822666
0.278393290587145
0.59054398347008
0.765541725907399
0.829426887292869
0.45703841959316
0.185078691462207
0.130834205435625
0.09903617243519
0.131371666992416
0.210265995411661
0.145286674223206
0.0830083011818479
0.0703425549821763
0.118388695806174
0.269834123486395
0.605304824862234
0.340799351429632
0.455959565017018
0.260046885912113
0.126779990952141
0.172302787369545
0.134944165018732
0.295410298959608
0.40381018973715
0.141246686382567
0.14674818648025
0.0981526814366083
0.223054437028973
0.420015002499365
0.163052307101943
0.0628523919204612
0.114188492125856
0.20365661195209
0.300273301976474
0.186797102279096
0.12293039699118
0.152867284564481
0.189275923677016
0.197410607351673
0.114018307292841
0.104537538947734
0.153639094736652
0.602347349662449
1.10281522328855
0.555601361124317
0.385761628641575
0.519077489742912
0.472240428459459
1.09194175580123
1.11767265175854
0.451099158559076
0.36066731754049
0.17881814411921
0.0704167551860962
0.121234976285896
0.216784964743258
0.290206295848917
0.190743810327968
0.128995569208744
0.0601390328729903
0.107610690812261
0.132525014542755
0.453242048942583
0.660427133895748
0.156690788461072
0.241207146395238
0.276719028397929
0.172144820417511
0.198357191703821
0.424785697048712
0.345301350983479
0.150436247764136
0.0672325563972276
0.158673062260933
0.129185117792122
0.099587228955585
0.130759070916728
0.120762814723326
0.152696994388757
0.307177428837469
0.196833835292775
0.176640517040698
0.339393041492452
0.482596905460337
0.379305896928184
0.47954059515726
0.18559773285883
0.156900056207195
0.269124202455587
0.343199485200049
0.27015592683927
0.247944469330428
0.571802294508542
0.448736954604691
0.144774965492737
0.1394308044766
0.218076811951354
1.00819585498978
0.547424392242236
0.245623177065513
0.541450675126307
0.618738363282354
0.61797375087048
0.618920022397854
0.287935464791095
1.11380187806792
1.84373984118397
1.15104495057208
0.387862465341811
0.20174682494991
0.209822890439881
0.366210567070876
0.843962971091871
0.902521626484648
0.79647462956856
0.405383330714069
0.631396822666504
0.740945989402157
2.84009088781464
1.47037355479288
0.346076187046866
0.75538173813152
0.526823236033501
0.304235008763739
0.206580154882667
0.309987245751689
0.216970371154053
0.127626612743845
0.223384922623016
0.394318957111797
0.860355829033828
0.251426589567155
0.288692085828135
0.376485328116241
0.274652476103288
0.209506435482322
0.217480826380325
0.0589852924158523
0.0281727474631358
0.199375116660521
1.03038953953252
0.450648760841722
0.426006673735865
0.443808369764855
0.367436938951819
0.0864946605699309
0.102744832966225
0.180742128752138
0.346235298334731
0.476381738266241
0.615157458375704
0.696304940790632
0.473084854812227
0.235792378752357
0.265828983699666
0.486575257367225
0.620344636158329
0.304187992790769
0.31915059738998
0.537833560266904
1.08874366963847
2.70461995288855
0.582529824901214
0.394299161211426
0.429118639270337
0.227109339879896
0.104625176845749
0.552663063830782
2.96839340870697
3.25429331442838
0.394213462020617
0.0728854281370109
0.233627085558999
0.570430461131296
0.858230892756675
0.621790943227283
0.0848885950880038
3.10128833291224
8.86542483630417
2.00328022223225
1.05010080461039
0.873140627306906
1.16081815161519
0.520465849657164
0.0650886367980969
0.118391140758818
0.111682377473751
0.665036086718259
0.707394082746319
0.507195667636665
0.724490899504834
0.46251415461571
0.302403317388674
0.193538824814189
0.109532052653253
0.393549211056321
0.442020717017366
0.267877659144391
0.25052645803413
0.251259313736238
0.133644979238854
0.17030613292383
0.213827040788697
0.191209553078828
0.239773783952756
0.137811887434947
0.0789394987712375
0.483007146359172
0.799948537569318
0.139636860721115
0.177136255393749
0.13128515944229
0.131768437987379
0.1958496676115
0.206500352152703
0.285329417998194
0.29950922285923
0.318726977838367
0.39614399100976
0.0447546550712718
0.178838639688485
0.223808179928204
0.159741040769009
0.302688464382323
0.466305048547665
0.647225278691411
0.459689285878385
0.216308507158022
0.558474972773004
0.600395715388902
0.607264105801671
0.512458970329405
0.551089831026001
0.208228892741241
0.0606475761047659
0.0912629661068927
0.279189683697392
0.384977965870977
0.399145830381311
1.70418004212138
0.642114541973865
0.259373368402518
0.556175250222186
1.12803883298479
0.485033897599629
0.0752650423597734
0.271736810335339
0.433506487265927
1.84511687558379
1.76866510729912
0.463012724813978
0.551322407166612
1.90457810286834
2.13740007199779
0.545583986821755
0.462946272138776
0.402163459659049
0.392824822183568
0.315915659894887
0.163411592753804
1.22772076276195
1.43131952095487
0.469543816352047
0.114653100323401
0.109306166921513
0.368322849329227
0.431404605173819
0.124561828809217
0.126541922391331
0.247512075731271
0.232550940610614
0.133534740604672
0.126312154513358
0.169837517972521
0.323558839012055
0.136286950324711
0.0461320795681606
0.0872741922364623
0.201411989107652
0.247990766913385
0.0795985591455479
0.0498707970386519
0.177714469818709
0.169402432132675
0.113744100827615
0.121597044334186
0.0654322905891038
0.190583500804536
0.435991185335594
0.296213559240762
0.489040995442869
0.449698713020783
0.197519292754096
0.202505573715765
0.576937296446118
1.16936388318005
1.14134560038271
0.623281057324277
2.09636869353766
2.3862108228387
0.401053450467634
0.528966885432047
0.766733519538796
3.37332690295885
0.954348570998023
0.255312337074141
0.736728223422601
0.858803583714841
0.318003280000525
0.268998493386993
0.130601218428497
0.34570668774231
0.342232969021265
0.230599761752972
0.171608842542167
0.0714035642834813
0.21630769184294
0.36008985825047
0.426359041297374
0.274795771009109
0.107657051830952
0.139854307208792
0.151964561230861
0.0377402125386467
0.0652781175852725
0.0704697303906926
0.146953132848495
0.15118684062584
0.0845608278351654
0.134036662354137
0.708647522133819
1.08002233714605
0.49411663609515
0.661113669240358
0.823763064849409
0.497196146853101
0.248094836330559
0.0534769531783156
0.04779488756165
0.176765189996234
0.173157640717029
0.066437818423768
0.151020675284796
0.178244479943028
0.152045680252174
0.106991390570306
0.149189555258065
0.0859658650507096
0.0968013361991761
0.254626126074301
0.520696814865984
0.687898075989176
0.49473672515268
0.417642947213241
0.308586501821403
0.350824989787491
0.372884907798736
0.102813435860971
0.0967812280712069
0.110542798267957
0.12902737501307
0.077326251158203
0.0713373030526502
0.154792148001914
0.259168388564893
0.301217663011085
0.160940392019604
0.172594878048449
0.31797580138948
0.381788799447333
0.0406064486999635
0.0700258338953981
0.185733221233717
0.13289782944055
0.0539361382371867
0.105810066260968
0.11192264639056
0.232314835385571
0.183158933800656
0.360136711248164
0.957912997853811
0.219562841617761
0.761804948806839
1.30876643155376
0.623556837706785
0.296945941839436
0.310738531369038
0.263928190721424
1.09065726242786
0.686612302948245
0.175930810584808
0.140587180269721
0.162074159418751
0.154644498750924
0.164571006321085
0.253730451439444
0.130506665310915
0.321530855022044
0.291139983709234
0.106280762497287
0.0704398267678187
0.375766168185632
0.384219158143852
0.14565211987264
0.130411187922597
0.108173806467762
0.0689530831084267
0.253538275278047
0.383324364827642
0.695464432222641
0.714907156696289
0.544204579316888
0.524237146822852
0.428290410935172
0.77025479655646
0.576521490799984
0.357932346108496
0.681652844400083
0.64059684609134
0.412465547718718
0.552172843969573
0.881612825965018
0.187884219052605
0.0749193955472598
0.147954554628814
0.202018889225715
0.319255186762531
0.157886673250971
0.237214321104954
0.114911579496477
0.376194932770987
0.625723942788214
0.326465263162665
0.305261313522879
0.523913383073182
0.163272761401523
0.0655734097994553
0.152031854564384
0.190920939169044
0.4638488504133
1.00095848293629
3.21327421177416
4.75997624411542
2.33657015584145
3.0379372710755
7.72234737391464
6.50086707205218
2.91646443578735
0.553376102250778
0.15923933714323
0.419787981186735
1.00449983090954
0.95819623486545
2.48223841340987
1.47119860951485
0.27862387046631
0.570414982868536
0.309156434838825
0.0985880021059307
0.0441267989412519
0.0999824370706352
0.281091692866313
0.409455860379572
0.126125582952464
0.459831079772232
0.635049710685834
0.854894119847489
0.398538085943911
0.127462405992759
0.169306496503197
0.536804783569441
0.864199862622156
0.512437523655925
0.240906226319892
0.197519223166759
0.126263889062873
0.21482047094537
0.219679738776974
0.618518555867248
0.530368404402495
0.416932556643603
0.737958223283015
0.546736740713134
0.836691408711483
1.33140474298898
0.877331937893439
0.623678316857779
0.433216729883288
0.657026480457365
0.630865344187101
0.574157246420591
0.390023538431659
0.391268046010132
4.30678953515606
7.43781493807735
1.54956985233504
0.151322078107077
1.19694129368751
1.86504846671422
1.0291081492832
0.476603410987252
0.274988693167764
0.663759490532898
1.09326204372052
0.554710414197804
0.356137738667626
0.249000694399281
0.194158705880006
0.237987075231314
0.256704451652142
0.228764802469572
0.10202349808836
0.145537166883373
0.124444009966599
0.104143838958327
0.387549241777956
1.21649948634485
0.55091023171912
0.673960483504138
0.907302601069152
0.243765845193876
0.105099285388936
0.0997808052184275
0.188533845492833
0.388565789388276
0.179166538103023
0.120712460994368
0.158920333381189
0.428953507660609
1.00952159870336
0.244736844726108
0.364298881725073
0.519630201747159
0.767365893201453
0.214586553660391
0.153686853321988
0.598969955400622
0.571781745562067
0.3074788797691
0.339358431576688
0.511613308477456
0.424639730817503
1.04159048703903
1.10470229049384
0.180871476720157
0.1623606009807
0.268039169763082
0.445594909238947
0.745218529169503
0.502130888680373
0.273189583919517
0.276405737300527
0.394017786289554
0.859443330329414
0.99732029381511
0.570962499407089
0.229498106780115
1.00814922884594
1.08954303392519
0.401323683123809
0.245406570080228
0.124387328083641
0.210164616308054
0.35956566271887
1.41422806427887
1.85319595912685
0.293249834110283
0.249940377671373
0.432137614782575
0.457276604903961
0.311648832925814
0.145206659224171
0.309134873171493
0.996982931834915
1.49112622205328
0.541605090892167
0.893751228224358
0.555787518237489
0.144236829405467
0.0632779776266909
0.125118545552156
0.0827567428297021
0.117899220684837
0.221957623520383
0.224798533596007
0.204199921125686
0.184839390079648
0.396717403266718
0.445045288857474
0.21848335926984
0.238946860919707
0.817171637870034
1.36319341048631
0.739520100079655
1.44687092840219
1.21537074708038
0.199251247355282
0.232493767235768
0.340104794430528
0.37509523648823
0.0537584120893433
0.111471653709721
0.164852583241395
0.653301071079999
1.15397681244337
0.451149702312694
0.159668373791653
0.187592666526162
2.07234935985766
1.3190769097149
0.296485644684477
0.701266976337287
0.657574957611437
0.263202714282163
0.198123255675678
0.0792231487636163
0.181067459918609
0.197750605666571
0.25740034124854
0.431933355313288
0.289875883374224
0.531169498091557
0.373220533936486
0.429338088628133
0.532453872047817
0.380960659521478
