0.331934355844977
0.252939963113671
0.401752105365619
0.230738234863569
0.291681023734847
0.604058448228226
0.804947807090681
0.388772311407561
0.504341050178846
0.239512883739475
0.101955595870835
0.0615431489682169
0.359772978555545
0.48368706779825
0.289261367099814
0.170214519064437
0.240973888471716
0.23441046807341
0.303011924908468
0.465563559861553
0.209527287059354
0.216250267236402
0.512723076892262
0.488994000916639
0.140852677109486
0.203943252908308
0.126280314497316
0.307658664717667
0.366801460711583
0.603555229264915
0.434556875006681
0.721960480739116
0.552932322968754
0.531412045370804
0.14899358130377
0.219245017555698
0.28972623844516
0.230966005147647
0.176730204988075
0.368076826968941
0.166701638338558
0.149304663034268
0.66656367762239
0.755662160260669
0.120290549888438
0.117820601679283
0.349526144450185
0.838976810199879
1.01171625389646
0.579285204479938
0.685206548113883
0.515628011634121
0.264571212821047
0.857691155281202
0.766590553214759
0.272464919679686
0.122715466227873
0.135855720047026
0.231751494740191
0.411424885330518
0.412942395950943
0.212578722939122
0.21800952889114
0.369278594984665
0.399887435365486
0.265073331787463
0.264356329143086
0.229718886390752
0.353953449996105
0.519944131492286
1.02834460056707
2.32907021111098
0.576924680431676
0.625132568728365
0.524993261385137
0.50153518138631
0.518741809498955
0.26191111311418
0.240318549030865
0.560704943019195
1.59049440571005
1.50441081520432
0.397497583860509
0.213643371867056
0.318562115178442
0.274890945881628
0.220314796719756
0.385198695446826
0.208685491829139
0.426393117838277
0.483619962933163
0.0860693305486116
0.300917657499862
0.336965172073439
0.0835180387381431
0.34757341354321
0.256330082288758
0.12134496400842
0.132164691293327
0.302553056243724
2.40688158296215
2.15204703698016
2.08207814053143
1.64746644602786
0.143146062773688
0.0762272934866421
0.58005009230086
1.75077440669749
0.581697975233026
0.156212335107232
0.0673013489550949
0.406733937255477
0.743818188526434
0.329922740464637
0.524289814694231
0.133179601751641
0.649675027436371
0.763340372801835
0.545345057809692
0.723213340440061
0.483788954350857
0.240194796689271
0.419462622835861
0.597093371214941
0.668593288522807
0.581690898137783
0.373291329181985
0.187069355886157
0.912511227664466
0.973050819582504
0.293790820221433
0.513897760498486
0.525875152718299
0.402913205351253
0.451696364661804
0.505700790991885
0.324091065222563
0.164784866148806
0.185863598251685
0.422015668030266
0.434838027106547
0.167470354883167
0.20314689231947
0.408356050654453
0.26544135651388
0.298960819233042
0.47180610731533
0.559694939593351
1.11272562773709
1.59027076705897
1.31100852369162
1.17023101225747
0.593517689543853
0.34469149428337
1.2442881222185
1.45355176899463
0.393840633884664
0.0993925472523105
0.062709208193848
0.0939824811301389
0.0791929630421852
0.0977584293771825
0.150283632694962
0.140363034571534
0.0441181853684704
0.0799229274500447
0.0849986028917903
0.143593374546607
0.441489322150855
0.181645995460269
0.0996351248111522
0.136275644606687
0.43466060648228
0.756437479829296
0.874250039463542
0.304574526338062
0.110974474905058
0.118884095689641
0.227567269447448
0.375080827420618
0.187308746244786
0.360056252302496
0.408603277064145
0.283468452521167
0.777992901507457
0.360922432856331
0.143577977940624
0.281014197991995
0.191166275736876
0.216566244826512
0.43357203216835
0.130535535952759
0.135514929035158
0.191593072485194
0.118763113576469
0.116208429519531
0.187416788490097
0.230052238977588
0.392035769297452
0.396660578628362
0.119558098057424
0.556255873001656
0.65967865535018
0.182250084835191
0.199098119427928
0.168191501491675
0.286867764739275
0.172173313872378
0.145080470015855
0.363641264046831
0.997407549951742
0.678797240865619
0.147478447233921
0.145439643583042
0.0881744669683354
0.17472085780378
0.235280311779623
0.17655568729729
0.138824430839183
0.0917732234405354
0.0607887111580273
0.141104788308937
0.299887760084612
0.182379890614405
0.20266704423914
0.148745126665011
0.234104886929195
0.295573285570043
0.420812248664826
0.378949454001999
0.257947968260933
0.122784390903827
0.172620342541794
0.14205848852356
0.700809753331357
0.389520863079272
0.1526547164437
0.291286604842703
0.292582853662813
0.150929446013673
0.132377810898419
0.321681749486472
0.181483864305327
0.42016213840549
0.577481895502572
0.364599342789977
0.191586504951399
0.128648970085984
0.27698236263712
0.270669692534283
0.19926094207453
0.14631394733594
0.144848656519278
0.246267155473845
0.266007593486351
0.3198631762272
0.296535956858453
0.37626158703711
0.540883412039417
0.571883213139592
0.76935704627412
0.597213586615124
1.31162925052399
1.08886400814859
0.754415524852127
0.472712117053456
1.9220952325329
1.35594471153017
0.127058658060204
0.333956643832886
0.145388145243509
