0.0678160861440754
0.0483432919681581
0.0417514351283577
0.0681336979566219
0.0607214804525667
0.0399999238962924
0.0741637059979103
0.138060572128666
0.1398759397906
0.0776632494480502
0.0626961564304713
0.0478664275487119
0.0254105221396956
0.0483685084379833
0.243944924713306
0.223824096665435
0.033273527031873
0.0176954621344856
0.0416575319329756
0.0324132548499971
0.0856249240026152
0.114370804315213
0.182050610248963
0.100463592281801
0.118945500336215
0.126297497696933
0.0703331946425614
0.0637234211617297
0.0533289862205173
0.0512858823872438
0.0523712726043379
0.0509616247619683
0.87069783896551
0.755331249443953
0.0712277406717612
0.12058876679864
0.073367807408216
0.044519356329537
0.0144783490471504
0.0102975438505441
0.0380468207954268
0.144179862980657
0.129753567355765
0.136021688745348
0.0782710463881615
0.0377162998992207
0.0463119511280902
0.0564561758614409
0.0852243955740355
0.0511969365584184
0.0541888236587217
0.0398716698934371
0.0546166021449178
0.0644375669606543
0.0636212859594471
0.0837589242256925
0.0942606593557133
0.0808215120712284
0.0977191816869789
0.0548622030447509
0.0658652276056963
0.114320478013495
0.115671355557052
0.044452773577943
0.0253947299261666
0.0147987035557514
0.0273079402373079
0.0616693114414253
0.0446217186246062
0.0300592283603276
0.0684727903005155
0.120491452964613
0.116360888436981
0.0620427772849771
0.10599734142885
0.0525369493172803
0.0489348048893742
0.0185457869311174
0.0332081871063948
0.0254221921124992
0.0160694799707866
0.0172520175817046
0.0127685412675569
0.0320727704911787
0.0254267077984371
0.0171503366707041
0.0425178574782829
0.0666111349735304
0.0354661209837148
0.0470893652361112
0.0519774038314848
0.127776535573353
0.164971406115758
0.042496591038045
0.04976852681968
0.0514445733524377
0.052879689084435
0.0346448508578359
0.0362224477244754
0.0455716919334294
0.070521855721648
0.058335196081759
0.0691414975573919
0.0383938822936194
0.0672950510907711
0.102342578693369
0.0485181481474737
0.0367495428458057
0.049541391025684
0.0734127042691834
0.0814562919705556
0.0666512711536423
0.102225450058175
0.079077449582016
0.0544506077890399
0.026736316235096
0.0180090670500374
0.06705451175552
0.0630846627846299
0.0843357104854771
0.128365349369246
0.0565498794754956
0.0475946515555105
0.0717517113906533
0.0588680143078367
0.0977040464036341
0.117397269459802
0.178389597055185
0.0717101036551947
0.0525114519725354
0.0521978298304614
0.150813665311871
0.18970073064698
0.121124733414893
0.0408984412285861
0.0646788447543684
0.0602349374650634
0.0332805045121326
0.0311697105113973
0.0462220118165462
0.0395381387311175
0.0422038116410621
0.0523118230436873
0.068228366479511
0.0454634367175888
0.0374261432194903
0.079893831981719
0.0841509504100681
0.137648552054287
0.122526312110849
0.0252635383608109
0.0846170651067349
0.0330555805405143
0.110297263702377
0.624150039765796
0.584605025854669
0.0400351093273379
0.0160764221135285
0.0561386604845265
0.0665132504763929
0.0524969694609675
0.0605281894654733
0.0377062482622952
0.0863737932857604
0.0897183600255364
0.0699760443771576
0.0379094344628718
0.0422639752453602
0.0308226810861102
0.0512101250731994
0.0314091194107587
0.0208113806428751
0.0208511379258539
0.0694034644078501
0.0755767371632142
0.0887327095770867
0.0840588468957117
0.0475365194186428
0.13474283701513
0.0772882520348121
0.0166356469888972
0.0812591061123954
0.128326771274543
0.078957462522971
0.0760296769961194
0.0373925088162803
0.0257863846640069
0.0240180159656353
0.0834105684223831
0.110532733308289
0.0746194991464257
0.0385657944689778
0.0517409829689289
0.0876535252700997
0.0717918420523525
0.106392349222733
0.045219414155942
0.0385253391514457
0.0406986286497916
0.08909371138622
0.137183454453054
0.192557997788314
0.216329482268978
0.0839058707065509
0.0704570927367814
0.0322981827755461
0.0763933764215233
0.0535865413927607
0.058133878964306
0.0453613447026935
0.0246729553629
0.0417537385346765
0.0990483317194245
0.066603880537825
0.042207396767195
0.123522998244125
0.0935324125642933
0.095306747604545
0.116044158166474
0.054302020237168
0.171086099285982
0.0941977488968443
0.0505329010701843
0.0361796350830559
0.0271820826330823
0.0515683985326796
0.0913933322210158
0.149673516017955
0.115936758859306
0.0639761330952495
0.062519329054144
0.0422439388338814
0.0570269033412695
0.0416847311577192
0.0465305991232686
0.0450832740109107
0.0427948871946723
0.0370703718412021
0.0378449323334156
0.00856206822546392
0.0669253650622867
0.283245341720013
1.25593735327978
0.207209597430893
0.0352417933352258
0.0518657372778607
0.0360983240136085
0.0684567068036408
0.0335204368806943
0.183110881192712
0.150820051308179
0.0530750194287691
0.0452389676708494
0.0407788026854359
0.0394549201767088
0.033065322609816
0.0417905033698544
0.131521356342385
0.250159723939921
0.0537620177837208
0.0621131234791062
0.0566824321624524
0.046002771282485
0.0572757741582335
0.0697139258609144
0.0784608495742812
0.0745781046974349
0.0553517918885843
0.0606588600212829
0.0704729684681601
0.0726417876702096
0.0692913380670895
0.0666518520717146
0.0289647541405568
0.0744302228875881
0.0560904931511111
0.0626723969161946
0.111797523685745
0.0707760837374462
0.118685456667738
0.0999020044011878
0.0506478246262168
0.016711856228728
0.0368127126621617
0.0791581945611283
0.0333084973435254
0.034101645787127
0.0670732161157806
0.0473182742606609
0.0483499824666218
0.0768616269025265
0.0275932594525767
0.0656534625055238
0.0620217684600528
0.0312159497457854
0.0227075699172844
0.0374460069449535
0.0855102769789028
0.192103169740347
0.130231358611904
0.0425275374820708
0.0742975903517362
0.0732700037631562
0.0427582364864727
0.0478710439894206
0.0517312346771738
0.0309238193258786
0.0277044298386275
0.0403575489989837
0.0517446035783976
0.0508403327280295
0.0349750023665549
0.0534140307044898
0.108554111890093
0.0561190405716601
0.038876227022877
0.0285661470654804
0.0486134000795156
0.0506382363161893
0.045694346439801
0.055533461511416
0.0791516922195841
0.0297152003831242
0.0760543137457716
0.0964077341015476
0.0663068387146196
0.0374793277790179
0.0381038129872103
0.0931292196784251
0.111513005204958
0.0736420356580026
0.0450645722520702
0.0930332489154645
0.0770474851254114
0.0597944736247081
0.0541098611784675
0.0458524194266057
0.0384473592287632
0.0396185664390783
0.0580351976590921
0.075472440559165
0.0497391228437217
0.0494494274964234
0.101917043781926
0.390597736306243
0.232027405191871
0.0294531115999302
0.0759771944205057
0.0705344612341265
0.708877792395941
0.293717755804919
0.0942419196821637
0.176734283937251
0.104016041338577
0.0814644943523856
0.0618999307485064
0.0253317518917949
0.0539022385518053
0.0623295170803466
0.038248815691949
0.262822022319082
0.158535631818766
0.120313162397268
0.0333258153442869
0.0318095888165086
0.045886319789615
0.0632358115272237
0.0674579599598302
0.0440174724049852
0.0244965984051105
0.0181002850434196
0.0361257953481607
0.0701952222712029
0.114619331532277
0.104526307049909
0.0778396163184585
0.0582546441807489
0.029074158285275
0.0324027057306352
0.0610140504692513
0.0268043172637311
0.0769992589079526
0.0689000676045797
0.0300127915096926
0.0633704650655861
0.0385125001567915
0.120071595340872
0.0363307018938545
0.0734750870609253
0.0662675934704971
0.036463466249903
0.0512680920818144
0.067755968132444
0.0439472296932197
0.0286768694740711
0.077614492372056
0.214574479730669
0.0684454205955017
0.0242596673583994
0.0495798784566091
0.135151703353407
0.100447929540071
0.0731727479951191
0.052917584612793
0.0249333198796993
0.123455948688676
0.12678959568676
0.0322646549856846
0.0286731569404467
0.0498321742595681
0.0529575538821665
0.0548051151225943
0.122768225294006
0.0313163309483507
0.0466593189951738
0.0873454319450865
0.160889283547944
0.112419705162977
0.0357307548363864
0.0927388265441668
0.227975518468921
0.0978688899909587
0.103950409916488
0.0337571963573605
0.0230262536648169
0.0298131271541517
0.0436882527770377
0.0587653866730201
0.0601903702131899
0.115484177739184
0.054696719770276
0.038008569385722
0.104439873305324
0.0447873550094105
0.0717831449485028
0.156350035882975
0.0267921669514172
0.0371550768456039
0.0458559834667627
0.0467217043009707
0.0486611790587444
0.0374383380538905
0.0325434863805979
0.0247818735942179
0.044653621902306
0.0605425882229554
0.0633896356016504
0.0628513571588922
0.0213356924299487
0.118273309272544
0.0970019170885437
0.0294849333025297
0.0634408690176163
0.0348677344702776
0.0581375997165189
0.0607185061088297
0.0708648765571387
0.0822768716216571
0.0531957644831819
0.0536236934450912
0.0557176865127066
0.0522375723936061
0.0399070092248546
0.0428767458538782
0.0297239092264997
0.039238418055967
0.134982494227156
0.124637791855535
0.261425447973999
0.188392481397782
0.273383375252805
0.294997405381521
0.642421347203326
0.289582346859204
0.542802609234371
0.131622953443684
0.123688658106506
0.0930500565650586
0.0612434517588674
0.0304730074861141
0.0357363676944424
0.0501242415877476
0.0948469255181082
0.0516018203178219
0.0367758956477528
0.0731612812195237
0.0788365435031047
0.591518227042271
0.684466425382652
0.0401813783564648
0.0285409230865381
0.0262512838504609
0.034308436853982
0.0468897809819865
0.0319983752805149
0.0374565706233443
0.0306623366296972
0.0174068661583636
0.0280431746767055
0.0735913257037391
0.0478692315942763
0.0615574720304463
0.0471806317308377
0.0173084640103335
0.0423995917673206
0.0557054146167651
0.0499080034702472
0.138586889694779
0.156418537461733
0.0679694624472382
0.0719159723300234
0.0450945907672484
0.0621302120327478
0.0709311900584682
0.0817169674876567
0.186012077199177
0.927600457744466
0.776943830662777
0.192202001662664
0.05501069064203
0.022981129822331
0.0326300936507851
0.0267959674682485
0.0373248051764488
0.0759443877062438
0.0820190947722634
0.0707517207336038
0.0839862829272508
0.112086866525959
0.142621152416406
0.1633677017703
0.0756367880605801
0.0566596500769195
0.032427942195601
0.0158916036024294
0.0841942449600285
0.293895446115399
0.544600326156797
0.803659726942796
0.368773005012284
0.107628589640008
0.053788971912692
0.0852389309601108
0.0626313609527203
0.0825402591527788
0.043566022264186
0.0857495972559429
0.0475687167706598
0.0541587634998435
0.0606124835706169
0.0650497395323439
0.0269340911955622
0.0240645531917035
0.0490669326598708
0.0548986811138581
0.0312735473455463
0.0786842970455797
0.0461746417104
0.0652204834941342
0.280743404021834
0.197682490705257
0.047938186163852
0.0436759080382735
0.0265175311819612
0.0434057159278952
0.0561163864575234
0.054813796587246
0.147290113881827
0.0665159315224075
0.0661044643044096
0.0647733542642122
0.0520952439005543
0.145286402698991
0.13100227066711
0.0346666690125145
0.0388328104766213
0.0773254199621484
0.0417362112014097
0.0438973048773338
0.0647179203242367
0.0707431104679381
0.0419399143243289
0.0266383893924661
0.072847733149045
0.803886595661468
1.59502872059878
0.138656934658691
0.0767914384710849
0.0525194211861519
0.0421792665897575
0.0571542750245519
0.0488378755198173
0.0384642003473492
0.0502642399586581
0.0520541531300411
0.0697302497312514
0.111463864540917
0.108116460053079
0.0645866446532962
0.055513650127634
0.0569814649070577
0.0305032141999007
0.0478638257238395
0.185471069734043
0.310394260188497
0.0317635469580291
0.0743092215694787
0.0845257114242558
0.0517727983831121
0.060590139528733
0.0520972829793241
0.02137412454898
0.0708214953447205
0.0597095576789231
0.0579527080718501
0.117738407528137
0.0922462757440891
0.489382039714323
0.624455137351262
0.219963976342173
0.144935917387746
0.0786333031126007
0.0345453851619643
0.0693329517761883
0.177553519214329
0.450499614368828
0.0662023497827362
0.0403106750289254
0.0233726415319021
0.0405195334467293
0.086750051266532
0.139106726589515
0.094535627656104
0.0539276785635843
0.0548594780452879
0.032550115464258
0.0411863971779021
0.0871148265483298
0.144029328305518
0.107329942001386
0.0437985162283161
0.0413622003528317
0.0387702264268196
0.0741171768278107
0.0386771036043649
0.038502240905094
0.039218264658031
0.0589094386379626
0.112834004320594
0.109010187493824
0.065707642836507
0.0759483196790289
0.11763425970563
0.0724644857797537
0.0532237876761193
0.0153393114668889
0.0716041320937694
0.0480618346649825
0.107359220819143
0.150369692470012
0.0424508859230771
