0.211316354513801
0.265475627752582
0.272657164688197
0.221491784987955
0.193297646149056
0.103819035567102
0.404002817110879
0.450018597789465
0.443888954321126
0.491126937261719
0.305774402951737
0.210835847601332
0.145876767506453
0.146889383055208
0.14012126095856
0.0763555399675869
0.0689880702185985
0.232782492991903
0.173384843900769
0.124359903183138
0.124753348428191
0.125200729113478
0.206500285969315
0.276074137216146
0.218959702618441
0.153323741597349
0.15839019017111
0.141616335826874
0.27077682627822
0.490112910981575
0.235875259363933
0.0728700709906732
0.138252468236971
0.233592100472218
0.293133001252317
0.136772432086517
0.267459015948069
0.475972998589787
0.396472081206432
0.127122464261858
0.28498231029709
0.438332180680766
0.272673686863439
0.193917196033432
0.326537251518613
0.289369865712365
0.105601840052494
0.302103781554151
0.336471802476183
0.381027339735878
0.327698305999108
0.0825109919715993
0.092943290660021
0.171113574777831
0.116298705325648
0.120764969949117
0.415228393265426
0.23986211385507
0.190694435332231
0.215718915832562
0.149008832872666
0.467797007641778
0.499390562237827
0.896864874485451
0.722238150722056
0.522753812766189
0.102800694141489
0.219241844998195
0.180850845608262
0.108375444903423
0.197825581621719
0.16050216881811
0.309821630096803
0.246662469968073
0.20122067833594
0.150430411711773
0.163605220847454
0.0797582720483364
0.158393512958067
0.145000333693396
0.0805174955551752
0.128659592625776
0.180182775025782
0.272770954351483
0.231064572429081
0.324033977047782
0.335189806143097
0.188002921275935
0.125733625928285
0.132128573628129
0.589686307944742
0.568486315892219
0.182709379572593
0.214126236231525
0.402428574569744
0.399080978001649
0.174349131223925
0.151326100270492
0.164882139741198
0.0830516927791306
0.141940870706239
0.229358465109748
0.123451296137906
0.188472461524517
0.17488537326854
0.39629605104968
0.360978855999299
0.328625661866598
0.244801899711033
0.130562720221232
0.259430504616038
0.240276477577787
0.470691198423736
0.239040465234824
0.136946760106422
0.0819996751008181
0.0960821652645751
0.0653759335808442
0.289648870259856
0.406098966264735
0.419055077368991
0.26304946919625
0.272338882672841
0.267656621336522
0.277880968555072
0.153937826220651
0.096137545317043
0.108241973322507
0.121874085350948
0.107503007216541
0.148196685218046
0.273358909038619
0.396405604678467
0.57750132818981
0.826568966510457
0.322209919383391
0.713559375322692
0.416675651174027
0.169001147013339
0.0675595301833248
0.173586040242681
0.165251130739733
0.164105921987911
0.18277680850697
0.130303173929599
0.136937588293651
0.122012171047547
0.130516088980429
0.14938460537557
0.179918432532496
0.328445915685003
0.166627384307911
0.256956744338361
0.26087817626209
0.269321358333648
0.30444877312537
0.233797479807863
0.28653457924314
0.194059073236322
0.151079541949057
0.112146497405268
0.121816713965976
0.0479658477437531
0.0732510944084495
0.0818422854744755
0.0846788448220971
0.128706345606018
0.482746117149124
0.29921124964192
0.268280611305594
0.170497659392978
0.263733597776531
0.224360311703669
0.129293980180311
0.130770088242293
0.25687808699624
0.134474393297039
0.15601299928958
0.118848425665886
0.0889695041380569
0.0913902764008268
0.137925848044498
0.627588637426115
0.667164881893951
0.761612130681184
0.501364663767786
0.598056370318856
0.506135490981538
1.04470563350575
0.638369744454432
0.145607651433303
0.297431614069213
0.291478594808749
0.0922140885013557
0.274441602734965
0.0611284176019914
0.0322729247986234
0.141818940698099
0.219665492439013
0.078537041986547
0.0833859101919281
0.104295574964225
0.179058728233112
0.0871458722336999
0.0607402115356739
0.0926429699357795
0.066923459282195
0.0900739149106391
0.372211481712072
0.530540968899226
0.226236548607141
0.121696480793839
0.0906880229866601
0.0381920433145244
0.0245974814606406
0.0203304486586498
0.022949570449176
0.0177028828751143
0.0379281180422203
0.0398208062292755
0.0417954322415159
0.0354709154063004
0.104308630461487
0.189211523893256
0.330735138585674
0.175122509194692
0.124686843360817
0.155083063465181
0.062219339131578
0.077937414160293
0.0581292231433233
0.0807402259463362
0.0522650503781337
0.0861351006881277
0.0996423796989359
0.0323726954379105
0.151918634500788
0.174326245160485
0.109151443312358
0.158508351100045
0.232969466122891
0.187265452381228
0.165527230520742
0.183373573685807
0.118987525767588
0.171531924397348
0.0768060502408479
0.0850685188430172
0.199380589897617
0.262692938081976
0.093857646875661
0.110831683420525
0.0889155237270505
0.311109445118486
0.293553949269997
0.208936736269966
0.430609001575222
0.617423556655466
0.46557172725199
0.092231786195393
0.108853923376296
0.103008042405196
0.0352028223480746
0.0556218716711194
0.228384046371072
0.230717602244928
0.331916851475221
0.139696531898092
0.139235155970083
0.288029443485755
0.294010346765903
0.246978386681924
0.157336046799307
0.0600795404233771
0.0214512073159118
0.0359065472413048
0.0278706710623297
0.131954384134911
0.225002260470625
0.200284468789385
0.229442104450965
0.320924033539855
0.343733417507861
0.0792058943408256
0.176572408494272
0.240591376893357
0.246587691294091
0.226576742405006
0.112634930363174
0.0934729401773782
0.126800903459299
0.357567300859603
0.440788572124837
0.222340404706301
0.156582384999515
0.619411345754391
0.803638728473552
0.494545881055652
0.245775924344936
0.209822227118467
0.168409806254869
0.117197273327088
0.12466059528012
0.345998395395887
0.346286824514499
0.0959171824083569
0.106379297208032
0.402940261719463
0.38082414766143
0.467897930098905
0.241345009296158
0.565871145096173
0.550618152015579
0.344837180369081
0.290900447516506
0.483559835538233
0.298359196123448
0.21406006515496
0.0368065676634886
0.0873485915956671
0.092206513186455
0.0407802055596715
0.0269192024635125
0.0842308065069664
0.123287322918083
0.207823857999646
0.199326351850437
0.0500068139266392
0.0849167905427985
0.0792633981185111
0.0731151012958678
0.10151526004917
0.135892809152782
0.0606706212835955
0.0291813294608713
0.0220455257659952
0.0758885794511282
0.0731608108165791
0.037805657004623
0.0377139877719537
0.131546708491928
0.16507325244346
0.367289279616385
0.319543392537448
0.177363216555026
0.0782208890005891
0.0702942023726489
0.0565401178993055
0.232471231982635
0.231671838494292
0.122540716205346
0.107592000114066
0.244536640689862
0.105892741889532
0.0564003377898363
0.131035543480304
0.182990221806732
0.059246141202477
0.0425819338411753
0.0583450053233015
0.0174800810745481
0.0198736095492747
0.0475616575914498
0.049421236852817
0.0240438413015002
0.0238054195130732
0.0346757588863467
0.0237582108417947
0.143167869291926
0.202198042863934
0.187395176981381
0.0382896674332956
0.129970398586499
0.101967888209567
0.4528840531371
1.4390670786052
1.10158484149789
1.13521388517767
0.199900276287589
0.234985824520372
0.0965418875905042
0.0789549916746241
0.0371742903213421
0.0206616452867555
0.0627937119148571
0.0081000462704839
0.0145456785163806
0.0235097527117031
0.0818780301157996
0.0644038228501065
0.0182790923967163
0.0176261763500359
0.017058893422907
0.0179260306136932
0.0163240320928114
0.0263418137000584
0.0194466134777678
0.0217190149450403
0.0508554475742086
0.203844419003567
0.109664321303715
0.159062026837522
0.149338485502906
0.0733257258465119
0.0236966968866505
0.0302258544808217
0.021926276178997
0.0617091344908356
0.0556759420630489
0.0160346636640448
0.0140770482392348
0.00901570394703565
0.00641917323688285
0.010096868414818
0.0226846722808392
0.0197995214735606
0.0349120478387511
0.0415046519059529
0.0245888744538521
0.019925446163109
0.0152384126317615
0.0242334656757
0.0203417744231951
0.0186152362740361
0.0304930434961447
0.0960693583734094
0.14733811118827
0.0445084703493876
0.0693228865074499
0.10516932185461
0.0267201846334771
0.126546882036983
0.239964568154275
0.164466338534854
0.113915981260989
0.152701922472147
0.0541188527490508
0.0159935689593142
0.0388604634343724
0.0432803265380088
0.0236906753031019
0.0187498637270083
0.0238765567048426
0.00618767961765166
0.0134022882674843
0.00847041498697262
0.0228941282739514
0.109850837492994
0.0745403001394329
0.0782367482677238
0.0505025047141999
0.0906855232844149
0.0149448814491815
0.0268344012676359
0.0539600718647871
0.0487311033662006
0.0551748942470543
0.0119574049324284
0.0231034751533743
0.0273888165907341
0.00983964002351195
0.0156455888318797
0.0291972772734026
0.0211203183110177
0.0114784667580175
0.0118285943911136
0.0810769438935801
0.0948940903274775
0.0258025410207414
0.0112120094261984
0.0846547548683777
0.027567630958082
0.00359589440439215
0.0580273067356689
0.10143865900455
0.0148115786253643
0.0148764010333684
0.0166462939524025
0.0123930185531698
0.011672136891452
0.0214875495956319
0.0916956888152307
0.0338448083890979
0.0123736245906632
0.00652310924536593
0.0163421153834564
0.0173363555624859
0.00751427147052191
0.00951650483582005
0.0232227348082407
0.0712640073095393
0.0207027237655965
0.0153975883520585
0.0476848703444559
0.019548926011364
0.0201037793914105
0.0216933611024063
0.0242538709309261
0.0293694249094321
0.252461144372054
0.30127880710384
0.0121694143897292
0.0416549395081679
0.0335739490606584
0.0123143971935495
0.0185974573952619
0.0159840971554295
0.0101622497789083
0.0139697749518734
0.0213431296805588
0.0167010039085526
0.0276701535691775
0.0809766966771215
0.090616996652181
0.0724028439404837
0.139942184851972
0.155479386042562
0.0341550870708331
0.00895912499427332
0.0144412935903401
0.0104416253574856
0.0196929907047772
0.0424903991161354
0.0816917632763436
0.0345026226137253
0.0427694039410995
0.0290700025585499
0.0199040635138102
0.0224287383331709
0.0145344098469778
0.0117129486400397
0.0133882496131778
0.0156090474131735
0.0219660252231231
0.0145511835028448
0.00938365403154944
0.0226331602148963
0.0518870370264913
0.0426789476194969
0.0241718949110303
0.0514699580958022
0.0202454092283293
0.00898236825932913
0.0176178488558967
0.019348608592624
0.0463093398645597
0.0312388697824841
0.0257997469221694
0.0375751725201952
0.0641460759642226
0.0921037528453202
0.108293227007652
0.0643784992729586
0.0288047121871799
0.0180306478499278
0.0151565763896708
0.0274870135126824
0.0657540215858823
0.0395080553646613
0.0364571584534506
0.0384164886944824
0.025089219907032
0.0431133060116612
0.0753120004244675
0.0332801580212762
0.0506715131109712
0.112849499972271
0.0615153829793578
0.0987526135905473
0.103879757357216
0.142876987286869
0.0939041899830009
0.0950948034212246
0.0926342223386146
0.124548325575736
0.0365507980880635
0.0528338615233036
0.0235938541016088
0.0727206502073277
0.0808697546234721
0.0140498896190125
0.011755068763509
0.0241141062383227
0.0213342731544446
0.0445093086934603
0.0239302983413034
0.0225213989659639
0.0214714732181584
0.171723342384184
0.0858000881927591
0.0514681072641333
0.209484261164187
0.140212745827716
0.0574967110763823
0.227039646880829
0.398979964491336
0.295706167013854
0.212568592615928
0.228110792358893
0.136109704148146
0.135214489301406
0.0378597739725303
0.0401500474463795
0.0486027601711976
0.0247334735557785
0.0133233275456601
0.0353969468549776
0.0434448081150699
0.072949295532195
0.0646030105644908
0.147483512477948
0.144804588995469
0.0754845619393277
0.0476882146627998
0.143842156640862
0.353908443923401
0.343212824726483
0.123706292552079
0.22093899338153
0.365709447438601
0.290535980848031
0.131685339586812
0.0326437389336893
0.0217695383253601
0.0348029732525045
0.0241584332128875
0.161207431523211
0.215301759211741
0.0244201092140233
0.193128438288606
0.152618040068378
0.100158549539555
0.27059339196478
0.280098595605353
0.116436645873562
0.0412880050043685
0.0256523771362072
0.00620089603862428
0.103312941351424
0.153294994736813
0.029607548799964
0.0230176699460904
0.0542204378208252
0.0157447050642596
0.028963696843238
0.0584348097432957
0.0303688331550922
0.0161424159059378
0.0244539042827529
0.387631451538819
0.426170978711834
0.142582762192686
0.0132375846608846
0.32251801848654
0.32267334817955
0.266875308155968
0.202374175660912
0.0621953596911886
0.0216142678146199
0.0736254526972147
0.0565650515159493
