0.393427503314859
0.564126575914053
0.910878743193809
0.760591966106737
0.524174703823081
0.747352948779844
0.942540017304008
0.63205964411571
0.820317406348854
0.993707159690641
0.744761211851266
0.387994449850548
0.689864061155358
1.41515940948946
1.28184301731655
0.739585524505755
1.5389369996212
1.78279887598207
0.543987704648676
0.303062979413481
0.350429044460528
0.365531991434341
0.586768819405117
1.06235256693134
1.38002843679242
0.411769633369682
0.466281386678605
0.31149407215461
0.753775237993546
0.514158767506437
0.31906327931001
1.10955667464682
1.4610637160836
0.767489656313809
0.267601073886584
0.368568480099142
0.524555560880727
0.647499429596442
0.678403217672482
0.583793421666902
0.556517598247015
0.441534716539064
1.58485977497771
1.78790628438285
0.368367792380062
0.285560855846561
0.832886032443619
1.78142447592497
0.589204412455966
0.484084103730189
0.404124346459042
0.415826717162471
0.569719749052093
1.54609185394303
1.29696875935378
1.06398213381477
1.02713737259211
0.407792288042244
0.361837147286992
0.986587658001045
0.972311420961165
0.344669319421516
0.41522442384458
0.363828871556396
0.690437377020274
0.701330858470237
0.325519576843122
0.204992888029828
0.630778733105759
0.800999163208583
1.10110982327997
3.56648738557943
2.38951194159178
0.454097543917217
1.23897120609992
1.96999078291029
1.34384350305573
0.375065554645446
0.311761267209074
1.23525785477604
3.46551383563924
2.85717440184284
0.292413118407348
0.513651631315232
1.42078522529884
1.19949925400297
0.886217691323967
0.943677673468102
0.328137317164471
0.612068900650393
0.593129541279823
0.456086302097755
1.76040286767291
1.60530112899838
0.418258617871099
0.695569298312608
0.729199817584003
0.3030326094254
0.238703716653767
0.763318946363934
2.57502122139832
1.70512564311582
2.15844634343581
2.12799394933001
0.827554902635507
0.638579022325978
0.951547122066644
1.64839562350619
1.26321210065585
1.07179251273947
0.688662924388058
1.07868370487862
5.84140405639478
4.90699797154842
0.368668978540151
0.31276929238014
1.10833065322333
1.45915605336925
0.697060537898506
0.448302876815925
0.434728598115895
0.477267265806098
0.35206028179705
0.381131488458394
0.334085352559854
1.46796119549441
2.43208787034633
1.23577130121332
1.29946958535935
2.25599390704726
1.261203550202
0.533940392019066
0.677621982549195
0.341464069883246
0.500530700315781
0.714002580795559
1.02928659253162
0.876242832882283
1.7998572952059
1.40017555869517
0.352498971011038
0.28238474780903
0.352814716678069
0.347293638979462
0.349426836611231
0.283725116341017
1.52637880720109
2.0571634910676
0.764255889804198
3.15334495741048
3.18056952629673
0.751705242962364
0.907312567275656
0.553356556047291
87.2566138429411
150.587657842846
70.8270833602367
5.9485358254739
1.70373566712383
0.807119144652286
0.461430790887489
0.313952217728825
0.640957419800727
0.488483535436864
0.4202224279323
0.703366338213008
0.667223910592646
0.415552997601432
0.272722997397769
0.291422993801679
0.31763763448723
0.550803369151277
0.756335761567711
1.03440284049127
1.52144099653862
0.677582378957175
0.570072758175128
0.472035118989354
0.254003514957196
0.386654115038195
0.462770803996307
0.553219103999844
0.585074887310926
1.28755524157046
1.65445448270355
1.21031647882072
0.502943680145713
2.59383314924271
2.51315191111601
0.343623795364661
1.10749203228607
1.22068439148407
1.15191681418519
1.07507275159519
0.847325394515039
0.635009763651666
0.918083806887269
0.766491183061294
0.577140567045388
0.799188806438265
0.80140238527161
0.436791603744946
0.782230405499874
0.518890572097966
0.331211230402822
0.532367475422524
1.3449936978682
0.876913238750539
0.494455847622523
0.540146516546815
2.14599230802874
2.01964049435485
0.524665307632107
0.481134404227604
0.420510570488036
0.352385827478958
0.350803898956666
0.895727492661182
0.566356005626213
0.391921506257928
0.198381672849
0.602617176863108
0.675510892498156
0.503917347457141
0.802913237299075
0.803641767345877
0.651313309185658
0.756196910445692
0.456584363313727
0.416126644931971
0.400710363208167
0.574998599156466
0.814393021345073
1.05208393914371
1.09142527870849
0.650572568209577
0.451069543766577
0.811176157360502
1.16082700487124
1.72470533067531
1.04315637526774
0.978338113403998
0.73536496440392
0.59454360162508
0.908883547868714
0.838953357629588
0.411099002275391
0.453687327214222
0.344216592975396
0.533125958253609
0.701311643484931
0.580967808455373
0.434154118178897
0.483124829128889
0.690227539765809
0.87010327954346
0.590606088427965
1.2839591804599
1.06596523928157
9.08191261510175
45.6975846436022
37.6862910435181
6.5101357535642
118.958537863081
111.554875769644
10.825960805192
48.4414117555593
24.1044839053823
26.9919988004822
40.098655095922
10.5981715760713
