0.0442845085137308
0.0501205378335862
0.396947036240169
0.499823307661209
0.334383265997085
0.395239156114888
0.291554162242851
0.605456655003953
0.553068966293216
0.330768369284562
0.313148877306522
0.198581084570525
0.119862903311164
0.0750045788241517
0.084839177507303
0.167980113297604
0.141305035521634
0.0868507467536111
0.0670284972477521
0.0554830455491997
0.204372097769351
0.202834534545086
0.0332663381921683
0.39830345140641
0.330442495822969
0.0575139867236017
0.095181265933555
0.220351718601968
0.405557042641621
0.211706231688065
0.0486578715916742
0.0297180488796064
0.113039809292276
0.12840536654103
0.0434974754169056
0.109319572727709
0.127798342220096
0.0676523370614343
0.0343543881991648
0.0460525457894782
0.0574578697015175
0.141849147145087
0.339103516661007
0.303653482436062
0.110683894767052
0.0419844276636608
0.220317358477776
0.238400873576613
0.140558341736634
0.0523939718916944
0.0246324643063609
0.104605085762171
0.459805427843264
0.232310902796887
0.0793622639152833
0.306500027011131
0.18148267107096
0.34435744148412
0.71069380251725
0.404269797560988
0.183124288479724
0.535163948017267
0.590430137237968
0.207890616193943
0.063121639545818
0.262773180646605
0.391826891456136
0.351601039548697
0.384957394989552
0.337861772104537
0.160913500599907
0.0632797103074611
0.0483354968393625
0.0453797546503891
0.0719860546912891
0.108710011518699
0.0156779356171588
0.0391005109701278
0.0496036234312018
0.0647755471298849
0.0681133310112145
0.0544691428687329
0.033384818475449
0.035635241999905
0.0512062258793204
0.0211659733097664
0.286882254619711
0.240893161897983
0.43073025676285
0.461938076364847
0.277936862052224
0.106629919861857
0.106658483562904
0.121423805693061
0.0404992226803721
0.112363681953121
0.131857924258865
0.0403410489123449
0.0244058531428485
0.0402048508551378
0.0257964402976125
0.0325035191920979
0.0215182162429875
0.050979290112673
0.0347089574861829
0.216292316273564
0.337201359104013
0.143501366272049
0.0414275730112338
0.0635178684597039
0.103783122416264
0.170173461991514
0.0449851269796852
0.0895126971878325
0.0907331868786224
0.0322535182464675
0.0177123744154016
0.308177738865242
0.334199699008938
0.0548429356149744
0.0839848813142564
0.0748781368564267
0.0536974781634223
0.209998874158752
0.522598669705377
0.556586681539535
1.16566100793429
1.45216478228735
1.08487253957327
0.809386930200338
0.631250452649855
0.576858232387937
1.05152477197156
0.702615244271427
0.368164048008883
0.280431371917754
0.0943008264219123
0.0708194012914414
0.128389183042551
0.232650243405394
0.219292963223062
0.159084587251055
0.13479469429385
0.0922263627856012
0.0824576027781106
0.379956469241884
0.325139231177195
0.518070260861829
0.632532096260802
0.778931127662744
0.312156636076913
0.474355323985359
0.378991556569653
0.611193533938753
0.765803792860478
0.256268744587772
0.301014514889539
0.430948576378427
0.646572812884237
0.46003703988993
0.1380420255043
0.0540495018902559
0.0380031028404506
0.0741438078742689
0.295255662334585
0.222816208738173
0.282517243551505
0.282513159634257
0.321194008865861
0.329580074168176
0.335483602822498
0.253198201539348
0.160557682656459
0.164175925964434
0.116526241425067
0.0437704641269475
0.217724634720165
0.36877199461974
0.187824012394582
0.110718333073877
0.368676649495418
0.415307266935274
0.338993534652472
0.616902812979013
0.982950387849699
1.11497276649967
0.488078944701126
0.652627355318229
0.534398285883136
0.261812672642638
0.632824532115813
1.04977001463961
0.450515589399539
0.284092871177724
0.333817306528817
1.00551029192651
0.427910236408413
0.0723232326347324
0.118812206431093
0.106610049982642
0.0675037248487646
0.057526375707999
0.0810921158743796
0.141430202743065
0.188979873204314
0.482579490275293
0.259036788367665
0.119759606122079
0.0624769411069749
0.15507698361932
0.12826974448151
0.0569916404878307
0.0864115206353998
0.103270439192555
0.0338350975607595
0.0670042471456098
0.0623125671353234
0.0262021032145487
0.141719960707625
0.16898653937859
0.113654598624923
0.145759769593535
0.0816782924299488
0.0655698806332494
0.0780421797544331
0.240625409573604
0.762606256930728
0.55633930686464
0.162026798169692
0.181639829719714
0.260779163041614
0.227737038936403
0.283668362862655
0.423343980130323
0.322476753550983
0.253819285419066
0.11826196389406
0.062337248667194
0.0613676171708138
0.145526379853854
0.148573186499011
0.0403844645393647
0.0389917585966979
0.134547865168221
0.33850502864054
0.332337356105497
0.229120712481339
0.220500600789579
0.119425963935739
0.0896934411735918
0.209673187346485
0.196750009146894
0.206292305928049
0.249187956082504
0.836828089707877
0.879197688158024
0.542814516807339
0.560529194911816
0.227390573570134
0.194598383414112
0.196749379565114
0.0550900754618477
0.0295283620423802
0.0768483061547678
0.122729269697461
0.0658047282449157
0.106448444058265
0.0803152873703947
0.434667539595285
0.270870964981771
0.765799193202219
0.151109892269542
0.0351283918609947
0.025601585194627
0.0165832107373192
0.0208531312371174
0.0986916520102437
0.153424513616966
0.0295283538208775
0.0702130384048725
0.0720715494676528
0.0582341596817991
0.0376069169329763
0.0516116610551657
0.0578497825019087
0.0544193751311192
0.0473220415446046
0.0493458246339341
0.0735841017776498
0.123539049994019
0.0778731294160435
0.0995708956258362
0.0686381871373534
0.114209951111384
0.147026746934129
0.0623377300848342
0.0453300072404306
0.046266701492944
0.0502620022997983
0.0382051721016857
0.0319852341885537
0.0384320636000552
0.0715558020972377
0.0845366637698103
0.0404643193483285
0.0404441918215856
0.0264552339624665
0.0302647673527923
0.113957863533005
0.163197984583712
0.198013104374585
0.11772172776756
0.173744426720295
0.175546519122966
0.161263928283142
0.166529114253727
0.116784338673691
0.0617854526707129
0.0304022342255584
0.0208393953820843
0.0327715606645399
0.0366870893614595
0.0734012813933533
0.111911730104619
0.0528854489099816
0.0296328364376844
0.036101080369465
0.0378732014604989
0.0723259619949102
0.0665574440645964
0.0763149496518328
0.109825355746722
0.0803073815168217
0.0815471922457547
0.066716526619314
0.0197957725183833
0.0191627244735472
0.0148801255800776
0.0210132277109823
0.0186409740719525
0.0217309165994512
0.0335717112617709
0.0449749028026558
0.0420739102215263
0.0251890514347696
0.0286271720783108
0.0571533159907444
0.0491175177829981
0.0768383269102316
0.092632714427653
0.0583213590166225
0.0364962467866036
0.0456341009821608
0.0537990041119222
0.0451658688118885
0.1197045366126
0.202721581549435
0.267845475820036
0.233375931755861
0.235043598241255
0.0476444552335464
0.027368913554522
0.040634862824774
0.0272199361435295
0.0259288731891076
0.0360330992183259
0.0457928590936271
0.0251823096465909
0.0350438578124779
0.063689678001835
0.053900857630147
0.033362433549721
0.0437832935430675
0.0214857872825847
0.030102427479708
0.0226571153882864
0.0617291734707206
0.0707538705446663
0.0216388485097325
0.0178790549563308
0.0196103298318649
0.018963140343139
0.0136543501143614
0.0274817682967382
0.0572181068890712
0.053678132238638
0.0222716640007365
0.124751614064259
0.120317817868699
0.0805882133022838
0.0755458387872609
0.0563907313175894
0.0798982688831637
0.0740839764132461
0.0381095335492382
0.0413830504497651
0.0517039078181603
0.0549283545436121
0.0738817595907783
0.0607137560136345
0.0247877319535929
0.0486523313085748
0.0764789304566725
0.0437914544784328
0.037679202413037
0.0319302743281631
0.0290723716803876
0.0415208940184757
0.02046972532241
0.0613714520495137
0.050662915642442
0.0158381938175196
0.0188931599520366
0.0544937261263746
0.0963282425688229
0.109849101442019
0.134412984951797
0.0615976680189388
0.0700040646362543
0.356617545836008
0.0658508415644368
0.0794987557687678
0.10202348021711
0.070973628375307
0.0428268453812263
0.0368535768837074
0.0444361515267652
0.0216978804321038
0.0434679521261584
0.0462776736863532
0.0268306154501093
0.0249488173462657
0.0228159021986309
0.0287932614437536
0.0228070393938754
0.0233860581086131
0.094595898942383
0.148959039135704
0.0742682292970161
0.0651199081574785
0.0378034363236246
0.0284219675869796
0.0434514610561517
0.0340905273099197
0.0267258316747641
0.0281097289605359
0.0584896150179406
0.164119266362216
0.0817584445016727
0.167421545661088
0.154004153570931
0.115247297006439
0.104779735334927
0.0673567848786379
0.0706321117501533
0.0778446502323181
0.0320285119480176
0.072064136428889
0.0657865252327133
0.0602480463208005
0.0428987640365266
0.0175530767105935
0.0305795161074242
0.0610969993026875
0.0719545177360943
0.0316765754938974
0.0299131458641048
0.0288048857427106
0.0396542778405102
0.0327164176448932
0.070761989673849
0.0749865371428517
0.0504394639488809
0.0709244467190926
0.0973182062775353
0.0598837382953179
0.0622245904031221
0.061266623717847
0.0915242094650861
0.0672541502703514
0.108633439511394
0.119745560463034
0.0612353194534056
0.0592200040242365
0.0686627650074285
0.0515087716028824
0.0390861362293862
0.0250706839130152
0.030157139776673
0.0223391573304172
0.0344307328276187
0.0377351975308578
0.0219140635133461
0.0225776526839354
0.0464571111298214
0.0281934623892534
0.0302290955614771
0.0147422175950507
0.0238715692026281
0.0171587848145107
0.0160667829425896
0.0538931912918112
0.0746241449435315
0.0441749550553916
0.0355236175336023
0.039521597893586
0.0625633362470196
0.042888836740957
0.0309004343778122
0.0500908735982509
0.0258628085539199
0.0268794932343712
0.0294133338546711
0.0162651601191318
0.0384503471527725
0.0405973893421912
0.0383640078309564
0.0611696565305797
0.0640685534332114
0.0821258211955695
0.158335666787811
0.0946358988566822
0.11239890320254
0.0201804243053877
0.0200277756719302
0.0252577679738192
0.0165483533896949
0.0127441401657206
0.0194009850283807
0.0214912853901038
0.0194445566463585
0.0217488055715144
0.0169430563795353
0.00798677025469028
0.0129318364151373
0.0340118865627368
0.0424031297476233
0.0634703256072649
0.045084421037025
0.017373829292573
0.0465717850210391
0.0333788294844656
0.0225001477490112
0.036229343474872
0.0305741410684209
0.0286112795987726
0.0352184052240367
0.116341921405516
0.144795834581789
0.186489147556044
0.27226627124068
0.126214325774147
0.0438092926638605
0.0382462262379715
0.0881577491556907
0.0685980183339427
0.0352648113130663
0.0475841451749601
0.107674493177105
0.156103387437656
0.428363860225491
0.237013340786485
0.066108258848058
0.0301601255752087
0.0532508453698795
0.0228877719304932
0.0362842381122079
0.052243589644286
0.0301879637860587
0.0225220942552144
0.0590894790590838
0.113751385141489
0.0419219343810101
0.0916823952284886
0.101020333746975
0.035617022269691
0.0595409264078956
0.063925505026499
0.0408741586682696
0.041847648521242
0.042404670065024
0.0242130591714453
0.024552415615786
0.0276059213680848
0.0264941305391782
0.0441762950821893
0.0572119490184771
0.0377245629057951
0.0305676444246142
0.030087167777515
0.0889826837050307
0.141998546141875
0.115553967519741
0.0634931045435041
0.0295431948345157
0.0254560114283176
0.0414254354766095
0.0947618815393469
0.0582583304671076
0.0233969412905938
0.0381726618129006
0.0398434433081683
0.0440868851822962
0.0537529330287782
0.0384914396048187
0.0445985022739682
0.0717235470979841
0.0294687047406589
0.0772915788097988
0.0941750154835657
0.040875864857413
0.078361265985066
0.0768363119307265
0.0624709935649412
0.0634392274847941
0.114443945180361
0.0835785287892484
0.0333650653588813
0.0384903557186935
0.0564484192567183
0.0430068082002266
0.0355077022347419
0.0475109771339156
0.0723415484543223
0.0409751606182618
0.0199653718079129
0.0370801836087792
0.0411240445020326
0.0161291890467702
0.0315085491066606
0.0378995964425164
0.0307211555827539
0.028600781729767
0.0353317225282154
0.0473328321675176
0.0935653005479402
0.174230112617606
0.101352412270104
0.0809959300621288
0.0746530163108324
0.0645390032003073
0.0384371553740329
0.020705785435214
0.0476247351595453
0.0233165633289014
0.0148512362140368
0.0336142186627784
0.0746490178384256
0.0225620744701275
0.0405163567317061
0.0798631578677679
0.0397236629400055
0.027839773678965
0.0423558168980108
0.0113124596271447
0.0280186113582623
0.0842935643221851
0.0424155829980524
0.0329861196012406
0.097457135561943
0.174324780685457
0.0533045769442971
0.0548763286629986
0.0412225913573879
0.0394422546955981
0.0332684547020066
0.0365431986433745
0.0448922084769941
0.111023457013676
0.0513465828422766
0.078579359534445
0.0792021098427789
0.0393012882575251
0.0246669324944046
0.0364732474226475
0.0574458641388008
0.0680216719042461
0.158652516519848
0.143751393112786
0.0590349630152982
0.0241631865781485
0.0396360624499472
0.183154115868692
0.0343382865232282
0.0925618278631347
0.0801852906993163
0.196273317578174
0.221236297181993
0.122678345880622
0.113948952263945
0.0465323507617347
