0.00446225399385872
0.00422407815810621
0.00409623111885312
0.00454875855189413
0.00488135074447754
0.00524612134468769
0.00461025308348403
0.00514521751850066
0.00416650916248527
0.00430475036160846
0.00416074808539928
0.00443867817479602
0.00409712568220155
0.00429316068895938
0.00429015273354156
0.00427498179333324
0.0044693965456999
0.00458410879211102
0.00434937686425242
0.00409498150408278
0.00410548673191972
0.00415278327792375
0.00404190597080231
0.00392117086592718
0.0034107122547911
0.0037797987265234
0.00266678239099723
0.00391178736269585
0.00291148708293656
0.00335389959210758
0.0032205348664129
0.00395985645729832
0.0033106223886036
0.00285859505774343
0.00269699094987393
0.00265748335824854
0.00286239256471657
0.00295501819671623
0.00360536870115863
0.00331266034522618
0.00333179768430585
0.00339764194581634
0.00316142393723397
0.00328273019919222
0.0031770214576289
0.00302100250392889
0.00284349957252543
0.00281289436310002
0.00287504301905399
0.00328014783603945
0.00294030140238074
0.00271464181473691
0.00290184289208711
0.0028331290694735
0.00305731618177744
0.00308580024382183
0.00329986045805074
0.00284792813200334
0.00253083965651421
0.00273314784590491
0.00286385010013046
0.00269543667313127
0.00264123196271541
0.00256622932293084
0.00292658868884573
0.00308030626539715
0.00314530759153053
0.00286790056843494
0.00296110032409869
0.00316412080332771
0.0033337652654764
0.00313488413363695
0.00314624621199388
0.00287500483631367
0.0028550018486039
0.00314726474274043
0.00286125046537513
0.00280459990334746
0.00305194878881216
0.00323146209227477
0.00314111688716406
0.00319541223156984
0.00263833312984288
0.00319163081091178
0.00268043020899844
0.00282165889030582
0.00279735725596424
0.00275324738901414
0.00283701934147475
0.00284056606088177
0.00271096690655392
0.00261534957434182
0.0032503541082263
0.00268443921819169
0.00247910015827581
0.00261727516137787
0.00268034248484928
0.00257260607481931
0.00320930227557164
0.00357790725971868
0.00273189405825194
0.00271688894227753
0.00296798998239794
0.00267741210517702
0.00322142723591156
0.00282563847639397
0.00342906441834714
0.00266072583775181
0.00251945405828357
0.00260265442594529
0.00266026496475388
0.0027461729409394
0.00238689456998057
0.00274566864729109
0.00308835979741483
0.00315226249869939
0.00321542664039466
0.00321521580882832
0.00307905504638654
0.00307931765672342
0.00332086568399127
0.00298718736536616
0.00310050779942905
0.00316432387909493
0.00269300430532762
0.00267916914716641
0.00265938984387315
0.00265026444533422
0.00268229105924031
0.00262114850819939
0.0031811304238041
0.00302213196968106
0.00255202601347972
0.00307225444534288
0.00328070726603904
0.00293701661266012
0.00344885412364235
0.00308927753607282
0.00241390739103798
0.00298075221075627
0.00309776035347303
0.00336649527460476
0.00336447322043243
0.00570377341606878
0.00638410703604762
0.003768513226396
0.00271861288424424
0.00272396056291486
0.00320446222568581
0.00286401868734196
0.00277694628859184
0.00326038006277474
0.00277742318277837
0.00261164995377309
0.00255771105277855
0.00243473468655524
0.00275503097806962
0.0027921738871915
0.00263370893610945
0.00286562195345964
0.00279627197533202
0.00327509180683912
0.00302790914260555
0.00286271715262919
0.00270892958211265
0.00300415654004878
0.00291895172383154
0.00274104875379986
0.00283089586852181
0.00276621022768269
0.00329089465306906
0.0030527732029532
0.00357852495625447
0.00300035494336969
0.0032173725841968
0.00370518522565029
0.00235976282029413
0.003084528123074
0.00282273060136792
0.00305927829628823
0.00321948060874887
0.00286492845408341
0.00287482070151314
0.00280820895423213
0.00269209156724336
0.00310377809185385
0.00469703103760814
0.00281854709378299
0.00310734844657993
0.00290606570445409
0.00286884519724639
0.00306022862595778
0.00343442103114664
0.00264844706574896
0.00249367774221528
0.00276347488636021
0.0026052551175717
0.00266677869474415
0.00233353832189518
0.00301172214657603
0.00314005085486428
0.00304415279369243
0.0029383303255957
0.00329856783974263
0.00277266914258652
0.00285871252495069
0.00329367863238115
0.00325800332714211
0.00269577935694088
0.00286994817943125
0.00295248559477083
0.00308748863284805
0.00320608472882956
0.00269465732229722
0.00318730476374171
0.00271950238543933
0.00269309162396145
0.00291151217926759
0.00305301637349442
0.00254137474871157
0.00244127756087571
0.00271268361704729
0.00297397032909666
0.00263270816647012
0.00363140414392234
0.00273447252108937
0.00253878245288223
0.00303842616196183
0.00240200022405486
0.00271246407670571
0.00301868572619652
0.00277783306020857
0.00279298752122937
0.00310256079242524
0.00302235315530484
0.00279249482307035
0.00273866350908678
0.00283935372449119
0.00308508594525862
0.00320935769058252
0.00259282015710555
0.00291141621673585
0.00319300535831792
0.00286132008269345
0.00270129595465981
0.00350233019298683
0.00789212702625657
0.00839817211560287
0.00375110419789674
0.00373959236017945
0.00320006865470703
0.00332103541038116
0.00351836870695833
0.0036499090050742
0.00355592417102277
0.0033573267576794
0.00321137353723286
0.00297877155877813
0.00349958014538416
0.00318990045203574
0.00326425782769728
0.00354801868125326
0.00306913573237644
0.00286146624353066
0.00307429835132161
0.00516360528300201
0.00496453307720196
0.00313988759469584
0.00325675226230864
0.00296267659464297
0.00375393395613412
0.00432570532662641
0.00296147934189124
0.0046732228351766
0.00307360445584022
0.00266706690503816
0.00269113286468135
0.00325456758496648
0.00271940323032337
0.00295434219973858
0.00320439488194377
0.00307479633404239
0.00357613514261477
0.00350434003905674
0.00348927505777252
0.0032680205916794
0.00337423073702585
0.00355345979426857
0.00313419887498413
0.00271858780739223
0.0027438691838362
0.00285673448087893
0.00389880172866382
0.00352263568810192
0.00282885688999606
0.00249104029725736
0.00323933279033527
0.0029684721575959
0.00289506388230522
0.00288777936812178
0.00281756514247159
0.00303473821762906
0.00310782319135459
0.0032603310120484
0.00347261550807399
0.00305306639203853
0.00320686838612578
0.00331915577796943
0.00303115568719269
0.00268075050371312
0.00260148881129767
0.00262479382780649
0.00259883132269338
0.00284710953407959
0.00280506224747241
0.00287778274189489
0.00317488756335948
0.00357225890592037
0.00310822171119695
0.00305358019683522
0.00319531744221905
0.00473254043341296
0.00380860833385236
0.00411977798644835
0.00525259730948238
0.00644963583179758
0.00504779453170709
0.00515616582501603
0.00569496000379828
0.00931370648194162
0.00890689188401458
0.00560545421320174
0.0060534322814308
0.00607596706802535
0.00438124594352367
0.0042084217904377
0.00430845223402719
0.00350091070825131
0.00339020091526145
0.00359629010309922
0.00335071171422996
0.00253647542734391
0.00282039006832037
0.00314683428235995
0.00298728592438308
0.0029192122865391
0.00298490012326115
0.00296074463882518
0.00309589829156802
0.00293839714028746
0.0027474411497541
0.00313833163069647
0.00401915329070866
0.007418948931732
0.00693208008769562
0.00355234694376659
0.0041087239625889
0.00859853413818072
0.0109128487649521
0.00493059958880513
0.00289239159216503
0.00251789874410836
0.00352554828489252
0.00319016991840646
0.00311358583323156
0.00358893170978207
0.00311415368475777
0.00280632512751724
0.00311836763729938
0.00296270393532042
0.00293426074029381
0.00360875509966814
0.00384684512779253
0.00346709727618794
0.0043254704302388
0.00405163467679393
0.00349393556362833
0.00393508942093922
0.00503323517145503
0.00423203709450577
0.003807875417718
0.00490938446937216
0.00557121667136823
0.00443122819789932
0.00486258008052711
0.00457057454457087
0.00377673195544571
0.00343243747778243
0.00318720465939167
0.00351298772114262
0.00314880265716246
0.00261519436969031
0.00301023061694344
0.00321826433651782
0.00284963189929351
0.0028075002288805
0.00279457317455486
0.00285081370286003
0.00272979716977222
0.00278950784616736
0.00293648490914626
0.00291943674275086
0.00360474180240577
0.00608746139437767
0.00914317274471018
0.00696312958796371
0.00322350291854016
0.00294644289503866
0.00265565719383676
0.00266506628231606
0.00270307916992297
0.00286147364046162
0.00362561722649036
0.00276727126828847
0.0028695056134991
0.00271893987139611
0.00278463635907249
0.00286316774280914
0.00345799670063524
0.00319967216279841
0.00319729562293523
0.00263467985634839
0.00272081572368501
0.00283353185587623
0.00243344123718982
0.00246444837237837
0.00263942657936167
0.00354272425859107
0.00371483786872821
0.0030219905167854
0.00362520860723438
0.00583385653632785
0.0122085407570331
0.0168382296539472
0.0130937758784202
0.0057690292529706
0.00288809951693271
0.002669846984716
0.00250437883888081
0.00247395683306915
0.00302041138699476
0.00311617702519427
0.00278326321214036
0.00325131324933736
0.00313962069541323
0.00313493894436465
0.00299620269447344
0.00306873970996036
0.00353264715739172
0.00341936134683751
0.00283801572956681
0.00284571408915405
0.00287695251988572
0.00302270022336465
0.00339497270554853
0.00309049749009114
0.00282651688049524
0.00273875178994563
0.00255783032793792
0.00273678330848601
0.00283237029151451
0.00247440757372581
0.00291390770036103
0.00317491796465669
0.00293687831609251
0.00330670723866208
0.00320054268287231
0.00257405999099064
0.00241022302077949
0.00317304198974039
0.00338164067952904
0.00283128919281094
0.00314186779495021
0.00317313692032111
0.00258222169993365
0.00284194709836094
0.00261874520183442
0.00273877420516388
0.00233014556109013
0.0026725078617579
0.00262829077603444
0.00309793888776154
0.00317173518864344
0.00264178254826576
0.00256554541543757
0.00319970818383892
0.00720671298330769
0.0113714807243715
0.0127490915900035
0.0130428131469419
0.0110622264976649
0.0098098836027791
0.00753596563072544
0.00354103297530825
0.00276633996688801
0.00242586395728743
0.00281731123370727
0.00307495184214239
0.00293813173355243
0.0029965008918671
0.00336535525600313
0.00348811072297988
0.00317624642873443
0.00303216370973991
0.00291472727242457
0.00292038908188828
0.00307375743714037
0.00288929089871212
0.00313568899028117
0.00381545407840665
0.0033478486631644
0.00306229861940542
0.00403964192998602
0.00274855691282592
0.002712966632333
0.00296224876468932
0.00259310199160428
0.00291106058993949
0.00302309469479294
0.00286353273070258
0.0025936260414324
0.00290702355359584
0.00293555425315051
0.00288736415210303
0.00272771752069781
0.00297809352034119
0.00257571834042801
0.00260363930519041
0.00353491797554852
0.00345967831806841
0.00333603181299597
0.00384523424298432
0.00430752753632887
0.00378075094985568
0.00343561181117855
0.00389838235864305
0.00391828429315444
0.00418251102907065
0.00398712725807023
0.00402095493056526
0.0037793339132368
0.00378239161069818
0.00370149525452364
0.00346873694244248
0.00313340089866331
0.00392829164218615
0.00386503049624492
0.00316839759446073
0.00300475025383763
0.00260550222966606
0.00347560998756608
0.00367924529885097
0.00441859904534647
0.00375999942140983
0.00284562515301598
0.00242816967764647
0.00271206480236102
0.00341984089440679
0.00731307136544695
0.00862003665935729
0.0058499836121046
0.00394415909998775
0.00298924055425279
0.00357786379312548
0.00393359637048237
0.0036659092139561
0.00383323430890517
0.00405381089538128
0.00322332393555221
0.00293961507918066
0.00271172109966895
0.00295724883032504
0.00264711195150276
0.00263004672569476
0.0030760701841384
0.00344844216494258
0.00335360654469205
0.00424419511645767
0.00527364965063943
0.00554756749651802
0.00458181753741297
0.00388962632734912
0.00367597600218076
0.0031899447654816
0.00294267120269373
0.00287649722278337
0.00302641248536171
0.00320389893178157
0.00295245413041063
0.00239545276060937
0.0027695998066032
0.00290355237094931
0.00296278233477558
0.00338082356754849
0.00306879071328488
0.00307030014079764
0.00294479569832693
0.00290060885608196
0.0030540516357214
0.00289805281913711
0.00278727000253398
0.00313302130699139
0.00312141075062547
0.00282464211811255
0.00338382214283772
0.00390032381425927
0.00388549979388985
0.00389462067221614
0.00354870730301366
0.0034825747800529
0.0041601863236468
0.00438402731048283
0.00370501882708511
0.00302503766497119
0.00255704342833955
0.00242880710325332
0.0025115658919021
0.00244138133299318
0.00253375543852169
0.00263580541346749
0.00276936287933995
0.00302144525105209
0.0032482991592302
0.00308312335322449
0.00241795477498865
0.00288840464155196
0.00308942792026814
0.00266602006317059
0.00288609243933269
0.0031590877694392
0.00284624268938286
0.00262283865589387
0.00278155788292338
0.00279628508811126
0.00268471998568948
0.00275246656178635
0.00284320810657705
0.00298064940817843
0.00323786758404289
0.00270631301033346
0.00277826402970192
0.00296589003836604
0.00253535354327898
0.00227955049875645
0.00284517131160477
0.00301872725016007
0.0029629791297132
0.00259962287338642
0.00261199754876959
0.00297669298051201
0.00237762176724561
0.00286548408554093
0.00285334490523766
0.00317497486772948
0.0029775835358065
0.00263454840329995
0.00273986083827638
0.00312599346205565
0.00276231147332889
0.00293545566860066
0.00299556658442422
