0.345824481352601
0.288597439070611
0.241408497758022
0.682858365661437
0.786819111251108
0.453031382934843
0.294262602009816
0.551374217579311
1.58391061271016
1.6934642641195
0.927727924241985
0.792222885115131
0.821844736765694
1.36727289009912
1.18271416727371
0.431713827029811
0.328148145069598
0.333642489801099
0.278452830378094
0.437148352051917
0.615419600028909
0.377022657887575
0.600260651667187
0.631625328484307
0.560309733741668
0.713400763411797
0.649117770689334
0.547135952237637
0.517440450412604
0.579036227367225
0.62167373793661
0.420512311000832
0.314428162907733
0.471198372338153
0.679311508620388
0.570176767017218
0.368888471544052
0.362457618906655
0.529109329884005
0.41278218256074
0.380280059289495
0.897797895881892
1.52501324114259
1.0659128551356
0.593721177273067
0.399895857644583
0.314506484495858
0.187110577364248
0.220476793897722
0.786783334264864
0.525207119865674
0.243697880397578
0.665299762962052
0.694319624391426
0.634429976727547
0.832422939565262
0.537126470815784
0.582533449715098
0.473232224555145
0.748153258430418
1.49542400406893
1.52832676248075
1.52043560788902
0.914843105137117
0.38059830027554
0.487694678972172
0.619252907091764
0.418889809745746
0.583082063033436
1.04103963047431
1.31811953090855
1.03968849873941
0.316784314874759
0.41365261788716
0.55622896660433
0.57862801440188
0.470153443769393
0.182980349912811
0.182796772942491
0.506633541325599
0.388268643579311
0.176236929858023
0.464989064157663
0.536944925913594
0.659182875453376
0.59397150698296
0.72718117673606
0.482459007798087
0.927331044905536
1.60025720927203
1.39748338507261
1.01772226721428
0.679609023169917
1.24966656619634
0.993983467302003
0.36067723373904
0.640758159783893
1.58303242469365
1.45599024001712
1.30767227639558
1.45874571910738
0.45144293242249
0.372567928671829
0.243846486148361
0.315734188053676
0.34134232013939
0.301944134468353
0.430897534191697
1.38640667591253
2.25902338645087
1.39946106339561
0.846061695573545
0.940049224444648
0.687746972633941
0.397685988688759
0.237514277737021
0.342527791551308
0.2570570250518
0.358361878375308
0.361564200930911
0.636508333428801
0.606811970076709
0.923035280179898
0.930818404361955
0.437570150082579
0.28187098619269
0.3201401533947
0.351502869437302
0.41399677025755
0.372849312207848
0.24805864548608
0.283160508102544
0.317686221410129
0.312813876121205
0.240433444357463
0.185716778808827
0.354705606431168
0.319280140209313
0.277822776247779
0.432230854118138
0.626578316559159
0.460529645777482
0.202045453946831
0.18055036550157
0.263075535350411
0.223506857357685
0.325872199544212
0.508730589865307
0.616269686051111
0.914216670104731
0.601044223333736
0.219519022343076
0.406947693903739
0.474213993736322
0.212518489077802
0.139951877293124
0.151769754417378
0.253250565465532
0.327360076259019
0.217136081125705
0.142908936512192
0.443717255473357
0.537057146000524
0.470796340144407
2.03344855009888
2.26467317370095
0.546924369159656
0.729577463374649
0.726718640885727
0.295938419685924
0.312510199715351
0.24585917395182
0.642443680668235
0.686954893428332
0.427918623736317
0.358236479379117
0.244643239586318
0.216950226315258
0.41355423631947
0.614128622838729
0.82046842848742
0.9885735902861
0.849610088008433
0.350266291280649
0.196523768457998
0.314879248921856
0.371238900197288
0.562095555131354
0.796667936597315
0.82039133463186
1.23251482824336
0.788845090428623
0.330187087811545
0.433060160426109
0.24028301745914
0.228547576323925
0.255406196696297
0.311658953353369
0.670524148936719
0.954048305883075
0.795332549646019
0.59077958628349
0.486396334983309
1.15755053658989
1.26497405693535
0.617560966631895
0.505227502918636
0.742609509254325
0.5129505385714
0.461720390977098
0.991918225096919
1.22587695446532
1.16274765319854
0.899872759889306
0.323178840077415
0.689740823599777
0.57238575860411
0.225137249725303
0.434776763082563
0.912929265981876
0.711408419351669
0.502684853683828
0.535576770897785
0.849906857383888
0.82949903400126
0.475016137072648
0.286397444583948
0.245005071903077
0.387947049694692
1.14536347898485
0.661246606743112
0.717106695505921
0.595647969942617
0.448828351940377
0.668750553905147
0.817578983710929
0.651987738336483
0.427135664886119
0.137944963482306
0.235848683420326
0.52513562472778
0.992777050923201
1.77673488748636
1.94171341095132
0.741995505082467
0.462870106695946
0.482710612284096
0.545037818132961
0.673303626871251
0.728826427382484
1.02507535595356
1.03109356114247
0.357537274434775
0.323136046456584
0.55323198507303
0.963999226529647
1.05700694559549
0.998091046449016
1.03889890487446
0.903721375801576
0.612111378748045
0.404147480292778
0.419036269499744
0.700751267528595
1.45554491316504
1.36544553607676
0.927157505322217
0.854068063742299
0.834969699452948
0.654991567429628
0.830527204053909
0.992733721283298
0.536737314810209
0.467055579095996
0.452364163708776
0.611110256223325
1.38184604443115
1.22781067039263
1.10913100187138
1.26090865973681
0.319100525575566
0.333220110960258
1.39383236934243
1.55365777950935
0.985878040856378
1.02037954548355
0.848816432778799
0.924994844008432
1.27133286969434
1.7650921525673
0.973563012976112
0.684282855894334
1.08735748502212
1.50097551871993
2.265259968719
1.81947969682592
0.732103227860323
1.15478484371736
0.941016714856161
0.717988402504019
1.05357497091503
