0.132985054008124
0.0996964429566397
0.612459143824416
0.679444866689966
0.8854014352183
0.137319515875538
0.227607437911649
0.10242042168246
0.190167182229617
0.187928256560967
0.147265413480218
0.0449027089131161
0.0776726305489293
0.0523308015288808
0.478380139657021
0.835424671444771
1.07048851158834
0.163173208433074
0.0875669277339309
0.0469756474125576
0.0379629035755007
0.0800400755973545
0.0713139406350933
0.12481944916965
0.0649390490199269
0.0211065246565112
0.036101630356428
0.0325879168013479
0.69186160770271
2.70552621213323
0.337510233617799
0.0596875140581642
0.0376171209763503
0.0199545363907759
0.0433912855699236
0.0538999620341523
0.0272125438412619
0.0519211507130937
0.0661398254061987
0.037394256917444
0.0695969475965071
0.0410639531875373
0.00683129024227202
0.130119307544377
0.064673814216496
0.0185350450006577
0.0344896286390217
0.0685956203374845
0.0226337102826265
0.11188426016553
0.27779705653733
0.0982943309702593
0.0324618467052195
0.00950478397533046
0.207440664556061
1.27791029891381
1.0270143023058
0.135773214451757
0.0938316882749115
0.12027423960797
0.0243312890764611
0.0150134821731765
0.225449979892418
0.492899309067785
0.025623971520397
0.0688494660704175
0.0266742096818773
0.159843061340715
0.084739702958545
0.192286244658362
0.201190008223752
0.0433050424874066
0.00933994393230884
0.051680381853853
0.041918110503995
0.0342153731010659
0.0384436762167776
0.215882749531099
0.227125559147636
0.0874127376155916
1.6377081081712
1.04351351508312
0.260578958268285
0.0395733520715435
0.0819344478387781
0.0349238030704396
0.00833942606205488
0.0206355575732266
0.0292883145965877
0.0431716307214353
0.0401775792800005
0.00542597542251359
0.0212554192546583
0.011631955123519
0.0291717717626323
0.0614497297489361
0.118812950241749
0.0105492285288736
0.0143140547737587
0.0141227196352732
0.0349685398410303
0.0522100698298261
0.0902629975923877
0.0947777574780897
0.0142620610977811
0.0239608372822027
0.0760055719696272
0.0233941438825879
0.0448284167807822
0.0283883461585288
0.135322239126423
0.0184736827885021
0.0318063136063582
0.202604391345898
0.181016009695152
0.0291065622088112
0.0171791115901657
0.10134996960419
0.0793964976983966
0.145299669016191
0.0384987412676998
0.0468301441867671
0.227783179446298
0.111042561503647
0.155126415777067
0.0780507788259133
0.0137006199035549
0.0329651182197305
0.168324960473454
0.744363579510242
0.500840693953848
0.319506687595117
0.0367726218721549
0.0460176887095873
0.0583763961244213
0.17522875128218
0.197834195106093
0.025914256199586
0.0430052080228575
0.0239167982930813
0.0235631453962683
0.0246077665335616
0.0196555425339121
0.0258674520417924
0.0423375329828314
0.029332319476024
0.0113855383795069
0.0121580964023046
0.0057634652274772
0.0223107312532253
0.034145054619692
0.0185616626860431
0.0353796161144628
0.0068955314672029
0.0559468171091259
0.0239958007198617
0.0515780940808519
0.156334609428244
0.0719089262712129
0.0266990818538634
0.0267557380770154
0.0363568924088376
0.17984180191782
0.454523899577509
0.0294267061725549
0.0231482043011459
0.0507774045975886
0.0444271054259859
0.136951045128929
0.0480346915140284
0.00979140344008224
0.0119878664306608
0.00950479472667034
0.0181376023784579
0.0115124562294976
0.05736037710223
0.175272695346198
0.0106596215917739
0.0243769633049463
0.0185542674738776
0.0126061289986049
0.0226811890066957
0.0194485111554231
0.0101716104907038
0.00580048190325556
2.12581598657922
4.39289176159713
0.211731263482722
0.012926604592597
0.00231515241721451
0.00961390477124335
0.0192483737649038
0.0332706441027981
0.0551525081507031
0.00319320798168956
0.00561533370841426
0.0537700684455758
0.00884362002190345
0.00412943273783439
0.0135305638596095
0.0103326889699892
0.0040423913066447
0.0134390177864026
0.0194894258977358
0.00859407474786178
0.00938603586503728
0.0119847632906689
0.0160067523683819
0.0134730984490189
0.00286540436126893
0.00691135107579773
0.0721414234943488
0.0506354368708427
0.00539737514929461
0.0080991373903989
0.0135406573772847
0.0132747190990122
0.0171649668246968
0.0275096541334623
0.0151721530610739
0.0039053235890589
0.0121385132264028
0.0301863144894851
0.0582859748382433
0.0430092990956053
0.0602629396058741
0.0435140384275663
0.0594662887163232
0.0561541019347118
0.0332617338597666
0.0608546381191224
0.0816820646497975
0.0312118387989622
0.0338377681092435
0.00614569289214734
0.00476806734627389
0.00761024376722835
0.00289192015424257
0.00227668178564625
0.00301998642098139
0.0054034218002316
0.00595753563737696
0.0042111851675578
0.00853888686668896
0.0142412837115604
0.00361652551121251
0.00735678272469064
0.0116731539377101
0.00971198809956226
0.0105209448351395
0.0305167143453253
0.0546435250238368
0.0294967729994354
0.0407589070954001
0.0562489220446075
0.0641156330200069
0.0723664045682883
0.291744432287489
0.0381025884266278
0.00860301350695581
0.15573516243042
0.0523172525610347
0.0137376421919515
0.289720924034445
0.318650865845441
0.0143628425996955
0.0021634200330726
0.00213361085464416
0.00360284643479695
0.0922896575614152
0.135900005072751
0.0854727211941676
0.107091659265642
0.212849503376941
0.0280273755730979
0.00276293953315578
0.00552534683691966
0.0042156591153688
0.0319491060889566
0.0588400648360943
0.541223919017013
0.656067607283108
0.248166638614018
0.317143369911124
0.0164826815925764
0.0133452182607805
0.00793733059379429
0.0154359937756347
0.00657942280672221
0.00769266805334876
0.0059523253962723
0.00209215759100655
0.00337569995290345
0.0121085817006671
0.0102742965623452
0.00886886266621456
0.00643074028097524
0.00747340518137728
0.0135423815340291
0.0104546979803475
0.0561565971601558
