0.0883331060752847
0.0605057773983776
0.0477802058288594
0.0512275441362343
0.0976675756976954
0.0798642369884064
0.102437257443499
0.205964604244932
0.17581573916229
0.22357640416904
0.173611800827872
0.165769371299046
0.176852083082294
0.0974025685872745
0.0581882023856339
0.0400675887295942
0.15056372600607
0.0670895071722837
0.0348037228773916
0.0795634160178075
0.136745523989156
0.720713695999083
0.871714098169744
0.30599830812779
0.133234907836134
0.0858864573302073
0.071013412933116
0.0458542799972608
0.0335117612289188
0.0379050418779961
0.0310869227007206
0.0446960460108747
0.11045866992666
0.133832267745569
0.189271181937148
0.158552719496288
0.152828633733059
0.148066449655213
0.169837794147176
0.100505854994461
0.119198295563104
0.166240962544792
0.166054552701735
0.170466274917699
0.13009755502477
0.16329302439441
0.118948838343301
0.0663653484790511
0.0783695795707764
0.278768670185616
0.235921191686431
0.0988730298863625
0.211933299642064
0.177223816843518
0.131294423598339
0.175885334577635
0.18978174648159
0.0444114724144743
0.0335145075804664
0.0218888674004261
0.0331693332458169
0.031946597669345
0.0686168876695419
0.075348277299883
0.0306080858591394
0.157472997970952
0.114801239521909
0.0817679623930454
0.0221522280369922
0.0369559177877173
0.0756916430680431
0.0936962461447887
0.0354881030873478
0.0561366174957807
0.052621019732954
0.0672876627342133
0.27028719025803
0.117299598035946
0.0316363855521568
0.0939440510042102
0.0983452590116744
0.134882217423112
0.168099312445583
0.148747155283685
0.0540863390035684
0.0242094278804954
0.0556631548610509
0.0822299077182576
0.0427671641896671
0.0165817405448132
0.0804672203583162
0.0978986663087666
0.0949741857628986
0.138144944551332
0.102978265109238
0.120802205340835
0.106907833418157
0.123200898750102
0.240269598448294
0.0562129959561839
0.0428107408325062
0.0520214467969882
0.0974821967623131
0.280068391032144
0.159941031783957
0.0654585185855506
0.0341274241521829
0.078926556358155
0.354421122298074
0.79673498292003
0.454511944093923
0.144596792776507
0.148544974586932
0.191733978212452
0.149046883538689
0.0418773907841431
0.133147127140837
0.165363524568554
0.125004611625963
0.0740302639976972
0.202737470570132
0.439543987480982
0.856721807594759
0.661499124756852
0.0947048878980735
0.036919653423438
0.0498940952605678
0.335585580898704
0.193357755786429
0.632552235476999
0.507342464957922
0.276556166440708
0.146444363079688
0.161076076816967
0.144524701909177
0.039034272360855
0.0994249970682693
0.0573841580332976
0.04984652242696
0.0737045748978333
0.0758962689150518
0.234691434361228
0.369125733639402
0.0627106404913041
0.0430784293849543
0.0840212152478172
0.183510873886135
0.146514635253869
0.0751298254132148
0.0445028871120713
0.0933950880652273
0.311625746685757
0.184052188182273
0.16238718863025
0.0950312382349058
0.0999494854910136
0.094410924195554
0.107407634248228
0.145000907031288
0.387471763271601
0.609829166055787
0.20998453427995
0.1141054680032
0.0408343863486906
0.0302743531394916
0.0282621621239476
0.139174082903149
0.240459283639874
0.18446760415688
0.208345649944835
0.192481739993963
0.0810943150706812
0.123279643266303
0.214083858308484
0.189816541166489
0.24421831936345
0.684298496788665
0.445809178828697
0.441102426037445
1.37264332091211
0.218273541766925
0.055576665445818
0.0324555731375426
0.0461543843191186
0.0351613241128408
0.0169412100170714
0.110785841676656
0.0856958385115485
0.133517881661181
0.107289143113838
0.0635572301155701
0.0265726873686224
0.0817340294521286
0.147191338901289
0.133971361250831
0.110969260375025
0.0601680754409169
0.10454993103384
0.136240413802525
0.105976894268731
0.0838573666512279
0.0425142328106446
0.0536493669962652
0.0457942803030308
0.0498855225286265
0.0428845317575629
0.0469027920115526
0.116317980844822
0.151945213444549
0.290099042713021
0.319679025083139
0.227287412898777
0.243725977430733
0.142793427052366
0.0874461044826064
0.0617993541340974
0.0990142333496028
0.0987496811263439
0.213599696805317
0.503944870099212
0.372683301565151
0.230885649557072
0.180708330214902
0.1616051210451
0.134201582200904
0.167528556187303
0.246544481449593
0.231276726251158
0.0669318499649574
0.126867604505329
0.219489077879896
0.137735098726507
0.0948687710850095
0.089903562384427
0.328609320592474
0.449838716003641
0.373383022470465
0.294048137854233
0.113249074468955
0.102663930092327
0.158875645963217
0.102703145731653
0.0579735949044392
0.0921182478330575
0.0718564580627548
0.0652029168236907
0.0419641985645064
0.0783635374992292
0.0622097619645859
0.0538217521663396
0.0284544186292683
0.0327810849810712
0.0879660596015753
0.0378174994947076
0.0638956493968454
0.151912973589869
0.0706595854797663
0.0216486199354153
0.0287208322493215
0.0300831678287544
0.0539583801210701
0.0485039203972055
0.0527381902929752
0.0643689979045313
0.0552631322366051
0.0197238257834528
0.0314248072895517
0.0650212263724115
0.0675623447885871
0.108799304491865
0.127386905817457
0.0202325682825864
0.102742457615095
0.0566236835462121
0.304525185358036
0.369454469873035
0.0354365154115617
0.170141831591795
0.324984447979873
0.120898028912557
0.202458234181822
0.266876250066848
0.0987283030183726
0.0182839038965684
0.174180564918546
0.10963143195409
0.0516858128349574
0.0478732830051649
0.0790269793688461
0.0326081621208436
0.0593387205715143
0.139015333823811
0.109471152465331
0.247361352572614
0.379674209230284
0.244864774037576
0.0711671436952164
0.152412642277611
0.125219361969375
0.110022033225894
0.134601514008677
0.119297138803926
0.0822084479656245
0.055923512872634
0.103461465730245
0.0556526224141665
0.0313847800727404
0.376740613894703
0.51572834686923
0.324790499652655
0.192133414651745
0.0622972946329088
0.143524117690014
0.201984382647476
0.0634606654361169
0.148776416737961
0.107102110027309
0.12290830695102
0.0433717648119308
0.0460466222083651
0.0446596673076966
0.0927138171731994
0.122074554333729
0.0431937902521724
0.0476869432333843
0.0836092593482452
0.161397311840732
0.232563163475414
0.164018043781666
0.100579418876867
0.0872283848058455
0.349751349181626
0.272706854621398
0.264517933016276
0.453726863340395
0.455737034133627
0.230962132415598
0.206876294786428
0.128886132266841
0.0494021357509451
0.0419302637021079
0.0335037697208261
0.0438676869908172
0.0301108521417968
0.0669617766420689
0.0642837302886136
0.0265757438689453
0.0214844019212757
0.0384839911853544
0.0626670164114486
0.109764818927186
0.231963942648879
0.138179719115536
0.0546323807897537
0.0716786928428592
0.012006282609219
0.0302636064177005
0.0303446998256164
0.0316651233952239
0.0315948528238704
0.129949814109348
0.0601094343350282
0.0645829970599316
0.0608372524039059
0.0586517019454841
0.042913993521396
0.036234587714893
0.0307124364275794
0.0648395130128842
0.178299493516976
0.180570925097123
0.149858046288237
0.115169769271811
0.0754938814605868
0.0527529888183369
0.04749027627529
0.0282265822684456
0.0409045525389918
0.0686631555706055
0.119012568013993
0.119343763793115
0.0346800211339356
0.0504400210458844
0.101687091317056
0.0599295702697656
0.0356850370941857
0.0541309192324082
0.0760340685863905
0.114042735797098
0.138378310786789
0.0509099242396654
0.0447205504531892
0.034462231725003
0.435016347058048
0.87411851730131
0.0220221701144787
0.0170299271274923
0.027877069717019
0.0623752971374345
0.0275818670830493
0.0266966984487514
0.0260512647627939
0.0249217758156872
0.0245775246204178
0.0273384740487978
0.0780610232402211
0.109017153478093
0.0746652851083403
0.0570149921271922
0.109773327064375
0.0651963920044396
0.0271621096616686
0.0153099214687391
0.0885487742868111
0.187545323969263
0.0574000598221927
0.0518853577911705
0.0580135175389657
0.064255976236835
0.0652751291877992
0.0692678146965578
0.118853006939934
0.141094649785591
0.107914575332327
0.0202089884880191
0.0404270945442064
0.0934190857358232
0.0992409786354691
0.0837135767765837
0.0384673879402284
0.0477295257302002
0.0380007230896543
0.0306664047174094
0.044302418835574
0.0739751786115583
0.0616862349978732
0.0789538520731265
0.0677462063870452
0.0552148210999633
0.046527138931298
0.0468518608419589
0.102950070337717
0.126375414789292
0.0441979595775818
0.144751285745415
0.48420423825056
0.0997706620268731
0.132385005691789
0.19987755748537
0.09691265376921
0.0442808240876341
0.0451178332959301
0.041115678376541
0.173112247839651
0.142627639279788
0.129197743121661
0.362298324248787
0.321666307677117
0.0926636314051991
0.214848901807786
0.271149082669398
0.380658947416229
0.521128360508729
0.231987633650152
0.384214404729358
0.105556479857514
0.376358206768756
0.74372461567324
0.682552748444228
0.13836358619077
0.0614772093204814
0.0769346293230366
0.0857737309185515
0.105972316812518
0.398152715636933
0.327224964432482
0.0488723434469374
0.0264604047200636
0.041219433331824
0.0892010776037956
0.117109267056452
0.0953574889206468
0.0440681207272779
0.0446799829422297
0.0862252106903706
0.0540998006843508
0.0453384623439196
0.219344653522257
0.191174073595409
0.175176084190473
0.102426540146722
0.072829755947767
0.0900961190746058
0.0847771723529207
0.0916098227809536
0.0667423847807205
0.0970486462161641
0.0592105785551983
0.0203712142588444
0.0835588741771914
0.163551656142818
0.166629767748132
0.309173201456691
0.253415477682141
0.185160384073399
0.105459074793899
0.11324125932355
0.132999099039297
0.129556160456777
0.0473967823055108
0.0627406171988362
0.0955747039354011
0.0392964145529662
0.0481157072201389
0.0417548334328906
0.12739104808312
0.207518877266669
0.140890258602997
0.0512352981290284
0.0478560619692527
0.064184976623758
0.0411496957036769
0.137724973478131
0.128964448916314
0.166643807442279
0.0693492223080008
0.0464842606862524
0.0556989541715221
0.0445564633875213
0.0300953312566736
0.0766974872502241
0.232830147085549
0.18753445807762
0.0654596739864056
0.0857853959566143
0.10330109759351
0.0650206120859434
0.217737071016642
0.178891012446191
0.0520035151257991
0.0331276258171314
0.0498966155165582
0.0957552270001184
0.108568515261306
0.0872448771342939
0.123183077820904
0.116151753569543
0.0520399897227363
0.0189427346174619
0.0279178750508296
0.0498677115379026
0.0752310845234348
0.11956678569695
0.0932730075926779
0.0526999617338604
0.057036096847057
0.0951036053047559
0.136195366328331
0.0682888133335978
0.0456218235227131
0.0361416382773182
0.0652135662498929
0.124615870237215
0.0869713480756371
0.0815491435948702
0.0749936080729434
0.077235812647997
0.128510437808015
0.0685857006950702
0.0691600293087192
0.0978320393325076
0.0426342553223399
0.102507421394289
0.0867258887823744
0.0657276075555956
0.0971043556897858
0.102450778744297
0.103357840860836
0.081229931686068
0.0526871622084707
0.0709778427895619
0.0829476944212954
0.0719467754182588
0.0870436068203457
0.0343968662179522
0.0872737620832368
0.121607434400894
0.121757446788006
0.0824869135660215
0.0360967336115718
0.0718387240472725
0.0649188982976871
0.0700741998417087
0.338616830557973
0.169652771205067
0.0641526789724728
0.0743205877547338
0.0614680398842398
0.0286161561448806
0.0446356847349428
0.0573000830856744
0.0367855543738026
0.0321475637339894
0.0789206155914425
0.16381764519289
0.0926178615477104
0.0688476650107302
0.121588079115969
0.101534926037807
0.0654476925949721
0.0769525501247702
0.0615007078089438
0.0637527497674662
0.0419462664991549
0.0258045743144302
0.0313749369241706
0.0703911283727037
0.119580369125123
0.0708768600313485
0.0580648339043755
0.0519737508134563
0.151408621405222
0.220362928237721
0.0487070473270981
0.0463997372133341
0.0263918474020531
0.0284875035356581
0.0275323314530461
0.0518560940237754
0.0413099362150527
0.0399839897952642
0.12304810392171
0.0768238953781311
0.0913711583594947
0.138189929397355
0.0343148772956556
0.0720476373282287
0.0676084811976798
0.0477091087430161
0.046014485688211
0.0551097381339144
0.0411483887790964
0.0234126382644983
0.0261883186516215
0.0353387611444067
0.0722196926561875
0.128169401047461
0.0982884628759635
0.0983501440033594
0.093275050611229
0.175057849286301
0.0555455633645379
0.019061429214061
0.068587189210644
0.0735601590755081
0.0344992225464689
0.0847712571584802
0.315261441777458
0.141592588914277
0.0632008268274938
0.0562504260850834
0.0496461906233105
0.0572742624157873
0.0869157220985536
0.0622676587879816
0.048891554785363
0.13314184596088
0.146400540356862
0.0565408642985623
0.0209202349148829
0.0427748517548204
0.08670876040665
0.0199897273758545
0.031086987996291
0.0600843909175506
0.0545668364606799
0.0354370000268754
0.14896611053445
0.059314503765379
0.0410048523969545
0.0328302034516738
0.0337051709096692
0.0404629612514298
0.0647305994803508
0.0582224080777385
0.0389696133283217
0.0474191265284856
0.0575682499527429
0.0454385247821228
0.174918142009668
0.172929260794306
0.0762988522798739
0.197367305828913
0.310168615127349
0.60077932778321
0.628334126720119
0.163476302419846
0.13633221781961
0.0623935556253951
0.0716836840933728
0.0928320519658575
0.251273948713539
0.268868028949702
0.120739221085689
0.127828192075717
0.125798673631963
0.0828314422379757
0.105110946875095
0.121317994401092
0.0661117732213682
0.275631629313422
0.295470009986982
0.328188583218785
0.240716501514909
0.151714422080431
0.100196235327042
0.0362875097358973
0.0883396341533677
0.385966019023624
0.461825127479948
0.292237617611413
0.0805791147284779
0.0663880566263932
0.124484088724169
0.182740811720037
0.126099965885588
0.0804444734192775
0.174465735466138
0.163131274140893
0.342909452799229
0.237791934637982
0.150985456511324
0.0923817355094696
0.0773365935325223
0.191347311002847
0.152260776793578
0.018046659291042
0.0269036718976166
0.0522611573959684
0.179788779843643
0.237728807967103
0.133106219382623
0.0640606847540805
0.0978360227564586
0.0522525750433003
0.0325194878362235
0.153422972831662
0.256541333307321
0.333435462812586
0.272513982303064
0.243012928117164
0.250813548958213
0.159950324172699
0.11383251360332
0.16159565913228
0.239187746963043
0.248152497308106
0.1192997706862
0.061314836250793
0.0628580751055173
0.0532590277991285
0.0673487297351803
0.0575380020359257
0.171212326894186
0.210446719472674
0.107865604788786
0.257440864542042
0.394455157735266
0.142298061351873
0.0918608281543678
0.0596203417250772
0.0495077635483403
0.11611876025518
0.468882831583355
0.287914990777257
0.0779538708599993
0.0933718045376939
0.128350205103626
0.172354779328042
0.181375297593229
0.260239539854315
0.16817158718912
0.0740904844207016
0.0630582590562647
0.0374450976255453
0.146694134562637
0.129852351808059
0.0780903682515308
0.0531876368376361
0.0976109805344839
0.0538194781953489
0.134189054158559
0.102496501122893
0.140227667411491
0.240417762392861
0.106669868130823
0.123413445523151
0.13423512453312
0.078578417694384
0.0508279744870359
0.0381991336625635
0.0484064522647339
0.0819742081659174
0.0969651852379809
0.103294874973245
0.0674564250098865
0.134713632639179
0.113477272304548
0.0201338604925923
0.0291965877984879
0.0125031228416694
0.0286934738906943
0.0414544417837096
0.119236520774984
0.299131584918978
0.127649223747441
0.079511450614382
0.146722664349325
0.10341932196351
0.094979140802694
0.11734196086943
0.0637895056268668
0.0848006450325501
0.0750902832373856
0.0572560967645554
0.0434200185774158
0.0188377632135388
0.0476476396985381
0.0187499257889244
0.0374933393273563
0.0553749890233847
0.157781293472403
0.0768002808429516
0.0589094230831023
0.0334045100405476
0.0775937091770426
0.109626029780851
0.122168386230825
0.0820712010313155
0.205878637689214
0.276088922117859
0.191778000464156
0.10303945902511
0.0496263649349519
0.0636249387984924
0.349002775732732
0.315782018133966
0.100922122131713
0.0748073412943568
0.0655762342532962
0.166040837235345
0.289933182709126
0.165460043371092
0.234835052085565
0.0823426525753519
0.0413362731644508
0.0297991143206505
0.0346547401653694
0.0330470242769339
0.0381083499749559
0.232488082702145
0.533722944095493
0.0829957230011066
0.0373187069223925
0.0742937997786787
0.0595895053669498
0.0524615896349098
0.0561611788482036
0.0452214746523223
0.0490621792883578
0.0251168600364603
0.0522960657526276
0.110524544915598
0.216447101204651
0.164622534106809
0.0947662118443794
0.0846126049752155
0.0607798451959833
0.055029133632172
0.0422369770893679
0.0603935274679911
0.0442982390313057
0.0634394748511533
0.180485191738425
0.160935306809561
0.053598311603825
0.0316946944367721
0.0633500483159495
0.062263588196978
0.0701606231811473
0.0212778909528936
0.0469128795308213
0.038368698288726
0.106723001718683
0.0527465868023975
0.0366342644601249
0.0332404184702576
0.0966724834300331
0.0423816744918152
0.0896484604583293
0.0889085164219653
0.0692418231148999
0.0668946046932783
0.0567032755296263
0.0614819143315323
0.0557423813352741
0.179073440071064
0.179476552756714
0.0288418578983148
0.0764725251893593
0.06212508956146
0.0454292905621106
0.114733846009853
0.179016136868098
0.052595178791105
0.0507729713430608
0.119835897388086
0.100279421229583
0.0666879420530613
0.0958394488191121
0.0591474940328689
0.130635590210348
0.0686092787117183
0.0492710967702693
0.0552849449983833
0.0310224434233204
0.0546583206245521
0.0994442554076271
0.0323429598445755
0.0637800532931985
0.191491305190494
