95.8553191958894
121.244312378429
41.7907239053098
64.380731455586
29.1375930648554
38.7622508799695
53.3910109053231
17.877405936426
29.3310434430068
78.4015450796556
106.190784747812
72.7627994292559
43.3542841499801
68.2496901153377
70.6124084530208
30.8088040133305
55.279270775044
53.2357367549365
57.3513037495541
158.637649291197
229.863610062936
187.235217037121
87.054392836022
18.3802512191001
40.8598718746758
39.5425773400096
27.0021382128741
66.7000834751372
117.729257788265
108.66160314259
84.6519256321393
107.697585943316
371.134199720639
237.532331757852
187.699209902296
123.851121805095
57.8667305397332
39.5820406037355
22.2469774064291
84.0076200275734
91.1746052415498
61.9233450853165
135.135199459764
260.643102943339
391.872626636367
144.531687620186
135.843936179727
42.7645728775309
84.2637745255937
98.0338110980655
87.054827573805
65.4841767847167
91.3518730736997
95.6692407894542
184.317358026495
160.274744764691
64.261135637092
81.006525129921
41.9235091882035
29.3113191848683
20.8849918123373
33.585307058243
52.3740425971193
99.2804309861574
111.693667732832
39.5656648645746
28.4640877398055
34.6480636961313
138.698257165825
427.763345001099
213.535209154461
40.2267327207916
52.888727895378
39.4681712837234
43.3491496311857
20.7203440571356
33.2996657548372
26.3605219190572
16.2945243504299
67.4723393546033
117.548754632585
116.394792853317
150.709436005074
102.466461409118
26.8622683320915
34.4948152180178
31.8696042904882
14.6276779563076
15.9248675826421
13.8759224763376
107.7172112169
210.229333463116
158.679901190371
74.4964877316775
77.6616663583857
47.2720508276091
19.7085959239734
33.2953352467617
60.0422445664237
29.3962615674902
23.035826774946
47.7690302191551
36.586141547688
42.5317003649538
28.7559799480622
14.0136329741238
45.7288331585443
79.1273346937324
49.4210615345319
39.564691675806
32.1580329076841
44.3560665128232
29.8092591791
66.5625732147413
108.89665715843
45.7017350353965
13.0533477696322
42.9165607345028
61.0216702239224
15.5312412534915
19.9489561499882
112.755119363333
451.043985021729
245.595137514954
53.4340218391618
10.0210408942921
53.6515540652975
68.6708772326167
71.6946342118821
70.5096978380172
95.2658134419177
167.724909709773
130.458524965187
58.6495950223496
55.8152129413336
22.3358934337325
52.0360600127772
32.6019090387183
17.4797915180645
20.5483708944863
13.8043046216928
22.243509738257
29.6353906029026
41.4488002174629
162.823702454005
82.6295112214739
131.635216308581
68.6678355002582
51.6926992330689
63.8677541968321
59.5393354325498
62.4064641729382
24.1408105975595
31.6262761405129
21.5583199634482
11.6014740114176
36.2325259926148
64.0226243430345
78.6884126027792
252.763943241506
113.085941639898
21.0733454953545
41.8026864590559
29.9340304173966
32.985797402178
56.3700609292394
45.7824588424657
77.5429830882005
68.4493878181033
49.3950114757612
36.775439238306
31.5144573569084
35.9577490989865
26.6185876045899
15.6603798492543
20.8879887112749
18.9925725665497
16.6944360328562
31.2142952957558
28.853353516371
21.3443268468296
42.3608297547634
38.5211421210605
16.9443102675856
26.1000268501351
31.6483406375557
37.766488712326
34.52021146992
28.1561022997566
25.1694062853855
75.0154764645721
109.070220381138
298.120569641895
250.050137836212
31.3854506063869
36.8409485634458
32.286704765243
38.1115057576196
21.6965361955759
31.7312651646579
145.307441574969
162.612273370874
42.259218918417
48.0499258680792
32.7081222808503
17.2138264310203
28.1597042973843
37.9663473574327
46.0012126510144
27.0700959961004
23.0003690323014
41.6390274723738
44.2374317863835
77.3326590732885
143.151474751227
137.659608736976
93.1587789464442
34.6815921887107
90.7501047942764
186.517972716944
61.2923337477694
16.0357390662729
11.1434105354483
14.0018417667091
20.089297768487
97.4912217382576
107.209105302749
46.5312232658665
56.6903429253152
28.675699793367
18.1283247222953
18.5722262199148
39.3728595848024
131.641599349782
43.2664436102127
13.4893987079019
22.2919076223452
47.1982859547717
219.52315690855
1046.06003656593
332.80699108525
168.625727522553
53.1231201687559
7.48574123078
11.2815966911161
17.5472995045545
16.9246656949038
15.4352961511934
23.4425212143267
24.7321927654083
35.1494942355014
29.6805589658475
50.0798854226065
60.2507143228822
60.5633816536979
68.9643904137528
26.7973585405971
37.8354648582996
9.65106177649385
21.4486876063102
36.3811803107895
35.3899957633784
29.3711994221358
27.7573814738826
22.3011427916598
15.1360293277556
11.3221768349036
45.7139017007542
33.7652868027343
12.0446504516005
99.361003221789
185.496632864512
146.947946978978
202.256905541384
171.265196026574
69.1716749054159
83.9440180599773
63.9957348427607
71.764600673554
57.3881527248974
31.709017067944
22.5294243474799
13.3554021466545
15.2667637252082
7.68456365107412
8.82081771909922
17.442377742217
72.2945078370147
78.256379987454
83.1825458410522
98.2077671910355
94.7571326913369
58.8134225367104
16.3484522136481
23.917203138899
139.509645729735
172.640770524117
41.7385049170695
31.0139571605537
17.1256188055734
21.7131982485198
6.42765463523929
6.06630080632041
10.6118991962791
21.355875465957
33.6477210107044
15.3663916032511
16.610608456492
36.7378638817323
18.3922353087915
37.3952823000867
32.5188282687856
8.13588563503348
23.2145939673086
12.2736625155342
23.8978200671948
13.7962341253839
35.3194421996764
39.5856577272331
18.3907903200076
28.4444822567996
27.8858968909587
15.8722823556719
18.2797153246262
37.1209789311035
60.5090733354789
101.019778078116
201.824588387806
231.577808211604
103.440427467326
21.6932681667537
62.21098842511
67.67400976545
26.25795239928
48.9541115523665
65.847791797782
42.4135023620449
28.4983669880974
22.5863743260003
13.8994020941165
36.2381591850462
57.0771969213363
38.3611095974823
35.2249688879529
32.237370697248
5.40103771779621
8.83644878113498
20.4727931858531
18.8441409823163
11.6058653295548
25.1646811787813
13.9104283386102
31.1219799546323
58.4104111953654
57.8329564314956
22.8752374344679
74.6519385887085
93.5920883178208
150.745435006748
70.8014677336651
34.3290990995242
15.0628689474258
13.1656766859949
3.9875104778667
11.9447819826002
8.4839837945372
17.3989364568181
22.7469196196388
10.0247189408489
9.62191277849393
13.2235963606993
21.818862619882
7.92160649941336
15.3300277631136
8.00522678153304
72.8834682342729
81.6415208200451
64.2308134544865
132.671611178542
70.3488123106183
19.5134651700915
37.3783350984734
6.4383084844514
10.1636703588204
34.8814549162452
44.7828298674756
32.2015855608949
14.2327433297049
18.9277718475127
154.110242353968
271.919748394623
26.326828794164
14.2868180487835
63.5535092984475
78.762295637719
10.3174905164715
6.47025225967301
33.3199553479252
14.7739381393283
166.573014092293
454.057257095009
81.2784165417103
30.2220959854842
13.3589603022315
162.313916407328
221.488644626047
12.5709811549534
15.5178571254754
57.5387463584659
66.6275110556723
7.31362890209444
9.71915271048861
14.7823943998569
11.0606479730383
19.7385480258029
5.22472659336283
4.73069643918747
10.279113838337
12.6453594675977
7.97292708705129
15.6574338895803
22.5711234938129
40.2763138193862
5.23344839933581
10.1942320611997
11.1253130713506
21.4521709315558
48.9766142787288
35.2811279255965
2.82133021917476
2.86259420387511
3.51847344156864
3.93331816789538
7.97666333607563
18.4376265225031
7.71682214833452
4.47825909324667
2.9985162032679
3.05112950514218
3.25104291359253
3.21654359184826
4.80839193100381
6.39848469422457
6.69851796634657
12.3596768134042
18.9639614469768
20.3848486556925
23.9243845517939
23.1268973247819
13.0012471052363
9.07984077723411
11.1105757480079
19.4093835923646
24.1901922407296
21.9336559474839
21.348754901554
7.50962154597437
7.75829940705157
6.62657294666
5.7200352018431
28.9637771417305
37.3503758714186
16.2071415463319
16.0251083614805
8.99062232839343
6.04679984108762
2.40717305914461
2.46459553948876
5.55533089974658
17.5199110481787
18.7570442895417
9.05880760528261
7.21914564683181
19.5341996443083
15.7449795689331
6.18827081682662
7.00484302919725
7.68155125263571
3.97526536804116
8.02317031954684
7.80911248866504
7.11411092992282
14.9492334490217
19.6864354125727
9.22794236474753
28.7054996993772
42.5074088342544
8.12958178111497
9.09095137170861
11.3580706506002
31.6604213168243
22.8125632169952
21.0177105785439
14.4466574689808
16.7490502741828
23.3165351699802
17.3242087917752
40.256878934006
116.656375788678
90.6711808113442
18.1555994293911
17.2050693668139
25.6981403740242
12.0297099546038
10.8381324038708
20.6450026381938
13.412909723417
5.55577835475456
3.9502564790024
9.47228349824401
10.6267302664119
5.10128048383208
3.57839581779854
11.9028564573649
228.951976588702
38.762878721612
10.2885731766857
12.2069946277722
14.1960971534986
13.0083243720819
12.2650308307408
13.6854384879392
8.13459824451625
12.6724611838408
8.13206445608138
15.3784379860762
33.3266812614168
20.9373688751738
10.5370592310204
6.59471335542417
20.3140460587166
118.105068906136
121.140115808748
72.0056220232771
40.78534873419
21.9846860353987
89.429454132922
113.396687268326
23.8093152432953
55.6180058414616
23.2843397333007
10.8592417678612
6.68538554460748
13.1125982456375
29.2717147013472
12.059425725627
10.543572304743
15.6495087186173
10.1780555125102
10.2476604290612
204.325852582121
79.9134593613019
30.3696720115647
59.9580640606549
19.6160267482428
21.5993157821557
18.1609346384318
9.97025038180247
13.6902945662771
18.1845693540668
9.31395288645737
10.1495566063005
23.5255360288842
12.6591473462143
15.0342230916345
18.0853031358523
7.4798057631564
5.2075366375647
3.57569716699113
16.7302832681082
18.65234591024
8.10854898563164
6.75469755969275
6.3797489094948
6.16237069157093
6.09885456458147
5.62420191559456
4.22955412217982
7.45020687759192
8.63810381577993
5.89859884301781
1.87931929495842
3.76005743793058
7.01362852132717
4.16766205010807
14.3983295480926
9.27547555059586
7.20633786543105
22.1233830095147
5.03745354325077
5.59618646636054
6.97247982593644
5.69747014257922
2.72540455632298
3.80490396039589
9.08261664758222
11.4508164118746
7.47618295795805
11.9462128255915
10.2716248035007
6.76820600376826
17.6130199232402
7.46640604427799
11.3239560720264
12.2117439028632
10.6074469316369
5.27352095736609
9.2992719468753
20.933152202705
28.5373510907588
16.0639347940771
7.95896149674952
9.85311059205011
18.6598217184277
20.6694502198675
14.2038016581491
15.1247413782125
39.4630981106312
49.6235454887369
20.1865228266218
12.6628588093937
11.9383905716182
10.1794274755067
4.75479844063903
17.8041510152394
43.4992902505189
30.472679694407
9.17889531358179
20.451209433377
37.1269370404015
47.7049072612266
18.4186444386393
16.8020666408438
120.768497445467
143.814579437062
12.2442113073351
14.8340909806165
16.008559939924
12.2231404221182
6.58639562350677
5.57082332473074
12.8224024926185
12.7402336060608
13.8455937443005
11.7685286020161
6.25981861398929
10.9440399179641
6.96693982478469
8.81704749673051
10.6128237346103
14.6544634666794
9.47840078531441
8.22693388294403
5.28679327405399
5.32909971779505
5.7701795794217
10.5301480368066
8.40399591017896
5.50234589871945
9.10302178213099
6.6287578944873
5.08372134172059
27.6988183541761
29.5405221593352
7.65846861629094
9.80067877235125
17.0235066054163
14.0212091148964
7.1743771138822
16.1048920564829
21.4630063743266
10.0468504533297
7.20912719095804
2.83311994586095
3.05450805450266
8.18152276933104
6.81938143601945
10.389757042748
9.02215074591684
9.17229556814742
20.3167051689009
7.61842667593496
7.73943112880937
10.0468590827232
8.34310691295337
17.9109274342122
21.7485340998555
12.1840798459976
11.392858655454
7.29052254653274
6.60604753424005
