0.814915069016319
1.43318508794009
1.56906680609934
0.979446483103705
0.76903705550047
0.554494308967053
0.669411989613467
0.887974785374386
1.03393667021184
3.95189799073271
8.21790865618953
6.52064506588295
4.93613893278057
3.49503123648008
3.95054334701611
1.45766420041604
1.94846186828472
2.70358252706649
2.11710091655502
1.14204272383518
0.627294431808989
0.69480373203071
0.701074074540673
0.809852107881287
0.793632110275923
0.484737478112059
0.515747425837513
0.334406397593989
0.277685546988243
0.39191758082275
0.766567780104452
0.68723655020503
0.459119830637217
0.384855433844454
0.494705161677589
0.61873346206744
1.01924221584265
0.96107666248412
0.470857865734677
0.409525997673357
0.562975234441629
1.0577381247014
1.25245001989489
1.32965781919064
1.14468221031936
0.577293383697627
0.524223697925183
0.737972487521971
0.507379623523527
0.29895477403265
0.34901380441267
0.516601423319689
0.834596819923652
1.16641880296564
1.10772175313911
0.976668152977715
0.813087869467876
1.03522185793241
1.33354641223645
1.4638580188378
0.994863688078699
0.484798405567146
0.598654010262603
1.10295991323955
1.39826749731859
5.60894963392786
4.39997292772674
1.68717932872242
1.32503369711285
0.739537076618462
0.59574118798445
1.29299816445171
1.60823230009522
0.915740657928771
1.55836649415973
1.74113276308725
0.854322976155649
0.870195803771971
0.869594632447129
0.815494895806579
0.879288629392924
0.585869307809255
0.625601088721374
0.877376546066956
0.925127281640526
1.04393592433774
1.09818727945264
1.24747403328068
1.57579522713262
1.74272484788987
0.812494510872933
0.579367840483265
0.941248596520806
1.13601022755933
0.821700312469005
0.6238532337399
0.689586232308127
0.75766929135263
0.423989628296977
0.266721740860489
0.43791903694789
0.556065299513647
0.506073010456153
0.574183955525943
0.41350250000779
0.466850095546128
0.432335178359073
1.24978094598392
1.85916057558297
1.54242379714745
1.42783198496341
0.71283757539184
0.718633414311571
0.773988759418642
3.4729383622088
3.78214540541268
1.02644888773672
1.45667312543364
2.19856588518929
1.48368405064539
1.6250776491927
0.774527154370829
0.186181998049271
0.285652744649742
0.317946485183607
0.357889215201179
0.384948255417365
0.459433868888342
0.746868393950172
0.871845068680911
0.929135130360431
0.559281755207957
0.465479825133499
0.86594147253261
1.00417124563282
1.58417601241529
1.27869599147637
1.04098412944761
1.28733511458384
1.89720432825906
2.8784282393195
2.07587968682363
1.0089479400918
0.658162741900879
0.530762768709957
0.843396427060216
0.940298806133198
0.619904901010955
0.621758925213284
0.718088763805458
0.66182844988184
0.602488651668193
0.616561892660634
0.949398561449047
1.22077305602751
0.556540622945682
0.462666020679913
0.528886109686548
0.600151956210195
0.824845849879679
0.752642975982787
0.949889584142072
0.943664944168713
1.09839884725254
1.3823706235248
1.12407477150732
0.739915786164912
0.919368705400622
1.26836941510335
1.01505431055839
0.39691312655799
0.594055850217683
1.50965374509301
1.73548818902754
1.52585590702015
1.09113528399413
0.64225076257548
1.35122108995592
2.97175852085868
3.28645288318235
1.49808435636698
1.21852651634949
0.849792062080571
0.316903004823263
0.483788693333121
0.59659289096676
0.493623914034782
0.384458918388541
0.386690165018599
2.10650702366244
3.46168464477824
2.35272784997402
1.22630329722907
0.654154103460552
2.39628991018883
3.02704723517968
1.60740224684699
0.912927451511976
1.3389308243206
2.87836233219733
1.94850440918097
1.19008127259276
0.87347001521324
1.57769120507938
2.09618134919296
1.3920556849249
0.231073250705325
0.460684373056176
0.513952684551058
0.414279075323465
0.37170548442576
0.514328869862797
0.798921041279256
1.08300814726804
0.772005860119974
0.724302879821218
0.766409868243593
0.595888304763786
0.678470046294008
0.862750337679009
0.94862860825257
0.70263286970425
0.612538512032301
1.21702526960879
1.04516948477164
0.503682878374342
0.427423190428129
0.618897745531508
0.54054018388686
0.485563830520879
0.777370985007349
0.924880682384179
0.935340748330672
0.583336277447667
0.438255838708899
0.400481931692507
0.548097719212766
0.808883788414924
1.25580008441192
1.30731433082997
1.00969874672013
1.1306686158047
0.675289785919738
0.751485808939629
1.21948032910802
0.594726722329502
0.803922123959877
0.615266752505551
0.442477682354885
0.510391930843085
0.65733347830306
0.358188692892598
0.320831154368651
0.310712187275572
0.372798929607958
0.339939137790337
0.217078464539955
0.228635515515945
0.939729330135745
1.17750776353803
0.377048501584284
0.713748339901286
1.19388725707407
0.960504083800318
0.580000731798632
0.475599138112444
1.67287341404806
3.37284196246254
2.04059133591291
0.470077209834206
0.176819687514509
0.884037431020938
2.47949924853175
1.67695860261893
0.487503509777685
0.367139994301714
0.461728498824602
1.56160266295547
7.25026006007643
5.78917639132616
1.23468092156288
0.666751186018696
0.22119618329134
0.253822954164793
0.292765404744721
0.292240835101285
0.248864076383638
0.219199698173287
0.239169473025622
0.514950685057869
0.608321639557022
0.70427629842214
0.73419901938462
0.464582967214099
0.288890574138472
0.522850282793398
0.570218481952337
0.189585430566537
0.227776691171426
0.479426230265446
0.397702895434418
0.398083928270033
0.313519455825706
0.376063685800768
0.251891972633143
0.258496060835109
0.514969305886114
0.805932546561805
0.841699458675199
0.674537969364313
0.734091544391848
1.00793162667732
1.57266761161837
1.04985533220303
0.378525098130692
0.316567858745173
0.271482052541798
0.153026055902226
0.278307945923025
0.3559394088106
0.430978290847625
0.396808989159524
0.331360452838341
0.659941174022229
0.550962789143663
0.235733072892955
0.357600430019003
0.801019818739314
0.405450746372528
0.874925116118891
0.745764973047539
1.12870688875652
0.772608307633663
0.386363415609163
0.272476192539032
0.280511849419779
0.666918297861209
0.615770772893825
0.565090332388767
0.358576825947099
0.256033529198577
0.563360483080666
0.674058643790707
0.312400308005285
0.244496688525146
0.340942820000133
0.316977599990334
0.366138877717079
0.254108450053848
0.223787795610259
0.181329333370772
0.31230787790668
0.450145629970099
0.3637273556172
0.348565736443917
0.476985346651916
0.685884265023316
0.245360446208578
0.156477408388023
0.113063682615758
0.120592816610226
0.125129104146332
0.198725048061361
0.151646738631509
0.105535096720618
0.130395327145736
0.143123510560273
0.154053597375887
0.1808741534016
0.238767948418443
0.199177214382918
0.977402602126262
1.83641077202157
0.859725037797487
0.456708726297091
0.541646671446731
0.419530566615291
0.306200490655901
0.271716690053632
0.308678565306697
0.203871055735064
0.232241019889887
0.280969111843937
0.180439656356604
0.216711576841389
0.201859536323954
0.210330328430401
0.229692379673464
0.204599730225611
0.153388550995528
0.0994614598306405
0.148465758401191
0.300684733142191
0.437598805427275
0.395000691846391
0.288511002150942
0.304019725103091
0.328009970830025
0.228541695095003
0.392098877509385
0.439497240515853
0.200618441791592
0.311496249849049
0.329176141453818
0.368210576491654
0.293712342479518
0.162092018347406
0.114474214603041
0.103668990507017
0.153087513877395
0.270755708857082
0.503204771114576
0.438479168391298
0.223005106650382
0.433781526332144
0.684071996570103
0.515543832964783
0.197481074392656
0.136823127468059
0.235243995988693
0.314166881227726
0.303802415578275
0.565683921776494
0.787330520773417
0.325478923479965
0.279923483666457
0.232646557167257
0.181536930363485
0.163438352649184
0.3012146544093
0.444278500457564
0.17376096199938
0.106220677179759
0.164480638841664
0.270531132771493
0.264035468784551
0.338182270019423
0.634922080770654
0.231105833596185
0.236190098007911
0.437668428860559
0.189066567874771
0.307339955667662
0.168154653814245
0.128544368509348
0.196337589438068
0.27619340986925
0.233486061499555
0.195856001304704
0.194450791132611
0.295100871307807
0.312637940700469
0.38258863252908
0.384596197778812
0.155527993440623
0.130842481927997
0.183547941222337
0.187481439336485
0.15863791132257
0.250035880156949
0.488310287074111
0.22034189574314
0.216358343853071
0.162411496756712
0.155629336960512
0.230623914317572
0.169065210264957
0.283685837829634
0.259344475225976
0.151798038701089
0.309341073291942
0.329784678307731
0.10761276248212
0.238484665109636
0.296483272560837
0.31678761524555
0.241664835483049
0.247357547855856
0.134524871292765
0.148330969670676
0.169241140580367
0.148705868232572
0.194551196447051
0.269434684776739
0.391028947571598
0.421712042696253
0.352529103050274
0.503359137447289
0.709814061593377
1.98257205435564
0.978520617558909
0.2563102372963
0.300803106096036
0.224248331164326
0.189842490835016
0.195417851388726
0.149857228755345
0.226249760746063
0.298511506223895
0.108054934026408
0.15530024870187
0.201646466468386
0.126379659031915
0.26615843351423
0.500642724041534
0.233230533885569
0.336640611674321
0.387971489304548
0.171872933932668
0.125405261441861
0.174083902732348
0.302509828595448
0.348231468644085
0.356055339388107
0.230403810709053
0.145683756818257
0.168542422152136
0.30465003238805
0.225545470765628
0.150467324884827
0.208768090238939
0.172124740389281
0.188043942855701
0.169749451204177
0.144881793695288
0.180815890262874
0.18255909517824
0.269109473238843
0.186322271118955
0.123109168337895
0.170172538435065
0.294898497380211
0.284344922199067
0.689961276126604
0.333489925849693
0.545530816172258
0.564824668745001
0.678587503707052
0.226837077845034
0.12889753846998
0.137933531558532
0.144096574011762
0.141312552338754
0.164232309185127
0.100258586999218
0.118498624102306
0.128657733447974
0.194173195130015
0.194877091834477
0.16310148979128
0.165620928366963
0.188795516706521
0.183005153174091
0.326051464469538
0.330549753247973
0.83773388661008
0.920109493108471
0.286341389216496
1.04830282030097
3.13642025307126
0.610247186412242
1.76281540506045
0.755394422983125
0.558791582868115
0.239330931980335
0.417620072903564
0.46128178136627
0.284366569225674
0.212271085301322
0.236355544335641
0.246537233769777
0.259399798475251
0.370209239182313
0.273846113105515
0.161415436493127
0.0901129551209468
0.159836914585427
0.205082464957627
0.162428158702243
0.187149620008031
0.182675027824133
0.206865840429816
0.370709335480491
0.664212167585638
0.579249453725292
0.54007680819734
0.307775539481081
0.168717861866634
0.190697635200511
0.226810794019227
0.171344227667352
0.161679621092458
0.21510981871682
0.244805127829652
0.32073832657298
0.325784245807972
0.492230524137441
0.230499112021
0.232272483610198
0.369424298964097
0.474081673261672
0.285068690207157
0.301271166275303
0.250568661924066
1.43765611345331
2.09511748041351
0.275192181831669
0.215924280691256
0.186361997808954
0.120822744820665
0.276121823572391
0.335738244715795
0.392909677885008
0.390458928544438
0.237381897085692
0.124972019458987
0.196988668466149
0.201265196787453
0.150335161410206
0.167166434515596
0.336895926397559
0.514843424413593
0.401631051133222
0.170144016870369
0.138974164754075
0.181608630860223
0.162314141441903
2.34843734458366
2.16745274566081
1.10136028358097
0.568240078360891
0.308046937666666
0.814266813041099
1.37553997241672
0.820320953124028
0.171931938845119
0.260628172478424
0.214842382856519
0.158172982263766
0.192278940931212
0.226856371684461
0.216346620184991
0.169887151790759
0.372457996943887
0.224891405058594
0.280237156145198
0.303670555085445
0.627386338858232
1.14189870960469
0.646264117064792
1.41479490478474
3.83739653005258
3.45205229593449
2.09293220515036
3.34746977207606
2.265705894522
0.341171797941447
0.22272894705088
0.107166880530467
0.0939268848011616
0.110244203832119
0.237191089566501
0.334006841160772
0.987227999775711
2.6153515111677
4.02917705861944
1.21599852700211
0.217880393327527
0.174840054185636
0.184906343554467
0.187818783227395
0.209930097196954
0.154527612787603
0.269940874723411
0.145671145037908
0.22039688374209
0.118900241029879
0.101232175265338
0.0785184209006025
0.11842340293674
0.367272425400289
0.411658705846638
0.21079312334098
0.132322388806712
0.145994527624695
0.13483901877962
0.161174697846591
0.164367856879358
0.0984440628528428
0.0932824157670275
0.094766367586711
0.129036417204215
0.265022458939782
0.18039761970071
0.137596395063598
0.112815560609776
0.141465426311378
0.18336754878038
0.171309019388303
0.184203316014987
0.155631572809294
0.135462997894164
0.178825655700264
0.352945454015974
0.313389913933375
0.210565903593809
0.171331651000492
0.148890958565134
0.16936176659256
0.156390431031828
0.152784056412926
0.169040158101887
0.186400610739868
0.186895183211086
0.151623562271456
0.159810131156547
0.243403684258409
0.208122553993239
0.192096594868623
0.111464692076932
0.0945076765632534
0.148334270432169
0.183982142687999
0.234165865853792
0.200397390218545
0.429451946984036
0.217571150342675
0.196287539459621
0.248383022118279
0.475433601840611
0.367909077589541
0.22983549963949
0.290045711418371
0.234235173084102
0.212034375206488
0.183986099885463
0.123064324900428
0.142257160886704
0.167460669789872
0.212855481224555
0.160089282318703
0.196958316587886
0.38214996911477
1.50297052798644
0.597037064292612
2.34106459073531
0.809621419993531
0.190698761512706
0.139607660056441
0.383567248620331
1.18617442671656
0.469512777471222
0.147633712309408
0.116184715031233
0.124831909835042
0.118343390162245
0.210006084632124
0.191833547024743
0.100877912272937
0.153877653439014
0.195901439008767
0.233083971232143
0.285993642686125
0.272721713528046
0.166785176031747
0.211174771258557
0.227282006204414
0.146352653403014
0.321849717891918
0.561300467782289
0.324709216971861
1.52029593431421
2.12216442283338
0.285011875750285
0.968481418738656
0.273567951668434
0.289849087149781
0.192992984349253
0.143969200093235
0.147628582361845
0.142828559614294
0.162156718465046
0.183387159509957
0.290616171819801
0.309332697869197
0.298137969960148
0.371009960036336
0.401278570030141
0.25885964759651
0.300232871167408
0.276417863863371
0.143598653194402
0.118639051166565
0.130970707444597
0.156143272409676
0.176333601159028
0.0970759680098408
0.12603422897993
0.324776183311557
0.302773192383915
0.356005096038156
0.384158289434537
0.22128681826583
0.223688907508353
0.335529154349407
0.166244557164218
0.398020401550119
0.298211362690106
0.206151645630336
0.24495390646942
0.318749870135799
0.34077022238559
0.492417307495114
0.195874741294701
0.224932011462811
0.230930319087867
0.228723614548302
0.319828246593949
0.13540714421679
0.124932293221916
0.170749666114114
0.162381788677714
0.192109846935787
0.226350740030381
0.2459391280106
0.216768283928654
0.205033975804228
0.216883266380364
0.14864730623184
0.276930684221733
0.262312947483195
0.269033266918471
0.168173604945057
0.361527995790367
0.349231549069771
0.149743899137456
0.168095690057059
0.310684068236066
0.503868457957998
0.339662146574274
0.504600709350082
0.31945135138958
0.240522345951525
0.322401532467986
0.231097656550646
0.17625556645036
0.413981427689403
0.647530303518488
0.212191628417457
0.151724141244934
0.152724852356165
0.136509126167444
0.124930935144203
0.117614636912529
0.156545665605645
0.138695657676731
0.175463242800986
0.217769047529536
0.203995571765195
0.161246165732803
0.183461177360857
0.245362938887618
0.133603306620179
0.126837928433866
0.169344438636316
0.142790586439789
0.118715322014934
0.350998779716243
0.35000960981108
0.263335826500171
0.372630405684658
0.208707612334434
0.306952657741074
0.291881741527308
0.299447191590587
0.255477135768792
0.537504272829307
0.491140653687986
0.504081293206314
0.437248901185427
0.131625639968683
0.210538274207173
0.184622763377403
0.214818098377721
0.136361326163793
0.144548170404003
0.109319984127339
0.132181865684062
0.170167532917676
0.190540722462972
0.207599596025806
0.242293770181834
0.222842194354199
0.158847965211505
0.146274700269342
0.213265172185448
0.26885350141496
0.43193698878615
0.482338566079039
0.272407685170718
0.180689276288607
0.131906836967815
0.17134938460479
0.220414108626344
0.368079353771477
0.412781497881618
0.177409010446791
0.301811181595139
0.193991727519841
0.144720754069771
0.121290750742263
0.154482583230434
0.197926821153857
0.189189690878544
0.231736382759133
0.263073877625155
0.345978472340268
0.244118502261816
0.137213816100548
0.122374359112668
0.14682736534746
0.397292669453317
0.365975258953375
0.0971651528203587
0.117943053139631
0.180329040696135
0.593498735802947
0.295620819975578
0.182912326991145
0.239492123174395
0.120463459960212
0.135320037354189
0.202109278703783
0.22920428340489
0.160502859426513
0.151962255142518
0.0561036549930166
0.0910213460821617
0.111707585716106
0.156329052597624
0.183541433255259
0.154113639150137
0.130343149890355
0.146918853911712
0.222556722991631
0.166652065520217
0.174917062442811
0.21846802091267
0.288027442077686
0.34045069278739
0.425166614650679
0.48360938325583
1.59367058466579
2.44227573504094
1.02110913507334
1.218948762296
0.752570269926771
0.31446666805943
0.558339324186625
1.52287377538938
1.7623859143749
0.930089705183018
1.01339371000743
0.244079656190511
0.178317050293863
0.162549665270648
0.243053348730768
0.178353104897326
0.161472728011046
0.15203611623427
0.182192766255092
0.150857182005084
0.167565242177654
0.195970060255482
0.197039981370798
0.162075822299272
0.13512290040496
0.244933532316195
0.115243373411562
0.1607479865208
0.148749053098105
0.376552199100769
0.532297730010347
0.218755011461522
0.222519980545018
0.322667419799446
0.601056961608175
1.64309993657615
1.46936602071928
0.31536257901377
0.145289644633392
0.118715533485633
0.163177789062043
0.273426652795848
0.220037887351406
0.264990367782541
0.195352078936263
0.199254214090542
0.198794685215536
0.215770041182038
0.16279780181264
0.115708798878705
0.103341645917302
0.116650112408934
0.140817305341958
0.196764456715866
0.207659277086025
0.178170473585557
0.214084225072373
0.201474378494865
0.241435126011703
0.253369746413017
0.231944112319727
0.138944842555696
0.195166117104585
0.336813593759109
0.221053211626443
0.283150196047346
0.255583950471619
0.177249749127691
0.313912006977115
0.468239421795506
0.402091126822297
1.40629174693155
0.335864198225523
1.59344732773419
1.12370153893589
0.45610437079662
0.633019808329348
1.03879617205549
0.333017975043655
0.127003431679523
0.0851723717051136
0.23644355283043
0.311923555482206
0.110049351139297
0.120938641053148
0.193895093176697
0.217672431409938
0.185621277307353
0.155150246615996
0.106063568834855
0.230304245520873
0.25038473104109
0.143190028523028
0.0972896020225777
0.112826160589103
0.122207598964564
0.26513819493841
0.18329018045817
0.140525250527521
0.0977155079287306
0.0892253158174931
0.111056920369212
0.181301335509158
0.181229764617384
0.139255763107256
0.10941355128971
0.150608730309723
0.179704670116157
0.272067678031941
0.344214117224307
0.133961064660401
0.127498754423456
0.177482108822541
0.181806911588967
0.119183453531884
0.149882398399999
0.163544034315342
0.12952367341575
0.134670065721218
0.148761047051337
5.98719483448304
7.22535970508924
12.1998241165945
9.10715520235822
2.41990785509251
3.01975058978825
1.09329171441748
0.292263692765915
0.509625363223676
0.421234350993072
0.299283500204769
0.437635433567316
0.272949698908636
0.140522569992222
0.139795782005002
0.221534358446817
0.243520782036101
0.346169901672552
0.284360189843148
0.203471658775353
0.149839376250351
0.255632125323614
0.330896020110967
0.348456814156655
0.251758752553099
0.293391229146897
0.525290692677632
0.513983735326646
0.447204473423784
0.302640018409425
0.333812485319792
0.212481981392642
0.127207679015567
0.117478714866815
0.270031907540669
0.322733977071801
0.198272660923188
0.258493613524104
0.147504652599876
0.181591250943509
0.243620760093895
0.63891898699802
1.79424215701374
1.77911394021342
0.49882441828793
0.190235488703165
0.179629481962511
0.161187588549521
0.169040977348593
0.161866413548664
0.224388289695897
0.115342560502926
0.293355713811877
0.515089373344491
0.19517011341457
0.128418637364735
0.158191989388058
0.182990880787505
0.167873979061908
0.19035534495259
0.230879433345933
0.128739636351798
0.217429523051377
0.235214024662711
0.146914694736963
0.181604424082757
0.145118825925399
0.112980404520937
0.159991277276382
0.256976330272531
0.188312511756842
0.381768623293416
0.364871764695029
0.281507651454536
0.44359567812628
0.605439941678074
0.346898289912527
0.244265830682821
0.349556467250715
0.273912355738522
0.214335752477846
0.206241192603082
0.125437706958159
0.216618244614118
0.415738752461527
0.410747042976944
0.364330925674988
0.2534861821276
0.120319295040882
0.21298271348563
0.276357113194107
0.32353396236923
45.9634645835318
36.8013276755422
18.0446235824886
5.62559702770351
1.38111521217139
1.33622211252966
2.25175424730966
1.06106842850011
0.372501723609716
0.336185790081173
0.265625860838955
0.164866849898206
0.158809838821685
0.146698472924543
0.17505287655953
0.292650361582361
0.129771141154309
0.12693368816048
0.148426149433985
0.171512424314457
0.144596963781091
0.32139540819315
0.298739432995697
0.229779105187746
0.206759898558451
0.180872351117945
0.264705056552605
0.303082032525701
0.253747456328105
0.57726535802346
0.944053477113946
0.727592891877344
0.722127679495734
0.140828584159589
0.213727941480059
0.21588497892275
0.154567724867671
0.12134530027926
0.123725697028565
0.215906690830086
0.21101489342933
0.172795393287123
0.177800959454139
0.209343579017878
0.260326727239553
0.380249172414493
0.327174116962777
0.14495184918629
0.419267752792031
0.485594751340295
0.205629956702427
0.287744130983246
0.303317244126563
0.234243375204468
0.207418379348519
0.153570502131798
0.26027031924766
0.242523366785937
0.222430512021877
0.325405968746043
0.330358046985752
0.224934836080379
0.201948633705611
0.157468640834703
0.140846312206589
0.283563311634927
0.359245422393728
0.134980683779706
0.0959401715051294
0.159060401215047
0.163517095437068
0.16129525508174
0.172226226017829
0.48230180135255
0.66845281708656
0.84135787896942
0.754288883749508
0.133246642039146
0.145232542577179
0.24710808268886
0.254532656923173
0.254387408409254
0.270519134673346
0.231337633143826
0.155576815555846
0.153752973066989
0.205909821062919
0.224616058214112
0.255534278402877
0.190124278371078
0.10252792929959
0.10180785695286
0.161779546263751
0.131171016035844
0.118180964639376
0.118189291396581
0.118438665080847
0.111523747727693
0.121459255030986
0.179453629590721
0.421411510583564
0.574299333175739
0.316572650053688
0.212320713235189
0.252869675197029
0.198472721604641
0.139607263888473
0.203442706977326
0.209886115234578
0.257219363371261
0.147374070646085
0.101278975335655
0.121287110119729
0.188547808429036
0.193477303895185
0.172833511963192
0.171282422361265
0.380842188157722
0.681244165235164
0.182189851403796
0.431623951321255
0.188767934355639
0.200148774066969
0.314116562864913
0.319472124394886
0.14802733279101
0.11315654053122
0.137632371893363
0.156275851375591
0.174419770522938
0.197363240867866
0.211824680985862
0.338186158016865
0.349479640292117
0.22362500047797
0.239514775564713
0.148843430288963
0.127143971921407
0.11082748303868
0.152482909499374
0.193612264146238
0.239608116574661
0.233139987247474
0.127789667300931
0.187769295688516
0.332967555412486
0.92251124950819
0.560873537339363
0.287441489472742
0.307162797574038
0.648587650889418
0.875894526199696
0.329587781026099
0.182619876827847
0.120291654293069
0.163537541797992
0.190596061187808
0.125880260305926
0.218590433596973
0.545126418565701
0.71319252889558
0.586512894912662
0.407557639593219
1.4506901407834
1.15638927945499
0.312715264000727
0.326660967461771
0.546366681005732
0.730917465482234
0.51806733930896
0.299090838950131
0.401946510828739
0.347053639877708
0.163255016223987
0.142800292633778
0.222197628969106
0.240669143917386
0.20703643743007
0.121084500008309
0.160806834723435
0.184424178622494
0.155271864705215
0.140500378344571
0.220436373448567
0.21445805823932
0.227181061172667
0.214360629220621
