0.219577208322305
0.173812473094219
0.0929230745120507
0.0587439370480807
0.0891209674580847
0.148086617284741
0.262676383975962
0.188759398934932
0.0935929488281439
0.154122195545419
0.252229236532456
0.129804706534588
0.0865112562682061
0.0585616575570928
0.0848406234257906
0.0992622766658719
0.057395243356286
0.0356248212912923
0.0630325680133973
0.0699444736138719
0.0975314447952693
0.108524683206621
0.0938186069525076
0.0738978740407306
0.0933374071088173
0.103177659025985
0.049714251192636
0.062907064851788
0.242555868187275
0.260650652731641
0.119386503926398
0.140273025959991
0.047927916624338
0.0900940492747409
0.0552577832763933
0.0658667024350003
0.103107508439219
0.0822536018797026
0.0923828864807617
0.0779550655108101
0.10633960977304
0.162426335435342
0.150727608375138
0.0885991667096741
0.0581443784238247
0.119098676866466
0.142027301367447
0.214382588918007
0.288881556210266
0.171025287360571
0.0801357002394967
0.103616142774238
0.0856017958323609
0.0492661238591618
0.082686789012143
0.119196276301098
0.210922356371213
0.221137983773803
0.232797785073972
0.189984061708376
0.152117678329688
0.104859809627256
0.238425940423104
0.216389270992413
0.22253025085839
0.301389658305234
0.0639317157094972
0.21270751104185
0.0551882670770743
0.0448379531475208
0.0367122772042037
0.0861307107677692
0.12643515599775
0.170133175379411
0.0898938798904156
0.113507166527024
0.0591586809146846
0.111441025390916
0.121838097263175
0.0501079397430868
0.0417034714847619
0.0767450384648368
0.108178951569268
0.213667313847155
0.337692701328863
0.260599857873527
0.183183260857534
0.119094883619022
0.0665684326026461
0.0353508320514678
0.1586038278852
0.208814618310251
0.131190400641222
0.168830104768375
0.247772809068791
0.208549566041924
0.0636010522718294
0.154768133262496
0.0833776233614939
0.0563586981940457
0.0921823497094666
0.0864799326312744
0.0563163228517679
0.0773033509840153
0.0644427083596289
0.0607671478261102
0.110644293173248
0.138364986808815
0.18233178631418
0.150793295920367
0.178884153018858
0.232890861531232
0.191937507330055
0.133487289089779
0.0933717045125262
0.0694448271602601
0.143306036506671
0.136057840664603
0.157681882536245
0.278195418736779
0.235810586133297
0.181934895827729
0.219695228864259
0.232922645000035
0.248685477778707
0.080624040644961
0.081940755163138
0.0815473138541007
0.0667851419540365
0.0845792798674841
0.100015716943387
0.16210392095611
0.297967500611066
0.284918852153594
0.242127349575505
0.104837489378291
0.220497144603474
0.130642890082028
0.070026404203755
0.0309234986018621
0.076670973322232
0.109906679470484
0.0906782604047333
0.0801549533804598
0.0836774766259377
0.0990253386281956
0.074138794174827
0.08302780470783
0.0991506986510619
0.158923330339014
0.223640438661201
0.133516888223908
0.0995652333396152
0.110410764604685
0.233847567812289
0.238595856569691
0.144553281222498
0.144525854153076
0.114331448194873
0.14345706646096
0.136968943923366
0.0664637733470748
0.0677864184601164
0.0607599138230863
0.101176489843105
0.15222901806918
0.16182011682147
0.141321237134382
0.129184589127735
0.0616930672198707
0.195255675946826
0.274194953082419
0.216093516547626
0.181572577901866
0.13132481345868
0.0692239749586608
0.0779128063799303
0.118681140524789
0.0939792562660766
0.0835318983389207
0.108984069944868
0.0690402045519215
0.176383434217715
0.215939195049282
0.295590122852772
0.35217608039401
0.165360722937713
0.459263641129518
0.308204687740053
0.0642219110387109
0.0248358026261977
0.0757462421584185
0.0930227264056146
0.078491900807631
0.0205350685929692
0.0201735386927882
0.0568997798457652
0.0398440911660956
0.0535655044905183
0.0417730825604113
0.0278833894130311
0.0354861750881924
0.0511794897116355
0.0583053267071198
0.0448363033912373
0.0382153425326558
0.0206231520833866
0.102930751041709
0.248337012492859
0.131242577814626
0.0916730620845813
0.0511902217782634
0.0703113438510845
0.0381777969557602
0.022966337074182
0.0232777746221904
0.0539252309122602
0.0384340853973699
0.0199562086076464
0.0501026473707104
0.0552131601986924
0.0442254561829898
0.0794540881028907
0.0668857655647537
0.12927843782805
0.13931849450433
0.131275867010811
0.116610960523587
0.0282998526177144
0.0310285273799886
0.0401714851829613
0.0464962645817738
0.0342054065311493
0.0865750658739848
0.0988678030467093
0.0846696145966819
0.0808643234420861
0.072917829505661
0.23213942411147
0.240001289653459
0.0734897195031012
0.0783604645584407
0.127942834696225
0.133647259428578
0.0561550466331275
0.0665211059430135
0.0949397487337977
0.131026805292618
0.13850814828039
0.114187327395118
0.126466255137039
0.176126116785536
0.0660229850543625
0.06180570513221
0.0710948004977495
0.0729325519105737
0.190204544394278
0.196459801093862
0.285369377511725
0.0603840575349573
0.0323838755251249
0.0285794695102706
0.052725531712293
0.0421654147083481
0.0317681640258034
0.103918430495133
0.130019465274518
0.0786604978543367
0.184467800671257
0.184301214547751
0.215245378905488
0.141846856353534
0.0648654857416343
0.0589496227685728
0.02349031741152
0.0174714157478182
0.027844089524579
0.0480200551413122
0.0749236429476644
0.20032546409798
0.103749127030555
0.0759874039947036
0.0550494806821993
0.0523525506311837
0.149303217115289
0.259558486811006
0.227865111609688
0.196827287757519
0.170410444162395
0.100222795319187
0.111036826912649
0.13911946364684
0.104156141449305
0.159024265422048
0.181770737914762
0.187797443146357
0.207886546762511
0.167201988152195
0.140870306596891
0.0809208697137964
0.0571251908887831
0.034399668359898
0.0928448667733209
0.128487361312869
0.154577742486222
0.0747565480920618
0.199093101037164
0.252984489983175
0.227407040637673
0.34109585648796
0.425912625883506
0.302275078421645
0.182163246799774
0.12486675719298
0.19129421185014
0.16896865078753
0.075328785344202
0.119140033297543
0.0244234760034438
0.038988131362361
0.0533520584341798
0.0322115917847138
0.055056416500957
0.0624527560604684
0.0699710927401776
0.0383315895140035
0.0406953755805392
0.032225210784897
0.0317196737396331
0.0578760878534534
0.0467473060735271
0.0409561478033822
0.0463693647497929
0.0511575176821606
0.0211132563966786
0.0163941148796155
0.0193583462510196
0.0509474087756305
0.0613762012099118
0.0837983745779227
0.0444792276800394
0.0349316407667088
0.0887401237294888
0.150600387461145
0.175428459775885
0.0517463743382304
0.0992795416743369
0.110226367774838
0.0361332033224998
0.0456914523379798
0.0191852893839761
0.0176085088120915
0.0090813034750199
0.00937673439656751
0.0110212969252027
0.0338269941990983
0.0378023517853333
0.0133070456022209
0.0195087166502693
0.0274788994411193
0.0114589567345636
0.0130852636608067
0.0497139063509682
0.0277403837689189
0.00758458351882508
0.01006206089426
0.016623164771728
0.0109078605649372
0.025443307691087
0.108086418303888
0.0324984592325051
0.0483542057225531
0.0342448642942837
0.0286257983754852
0.0338988600319857
0.0466444422447707
0.0609875033784713
0.0654850447495071
0.0360838205521521
0.0539309661036269
0.0412316807637475
0.00512443677798094
0.00802665029750061
0.00526595726358529
0.0252418340864468
0.0114512570793805
0.00776972741351355
0.00813754429966484
0.0160223779175231
0.013171096567484
0.0121959915133184
0.0209155785165134
0.0312933799414092
0.0180583382432336
0.0177396889359349
0.0176866494446189
0.0181417834025806
0.021035478467787
0.0184927392319261
0.0189113954760773
0.0191810519234776
0.0309893488305661
0.0406514750111311
0.0186775527763697
0.0125354061845731
0.00810970120129065
0.0062682349490893
0.00959750130181957
0.0085874730355629
0.01052869553439
0.0160555220163643
0.0117557486468924
0.00869755677478004
0.00642746066146461
0.0185374137691655
0.0114602663256155
0.0104730194366511
0.0140595389413395
0.0255043746066771
0.0170126741748642
0.0265157744238849
0.0333226103088528
0.0206653869109727
0.0202485450970326
0.0225589788539585
0.0130937652321324
0.027485027046385
0.0296463275649771
0.011952657493023
0.0130442928395444
0.00979077790104123
0.0208463565573526
0.0170491656403415
0.00939631307424983
0.00874774289971667
0.00710136174073222
0.00418047772927043
0.0097030432141307
0.0118125238297691
0.0216306244191418
0.0173813389944671
0.0104653976063705
0.0128203530484649
0.0122595532933829
0.0157958073046899
0.00916612760525926
0.00888208348562661
0.00946473778765967
0.0118074110182053
0.0405992247868871
0.0412613822034217
0.0233197723114748
0.0121079682755626
0.0081669083566545
0.00881759818560962
0.0242917353837796
0.0280587085058603
0.0135026299579088
0.0237335107993632
0.0176869202186921
0.0332448991218401
0.0114215384646593
0.0185844601605817
0.00971717923783998
0.0130306273564598
0.0160301302083653
0.0339670813904417
0.0166604689092411
0.0176776856852457
0.011671241462235
0.00974222326269912
0.00642061135667467
0.00831637291847039
0.0108964013258978
0.037613697705365
0.0192799195593727
0.00978667752398953
0.00833901463815252
0.00622045537704756
0.00497356199594611
0.0445295123725349
0.0063175372718299
0.0112184565470587
0.0109557532632208
0.0273766704896491
0.0261979177820496
0.0206992857504853
0.0411663029881145
0.0203912793292681
0.0186833417360644
0.0106592541738246
0.00841222989024655
0.0146834177711861
0.0237293360443674
0.0104848657070125
0.0132502338601242
0.0215009613645428
0.0266876597171069
0.0331246053539133
0.0324749154929974
0.0159649749301011
0.0100318874417932
0.0210327921202325
0.0101845179837051
0.0130673269820218
0.0265132284292115
0.0177312694871866
0.00527395282303502
0.0140775650368715
0.0286113561298951
0.0369054311430142
0.0138238335425316
0.00572196346686038
0.0216137241710325
0.015484350236123
0.0273533733230789
0.0271694740681495
0.00627193122179143
0.0083878057283055
0.0103427059759323
0.0184837652255536
0.0208467867122675
0.0263510129892626
0.0384573718587592
0.0326442648352211
0.00814076830119639
0.0104002381783635
0.0107811043738161
0.0263202916151288
0.0217758691392605
0.0493590059053567
0.0778693962017235
0.0225258860098802
0.00982867970966622
0.00871411352130296
0.00870989417467861
0.0641119289187495
0.0882648413136917
0.0167506917362941
0.0168971351647309
0.00986346985254716
0.0144930571167517
0.00635740994345187
0.0105409819534668
0.00835509416517593
0.0372358970064895
0.0468290495965936
0.0242257135452637
0.0284036532305311
0.0368939954993022
0.0168455671603492
0.00903876694979919
0.0104980505357177
0.00980654628839643
0.0108150641019979
0.0154616214304217
0.0186405821083355
0.0119260468295801
0.00646653333578979
0.00651876347634767
0.00876221543847278
0.0276016692663592
0.0146849478499547
0.0463898890789239
0.019985708355152
0.0209158582372264
0.0219779522864118
0.054838380116862
0.0425372708274443
0.0171961377047178
0.0179381733312527
0.0107733681394923
0.0309288442109001
0.0129146063451513
0.0104681391766365
0.0096767787350534
0.0169474785976852
0.0123551839329691
0.0139996986293713
0.0145506029980482
0.0127663431684075
0.0310745946383526
0.013155602826803
0.0147916342478328
0.0161741846184317
0.00991985118442596
0.0205634032720209
0.045914995974228
0.0460217731044825
0.014242058041605
0.00931529976483209
0.0143090677128275
0.0169169672289154
0.0094764250944017
0.0222945883508722
0.0126350696773642
0.0184682835836213
0.0174259478163761
0.0347718563747209
0.0301104455538152
0.0214078333446383
0.0340146366561055
0.0277283852994009
0.0301758375287552
0.0186566367845579
0.00913025021433467
0.0161124781900706
0.0167792391810102
0.00955612822638893
0.00710738954842595
0.0246906387945961
0.046927942954668
0.0581557156628239
0.034474268531104
0.0219726751299273
0.0540214300778865
0.0431150674909676
0.0367036035995033
0.030121498277252
0.0298339786900596
0.03040115797555
0.0186852251493948
0.00950243351992745
0.00674779584247355
0.00945691408651425
0.0157544550013338
0.0147866471102985
0.0111229822681885
0.00892544322621328
0.0128786000290975
0.0179732551173861
0.0246579070621023
0.0195169126102868
0.0211138731188939
0.0239471792569634
0.026723398025073
0.0233788364621185
0.0251412331387463
0.0259592265663486
0.0152522189112916
0.011012612505805
0.0147171009115221
0.0425198339266293
0.0236181526765221
0.01612113860851
0.0303860826723412
0.0288019909098982
0.0182466257704352
0.0211825486407721
0.0182539278264934
0.0379236050485957
0.03295358419616
0.00942970661461529
0.0130048614993973
0.020585042233103
0.0191995697595296
0.0274993931502824
0.0116761310079717
0.0128977614761805
0.0165850520787906
0.0200076016438072
