0.0943453912973922
0.112243589307572
0.187536490495006
0.16421234034453
0.138223593938412
0.156544273173457
0.127017207693083
0.106799302640899
0.097233192776997
0.0771165679145
0.086509888700256
0.101807832450768
0.105734332749003
0.115997473243449
0.110950099996662
0.163170571326913
0.135819722231245
0.134519456826593
0.120204036289341
0.101100185362718
0.0847619596890877
0.14328457146515
0.204954580504989
0.186927863941537
0.14450912646993
0.192378156092539
0.185137815100133
0.152239831370742
0.112444824809305
0.121004378585558
0.13739070385442
0.17012799200207
0.194070668863048
0.13827117229532
0.0760806518025752
0.162654317485897
0.123193302163006
0.0882875044388082
0.103023609869015
0.150467161128464
0.209253021864028
0.157084204370239
0.0882092932246235
0.120794739742486
0.218972377514291
0.166849047332852
0.102739897384637
0.0671494003515959
0.0960258251580281
0.133821201212723
0.154056829467155
0.217712111839956
0.18088849684917
0.117893348548546
0.098793606617624
0.299715828261862
0.36006731071191
0.178621421722793
0.0788934821874398
0.0832809549908658
0.115941233457189
0.124030083938978
0.17834953898598
0.191371170973202
0.123634546176438
0.109492988257179
0.161341919153097
0.0927943729445666
0.069534403702927
0.0964184266568155
0.11622545213033
0.120710471925628
0.139613718091699
0.101179943728056
0.168048741803382
0.266054429325948
0.157853059200936
0.0552565557168972
0.0874309388977576
0.128125823491749
0.107671240648487
0.309028585559951
0.261634602082299
0.12971559083665
0.110919686493704
0.0832104366726996
0.0777689680405916
0.120388443406261
0.218035481851327
0.317889291944436
0.199437604421651
0.0840519837176842
0.0868875995389524
0.122306764927189
0.150851467078746
0.120306191795645
0.104034458017778
0.143831769549005
0.0955660643795519
0.164220696234268
0.15039043079429
0.0958383445589206
0.101920614890222
0.0920276990408899
0.122870792356619
0.170723784607906
0.159606803336089
0.140394208191073
0.139016446891752
0.117803774268017
0.129164881727725
0.151892925055759
0.197681136717222
0.14455593691967
0.114176722414289
0.107212657006384
0.119819670342555
0.134082975355835
0.178581889715607
0.160269639496271
0.230247828103007
0.203884135877284
0.16409697629311
0.106757769678024
0.130301959217774
0.129803536911177
0.0873364585739374
0.0735314212879711
0.115366739967133
0.104322226739345
0.0853012751125993
0.113808001083877
0.171082302589961
0.252180839186462
0.298174855185926
0.259500609173851
0.125062533101191
0.205041814900367
0.262373618825575
0.136433634835385
0.0669818378302353
0.113009096565684
0.111007127778428
0.135787241499713
0.140313009846977
0.180811937085756
0.183810770893442
0.126793685995139
0.0644374630919644
0.106077103805486
0.152036305014206
0.153174594788359
0.133930323197301
0.12560285106503
0.145619589168555
0.104267165527786
0.079852145711494
0.0973217069390581
0.0899646856893958
0.121500660285291
0.108965047913358
0.0638664343235876
0.0762689695316928
0.142829756063485
0.122433349831569
0.0708908892017101
0.0800129590705033
0.118035020372536
0.146661128430689
0.128039530072964
0.147302641065522
0.161927487653425
0.174248759530615
0.171328447761042
0.0854505503410365
0.154889282062884
0.174320360061082
0.0680365179644946
0.124746840853122
0.167656287996782
0.147598837972382
0.141675738136361
0.138465952749093
0.148399443691029
0.150566437363689
0.167824497318043
0.196223392335125
0.158579173406362
0.179446572076955
0.166830481954299
0.21140622629863
0.150887300789442
0.153369966107079
0.176090783421139
0.129566533335698
0.135044112458758
0.293744799258639
0.296420700178898
0.129876102978452
0.0659971881622362
0.0717347042295805
0.115977587097548
0.103955226151137
0.103314482024111
0.187770410361807
0.183565608418993
0.155384736522567
0.117709911606845
0.0764359863658401
0.135816950831344
0.152871501865763
0.104493505062399
0.112755627178564
0.157727698924905
0.121357833967638
0.105412970396295
0.0977362183733389
0.175859085415988
0.156426246507285
0.120154648226396
0.166610391828607
0.140762865186108
0.0969162724351577
0.131926676551377
0.149417244184482
0.104793567539155
0.113031401577514
0.0932706643557787
0.173166168417322
0.152874167029978
0.113061262853462
0.157588905470993
0.0996104460577153
0.0681387039412289
0.089492412517281
0.112581066793402
0.101556415905109
0.0996214141756055
0.168046734471078
0.219612873872866
0.161200080990336
0.0799911106638513
0.189923813910413
0.138366579739925
0.115007358273593
0.152752958466252
0.173348102139589
0.176097524879059
0.168140525480166
0.130798786805028
0.0869471571533868
0.0747656622506493
0.12163282571699
0.289953445260933
0.282298174228058
0.184645614514605
0.199089787786766
0.202856658998685
0.202828382261449
0.192234120878893
0.215844861152491
0.175686265335103
0.122949370096147
0.116383232302235
0.0993659022120532
0.151770315718241
0.139951897245411
0.11125513335941
0.0832643910500419
0.0648894164115401
0.274593806410749
0.356596849830825
0.232979795709466
0.17016370853928
0.139950850134526
0.143803804739103
0.134869263738409
0.148814066489351
0.209494567431878
0.226988987374544
0.120862045285311
0.0615179610990073
0.0981265279596943
0.111333819076511
0.164963137162795
0.156834388725798
0.137788744512079
0.150318278691027
0.260971287073312
0.327190633162001
0.278756040109196
0.203962366248121
0.114015603591761
0.152672756019514
0.184230450741866
0.10672215958139
0.124945722214973
0.158075433030515
0.143705198672819
0.0976823515763818
0.121339023934851
0.116399604735791
0.102131322598776
0.105508594893189
0.191945275222189
0.202560508291869
0.222984654479428
0.187656188387828
0.0780204010849593
0.0734277819026981
0.104954116863902
0.157400081106837
0.160706415349374
0.0962922167711697
0.0583365752564909
0.153022073923095
0.198850342641015
0.11347085712908
0.116014003053106
0.148586521323733
0.201551677147717
0.222001829981293
0.286443395080746
0.243873048782808
0.14551741193464
0.0906591745433399
0.0939334772360186
0.108883798387181
0.0623442253737368
0.0690101270262529
0.0523988916890891
0.0833504475997545
0.207721943046595
0.168325972043111
0.210212820139918
0.177487773028334
0.137751865884436
0.11756767297416
0.114961844098895
0.0642334328691299
0.0494094275752771
0.0444684046576707
0.0685080926977439
0.0739548138853502
0.0811675442262199
0.112240498826283
0.100108130949414
0.0710890422074748
0.0758298085311544
0.0856133825089177
0.0855394797314069
0.0469020791547527
0.0401039804437507
0.0477311332404644
0.0579480691333447
0.0831035373097021
0.0598431268518795
0.036863232693025
0.0419665818707144
0.0554869327721937
0.0433604479695328
0.0393960909314642
0.044119359511134
0.105683973840729
0.111453194075235
0.0840951361690238
0.0778551748452274
0.0804067641768314
0.062183014236961
0.0526398700660568
0.0524557434694552
0.0921443502575942
0.0921482449523368
0.0722305339387882
0.0420371430557568
0.0277250171675626
0.105219207677671
0.136020987043984
0.198542095753445
0.131076185242047
0.137164861585057
0.0726769748108396
0.077083787874848
0.0623396134610946
0.0603411706819274
0.111086786487107
0.149889221535517
0.0863177990109279
0.0495373326864233
0.0405201024156382
0.033844943728226
0.0493473638564689
0.0502002543629208
0.0497077653896635
0.0547221410135902
0.0405204877885935
0.0596067414234235
0.0510232023160549
0.0511397875041793
0.0784076444805475
0.109184395883887
0.130229089336593
0.148644385552547
0.103502226881079
0.0949254479994954
0.0940315706777719
0.0672411676684118
0.0722187040550964
0.0751391845496821
0.073591148070749
0.0411132134978409
0.0670834295459115
0.0974199990961594
0.0824699301487219
0.0609033913373158
0.0675652301885312
0.085983251322294
0.0726297162341488
0.0703553539720782
0.102714360468699
0.0816737056435966
0.0510356168806974
0.0602764369062546
0.0371677498887266
0.0390544235778736
0.050669852572853
0.0846336701099301
0.103803433786862
0.0942460234070506
0.0770284661505382
0.198306616248921
0.187782530419068
0.0859238454265505
0.0757579792073439
0.0951577278980706
0.0786201463841587
0.0519679200963349
0.0445727116071148
0.0507845373133924
0.0697795081457878
0.106689596128542
0.0852774923318477
0.0704237932147916
0.0621453882942649
0.109750537510521
0.0615579043756446
0.0375816373533263
0.0593935517282121
0.0943201951871474
0.0837134524764854
0.068301127153717
0.0567980027060453
0.0674889007112197
0.0564473482374254
0.0651594089792267
0.0843803759477199
0.0478946081689185
0.0475043214783485
0.0755335042937861
0.0841485221484302
0.0969505071288953
0.0768094711238637
0.0614649411656598
0.0959458117537768
0.152550781099804
0.0981868543301539
0.0431504010102678
0.117225422556915
0.135120086171475
0.0470416525812719
0.0420221921522656
0.0615553093996539
0.0709632582697445
0.0990112558585948
0.0745025747637163
0.0975708677082334
0.0708803560936489
0.152135842514554
0.134641550669294
0.0932755922075305
0.160171882872577
0.154233130202046
0.0532059593369948
0.143059847529963
0.259441807753178
0.208565409526797
0.184664120861616
0.13826745538528
0.165650249452085
0.269156312105092
0.215028719897441
0.0880224378198945
0.0516384636459886
0.0519881490600667
0.0404202949414631
0.0648026046881101
0.0662125801319848
0.0678709247114526
0.0532709491312747
0.105763756766619
0.148918875560433
0.104123226089998
0.0639637136886351
0.0666488544302371
0.0618700246546262
0.0396332714578554
0.0739415325052288
0.0649234709091217
0.060629879666376
0.105604430776621
0.106624134989023
0.0718093270085995
0.0744517738824546
0.191746638216085
0.206168936918525
0.106962339176024
0.246714640207387
0.418362320604341
0.196470269734616
0.0749425762731011
0.0733114815825086
0.137674029471054
0.0978064766499427
0.0602668105229317
0.0505641406439446
0.0499221076011887
0.161387792313885
0.137695357753225
0.129883999914883
0.156555331444853
0.0878223374691947
0.0833349925101627
0.0839690396146391
0.0727840814305839
0.0770928976064779
0.0771991685006736
0.0717818245567407
0.0750753689775332
0.072589834163139
0.0475168399055769
0.0972965680388892
0.11329028451446
0.0462445865067313
0.0652021407807663
0.0645296379366698
0.0960281795987953
0.144446020659528
0.116251449942802
0.0596029977949689
0.0398764073737024
0.0714560003121256
0.0955585961779024
0.0693200959035564
0.0851930710453238
0.0680571898349044
0.0526330598687398
0.0432719500762816
0.0582066698864397
0.0835576012587274
0.0825064203657242
0.0613964378361319
0.0366282665693924
0.0225711328427776
0.0371351175769021
0.0527760653887353
0.0654699470469605
0.0518608994183588
0.076319715520609
0.0920421572307811
0.0574913738697834
0.0684090935504861
0.0632173511730648
0.0498946627577213
0.0537619908843164
0.0566635727202322
0.0489862500555043
0.0713266271275672
0.0789685367220968
0.0908208031663404
0.0590005777962647
0.0505165627035893
0.0468322809958374
0.0402316395107578
0.03217416495726
0.0598781706122764
0.0998329466394453
0.0618180086658888
0.0461122627101233
0.0588498115635875
0.058960391271418
0.0629083163435534
0.0804912101177419
0.0544538337816311
0.0406752549819042
0.0436179581717447
0.044071779666601
0.045405074859482
0.0877609102652618
0.0904287013482185
0.0528549533025178
0.062885374734712
0.0791613439555596
0.0794023068026291
0.043338153020496
0.106544909008585
0.086619883292983
0.0624989963334503
0.0568918117460048
0.0654421572403678
0.0811463146565764
0.100720458192391
0.130214966841724
0.0909449878553917
0.0757842223043607
0.0834215169933117
0.088877283747733
0.0618699085562292
0.0558063028266936
0.0534650629873938
0.0456493519788794
0.0528691860506098
0.0643880658086396
0.0750569899397651
0.0677107958152441
0.0611526409865089
0.0513061741852984
0.061646876540792
0.0554843999658593
0.0478392432055531
0.120222069202182
0.179013074729904
0.102813960578182
0.0587980959507136
0.0568793170537433
0.0406909784864042
0.0902092900792331
0.0978375967002909
0.0546985446113355
0.054710155399196
0.0436450199088636
0.0522541632059862
0.0664336971915752
0.09717004724331
0.117363515601963
0.0491822132527876
0.047550710216695
0.0480852284861163
0.0273362317259649
0.0210357819149129
0.0409016664435689
0.0581687320464538
0.0582637892630638
0.0428146674940151
0.0328899964742252
0.040124921188616
0.0487555754849082
0.0701367968252815
0.0791504730230552
0.0624764730681446
0.112269453294232
0.22748896050208
