0.00438648954121457
0.004257217215878
0.00446546012785698
0.00473674407816385
0.00480057034718649
0.00550285257207905
0.00531312368766408
0.00549611711394998
0.0042250925741074
0.00473169323851524
0.00420953001008819
0.00424019708350034
0.00560225583050965
0.00487296407506018
0.00474039282146385
0.00434608229976191
0.00461617434678905
0.004680350125247
0.00447863765519405
0.00481476850692047
0.00432311397566739
0.00432289601160958
0.0043348337064546
0.0038580969505457
0.00364398101065153
0.00376690640830995
0.00265713510715804
0.00317080774897741
0.00271595373477617
0.00295187212647131
0.003509165474074
0.0043138045223606
0.00338336497689189
0.00285681263185971
0.00311265962063527
0.00277902819741847
0.00279307215207434
0.00297268044291179
0.00403998510645563
0.00355571989699383
0.00329116817166532
0.00370962130978535
0.00356440950092596
0.00325713836607545
0.00311212702126345
0.00307185776634768
0.00314576807968883
0.00284853394014253
0.00305633164368634
0.00392614363273214
0.00342709372458394
0.00297252175796979
0.00333268212411926
0.00319182485439267
0.00297617822697614
0.00311052229907589
0.00315817056796948
0.00302486715660343
0.00318241386346562
0.00313433592523413
0.00322984024584419
0.00334427525474379
0.00303724224444917
0.00303113958480988
0.00330231628501127
0.00322503548780014
0.0037441151341513
0.00307372639596377
0.00323954661458399
0.00374556763382129
0.00306296715936471
0.00343856685658698
0.0036867525875713
0.00331731357461894
0.00362031333472667
0.00346936718976049
0.00332763806584437
0.00305686183900606
0.00286264098430752
0.00336589809553573
0.0031756154522912
0.00324428110938316
0.00303145245161274
0.00402750714915725
0.00280686171817009
0.00291611415474724
0.00284258447006093
0.00283337211854015
0.00303603008264218
0.00284401492803818
0.00290484385666521
0.00274342178227358
0.00310249295580793
0.00280332055940848
0.00259480056779253
0.00303953892079017
0.00329710239229031
0.00312900950375434
0.00274939565566065
0.00437319806463725
0.00302170652415195
0.00291068551964999
0.00340748624489121
0.00320520237838726
0.00326276164795217
0.00319296381064484
0.00352256946950043
0.00299381266188549
0.00292283013122061
0.00280109142579807
0.00294284903378867
0.00321596944879133
0.00324968719998483
0.00323797464105079
0.00335423096583777
0.00352954884513633
0.00348279318230543
0.00333876563125933
0.00436372851485802
0.0034246255540198
0.00473222178668686
0.00315095896873574
0.00333476523424545
0.00358232298042535
0.00267116289976335
0.00273566847740538
0.00298192458931857
0.00304915147010299
0.00307956673738565
0.00294304231872917
0.00341105874231788
0.00313765469585133
0.00337890419002665
0.00407933228242583
0.00408085388675567
0.00332585657038903
0.00329830425490021
0.00264235187065435
0.00263386300058828
0.00300908624975212
0.00296803878895502
0.00368574490068873
0.00359029274115524
0.00569567281964493
0.0068821551636762
0.00414129533898644
0.00335657387629708
0.00258420748782048
0.00381836595055105
0.00338929415165725
0.00320340742503651
0.00347534526361348
0.00318278169530593
0.00324668684264989
0.0031151642876282
0.00269429221533491
0.00283274313188182
0.00285944370282899
0.00293415410199714
0.00328696259466082
0.00274490238269582
0.00339805115259981
0.0035736644276294
0.00336481917126183
0.00312158761820545
0.00338387827766944
0.00289579219368888
0.00280442400904979
0.00298088906011028
0.00312678781726307
0.00344204527928987
0.00343273992882019
0.00421873402746271
0.00340400070363008
0.00338808447762192
0.00343065297614201
0.00300690150736017
0.00410066005147321
0.00291114950340021
0.00298140431440417
0.00345096387257343
0.00346614990023362
0.00299880735101427
0.00305589693716021
0.0031720460295274
0.00324662886178694
0.0041674472814192
0.0032100256094266
0.00306039504099422
0.00300241367323783
0.00324807928808059
0.00329131003756307
0.00360483644130673
0.0026786505475642
0.00268800889766749
0.00290450527836266
0.00275385513356681
0.00301866316655354
0.00278561066311761
0.00351540899633343
0.00353062516632175
0.00329401333119508
0.00304699456070886
0.00300176271296699
0.00298876174704993
0.00279867724793051
0.00297155665819633
0.00329906570026579
0.00325983191402646
0.00363368405280988
0.00313335657280499
0.00270927245277116
0.00349311727338137
0.00312852488754469
0.0034267869781881
0.00330590229414602
0.00332775789525921
0.00316964253703343
0.00307122315982132
0.00322548293280321
0.00274766700499169
0.00254691815089148
0.00332009215130677
0.00293227861243732
0.00352133162039605
0.00328972074271276
0.00263585113877372
0.00315716716345267
0.00253523596368542
0.00260400856598283
0.00284095000245351
0.00259079650032883
0.00258676498567888
0.00296110426619991
0.00297018557146636
0.0031586797196718
0.00336299758609355
0.00314698366714212
0.00360860994410357
0.0033191828747951
0.00277409291436512
0.00283828360366625
0.00312161409468898
0.00306941249208682
0.00315896646523499
0.00304076509491381
0.00966685844904977
0.0102930774894119
0.00405073807036346
0.00378774675821047
0.00322045009767288
0.00313546426068126
0.00362685333384134
0.00401279516122721
0.00349570201281918
0.00298732706739458
0.00348529078228105
0.00338468157013145
0.00346425651850776
0.00334920872296809
0.00340654164070343
0.00395027100724291
0.00355584457724411
0.00321921877165088
0.00311346630252737
0.00346375115645829
0.00319694129540657
0.0037036230634778
0.00459631255203939
0.00364950146538408
0.00415505707699324
0.00441631950270742
0.00325949123987857
0.00533279067199337
0.0036277894797199
0.00306830730400321
0.00293536315671816
0.00355311446371292
0.00314648000894337
0.00382341483009137
0.00319906908288125
0.00316907493691113
0.00370107422741127
0.0037426488078763
0.00371313664549912
0.00359992828974189
0.00337313241167743
0.00341308034518265
0.00277485849815996
0.00332654527297627
0.0030944703767852
0.00304043940920182
0.00395600236728437
0.00323067341817096
0.00245764868595258
0.00285058833664952
0.00323402732155057
0.0030889884903743
0.00317538245165679
0.00295392030773098
0.00285496232163277
0.00326675449891136
0.00336124978799881
0.00348760556884454
0.00409350769332559
0.00371894784928228
0.00336847745923703
0.00345771465321336
0.00334566198243186
0.00315759885635398
0.00324682277262432
0.00276583770542384
0.00280274003709712
0.00326967343636527
0.00346838859468207
0.003474236188767
0.00345002421685375
0.0038409300189093
0.00351370576046732
0.00319010005720034
0.00285323736128213
0.00414212268086298
0.00358344205465926
0.00364346171779731
0.00675761030396288
0.00855756830476237
0.00640024754707788
0.00614852680983023
0.00628063797447621
0.00666485763735319
0.00700139513886977
0.00661861384213327
0.0070975275455641
0.00727471021123445
0.005757692040915
0.00474653732300105
0.00477921574729194
0.00368902079235186
0.00320256526981273
0.00344752146744204
0.00368379413276819
0.00332925475067614
0.00309196015500838
0.00337424781900874
0.00373346817234849
0.00367940557635899
0.00368608172135374
0.00318084499164126
0.00364727713773833
0.00393244469354948
0.00354320584320775
0.00350314207018878
0.00491024110956038
0.00517668261121838
0.00476138952931689
0.00452620577028785
0.00454309479490743
0.0103323350379854
0.0130247550762974
0.00492135746440304
0.00315804280638497
0.00297268224413188
0.00363128997242762
0.00357300881471142
0.00399834558945683
0.00409412667734852
0.0034799710903924
0.00356847531915368
0.00423512064373558
0.00364448065310078
0.00309826418076687
0.00336372023241479
0.00403490656220969
0.00389846382165966
0.00453650940287297
0.00497190063837913
0.00497871977243691
0.00476559579791776
0.00575664867981156
0.00511957757547692
0.00482547680102077
0.0052005605926419
0.00733222095815953
0.00753739237313716
0.00646623186041406
0.0055536228440773
0.00488520545168082
0.00435464405306459
0.0035795615549921
0.00390018144751892
0.00379341099416552
0.00318825348875038
0.00329626136595914
0.00341965527203575
0.00313876134165408
0.0031554474648008
0.00328735274445329
0.00370662134620495
0.00339388537197352
0.00294659244878286
0.0028656709340395
0.00333194589012795
0.00403016501257678
0.00384964782090595
0.00454409598869622
0.00393276111499344
0.00327796945911476
0.0033182050720049
0.00329953646199162
0.00322176180801018
0.0032019190755238
0.00278810907024924
0.00406817452363395
0.00355424265385042
0.0034121764860099
0.0033289490350064
0.00339017809715547
0.00343069181910741
0.00397279067130032
0.00354562935673195
0.00361006163696278
0.00312416226529492
0.00284392086693565
0.0029844512139925
0.00308160264094402
0.00296834484542733
0.00266264747514472
0.00378633106590316
0.00387572593421397
0.003005995639751
0.00347542966452432
0.00450828848659783
0.0059813685116916
0.00881204902015208
0.00822152240358988
0.00410873540065832
0.00308586475563113
0.00281389730448659
0.00261484192762742
0.00267533046132863
0.00304158572689311
0.00327986802191524
0.00329178236107306
0.00342299832815716
0.00342545704603469
0.00311465756006114
0.00318301708200917
0.00322868680841834
0.00352025247593242
0.00364514688843407
0.00275522635423594
0.0032422241776671
0.00324510407265308
0.00343267770977367
0.00350536318593476
0.00312896073755486
0.00329208350399536
0.0031139033848468
0.00302583615889418
0.00293000083217658
0.00317056448834621
0.00329044398610658
0.0037908497092029
0.00347742588296499
0.00307564160981214
0.00376795319949616
0.00389660096744868
0.00288936212940419
0.00280238536190342
0.00296920286198975
0.00347982419817676
0.00324473780125695
0.00334897507268955
0.0035729080383078
0.00277587471813506
0.00310085166776665
0.00285448525397124
0.00267202680476181
0.00257432108708037
0.0031668500904233
0.002913761643167
0.00300642681681844
0.00321000812955832
0.00320923843430237
0.00269787743723858
0.00310078840221681
0.00445926298683037
0.00529107395701974
0.00530585366737978
0.00609333232969651
0.00637742637452902
0.00571733009177656
0.00451610013343499
0.00326853541319324
0.00295235509270771
0.00269337189741776
0.00295313991062132
0.00353507456561878
0.00340960224171826
0.00309570326889427
0.00318524009592259
0.00332501275110708
0.00328078423015945
0.00345324615804858
0.00316138784528505
0.00318973601999917
0.00324975348804968
0.00315871175579217
0.00344668192535482
0.003703687917965
0.00320510492368689
0.00314589848161594
0.0045375116774446
0.00311683846155921
0.00327792538094706
0.00328033294868838
0.00299611269906761
0.00331593328164221
0.0030657471475033
0.00298361559050003
0.00307625773397528
0.00331677394186966
0.002878802576783
0.00298141773496009
0.00311194849258352
0.00317736265088649
0.00270435490436701
0.00253814849620459
0.00338169553277784
0.00365433554260217
0.00369357562301089
0.00380163575903653
0.00358431383593665
0.00353728130186371
0.00332012133139665
0.0036343652180409
0.00348013293857252
0.00329193714857737
0.00375692859013815
0.00372221225132223
0.00369493646008335
0.00374440675070279
0.00370880242651061
0.00366414523859865
0.00303145968262049
0.00397932677775027
0.00413061093451806
0.00286076408853749
0.00271323106447031
0.00278259746926435
0.0030676853739573
0.00333039187524885
0.00370439424340901
0.00324716874777626
0.0029802387741535
0.00309910379243218
0.00379941470086497
0.00385379188885873
0.00622658280153125
0.00762161062307358
0.00588333262628703
0.00469716867826523
0.00308361149778607
0.00343961522647613
0.00406115851190514
0.003995252164447
0.00402885606347376
0.00436183762767583
0.00417890776120228
0.00368752494845518
0.00305964031648748
0.00292070178730555
0.00270342545323538
0.0028676442734169
0.00322348846093697
0.00367385737495353
0.00371710568322879
0.0044286653495353
0.00610367705959729
0.0061569544608515
0.00458606868858851
0.00376704889588606
0.00414417650886883
0.00369519235104312
0.00325673370136479
0.00323401789849453
0.00298411054182064
0.0030651936970995
0.00306347768237914
0.00309568326089703
0.00314157877608526
0.00307608167387451
0.00336850153570305
0.00371485754821753
0.00326326360890228
0.00280099011726917
0.00294918754657029
0.00312856493468803
0.00318951985898542
0.00289456457962198
0.00270599237652504
0.00324413891400802
0.00310186467925055
0.0027436047666209
0.00339511157923907
0.00414514662323792
0.00426656230321837
0.0045889670553462
0.00381899807452284
0.00387962942711001
0.00383541513239132
0.0040307626454722
0.00391471511647763
0.003401360548844
0.00294337927031868
0.00305020403871822
0.00283278308362686
0.00266027197764645
0.00259281850697134
0.00300565170950244
0.00311902095990645
0.00285876173083762
0.00284224152000397
0.00323852732898343
0.00295887078247452
0.00293698227045793
0.00332808122322236
0.00322898994213761
0.00303198589583709
0.0032490831984267
0.00310880054034829
0.002868729803371
0.00296013437089368
0.00329413158808246
0.00324007235263113
0.00294172927104321
0.0030079594181477
0.00358216955081066
0.00358718366718558
0.00276138871940021
0.00315207342119966
0.00371812255861637
0.0030008017946168
0.00259047218578878
0.00306541644514207
0.00338900378879418
0.00319476602108765
0.00301553460034191
0.0030742604290299
0.00354628053246797
0.00306788571699626
0.0028883846138535
0.00320836934076043
0.00349418452375249
0.00321649510916044
0.00316346214524379
0.00320953544629249
0.00323763450146919
0.00328600819799995
0.00390765235658319
0.00338935478343709
