1.01857013632567
2.2622697563703
2.51122266854413
3.07544300667074
2.7407837803444
5.02198684339568
4.54785595834628
1.78712190111996
1.3335764757234
0.974961237203004
1.7245544548651
2.08440070064795
1.9081884047485
2.67493396583762
3.63027778221415
3.67063425289345
2.65929459109162
3.59731354772621
1.77641256465031
2.45995047780643
2.62392111550695
1.22892193448094
2.96872498453017
2.54519767740512
2.26619191962938
4.76736213286466
10.422646369627
10.516224604844
5.52704223250084
5.33695209107436
3.63244919063726
5.13365245078399
6.00484630205256
7.72327555673322
5.21984862264798
3.69917076839086
3.29064721051652
1.68785730545675
3.10109634097863
4.32689943860627
2.83091815345758
3.91767494739486
3.76213643126505
2.43913482847907
2.1950070446079
1.6829828473838
1.99393965175105
4.42867035990205
4.06956050662439
2.59576972053398
3.51690374602591
4.46948382644452
4.09046784348018
2.29695306747971
2.35002128532629
6.4079770441328
9.07991446556846
4.94703181490988
2.30344161708355
1.91715561558141
1.39772409532054
2.35742565742757
4.62659387124414
4.7674164064834
3.3112618309257
3.36855974014189
2.40171130581576
4.89550707936892
6.14888890478729
3.04428497031613
1.64649500510031
2.87489729102189
3.6515639257318
1.96383886796928
2.08794687599934
1.82851643016952
1.0298910305766
2.08264621248738
2.87141031780555
3.37101889883119
3.99348841589508
2.72445523663567
4.82698832667183
4.2843805691897
3.42974647084621
2.46452849795008
3.29623819571719
3.80163748502819
2.32657754985089
2.32957934688975
4.77531900684546
4.48187996171723
2.67426923329419
5.86263770884247
3.37648115435575
2.84416201241473
6.04302094040822
8.16181390528172
4.23642800892079
2.28434477414854
2.45948797553361
5.72183901509032
4.37227648404975
1.51603230473268
1.68359422340672
3.19805362902651
2.44551184740518
1.15999664694682
1.44522769021345
2.80863010796332
2.87100350073762
2.24292269943336
2.93615640242901
2.85234283060498
1.96625586479847
1.99387439529808
2.30896397167184
6.58128133770782
7.07808389900291
5.53740107052373
8.46026180287728
5.78738886729508
3.93104720768205
2.10881671824733
3.50450509936755
3.26032042677704
1.30606674881159
1.1083411440504
0.815385767316441
1.34192312003054
1.94290144768529
1.36813975607874
1.40015687046031
1.61953531586054
2.21996466619873
2.62677079253885
3.30029887707247
11.2655741028604
8.8303146845822
3.97537845094759
4.6910072266672
2.48346692690317
2.05664592507888
3.66137570170508
3.62616465227935
4.02483476407594
4.91721915081063
4.60280606007503
4.48085449956432
4.08300849008924
5.38316871033388
3.10530894033936
4.52253914911685
6.93307880361383
4.27977755634109
2.35665134082709
3.03932584948249
2.18807136216235
0.975196294030077
2.38889443566608
2.44370669982456
1.75794431785336
2.85145554372086
3.01547123391272
4.90387388489204
5.31479441692931
3.99336083696365
1.88606799924717
2.11846093186155
2.35194488338382
3.3460502972826
5.34356321648776
4.95280169959941
2.76167973230156
1.68725463317385
2.62587502767383
2.91635527583603
1.93112150123471
1.51147620888362
1.66819799712938
2.14702335388633
2.46787307286641
2.86537631148225
3.71715345631931
2.3535099201181
1.07410705440905
3.69655162302399
6.14459484439932
3.35590190653579
2.2259380754128
3.97271928289831
3.90964492810698
3.09742371966422
3.0504699495843
2.90243935180308
2.89446996436471
3.8340280609329
4.83535978881152
5.05500196106724
2.62473816089041
3.66753386450134
1.52249946973552
2.4440062001865
2.72785344030421
4.62317460829564
7.27588914849981
7.33719648754008
4.13029716505544
2.03059725173015
2.95885234576134
1.441915560956
1.36408059526888
3.30252153076403
4.7473951124002
4.8507010306536
2.35876901291672
1.05940899550559
1.88348170352406
3.15750264615282
4.08190697647805
3.07587153232601
3.44985969148015
7.64361262133658
9.23934062008811
3.95294183657254
4.87412018345095
3.72083618491885
4.81271802295017
14.4690180180394
14.4436968330048
4.80465594099985
6.07656584007954
6.71694958377468
5.13136221417972
4.27462327836633
2.8784429626564
1.50233960897022
2.47660852577471
4.6501812187872
5.85877270531645
1.83043162957647
1.16614186239259
1.92146519046554
1.5224159471097
1.62602765365522
2.75570569520782
3.56202237161287
2.02088775116458
1.61116210553275
1.67194428101255
2.60993190733122
3.60275288165077
3.60704212591694
14.1166631712197
19.3369042721609
8.47606252879563
5.98630558594517
15.4108542501473
12.8394449747599
3.2672094605719
2.60315480963576
2.9651739898112
2.58672406937066
1.76578571742345
2.90732973966861
2.75793263894569
1.79403527738218
1.19130801680794
1.7884548224418
4.54010977809048
10.3630760007887
14.7950306911297
16.8279789161115
13.0414141667264
5.34433947700034
2.85595368634637
5.22849404952341
4.97836645547707
3.58790104561951
3.06189419505063
1.60244455365214
2.16350832002559
1.70485706896105
1.13005478321369
8.7175899467121
9.17478818991565
5.93108741849666
4.02778658361133
9.08776699757712
10.2915713173796
5.34406119640147
4.07634050574148
3.83809739334106
4.79511791108315
2.82300882010773
1.81355537702114
3.76242698388973
4.98271906854569
3.68805634034901
2.68755503918288
3.11842046747852
2.20569026413677
2.70075959758239
2.12562236381466
2.14367371137221
4.62736006060037
8.05475240752331
16.6619120891594
16.5479210995313
4.04475540198247
1.59488092791342
2.31284844039121
3.62004445121813
2.91563002384382
1.99487803773065
7.13903390796514
10.6647008822272
2.06009626594605
4.69271209073881
9.57475860814211
7.86293688428147
5.10796155679745
5.64376630981872
3.13658234336925
1.40973679235461
1.79200707632385
2.30570951390737
1.58354697333141
1.50232678558191
1.65388798872576
1.31213261679379
1.43941675866795
0.989863590214271
1.22756699442809
0.670243050942841
0.599594083027891
0.844006496720522
0.732907018488852
0.70281119581485
0.845265885898031
0.501217719502592
0.500284171859727
0.728069128052543
0.982112664741823
1.45167238133934
1.05758691708336
0.644402108380217
1.44583101227937
1.19610673675533
0.564508775364421
0.684053023531871
1.25790125699964
1.60735721239008
1.25799904637973
1.3042597964647
1.11906531343731
0.896079641828192
0.509375302910516
0.615544367909503
0.570494481620116
0.523965883338051
0.765423860642548
0.717221762470075
0.644606387043126
0.796939981142135
0.829283152344322
0.734256836739471
1.36139765387435
1.15001358419273
1.28168027439044
0.697924081175899
0.625037265594522
0.719854688054954
1.44134220342364
4.18755209581266
2.43321863291434
1.32453353025287
2.81455389740651
2.52852835203196
4.03765519318121
2.48433536236874
1.36039443143195
1.49834248812117
1.20421785915409
1.0220333843308
1.16509396478358
0.963232780036306
0.404521856767199
0.373688855866232
0.617783463544501
0.671692410931429
0.649246660045547
0.722044975968476
0.742754385394967
0.515203186855346
0.473911025097175
0.424885182073884
0.58600456299914
0.801835183899834
0.98920622293352
1.20734720487193
1.47579878649899
1.39805856439877
0.771142431020778
0.954064947196023
1.04837165523749
1.00505011068759
0.900393283172715
0.653082872785941
0.389585331190581
0.889378830056356
1.94963418031324
0.98085774894667
0.545426891402531
0.454637207821576
1.08882658670338
1.51438865198237
0.755847933434772
1.37202215559013
2.4544023388112
1.03023370335306
0.785500367278109
0.623541184944124
0.480631605267403
0.469208653795613
0.665566771755023
2.23227213487253
1.96400351216054
1.38137230461924
1.11845579671629
1.19152902067579
1.04253680266469
0.72031453516521
0.665564072739895
0.663717090458164
1.08259039868305
0.879203409044624
0.598845715270487
0.506200312743537
1.31253316838187
2.19098885911862
1.1107294848167
0.469012500163331
1.25098123750853
1.38008785554802
0.511207473415736
0.55577001910739
1.17887121408116
1.65992658118565
0.747413652364521
0.519323326742911
1.00341632155234
1.73143769900184
0.746512186078091
0.476886070939183
1.67989511418309
1.33664321792552
0.440020293183608
0.646855389086225
0.47553860608548
0.568105253178054
0.623590401831081
0.613303132826365
0.64898800287892
1.70030321590482
2.02107432208148
0.752714763940402
2.53579365140725
4.01566999487988
0.827775465138846
0.457920281803469
0.95593388546355
0.88601176662234
0.767105144009703
0.886823009782427
1.04420294412836
3.33694785113165
3.50724987780829
2.35161392138164
1.47646745135769
3.89425648939335
3.35082632030313
0.593764862882229
0.980903831726674
2.42181326139246
1.23887543871684
0.848370053462027
0.976052988518908
0.95547907275671
1.24552885435681
1.29651849704608
0.944815008008327
0.61122149522989
0.456506305445509
0.445678918954457
1.03357051980119
1.98774552028151
0.771179412598716
0.640910797600409
1.68715964442118
2.1000865452142
0.909313617228209
0.934590486917594
1.37055085357213
1.48647048892992
1.04036603895688
1.32688523458725
0.835161477503573
0.709080901564239
0.989009097247832
1.09755895673705
0.755536588954679
1.1270895551017
4.89342036961538
4.40506087484129
0.923915181732186
2.00409068446448
3.49111110298715
1.86632848092587
0.777189783646244
0.980342631604576
0.813931008608152
0.616961203071119
0.603950377159041
0.855165999072524
0.917770061717497
2.12505212891191
2.14005252681041
1.32233890210443
1.86715725776422
1.87973907258626
1.37159333855741
0.925682154045748
1.39991758502419
1.46279433716673
0.892021889262181
1.21095722699309
1.80663684767684
1.40676267032828
0.917284166717466
1.02273249629171
0.729284874007984
0.668518692111081
0.74574694448889
0.643258350204059
0.833683543345604
1.34386639174219
0.831909521317404
0.723989023311067
0.771069144108802
0.933935867261428
1.36510181856244
1.46401786024105
1.3041692628032
0.814384299737404
0.798672084607779
1.03247910838858
1.39255753200713
2.81314976564109
3.09732832917584
1.26931661859266
0.92685679524256
0.786221034577093
1.11738129997096
1.21356711751578
0.88782732343602
0.592769912367368
0.418128523811472
0.604212734265909
0.729072538108985
0.667370461059159
0.606359650518638
0.501378661147573
0.500527719464708
0.486195472420033
0.551498698499985
1.5635415113136
3.36295685221655
3.35800847842904
2.8348226786869
1.45797970669286
0.685298035148454
0.854302481940979
0.510733896422678
0.634896320082008
0.885104111939298
0.578348224235654
0.588309621814189
0.724656927429398
0.549412643408026
0.499640823188973
0.62853480866298
0.627461195908932
0.408742918604454
0.461214314956427
0.600673778944295
0.493332094088384
0.804578307688426
1.02860242481387
0.946246642342464
0.968455391272285
0.640568069301944
0.999851906247469
1.42748215632777
1.25215064088873
0.919026007320796
0.810742699595715
1.11027566657779
1.59670835113337
2.29128979600424
2.87499973991501
2.07451969148169
1.00837962511011
0.689395143985872
0.495120712240463
0.481468030386948
0.675676667747899
0.87463417724244
1.04480124265942
0.535156992452728
0.349885277199633
0.511391440000518
0.523612383074601
0.274617293555588
0.48729516783364
0.898074706402192
1.20574749503066
0.68266622205389
0.504721831130274
1.72120690349848
2.02140598122977
0.844664504366354
0.986867160871963
0.962613288706745
0.565368582942632
0.762321148222294
1.21367746907559
0.912879369223316
0.934657058583741
0.894911134584908
0.80866657588481
1.90515411779106
2.07090374659471
1.10018980089226
0.945272671107378
0.464291661410617
0.597530316431098
0.939809589167394
0.434404581210388
0.184492352768377
1.25478102574234
2.49518487411127
0.52244990828835
0.622548980716577
0.67603793480208
0.733267548667588
1.16149508554654
0.707883004415031
0.909199681615066
0.798623909596757
2.52709372937226
