0.374413059444554
0.277284066527663
1.57454422387656
2.76626392645612
1.45638075898869
0.772788010706607
0.883490174687161
0.665839217327693
0.705805134343363
0.504710293887948
0.408782777077466
0.466265025387306
0.813220897959224
0.656111637744351
1.26034831098482
1.9156666893589
1.07009601541946
1.94341004967728
1.40297531402264
0.31242234093942
0.200672281604744
0.184983888619562
0.187137551153357
0.137587220858121
0.088471055567298
0.263947991289117
0.570539131095469
0.432358202129469
1.79266801046946
4.33996217827456
0.837772203482876
0.524969782858766
0.178606367057896
0.168834840294747
0.362049113903736
0.153952393876796
0.240854814554699
0.32537418700889
0.235323577950466
0.117359404550773
0.116393319468487
0.116171362694238
0.0918263575504165
0.109577150145133
0.186831255208175
0.200219898474234
0.130702841977394
0.19169974286322
0.193755149885069
0.630711139331592
0.837896116845355
0.584904000468315
0.261549217046965
0.141328910363999
1.4117991616735
4.10638456606406
2.19991759156226
0.577618734239623
0.212995574190683
0.181173770873969
0.228492479171554
0.0888971272579677
0.563439302478037
1.04510070545427
0.340703133875844
0.120213557096884
0.189859563997218
0.67145255945474
0.59758823498501
0.13003417040193
0.261819818244978
0.109424849766444
0.248436992275308
0.366319502995141
0.267404196452762
0.196898195598791
0.134034265751686
0.139694832693269
0.122351025773777
0.556686489287212
4.44924873893923
4.25058854175045
1.38955283968247
0.558049554939211
0.232028161457949
0.192205991485019
0.248315040527389
0.275089667579456
0.103191522726541
0.124092124562101
0.123946958662241
0.0768918161536826
0.106591401578302
0.110249258061541
0.124247611089707
0.438432170756931
0.670157102971439
0.146686054039003
0.0703905557781866
0.097004635335777
0.102425029911035
0.206850536882064
0.0978274745861487
0.109576361913926
0.153994273041439
0.20336577320662
0.32822273808081
0.292887996476953
0.151341412666462
0.155302997902079
0.327344599049184
0.290962758057441
0.175371713721902
0.175445533653652
0.178312729890692
0.124617864888996
0.118877934019805
0.132259627009451
0.155007436932263
0.0915720277633827
0.179920601238649
0.156515198580131
0.202221207099311
0.233955751687945
0.216716994130928
0.130547729642049
0.0850190608782763
0.155229064265569
0.532016810943225
2.84091543159889
2.63200585614992
0.511502456670515
0.13104287634401
0.123963759448582
0.22047635245331
0.225050944173831
0.131688149459326
0.125002277729583
0.117633503597039
0.132372037358316
0.257467289779918
0.333207092000851
0.138957894921127
0.0961359872682438
0.103049904563677
0.101097563647567
0.0902334874577856
0.101999057064824
0.0842656039984488
0.116928986058301
0.208524850026619
0.158378601293909
0.0497818008999594
0.0794039176581674
0.0954510481400261
0.156282686570909
0.668362511248031
1.51489845932133
3.45285243013692
0.486446913151381
0.157283315486789
1.6579494432869
3.09744842778094
2.01861013341201
1.93239994739877
1.35850951721853
0.997623267248016
1.52858664212421
2.16369987059833
1.34782370818917
0.267312575547451
0.131328470665302
0.107989919233726
0.238917386042296
0.171834443307297
0.325374573770568
0.981546288047564
0.579455298110095
0.453288262280016
0.149952304412458
0.318671855041087
0.0884147170658175
0.454645956102017
0.568728256915071
0.0754455957422328
11.150646612413
30.2277168110818
8.41760418541177
0.466425027633759
0.227074808085798
0.109251408181652
0.0878563514265186
0.12512716016386
0.080288393968315
0.0784245851146637
0.2770790130143
0.808344105661959
0.196408358334312
0.064987325576186
0.0693129330007296
0.101495832646843
0.0489258883787245
0.0733321683729136
0.109146709961796
0.0565241936787982
0.0524554058188991
0.0600116371330615
0.193118882097014
0.156554756809534
0.0994674195084852
0.0808638982595805
0.0441543288626974
0.101315469438232
0.119991835838094
0.0654597375461837
0.194934199274235
0.194155261453048
0.0896615933826498
0.105778239269289
0.095542355246083
0.0522757851740821
0.103022519676249
0.847744648987258
1.01689403649313
0.389310640237283
0.784898892523014
2.61495382312252
2.72557778524263
0.70209579111829
0.412772270892599
0.644375542872265
1.34074530040238
0.657569919627235
0.128207379980654
0.123197565766719
0.0868150363081732
0.150755293450842
0.18243604634346
0.0726321896811898
0.144717396375902
0.0904360347087341
0.06370652792708
0.125238808323402
0.110743636899046
0.107791683498725
0.0692292002556798
0.0631054173777042
0.111194857291055
0.0481067228741536
1.30883327323804
2.62811158196549
2.5770552534042
1.18328957276508
6.85025108350673
7.37662684346899
5.28098696745482
2.55836818374494
0.581015707260041
0.909207883288024
0.257036341441579
1.0139143176302
0.794905226755527
0.0953685280205571
0.326604699780733
0.33690629786567
0.0301195994898421
0.0848813651496332
0.0903713289875641
0.084894809069637
0.608498813323996
2.44706410238985
1.79544638519629
0.0798477557698286
0.565322124049806
0.218424305872106
0.0389751941732944
0.0675431047824109
0.0887623648901645
0.254011148829075
0.405828722561757
1.95950221640662
2.36140420657521
1.24989351065916
1.43873245211538
0.0474103770450195
0.186038744540991
0.183421999414569
0.187381731643121
0.225463757434298
0.142995014878071
0.089401830942255
0.069324727963397
0.115527874871056
0.0860410835058387
0.0885317129048282
0.0947643685278035
0.0684410365802239
0.0401193774393304
0.0516634150739189
0.0798588574112866
0.117190915440654
