0.00524485436345566
0.00564486313281273
0.00606073238912612
0.00709723081283807
0.00637156590474545
0.00481092028841538
0.0040380630470697
0.0065673891617881
0.00551098943151496
0.00569924271408113
0.00562020374846595
0.00452213167430117
0.00448734705731767
0.00446312561362627
0.00480383757306784
0.00558512149417557
0.00475455937120823
0.0045768399738157
0.00470302706084302
0.00573025106805707
0.00642080196613121
0.00615319044361084
0.00523036645449182
0.00538542293925569
0.00641857717650915
0.00754467529511028
0.00707983512431306
0.00525059037799364
0.00452011884824007
0.00550573014422625
0.0056462612439701
0.00541981290070228
0.00603873210302683
0.00597481417760391
0.00586029446993898
0.00562322654479206
0.0056744968284035
0.00523764348746187
0.00508644269659829
0.00595510944375301
0.00549099676724941
0.00669370471407998
0.00669061724777598
0.00571230739183203
0.00564446638480638
0.00568228826939343
0.00494491885328802
0.00455547238137367
0.0048780376466946
0.00580838499196732
0.00614338460176864
0.00627723366034456
0.00539107313888063
0.00485560718731958
0.00396058940857113
0.0046347034664088
0.00553965262220691
0.00493597721394806
0.00714073892000385
0.00450895428354818
0.00468256430927223
0.00509382794111847
0.00528405078986752
0.00586251935201682
0.0047638095840872
0.00502576433742096
0.00477970935023172
0.00524401221604145
0.00520701201865366
0.00531261988757368
0.00577140075947943
0.00575867424399732
0.00523582504056455
0.00462745969184168
0.00488939453756372
0.00499646850925768
0.00509020483367359
0.00595091397879917
0.00612870520723068
0.00628198965024825
0.00565356096962705
0.0057663954778114
0.00517904759173951
0.00477383180133734
0.00491261897947748
0.00431347563639923
0.00468881927402131
0.00494976544090362
0.00539715644614436
0.00553585301526449
0.0061721524984167
0.00622776417607511
0.00576663196617161
0.00622609414118473
0.00569796868804571
0.00382153564773868
0.00515203359560712
0.00580730018183053
0.00475206458772835
0.00461963567850813
0.00448792060997538
0.00560497047076871
0.00512247713602679
0.00477738250970254
0.0066366635400772
0.00623400296942771
0.00466538853415057
0.00401521632431799
0.00533886525484845
0.00604761053470052
0.00581694832983942
0.0043996099352358
0.00398422790383619
0.00512483669747943
0.00562403935589415
0.00685130885961963
0.00550422472723004
0.00473827238987629
0.00512814885571964
0.00466821677270003
0.00528152283982946
0.00499526071773532
0.00437725347274755
0.00563163770144785
0.00597051181491446
0.00526933031065642
0.00463947438116849
0.00473962309057589
0.0050618910455406
0.00517565891451224
0.00501338400647087
0.00521377708603645
0.00581389971424747
0.00543979684071344
0.00693779344508166
0.0067539626937014
0.00510061251049279
0.00588702437758385
0.00602152108006621
0.00677707546801493
0.00650315140536902
0.00514019169647822
0.00505812157998101
0.00532521063512238
0.00493371453256052
0.00526867428982911
0.00489978511181291
0.00451598330210429
0.0044097694997885
0.00416196893044258
0.00356004493917873
0.00599837218058205
0.00826833720486156
0.00714066514783301
0.00793045744991545
0.00648221708314157
0.0052809542209065
0.00539527786849606
0.00454288467647184
0.00368736785885965
0.00370918482013292
0.00370698289720865
0.00312630565221279
0.00331155595485646
0.00383429622246349
0.00332582042719111
0.00334546210548121
0.0035459619325913
0.00315741408535668
0.00400593454952315
0.00431020472569304
0.00365894907051514
0.00339219808721144
0.00391240100436266
0.00408611183257545
0.00382880653975258
0.0036586311337623
0.00340123630003547
0.00284321566858944
0.00294843271634055
0.00376645734724501
0.00430066878519579
0.00384058215949408
0.00476529582815385
0.00465590985516628
0.00341562954514357
0.00407615707640346
0.00330053433750451
0.00336172109388916
0.00449701429163786
0.00433916188540957
0.00371788448589977
0.00307861966926285
0.00344414102817591
0.00438519120454192
0.00428275831870903
0.00405180932536476
0.00355640175259992
0.00390378253499146
0.00395503594560405
0.00353514359505991
0.00356048814251093
0.00356127566239231
0.00357681472847227
0.00343744474677821
0.00407956523875518
0.0031669895430816
0.00399613423863108
0.00362912922458202
0.00364370721041781
0.00392292325622583
0.00402310013139073
0.00459939561109171
0.00439372651674537
0.00364105700378276
0.00437753175990704
0.0039544080328072
0.00278809279728514
0.00316777711588473
0.00424170293403442
0.00423766443969853
0.00312751042600909
0.00279359785825127
0.00316293692431963
0.00401640132860813
0.0039570886222826
0.00324526154901982
0.00315533839058682
0.00316794972086771
0.00363914692081514
0.00388723559230866
0.00446717434990673
0.0043141357884936
0.00349067893516179
0.00413577848994357
0.00422876893146835
0.00387759764278706
0.00465975392424411
0.00422782769497623
0.00365974856258799
0.00393350838910508
0.00342382385921623
0.00334748919413455
0.00333181706080692
0.00347737030129192
0.00459402816971192
0.0048142836116998
0.00422143072575956
0.0033708644691102
0.00285892042488488
0.0030039769091093
0.00333538218735324
0.00377542405725199
0.00373908173466104
0.00398189408263831
0.00376703088563809
0.00318590312941837
0.00363230295994408
0.00398369860076148
0.0049329284552695
0.00688490598717887
0.00737027314532921
0.0103241160915358
0.0105231489815659
0.00674748481462817
0.00657603262672039
0.00645479948833401
0.00616447713154519
0.0041670182729311
0.00447515665184578
0.00391176208069272
