0.122457907903991
0.0728955755605757
0.0971584114986573
0.0748864266557047
0.08637863693907
0.0764798284773969
0.0826381577748607
0.0981193027707526
0.138952497776318
0.132450035485741
0.0693738091150648
0.119152310114112
0.126941007241027
0.156421042030712
0.232835019305244
0.249023613576471
0.111458058192978
0.087910543053039
0.171916817740076
0.19422945923709
0.12535172813288
0.294380719279602
0.405267019156598
0.270122224392862
0.319159052927531
0.216714173719731
0.116028433297972
0.112818380297539
0.0572619911535484
0.123349439278848
0.14793092937498
0.0556336490290969
0.0842778026773694
0.142201748285081
0.082568328363037
0.0779673841175295
0.0803540303953601
0.149512476405102
0.267599911802643
0.107927436614989
0.0438957497258877
0.117378110869166
0.14499267229084
0.853270781648865
0.988912507556363
0.0982596277662698
0.0540718068897014
0.0869679782006545
0.124650017271833
0.0775462207408882
0.0752284097587566
0.143377611269163
0.151718263513272
0.0978327717095316
0.106662989179669
0.193520868381509
0.197671603552727
0.27048217567053
0.189033153084923
0.0849406736129165
0.111880402867629
0.139346327415982
0.126951922185624
0.0679640751125616
0.193941905575734
0.346841439163479
0.293515115398815
0.210442352417086
0.154391980601608
0.223039816170001
0.20572246279261
0.186973699411087
0.162155348512475
0.075032016134946
0.076527514545466
0.132610783951097
0.112837384605264
0.124980829198019
0.0957738481372209
0.0751331749567408
0.080616932768644
0.146748860164005
0.102340705407023
0.0663342539709821
0.169182498335975
0.15056489176335
0.162197364574385
0.253488064735947
0.298518756214182
0.271766446172876
0.163258159029295
0.442826001001373
0.396279595202287
0.314063662680565
0.214087269089024
0.113152472367813
0.102318841672467
0.116898482434708
0.12755103403822
0.138264536921954
0.277017410556919
0.487941379184196
0.444426495024717
0.34725791862021
0.201486045652212
0.23813572586881
0.215012677865758
0.366388844198925
0.316008467507912
0.263677470685051
0.170260032205875
0.116037084618702
0.300779805217327
0.262875195247517
0.273014355633637
0.30220429696371
0.256439759379191
0.476389066462692
0.419723315161982
0.529119166228436
0.527465161237723
0.513798646285178
0.218040749708938
0.183368391304117
0.2016064374572
0.301704409186189
0.248136360409175
0.312583077966982
0.216658792989228
0.301314574738462
0.376049014103125
0.262694340003657
0.278405786351693
0.369174816526132
0.317039094584962
0.416635433789003
0.314687238761428
0.136943742347946
0.384973936419824
1.03642235555603
0.550241963002461
0.371065143202195
0.156000689062327
0.057410177970262
0.0786274075258658
0.0939054882823803
0.248946781387887
0.216539050818266
0.329937310163944
0.928541520643541
0.352399634114728
0.107622932220784
0.154081023475238
0.1828971315
0.155940492364718
0.0698612978337975
0.0652650167712854
0.225253172032673
0.463043500330639
0.176655198330147
0.27001061435419
0.21168735479608
0.165788594608648
0.193068134150515
0.295292878507877
0.203065197254494
0.161468173551951
0.241148613666255
0.408731348366827
0.274038662712264
0.408472537712187
0.211102838147425
0.135002003260474
0.0637352769222081
0.0646560987179657
0.0725904842982081
0.0705044735528145
0.0946137427744953
0.225589278874592
0.291891453854961
0.227910643497921
0.193308434005675
0.172421943863305
0.338228540398559
0.328967177050323
0.380240560268566
0.379162679877051
0.278356007005698
0.347634534088147
0.257200378452271
0.11528725313106
0.130498704073832
0.222854764996046
0.22995153012864
0.124513919759843
0.144950892066998
0.126466572074553
0.365337796466876
0.630608645682651
0.395103320214938
0.201266150829652
0.257565057878543
0.184541863871053
0.123291614969375
0.294628120613253
0.313450630619407
0.150027831242598
0.270309281377208
0.393956551548798
0.423892020827615
0.230564231068705
0.107720973309567
0.199407396329095
0.226837716293109
0.0852223620129379
0.154747433532914
0.189616608095413
0.136621368167481
0.146221368398109
0.196080423863352
0.328885289637834
1.54714526279237
2.22150681901977
0.87604110376145
0.220504289960582
0.327535772959462
0.562257859808007
0.168007851465662
0.213611194473992
0.193031031568795
0.174995379967185
0.350239302777101
0.306899507334565
0.163523216171489
0.260183057480683
0.780681005826621
0.80296245170357
0.729413140087279
0.700462140926772
0.465814723979541
0.305067800203797
0.198869539518446
0.140934351872802
0.149777307751
0.171324888670721
0.302823929462002
0.231618862822977
0.102814156335619
0.3556222866668
0.686139038817388
0.311795477425113
0.191636274250545
0.131155720841163
0.137269808341562
0.208282417938272
0.356301179128592
0.227555366353519
0.127330403888416
0.249244153092969
0.329240017331564
0.406156669168618
0.221296618865598
0.272189938482082
0.297718366066963
0.263130276641189
0.265966678925954
0.241380036269886
0.466232338247984
0.843734343525691
0.351198523508266
0.254143542508951
0.203397500143207
0.182067460184955
0.233017991339537
0.200892852574033
0.264929776921567
0.28514069165068
0.144766137161248
0.191301633811069
0.242046833768754
0.249386181124467
0.537817834119413
0.866165206056814
0.382932216402325
0.11879555386284
0.197197808088791
0.224447599804072
0.225128293179406
0.156039797439554
0.378443787599743
0.556169899492293
0.474582247920098
0.755080706449699
0.430393553378754
0.274819411920672
0.244589484998039
0.293500839633297
0.248907321300855
0.15632843770655
0.129195011417632
0.10367090107117
0.134933333050906
0.113171700108553
0.184627590612554
0.503024993742966
0.693332834641282
0.486671559380185
0.429909727116483
0.314028320623361
0.230833580558463
0.283099485004849
0.312901089994731
0.348438848008751
0.307355173633102
0.482166963087128
0.35663162593927
0.15571548093526
0.13305615122293
0.203597893820922
0.240752262557844
0.335434655880292
0.318066606551572
0.464195250915341
0.51604637715496
0.351868354513202
0.159754041026732
0.0984222517928692
0.222578919244098
0.411448883553388
0.36545691826871
0.222788679990529
0.417800664838958
0.563737825829046
0.238567254401913
0.236062773186276
0.31298277370893
0.704360348432929
0.871688191690687
0.381768546534076
0.255668164166783
0.127892752531828
0.39477794268214
1.0382493189254
0.473358292015306
0.939804501871387
1.02041165582471
0.274459884564872
0.346658198276787
0.221364994088545
0.104151971169355
0.209906899579176
0.262196140352325
0.189306627169791
0.147843012851284
0.120719766346172
0.373942326232388
0.496841969796462
0.685945645416102
0.948765113817041
1.09235454531335
1.64240365497335
0.765668328544849
0.467745919730522
0.496575265979576
0.693080984699399
0.326343397317511
0.219630472269603
0.213822086925373
0.452820550075131
0.167688062636948
0.0784647419659235
0.129192876943588
0.405226908460672
0.389460275592535
0.113257547601532
0.175743873145428
0.310065890489659
0.207491692438124
0.145216576360614
0.220094615956145
0.577333473710366
0.955772855745275
0.679394056561545
0.343450705805715
0.373738769588432
0.253266203679404
0.295667413144423
0.217224359096932
0.177087166572813
0.219974870721961
0.402295723765844
0.272665567065091
0.250872400619066
0.314930576269761
0.429808577665536
0.270528130388628
0.172962013783532
0.15242317841297
0.322237446975796
0.361989306865391
0.602458081087077
0.447465549959884
0.189520644034986
0.264789721878007
0.187353360156685
0.269395499961341
0.396082456826115
0.274259985296942
0.406555464218077
0.188150387331465
0.166975863180638
0.395133859490814
0.41870765629358
0.313471521600932
0.281208177108414
0.332530625778001
0.495740582090986
0.644244331690516
0.423079518901285
0.448656906438561
0.430484408077193
0.310303207182324
0.218169141525812
0.153201074972594
0.144153500527857
0.0901111707577176
0.168764991124484
0.252142924887947
0.209838596836261
0.428391650956274
0.770718072550739
0.715072560712151
0.40579367903775
0.263948175204545
0.266287973731201
0.422794752325553
0.505576158945951
1.4566236536727
2.59689795883894
1.42830289159815
0.249515869293656
0.297107170439341
0.201295811964562
0.572408858083603
0.744524514566519
0.642588598601054
0.692792586650419
0.487724307892631
1.25169080806044
1.87279318344776
1.156090398906
0.383898463758647
0.494508567616766
0.437491528141132
0.246429244652605
0.373744119422998
0.432022064415929
0.284403770787803
0.276813123762053
0.499429055391929
0.377448573193174
0.273113382769216
0.312887356541889
0.38890236534296
0.432333154007464
0.595709266424396
0.597488358525213
0.441071138346479
0.220933212380643
0.285303711421103
0.565212767859418
1.048269565946
0.841010488960129
0.532631835141883
0.246690474840962
0.200188664275122
0.378441933421289
0.346223642632448
0.311887379129015
0.368969550503782
0.329428280043862
0.279670657281138
0.330175099445083
2.21427755880403
0.254505580438442
40.9180429166755
7.14758970159694
29.7657685341322
0.90044204919197
9.1266114368167
2.84979208776073
1.89020708164236
2.72540491022977
0.359164865523548
0.750027776078988
0.127973588881686
0.207308444608273
0.350824159222056
0.0957762127435809
0.317596790591923
0.0913965433822694
0.693236552248877
0.266271844149403
0.0585071727734888
0.0511441310263677
0.0868615286103856
0.272299052730651
0.240528884965515
0.22445836107785
0.0931471044520633
0.0676888305832105
0.105987651115288
0.0722588916051744
0.0390497210579176
0.0460273448971717
0.0706705396831508
0.0222586502317511
0.0393128356685865
0.0336331939777548
0.0315833472767574
0.0522259325739604
0.0851802854189913
0.0340032146995875
0.0256341759164462
0.0300256785959372
0.039746209887116
0.0661367301030227
0.0673388677646617
0.0562770300459861
0.0339897319018791
0.0627968861344834
0.0279540296819117
0.0298811042516135
0.040031679924177
0.0645019757141989
0.0444808648189808
0.0353051529607057
0.0435409133389235
0.0542432125573856
0.0339031485265201
0.0237587629239261
0.0757133924411611
0.0751369549991577
0.0294334350268521
0.032277971128831
0.0373027435117546
0.043682400609301
0.0355273815612996
0.0208398635868643
0.0380316599145197
0.0519012580851088
0.0348372664527002
0.0330255451051788
0.0790650809394244
0.0938367996026506
0.099303983737107
0.10815386962758
0.0468815932290455
0.0215357332384432
0.0252123266316028
0.0365229018235803
0.0763671944293296
0.0436633440337033
0.0375169564731674
0.0336120924177183
0.0235912831156227
0.0367400682149116
0.0603255629298935
0.176739526862667
0.212476769456821
0.074175898692681
0.0396305884193633
0.0283044215389642
0.0382657610353371
0.0418902470299153
0.0480087578158343
0.0750661419329279
0.100754493333083
0.0676963508066559
0.0246530280731327
0.0209675858706511
0.0338571588042327
0.0392505261481917
0.0290720667020459
0.0528551266162494
0.050903948154982
0.0992552327630857
0.194867526743788
0.122827025101857
0.0579442713888101
0.108583091818447
0.0840045719229813
0.182807160958009
0.120819019908987
0.115331984462582
0.0639036079002517
0.0533116611792386
0.073449936334369
0.0581502193638791
0.0654165687203393
0.0834471994519455
0.130402673495476
0.148920288770843
0.134078444819937
0.0423913461297093
0.0422676190094929
0.0403930052494408
0.0645094276350394
0.102870974347618
0.102019192246598
0.088305321258833
0.042063923857743
0.044808004980357
0.413838206525875
0.796042196359696
0.107086343785469
0.151117564175832
0.145502060560271
0.0373015516207643
0.0534681790331531
0.0923691381885061
0.0344319969362808
0.0530953357069207
0.110733325113933
0.133769286730926
0.0521076929702884
0.0442182620314652
0.0454472352869813
0.0361517685325803
0.0332410090944715
0.0515463834004366
0.0970216343121165
0.0321162050674168
0.0428588769065907
0.0567480539749718
0.181256749854641
0.359868860967745
0.228718058938085
0.0498339706837919
0.0401818790857404
0.0607069703850317
0.0559192306637827
0.08174496565836
0.158612063903669
0.0872269128305714
0.167529932018828
0.0419082726804307
0.0583917794304015
0.0846634247821531
0.149331473848675
0.0431864768690242
0.0846087247917162
0.0353328289998382
0.104915528251137
0.0953102394422706
0.137206091411895
0.168188055610989
0.0934925826604366
0.104187644237641
0.0922247945438573
0.0563864335688352
0.0327715984932217
0.0888214991771371
0.116364529213451
0.113119488195397
0.135059562495426
0.0780030633153016
0.0801763541012818
0.0578914389939917
0.0646593319753468
0.0623130303105491
0.02675427183789
0.0437826244853091
0.12321956263108
0.122412874776672
0.0436608535659488
0.0319419514230506
0.068264412640545
0.101746687773423
0.0861084371055576
0.553641475492482
1.19420472278826
0.288645505479252
0.4561649955316
0.0742791402790605
0.0904198169536896
0.0339707765479922
0.025719111135403
0.0238105691865468
0.088238556657857
0.0519332572276299
0.036956930292143
0.071417672153196
0.0502951996377743
0.215741552690358
0.255187491154659
0.150855277409665
0.0589038200649143
0.0325281158102982
0.0423537635229588
0.0627744691626347
0.0677718590175907
0.0807286502497072
0.103172139997844
0.0614511670829995
0.0365739256235841
0.0445350266728804
0.0792068243104069
0.0416359809836759
0.0592432794555696
0.0561479207044131
0.0793866836665809
0.138583588762715
0.0992075826316063
0.0748107431256555
0.125026132374602
0.17087341166481
0.113177246445088
0.138315589130708
0.140889396032831
0.157076721906797
0.187348505942758
0.111798351761753
0.170153476334462
0.0754723607149299
0.0510265775731618
0.0496142567774697
0.0510105612997976
0.0720998250961506
0.0642108055130675
0.123121129168073
0.188064544390595
0.150665441475707
0.115149491413908
0.129114357000188
0.144754679317274
0.127083691419382
0.0610836232949436
0.0677470127369464
0.0876223457107765
0.0745780498410286
0.153078939643589
0.125234028660775
0.170994760767689
0.14101345365997
0.108318700613297
0.0643282375139802
0.0346245431914936
0.0865513784399696
0.123405291275837
0.121138100466325
0.113692739731613
0.0890980386727461
0.150758517364193
0.117226117865778
0.189103333223192
0.202080986661673
0.150742183827623
0.212115107906994
0.221305297358893
0.129115888208679
0.0641005788286702
0.0906375522925049
0.148666651387033
0.208050449198141
0.15974466240139
0.0883702580215394
0.0965234369109642
0.15378826575197
0.102910921348227
0.106305089056907
0.254177970783485
0.310785339414438
0.139940644688168
0.0753014885773789
0.126714125644105
0.0895880703046305
0.0779845052003265
0.0687886456185769
0.102328620597157
0.169073468236834
