0.402091972415929
0.533553484876246
0.892424337017767
0.4114191236032
0.354558602411011
0.373827896408688
0.38525407401396
0.366339816507099
0.436193889745915
1.47790146567748
1.71971415188494
0.562483838878135
1.33863919551967
1.54221866457341
2.3721209411194
1.13961569000762
0.569291995163709
0.941537219810961
0.585894122527921
0.248952361115078
0.263860386348343
0.368426480279769
0.631277669884866
0.391782668944348
0.278495682680928
0.29609808143355
0.316058777988198
0.115498554251299
0.110051977122183
0.284466466939918
0.367405191567502
0.164762163746105
0.218410956780613
0.285856922186826
0.354825910368316
0.415125137834873
1.39361710958891
1.02398577517611
0.270523252220701
0.290536706479117
0.252047010220112
0.446504550938531
0.537927615243963
0.503102098461104
1.20760467526719
0.628924414100617
0.43885946558009
0.301063872630408
0.39411745276187
0.246300254481969
0.199043306242387
0.184624152667024
0.298836774036854
1.15099277106017
1.10893253674612
0.722325236255567
0.350688220374116
0.256755893179323
0.403619274632914
0.946360754399474
0.536547286109756
0.373075984052184
0.284984911007103
0.183996961037762
0.372462177481993
0.817391380267737
0.479892559614563
0.627675729713023
0.269032279198708
0.17914552929099
0.286663328790984
0.606683453823318
1.30688991988245
0.820186487406269
0.704954444635763
0.328143642216544
0.235942264016094
0.746833556116779
1.33708816926398
1.41559185262741
0.711335096191325
0.165075272633124
0.224690747833241
0.813738870902279
1.29940398867685
0.782187959525069
0.484041748011889
0.833854889910814
2.82529707836751
0.521357488377124
0.316279792741896
0.381753794493404
0.590523264087085
0.493230775998979
0.331234862473861
0.247148008701224
0.34916933212982
0.646366204544947
0.306703808499371
0.229354254491616
0.539517685803298
0.629737602543221
0.292859884388594
0.370700009480366
0.409813417067766
0.26372071985355
0.616726803369149
1.05126684401319
1.07770626357243
0.609770309307256
0.894956752685606
0.575445550601406
0.417878129321861
0.956790596821446
1.60077472093551
1.38916884192756
0.354690625077765
0.266197271633326
0.328948818406446
0.422762851900511
0.427279831794129
0.19362036499944
0.169042820790926
0.187147385455701
0.158233341282973
0.411674760598851
0.609243230446919
0.234677806117005
0.356957875125882
0.602315414238702
1.09159601682715
0.436417283294147
1.11858329634686
0.543923437235339
0.562882883801937
0.63903187473033
0.543235891887126
1.25104647076057
1.55270260883908
0.534385765217875
0.396936551478155
0.45801268261538
0.244362443269216
0.222559266507099
0.190431226945454
0.192421086368135
0.183530045199636
0.194222501838736
0.247093564735418
0.294635682790412
0.108503184626424
0.201101552881964
0.205681252471288
0.516303663890733
0.663785433125323
0.480474528670394
0.431984901093018
0.240835877554699
0.249994226242183
0.729276176311554
0.934814861500983
1.95378851755993
1.41164670353882
0.167276471939984
0.35465428837838
0.410773414450519
0.227679415437541
0.474236780358128
0.591419972328478
0.428076801363915
0.285998812731091
0.288236160027644
0.500711126972092
0.534325703780692
0.397117808628069
0.24295306830358
0.465974502714966
0.393541276947987
0.682683705408163
0.29828417835753
0.832233145058638
0.654539301436272
0.38865009696229
0.23741023129851
0.141887913994544
0.152298586817658
0.161636343967625
0.162500845958834
0.181403790649192
0.802149402861704
1.51155256883919
1.39018170061549
0.636512934109587
0.110477542005027
1.12881693215383
1.57535524534801
0.681560707544703
0.383961102812973
0.797484084286403
1.05614906221957
0.291145152518621
0.252688412435502
0.586522185499595
0.590191696090206
1.98758927684344
0.502756298265575
0.178024447038781
0.105742988398305
0.121315786647938
0.121259048050429
0.177619636594164
0.305758089683482
0.299069424551557
0.15178060343459
0.204092406809485
0.389891895246351
0.413035785289395
0.426493777557544
0.251640927173043
0.333667429129543
0.315120837268722
0.160940555006826
0.217169277820733
0.393441347831394
0.124730342604524
0.110053668545082
0.109665882968611
0.170758547395251
0.234251478626262
0.218671756099993
0.287111970535858
0.408192723756178
0.330885481138195
0.185244259889686
0.190430340513947
0.325292318476666
0.442938578608415
0.190828926737652
0.188221942544693
0.357515921223409
0.785370979113998
0.434415312707117
0.145649707852352
0.136659268840361
0.164993978280559
0.251906135832396
0.137241906135855
0.14700972373849
0.127888878610182
0.350801568392309
0.272545430396414
0.0761448142135985
0.075120263744031
0.125918925691071
0.103314841574964
0.0727556667823127
0.101680666932342
0.0622282203186183
0.351329891561321
0.261895898816953
0.4032115724917
0.451300074827382
0.474490103170884
0.413577881163125
0.322456649288763
0.272854479302207
0.266009836164087
0.48652892440559
0.515587413653908
0.286774359440032
0.0409461878828913
0.833511505804531
1.13095720734031
1.10730325112817
1.02834514734339
0.0937585835061227
0.146651046771526
0.514165329881659
0.719226399083701
0.585834938150759
0.366553394588337
0.184863929187312
0.129004176951778
0.204636383523485
0.0768387200695622
0.11154568296053
0.126814260011848
0.163322741124482
0.23793366200882
0.372990568844168
0.541351123328937
0.274047869174908
0.164757965210849
0.0898299066473504
0.110744275652299
0.097372321911055
0.0784634106639115
0.103532814091063
0.0921938273483669
0.175532913428518
0.188025063768487
0.0990003028908612
0.100349575997493
0.683135151624132
0.506659587988157
0.117015793612756
0.139263864855762
0.283197197596736
0.38878758851805
0.267719229004441
0.390394107369063
0.447428546465198
0.757972374334556
0.331206940758273
0.153573527259434
0.171579369873589
0.0864937408389805
0.0435798323050062
0.115779034478332
0.255684660067497
0.199491377402646
0.0939051317980077
0.0727567702344304
0.230077432135917
0.220996836823802
0.126523203885299
0.100458490756125
0.087812914564002
0.0709276356107245
0.066689648384415
0.0529153409611652
0.14569233365728
0.143083186902766
0.0843408487458561
0.0548462356650003
0.146842697870782
0.281570147331246
0.344123318407042
0.283874892576169
0.176679436769995
0.146298912252559
0.177933617643353
0.180374160332711
0.115129534420827
0.078478047770683
0.115450233888799
0.0976387817626887
0.138010533610526
0.168948918799114
0.106632871031799
0.0543451241448561
0.0589967916120774
0.0739250860724763
0.0841719954828975
0.129887083484521
0.113524956085735
0.179018297955788
0.772219499832278
0.561116679715141
0.249732668181907
0.207807147435262
0.0881029907735285
0.069192102654248
0.0445577287913235
0.058034862638523
0.0579766822994315
0.244676620444674
0.242933651790162
0.0986083125440085
0.0697045565212405
0.379285191522463
0.326937776913942
0.0789332419441254
0.0854599913888669
0.0906764945477521
0.0720684935137405
0.0631287938278221
0.0800529494484308
0.103130903148592
0.0651405289217294
0.0403651544225343
0.0778595557513339
0.0862640091045242
0.0563969472261269
0.04698049754362
0.0420014087349066
0.0628243470549001
0.0863071178075275
0.0836451694072544
0.392684649811885
0.491030797374312
0.164746974057065
0.0856910726402943
0.12708597190978
0.202849594552956
0.169344147297536
0.0765013615726459
0.0969730764088223
0.0841244663477619
0.126693333205826
0.0812056537952956
0.0640280042660624
0.102178248879802
0.103252960569158
0.116567401067543
0.183480252485652
0.244774896294298
0.268163448631355
0.0698343146568916
0.108979858561064
0.155537704314243
0.287558960826267
0.810729400063597
0.41347265459267
0.27216131498942
0.309733974861316
0.408924366593723
0.160764879194994
0.134606190131734
0.148581303770636
0.133122248062318
0.162965553225231
0.127092886649751
0.118193089574629
0.110313578398801
0.108954532054959
0.110862833452035
0.132893647413681
0.0883207952032896
0.0913579011134264
0.108618270551928
0.12329939161966
0.0989802542361064
0.116672890254493
0.141026323117397
0.150079806694269
0.0909394482730433
0.108106873730886
0.115303619463711
0.157724102493076
0.0892210121967371
0.0464845713719599
0.0943274092588599
0.118961711855321
0.127949898318969
0.16228014087474
0.301053042163798
0.230847774043853
0.310925602777085
0.195275360514283
0.0784700320804378
0.162920581166646
0.318566358650615
0.548389275533171
0.245464802218707
0.0996159952997153
0.155490848373965
0.229896961333915
0.187468893406781
0.101137830139863
0.133888633563263
0.134052392525406
0.135908493546422
0.076888220889583
0.0560653826462175
0.113855864812573
0.152791970628456
0.125363610523271
0.0707277455842163
0.0928248779443163
0.225389373815935
0.217801013814154
0.109722608571345
0.0661795922318687
0.0548634669033866
0.0754907998238779
0.171633020517928
0.308007447998644
0.187537739100286
0.0854602989254363
0.357683040186652
0.336260820849367
0.145590878708363
0.126828257513479
0.138856152699828
0.187294727504656
0.108609801055164
0.118308188588985
0.0885373340741985
0.206086000482758
0.23522491737134
0.0882381275816097
0.0789318810899768
0.0745142329728099
0.10651686036864
0.103814636058315
0.105715291535682
0.152849850354798
0.153674792725565
0.0963461051096719
0.0666664839271399
0.0817119491548375
0.0814752789616901
0.0564002213580301
0.0883477220453763
0.104711065294737
0.135316066128475
0.0743092661920538
0.0397943371842168
0.0616109016769839
0.188438927796917
0.343904119332635
0.195326061805662
0.110538758398678
0.174079479119296
0.159257268212581
0.261932089909067
0.198253866576299
0.124431969738805
0.0521127223329397
0.0482502600325811
0.0312116641107184
0.0577326504704187
0.0791184799857312
0.0397031648872942
0.083634427248029
0.120370997714827
0.105369216436501
0.132747917541199
0.170045355326189
0.110484712474856
0.130037161551147
0.0901657713250817
0.0672532976229918
0.0783541985912511
0.135982668595292
0.206178000267217
0.219820688824956
0.0614673470930311
0.0831537996150545
0.0688741319404491
0.10389423719495
0.13334622104882
0.0691411725123907
0.0879260056426174
0.160175054305789
0.173572757310022
0.0998241167752025
0.0957600862495066
0.0827616010256679
0.0993818546554
0.109980219043782
0.170459453721179
0.195326129271917
0.105533400194803
0.113182771101124
0.192877871039151
0.126425272863131
0.150445779524083
0.274582314424112
0.200466322989756
0.191459005644623
0.142451676253671
0.101064687013603
0.0701000971700992
0.0608610979660162
0.0692840655525363
0.0733394718301067
0.0657028867989752
0.0787047868538634
0.0869507094387981
0.0925939288991398
0.0998644782865484
0.156680737415724
0.174544215707937
0.0908587733728078
0.179718458671943
0.184194121787811
0.173032992975782
0.0536902174219964
0.0652938905156805
0.0615946972222434
0.11208246591415
0.11971396001704
0.239485675016062
0.292817937242853
0.256131243432042
0.592526730501939
0.468787865696547
0.221502221090858
0.0836834703702121
0.045631783273052
0.0758878322530899
0.118219855241548
0.168821594812927
0.126511548124303
0.119045405912326
0.0892655789970624
0.104687170811311
0.127871622387843
0.0578048371567974
0.0479041782046027
0.0936028059491787
0.143328088679851
0.196998383704842
0.0990837403299822
0.116276449158147
0.162749508352646
0.138843754108912
0.232744212645552
0.208162938825753
0.255167123094152
0.447192568594734
0.201465814113569
0.102375891002564
0.0662598420517643
0.0425661837594541
0.099848150730384
0.108389555739364
0.0976521226305795
0.163249567085056
0.463881801619485
0.429306636692929
0.234132445623555
0.051365261821933
0.10600734903456
0.142359496299647
0.167176688622134
0.130855696461438
0.131359226547157
0.161239321617135
0.160236149020163
0.158979332192049
0.215346616157524
0.106405064216551
0.118461230064233
0.125939520057981
0.162002667038428
0.179292084880164
0.116669164781306
0.109876120686924
0.150614990698833
0.146933411955911
0.167934812097695
0.0758139647070917
0.093709601777186
0.0922864952676084
0.063758085697417
0.066289634120797
0.122363809149468
0.21807216188357
0.196465051083033
0.160410388546256
0.153797549526886
0.177717587299736
0.14539888311277
0.0958528274279272
0.100165664939666
0.0866897446645215
0.102726437107404
0.146513540555357
0.203877288254773
0.216229830607636
0.11580765259585
0.109623905980695
0.100702626465536
0.0764130172112439
0.0966803351594458
0.0980339509112818
0.113099152189746
0.0749111992406877
0.0621649423584569
0.167004637169419
0.0748221152205265
0.0453146365953197
0.0773211135522819
0.0781978853815991
0.176215510366446
0.0605884466367897
0.0319294331929471
0.131841253588148
0.144235925908067
0.139235521942899
0.159208187757368
0.102815254872361
0.0765028806480856
0.0479570503959272
0.0514752472928221
0.0679086709162316
0.0949461394539078
0.150550008267901
0.10189192635556
0.0872340554307999
0.0795134779520036
0.14405546807356
0.139192026717528
0.0569708177509055
0.0829659467067348
0.166522278038528
0.223949178569573
0.1957612482989
0.0794355747585378
0.0945999197410276
0.0807721670524599
0.112160156230514
0.090408292641144
0.0726810476461192
0.0781650824612645
0.214037944239513
0.222987999944533
0.114779993554675
0.142950321286752
0.11744045204419
0.143766466407526
0.096057721312789
0.119352222756375
0.138076230600611
0.68071674874365
0.738485928512433
0.0892294391827896
0.158934105718322
0.170394082631453
0.227525507022917
0.258217676089012
0.168670808203612
0.139505743974855
0.218944469867717
0.247137408927969
0.213194811255695
0.326633457930585
0.172192167598116
0.0732840383298557
0.0925203524985416
0.159607410319642
0.0937681421562506
0.0517142403475307
0.0820387544302266
0.117004947260065
0.250101360714078
0.223926696314878
0.110649050183896
0.129980030298741
0.110229060147475
0.205091075491343
0.183598878071042
0.106471306840247
0.0753304579375607
0.0873657599388873
0.135960168456101
0.161945243662181
0.159778773274357
0.111664234313891
0.0467363629325271
0.0428187427428196
0.0261045698245072
0.0538459308679445
0.366247040595722
0.714049754099774
0.170338992300604
0.106713488480051
0.0649567383117242
0.13259334473811
0.20909176694316
0.255046353003116
0.0679042249333442
0.11451664944878
0.156109707611364
0.217333741018206
0.182706030441801
0.100023461603553
0.0747629541713311
0.0652898493442559
0.102731759192992
0.0701443761259744
0.104811353796331
0.10456026425461
0.124843466490691
0.131919294113542
0.106909937138982
0.11389861574505
0.100047773477833
0.270464258682308
0.102308655170152
0.164424315159243
0.115070957084582
0.081529343196912
0.110328370521066
0.0760874900141643
0.064235244854649
0.0978431047521612
0.0959885874320695
0.0861537784924495
0.16699683313149
0.153914699252741
0.058627418152083
0.0869418499986583
0.111035850620564
0.125129415596376
0.181024869551333
0.310862181537465
0.165414220414717
0.140653210072695
0.129400858030757
0.0985252880235479
0.139385695556032
0.0934188352548038
0.0665205138294565
0.100439246446876
0.160349287151576
0.107990714758388
0.131770302411543
0.127054627498716
0.185622511774725
0.20399974070533
0.0795236517888616
0.0846894093929095
0.115204529673075
0.0699286960083778
0.064027657630434
0.0690179515865869
0.101835994923282
0.149573683175739
0.114183997491014
0.0300906452519748
0.0430044561470302
0.0948167891910407
0.137141898749109
0.13077001851787
0.105321629455723
0.142523637602392
0.10463391478251
0.087673184172125
0.0867251797403294
0.159443480204497
0.11972272345679
0.0926499272545389
0.0400073122716278
0.0828849273852833
0.13440226026895
0.112013848081107
0.132980705035898
0.225749794463414
0.116041530686682
0.0987027916108547
0.0986310223932196
0.0336961059760929
0.106231855115241
0.155004675501749
0.0993584459275661
0.159607392411827
0.135334920209612
0.0436512481699183
0.0775834735046616
0.0741305286459912
0.037235057397747
0.0298434242390079
0.0597549813920288
0.134932818628936
0.317359370230049
0.189474868089014
0.0561666023183584
0.132154358481204
0.118142392599337
0.0636044774939782
0.0429038377788463
0.0457609196393523
0.0434271049797896
0.113150967214772
0.187638904215989
0.124799092077121
0.0795928830846459
0.0602115670494427
0.100634348448758
0.183845548351486
0.172884537646954
0.156457455492349
0.244121488943575
0.141270977484093
0.109468739506446
0.143436699196481
0.0977650852470909
0.0767168931972261
0.0511547659816952
0.0413736070364966
0.0486884839322898
0.0734057454569351
0.100338077647668
0.152847638762234
0.153379970789246
0.10929404530658
0.0918642319131907
0.143797237100485
0.160029053674432
0.110536513096568
0.140101540905833
0.0815688864100366
0.0809395838665566
0.238232389296609
0.205611714543419
0.110152052247782
0.0900723775297955
0.0940837248426927
0.0790401312611835
0.108918581874473
0.0963225071582607
0.116111727400715
0.0879420966873979
0.202503455024862
0.16020894766754
0.033239572003631
0.0355076274841134
0.0655880203747454
0.207343962143149
0.249643441120244
0.169142327128429
0.216913036385969
0.10484238555659
0.116832846398473
0.0937172021886938
0.0897740347174093
0.0805456794486844
0.109453675102493
0.134077765643621
0.0708618874436162
0.0897761753498747
0.0955029927820544
0.0734215784484866
0.109008619601726
0.0952250287901515
0.0952523223591641
0.0875161588326764
0.103567022852794
0.054783153960477
0.117357778613452
0.110496501117111
0.0668774834303348
0.0573843291076428
0.0585217221102352
0.124921036639749
0.238405440192498
0.387494653527461
0.381400277527062
0.0979929647825852
0.241877985982855
0.256176098324392
0.207285439411684
0.130022045854212
0.0645160416701387
0.119138447050167
0.280512828189959
0.443408850534551
0.262471107908313
0.22858603324829
0.312658901611879
0.171678953101706
0.154264004212026
0.0938569123861382
0.0515843209206884
0.0872176627692507
0.250410167654374
0.215515855006763
0.121432493598898
0.100773133079183
0.0585995354650604
0.0449519848912699
0.0495466050331614
0.0469545428909081
0.0697163589965152
0.122717571441739
0.157408152615412
0.143204534253732
0.19812841499607
0.0998679178776208
0.100652726673506
0.119353937103591
0.0801788991848575
0.0704116552736634
0.137720162572984
0.25209655505761
0.101623135867965
0.102838171884576
0.135651161482828
0.181379564270995
0.126657046159499
0.129343407848496
0.125149356315385
0.142451733697477
0.10422906497568
0.137189542594652
0.109983274013329
0.0669395767120985
0.0490494735544001
0.0564918587267674
0.087549399018984
0.102642128429147
0.174656865455452
0.159120820645905
0.0700513340595781
0.336435295787988
0.345109372340461
0.0756182370301566
0.161641666776433
0.171619004925
0.0537804944481762
0.0200987563943577
0.0261614253379937
0.0293320015153537
0.0515349817874018
0.228657028236883
0.246818981637416
0.0758040472394007
0.111353557303633
0.121435560533483
0.106929075828943
0.123855326203348
0.0486327317572729
0.0347576561634835
0.0716061449345174
0.123833553520918
0.104824421597979
0.0919947931718059
0.25105845708946
0.262627525035593
0.1405100920791
0.133379664218162
0.105566408377721
0.100447471875229
0.0776215188444653
0.0757312942914924
0.0722292720297875
0.150199007172854
0.0596547862049115
0.0667492946775547
0.114444002555139
0.103537549180669
0.039978512217145
0.029418051412056
0.0588157458849253
0.122627224321614
0.311742899566295
0.200352355960911
0.0551378818940829
0.0760907339219475
0.203563148307404
0.261709765808568
0.105281230184692
0.0485580254435432
0.0487982276420031
0.0643350621116955
0.0698613423700932
0.0498238903404553
0.0566904662265867
0.0589632457094414
0.0491569093832564
0.0487052395565333
0.0414736639540802
0.0466678469198445
0.0284994047590585
0.0440203380582636
0.0350756241257954
0.0646115111428537
0.115223007183607
0.121263723768328
0.0686263033493287
0.131311732355071
0.193067054068132
0.122990237453701
0.0895138811891656
0.105930137741149
0.0863140029518365
0.0899994027339869
0.103407673733504
0.184955307119478
0.279486377216232
0.0703270729079952
0.107504765120927
0.147522754952886
0.182964123399546
0.144816552762853
0.069957465490283
0.0977733732640174
0.166698621197376
0.328931610473433
0.280447704594755
0.180864541950242
0.0661083140664667
0.0807711405800637
0.0701643384423051
0.248791107147074
0.288541154651401
0.1225708947781
0.0621753745312069
0.096158133989742
0.184410521113409
0.158918953628104
0.0961718991475851
0.0951217487356824
0.118434411982534
0.236686063679733
0.368849156668517
0.13700119150307
0.0944093526299745
0.118239046544664
0.12428635382638
0.0799361627097227
0.0833357509154784
0.112335558552366
0.130558689761648
0.0886241308326163
0.0730783125987247
0.16741985190427
0.199214188936077
0.16594277209704
0.186936425773496
0.103170326858826
0.0933809154099241
0.109007223924243
0.0701518813826193
0.0602488646239602
0.0360265645973325
0.0516235726419446
0.0619055755387653
0.0777310122881019
0.0527279426106543
0.0738184925047726
0.152789208997274
0.146112256365571
0.0635719016294737
0.118567610591297
0.155441595795797
0.278982380481266
0.259200285828022
0.0639804763484367
0.0611944500367072
0.078174202630261
0.111785728310017
0.130185170040974
0.155345298543228
0.12873247155823
0.224775329370488
0.177907209395415
0.240776198160652
0.196949594336544
0.0898675173510579
0.100138045243948
0.129829903503508
0.0903424337377094
0.129559548753873
0.0964867950767111
0.13015554132614
0.151926845401029
0.114977147626713
0.0942409567051391
0.141453711588986
0.0950453666341741
0.0838013400840218
0.0726260777682781
0.0321818003432286
0.0636898960417686
0.104266285255145
0.0867635951074544
0.0463588068570305
0.0645211376899784
0.193708602136193
20.9084360290614
20.6331347647356
4.69171177973378
1.12015270929737
1.11277652763528
0.277591038459836
0.143632249732082
0.0582154490004886
0.0802570940141773
0.116672143274816
0.136462391144165
0.104504328698467
0.104304138065378
0.084319282011978
0.0944013471424423
0.158429581124521
0.146941307324921
0.0823110112718861
0.350970183998191
0.422474415958464
0.399370115335187
0.236876600838254
0.240430271102312
0.120138459269126
0.126938908154455
0.094412795300914
0.129964871665801
0.141487201318616
0.0742888976863896
0.102348517071505
0.114602797328106
0.0480459363203158
0.0747316482155562
0.0578527700507933
0.0442067089671103
0.0362466766174508
0.0509327094015594
0.205727736315325
0.470778763690552
0.364682124889229
0.143330803989103
0.122633546883332
0.153656435083636
0.0394094865437494
0.03559707137458
0.0683105138468603
0.0717305005035292
0.0657493872958337
0.380789645101262
0.658822734059427
0.231593600276352
0.170353213573953
0.113586858649477
0.088545495256196
0.11383803743712
0.0469845113055404
0.0901119293882687
0.132252019697446
0.143404787877627
0.108326554074847
0.0874337081985835
0.107452294710549
0.0868670208702985
0.133736142095165
0.140601895056324
0.239346745768485
0.18043910201814
0.0468056859722933
0.0602957639506948
0.0907068915330164
0.0748056872118801
0.117979469506096
0.141213328873061
0.0790916121943538
0.174956081594818
0.292788762014863
0.376753703606801
0.165874824707212
0.0637629416366316
0.140867837392374
0.18119102978588
0.0681406510360633
0.0666742454057416
0.0761849638570473
0.153895732057677
0.137757698042121
0.10761272176217
0.128903409529005
0.0859370382901665
0.0916428363295977
0.0939011402536487
0.074206611097673
0.104949360470878
0.0841161575308896
0.0402480446129069
0.100525057642063
0.10717929283173
0.142625354701491
0.124201360711941
0.0933232999995227
0.191706775680285
0.327442324797376
0.208039867697829
0.0593637017001311
0.0682879127459679
0.0723740229339722
0.103879531091332
0.127626791197056
0.122504214012992
0.213915015903507
0.143068457853424
0.100097229228473
0.116977334659898
0.0750309224669873
0.0756022777252355
0.0777475133388538
0.0742854924190093
0.128886340906714
0.150125194248088
0.0751542329501341
0.068706797090021
0.0772365629009441
0.0551115450473986
0.320604106754207
0.609960209924473
0.243710034610719
0.0870803173902329
0.119377877299197
0.153665609787071
0.076336953720489
0.0514141847558677
0.0910096415703576
0.285758577097983
0.225850809147956
0.129436814852183
0.107165543535184
0.190032762611462
0.263950545236105
0.062020003334954
0.0784370787995852
0.066780205486848
0.194504893734038
0.827362550648033
0.400450279835301
0.18037476008945
0.169076400842122
0.148315467214748
0.0866814511312694
0.0883896959831158
0.124467682719995
0.101609371171204
0.104970246551708
0.140098723727173
0.219142244696867
0.260955590025996
0.0968104294716327
0.143676247199207
0.143307422480027
0.0596471028700894
0.145977336304355
0.104334279499215
0.113547815844218
0.1359410883386
0.124053510058737
0.104687716802351
0.0886283078066713
0.0944050127079294
0.0948935861946598
0.120861440666167
0.160238251878596
0.173270283222144
0.177130863964707
0.112034669094554
0.0709067971990116
0.0503907637055337
0.12446741983933
0.175204545502616
0.162959118429658
0.179144745685729
0.149536997661174
0.102701486824739
0.110509579117941
0.144792497418232
0.197849420811614
0.363677394287812
0.115350696133652
0.167873164916728
