1.70616941088638e-05
1.85833480225436e-05
2.13577573645428e-05
2.18276254404419e-05
1.71377159647358e-05
2.17315083975357e-05
0.000507819615696648
0.000513704746544547
2.72340457465347e-05
3.9166338402544e-05
5.66011802712149e-05
5.00356600976752e-05
6.25113762120983e-05
4.71786576593469e-05
3.61874823747455e-05
3.3238745221743e-05
3.65925805560828e-05
4.00737574755338e-05
3.97326088481124e-05
1.99242967249431e-05
4.08253102317357e-05
4.4882160221524e-05
5.96065672326518e-05
5.97451508968644e-05
3.41018538110841e-05
3.77744184067666e-05
4.09558369006522e-05
4.11331636985122e-05
2.8980298231601e-05
1.51150015714406e-05
1.80526362652968e-05
1.87750393032367e-05
1.37073692972573e-05
1.51436231987307e-05
2.11143556099926e-05
2.31490181503045e-05
5.74678389603482e-05
6.33719177822074e-05
2.98881559515105e-05
1.724568465218e-05
1.682271390098e-05
1.10763843892888e-05
6.12363876249652e-06
5.52836068279426e-06
5.38971293769962e-06
4.32669143251437e-06
3.19724453867756e-06
3.77346118683348e-06
5.59136403747064e-06
3.9782871246024e-06
2.74376478817869e-06
2.72604045206878e-06
3.61955518526527e-06
5.2186534607685e-06
7.68207106080152e-06
6.55233383593381e-06
5.64042435429451e-06
4.9849241587419e-06
2.49012736528574e-06
3.42997202690704e-06
3.07414365639186e-06
2.03797601711604e-06
4.03456374587164e-06
5.74499900849724e-06
1.57025686317848e-05
1.85522104189238e-05
7.88683616547474e-06
4.93733447950215e-06
3.50059394264522e-06
3.54728244602371e-06
6.73553684686411e-06
6.37196646257405e-06
4.24875394700858e-06
6.47224087763092e-06
5.08092208250845e-06
3.39890281624426e-06
4.267839919596e-06
3.78752252184142e-06
2.94771751787532e-06
4.16987314788084e-06
5.02605210122919e-06
4.90433089566516e-06
4.28069074436709e-06
6.07779154820736e-06
8.03699196637824e-06
6.65574182981341e-06
6.75683093147807e-06
7.88433964669027e-06
5.08918237332253e-06
2.0421114181156e-06
4.8627255630089e-06
7.32892793718949e-06
4.79876436769938e-06
4.16523923485705e-06
4.46293563905157e-06
6.64255313258725e-06
6.34618393271498e-06
4.20387694349116e-06
3.03284178954727e-06
2.23993071534138e-06
2.94435383128807e-06
5.25863774733514e-06
3.11103544930946e-06
2.3096839960339e-06
3.25208173338169e-06
4.22088672832296e-06
6.84752262672332e-06
6.21394205603197e-06
3.05023998067876e-06
2.67349676460943e-06
3.51599993350639e-06
2.93197982572431e-05
4.44181428085887e-05
1.19917919851518e-05
5.20982131638423e-06
3.80346887080644e-06
2.58719341140708e-06
3.8654513533589e-06
6.20626790404333e-06
7.12171862048759e-06
8.54107870439465e-06
5.14428660055436e-06
4.84491023559503e-06
4.37394606861611e-06
2.64509621756833e-06
2.49338140728611e-06
2.97413543889534e-06
5.15481585297395e-06
5.86571302146402e-06
5.83890876698008e-06
3.09004628154252e-06
0.00111322200625523
0.00129180460967335
0.000195092102868547
8.19954037944215e-05
0.000184150097088532
0.0613178945741911
0.0653103620339288
0.00058308593048506
6.91410848340776e-06
6.79094251002198e-06
4.84059417736425e-06
3.97264380724289e-06
7.32624252197967e-06
7.10687893716267e-06
3.84432231847323e-06
3.35825790318161e-06
2.87885979757945e-06
2.85256476168916e-06
3.90202959272271e-06
4.38471084106857e-06
5.83902780272626e-06
4.66631913584035e-06
4.45643258590402e-06
5.04106223795257e-06
3.70382007107311e-06
5.12842306881455e-06
1.10107460873657e-05
1.26455466905629e-05
7.03376083100398e-06
4.63116659408054e-06
3.98577142057586e-06
5.31770475054678e-06
5.05261678991556e-06
3.00352338776753e-06
5.19242595007563e-06
1.0298998622237e-05
4.04642570764174e-06
2.54160119818798e-06
4.78076914607726e-06
4.58820129130906e-06
3.849447128584e-06
2.83773055091918e-06
4.91987711532953e-06
4.76700193780223e-06
4.06648378513714e-06
2.65425807325589e-06
1.81092658217879e-06
2.13772744761574e-06
3.39873289328149e-06
3.90849225155463e-06
2.01907800473597e-06
2.78661292431143e-06
4.08408637331748e-06
8.78775644102361e-05
0.000112044083648848
0.000385503728585363
0.000423863791104472
0.000395106520538396
0.00044744277232773
0.00010685863130811
0.000135045594798854
6.32354551144173e-05
6.57884551497548e-05
6.52958057675005e-05
4.04147310210799e-05
6.56059304555988e-05
6.85460397878379e-05
0.000120430157395606
0.000136441191587405
0.000103510174049721
5.99236418596139e-05
7.34922922110485e-05
7.80762426724012e-05
4.86377872673679e-05
4.3689603110896e-05
5.5511801877174e-05
5.87548441222819e-05
4.0735504176672e-05
4.62299303647056e-05
9.20012648429496e-05
8.07906795137702e-05
5.92378609114959e-05
7.60040083531116e-05
7.75500213170034e-05
6.56448814082168e-05
6.68440351338613e-05
4.04325552560774e-05
4.04340989598887e-05
5.49224959598078e-05
3.84664695457272e-05
3.79973387354054e-05
4.10175163282666e-05
3.00864233158043e-05
2.91486337108621e-05
5.005932674012e-05
5.94695642658187e-05
4.4903767611311e-05
4.30857015469007e-05
4.85984658540499e-05
4.93386222869285e-05
3.78335484212002e-05
2.32219067066654e-05
3.94528650969591e-05
4.1800042700285e-05
1.69689184831482e-05
9.92528039390362e-06
3.40152644933698e-06
2.51387551789052e-06
1.84519985246444e-06
2.35281032560928e-06
4.06938599684643e-06
3.50168175330652e-06
2.65933618395574e-06
2.5369659723062e-06
1.87112686029715e-06
2.78514370410532e-06
3.95011971155659e-06
3.6498787933347e-06
3.23820794759277e-06
3.01829093549135e-05
2.8841570705042e-05
6.18377274826472e-06
4.8152739710387e-06
6.8527919981129e-06
2.31645975553797e-05
6.03347121632736e-05
6.87942772522753e-05
2.80601049639261e-05
1.77497038761895e-05
4.87410289751813e-06
4.58305431531973e-06
7.32937465683864e-06
1.42578108381575e-05
1.05276178523121e-05
6.43552912874199e-06
9.5606145999669e-06
4.72351170316874e-06
4.32052667274476e-06
8.46036617925987e-06
8.33236052760248e-06
4.62459456481113e-06
4.90714737803788e-06
4.48619593796491e-06
4.5340642423845e-06
3.85665811063528e-06
6.8249559609248e-06
6.63373683546244e-06
3.85389201542532e-06
3.30726478725747e-06
3.37143982850055e-06
6.55385658496554e-06
6.75008849585605e-06
4.01811607087687e-06
2.7408499824828e-06
5.79574044947544e-06
7.82098244712563e-06
3.43871939187134e-06
2.25883378949083e-06
3.79217013393617e-06
4.98192311518714e-06
4.04371871338207e-06
3.39459984017956e-06
4.21434308361686e-06
5.92442366876221e-06
6.03957181409916e-06
5.35449368994988e-06
5.06097913724198e-06
2.60768183670824e-06
3.24819830834995e-06
6.17930673843812e-06
4.52512483055152e-06
2.84181397336287e-06
2.45162196903395e-06
4.11740169964408e-06
4.1865239651224e-06
3.52171501361065e-06
8.4145629155428e-06
6.35973991440225e-06
0.000119045281165857
0.000769914963630289
0.000827616118228756
6.00161625596498e-05
0.000188227792688653
0.000192250536377714
0.000961834869530914
0.00143323308245999
0.000216277582488189
4.20185508758285e-05
4.44027402026513e-05
4.34944253477724e-05
4.41600826655417e-05
5.00012800749284e-05
3.78110909909595e-05
1.04040656859092e-05
5.11016107071871e-06
3.16204581167479e-06
2.93350891089567e-06
9.67742950814784e-06
9.14711972067517e-06
2.30261592065991e-06
2.94237410232091e-06
3.24243912930049e-06
3.89224954114879e-06
3.53887083676027e-06
2.90945039536872e-06
4.30523082447021e-06
3.08550214884648e-06
2.28726893435611e-06
3.7393964964639e-06
4.93593611732324e-06
4.38845930788434e-06
6.02610994064102e-06
7.67365306765048e-06
5.16150964955038e-06
3.82013103417535e-06
3.94771960195055e-06
4.79302275112738e-06
3.29104864682312e-06
3.2766826369596e-06
5.15646056922899e-06
4.78982566763549e-06
4.59930855787807e-06
6.3365499520965e-06
5.58932527712265e-06
3.66634327739098e-06
5.33990298657889e-06
5.19867527124843e-06
3.24175436823359e-06
4.27303133532127e-06
6.21661756812937e-06
9.62876673043302e-06
7.19961200492534e-06
2.01804450060325e-06
3.1745213699403e-06
3.60400230490062e-06
1.61134947123573e-06
3.83449549060507e-06
3.81453983668361e-06
2.73509740522229e-06
4.30011252707756e-06
3.08285233185766e-06
2.828684959783e-06
4.6525776464286e-06
5.60444820523941e-06
6.51912080920386e-06
5.62221213587991e-06
3.12149011759654e-06
4.40717675593981e-06
3.06629208698418e-06
3.04740393396983e-06
5.76999969483265e-06
7.12518286804609e-06
3.6053628282169e-06
2.5705899193536e-06
4.37000361954614e-06
7.76888580843987e-06
7.73766879813298e-06
4.19826846304699e-06
2.64485597699345e-06
3.23473277209976e-06
5.16550544149979e-06
4.17177423447636e-06
2.41070695292314e-06
1.61748220971048e-06
2.56438868130442e-06
5.04186626766017e-06
6.57341200288125e-06
7.46081357983047e-06
6.31515873691457e-06
3.24750188565272e-06
4.09683225995437e-06
3.92076252556614e-06
3.32729525525189e-06
2.62754176651885e-06
3.60891634269468e-06
3.60925538434581e-06
3.8447200810023e-06
3.57202201700878e-06
4.21382304256436e-06
4.28152935829165e-06
3.78873381321681e-06
6.25154184141338e-06
6.04736574831615e-06
2.69248182679926e-06
2.34735273142877e-06
3.39854277763149e-06
3.97223429857152e-06
3.86180398828817e-06
5.86372576375181e-06
5.77944380958943e-06
6.815933980628e-06
5.1886485229439e-06
1.92842025350713e-06
2.89309252578764e-06
4.06630547267055e-06
3.83291433523124e-06
2.4632282538244e-06
3.46075382342078e-06
4.08921491939159e-06
3.28418926637164e-06
5.24060770333156e-06
5.64003324827572e-06
4.42139660214564e-06
3.30530056872002e-06
2.40527597845137e-06
4.23834699797442e-06
4.53976874536134e-06
3.50890353341814e-06
3.36638719128876e-06
1.99674590757298e-06
5.29806891359885e-06
6.62191363255972e-06
3.69344322430687e-06
2.02103411403798e-06
2.40200612867589e-06
2.11884622232019e-06
1.09902416948321e-06
2.73963912930043e-06
3.4902233520767e-06
3.57984959555001e-06
2.85071878393429e-06
1.75554815082975e-06
2.53458427236893e-06
3.71266778768714e-06
4.99595048670798e-06
3.49369102529271e-06
2.06538646257922e-06
2.45743655600382e-06
2.99380407824016e-06
4.83713966717193e-06
4.43498106205471e-06
2.06175745675564e-06
3.61372691387901e-06
3.51159645734376e-06
4.85351846252472e-06
4.14799758117478e-05
1.76445866020375e-05
2.72753476693535e-05
3.31512525589743e-05
8.73678224049447e-05
0.00012001033218605
8.65877171099421e-05
4.06634102085267e-05
4.14777394626213e-05
3.35056648331491e-05
2.73027180668777e-05
0.000605443031973291
0.00139002538724527
0.000911666217942345
0.000154344281031485
6.80301089307967e-05
7.57226762964564e-05
8.89726032321811e-05
8.99192095370067e-05
5.9253189810827e-05
4.70326598935354e-05
4.36774542743133e-05
7.06993940985036e-05
4.04334927231451e-05
3.35712566066813e-05
6.88256621574594e-05
4.19452668893858e-05
1.68206861818497e-05
2.50404877735701e-05
1.96793580548297e-05
1.4675726821058e-05
1.15966804402965e-05
4.92798717750453e-06
1.25239868524659e-06
3.21372658987109e-06
5.44922862047209e-06
5.6554578813215e-06
3.1803875311037e-06
2.34368717920069e-06
3.30656035194308e-06
3.41553108846275e-06
3.09852034507029e-06
2.89978401486575e-06
2.83674631209332e-06
7.44255612601915e-06
7.60079894163124e-06
2.39567498980553e-06
1.48434512641272e-06
3.36571915809337e-06
4.13039061518596e-06
3.54670069325204e-06
1.16152094444299e-05
6.19127543434536e-05
6.81471356742548e-05
0.000603771231893987
0.00131133441516819
0.000116271458582938
4.18339692210899e-06
5.14067769309594e-06
6.2662796428465e-06
7.29216920596652e-06
4.70938589273886e-06
4.93594199207732e-05
4.90501021070074e-05
1.96538258358701e-06
2.43130560915348e-06
6.77749644863485e-06
6.97982936474031e-06
4.09929740532231e-06
5.33250443666102e-06
4.68943963127585e-06
3.64546654365114e-06
3.00539217303061e-06
2.06915129768983e-06
2.24427697822771e-06
1.97054154289132e-06
1.91114638172819e-06
4.13952294398325e-06
5.29615275979346e-06
5.51380675403037e-06
4.33948569977058e-06
1.51280803793056e-06
2.45218292060538e-06
3.47398685985907e-06
2.3843666207944e-06
2.13394056326445e-06
3.16347268568052e-06
3.21131897397141e-06
3.45678794115686e-06
5.31569861443004e-06
3.89030271323369e-06
1.91020889115063e-06
1.65379371994568e-06
2.48609467393776e-06
2.95794715978646e-06
3.50453924663576e-06
4.36920775515834e-06
5.87998983414235e-06
5.72668485167243e-06
3.80901354896318e-06
2.76622657135056e-06
3.04543923592124e-06
3.5012290124753e-06
4.04618577757887e-06
3.31834657437076e-06
2.40914057990922e-06
2.96283282056359e-06
3.10617338773769e-06
3.99410515317184e-06
3.93253169134142e-06
4.53467204384697e-06
5.71037144146223e-06
5.10674112974529e-06
3.64303720488193e-06
5.0372502568719e-06
2.01529629947098e-05
2.16576135323392e-05
1.22323090101416e-05
1.89897174953458e-05
1.78973497008659e-05
5.15787635321558e-06
1.23437760156405e-05
1.23681482802617e-05
4.1599109519795e-06
2.67643226701089e-06
2.56752621701798e-06
2.17798811335553e-06
2.88763072673532e-06
5.60016425273286e-06
7.29970569455664e-06
5.09461483227422e-06
2.23005984269723e-06
3.67879810238283e-06
5.08749773194867e-06
4.01658467332982e-06
3.64632178807062e-06
3.36861448743766e-06
5.30782419401838e-06
5.69207716010536e-06
2.13411659503215e-06
1.63477331801e-06
2.07079244713013e-06
3.65017017897391e-06
6.58328308869001e-06
6.68791836177661e-06
4.57540745326995e-06
2.46256623651179e-06
2.50030597611517e-06
3.82035438499965e-06
6.15157577568464e-06
6.11332482122838e-06
3.01973613083337e-06
3.49928194460185e-06
4.81629858796563e-06
5.90536286973032e-06
6.2877724099256e-06
3.91733392544425e-06
2.80825570449611e-06
4.18978181431246e-06
4.01007440138109e-06
3.33137670923167e-06
4.37757962727387e-06
3.05640878805655e-06
2.73489854390387e-06
4.3875783279485e-06
3.85414994595666e-06
4.02897906941834e-06
4.81799910578371e-06
3.13042334579847e-06
2.27635798239655e-06
2.11899407965476e-06
2.10311392825083e-06
1.89388665258751e-06
3.58415963926419e-06
4.82366520098821e-06
4.4805473112784e-06
5.1473174316199e-06
7.02178020959203e-06
5.99269679694132e-06
3.21538116772301e-06
4.23107279370469e-06
3.89563207288104e-06
3.37234422565431e-06
4.7598562133778e-06
3.33816346222674e-06
3.09078206904439e-06
3.79344503561971e-06
5.74170487171189e-06
6.81754382323366e-06
3.90745901622238e-06
2.1152696550268e-06
3.25849377360713e-06
5.75799453667404e-06
6.61915625123912e-06
3.84904730321868e-06
