0.0832844481031173
0.0850562923644367
0.0764761778607803
0.0781186407301298
0.0785175245991866
0.0796702257149845
0.114840284363561
0.124538226068747
0.0972472632629907
0.102462212619898
0.0920129610819821
0.0875875833258557
0.102981181167385
0.0954753872731944
0.0924945908872086
0.0791367823958287
0.067048417697007
0.057125378765873
0.0668345885163034
0.0904232770477183
0.0878716744781853
0.0818634504728235
0.104258772264825
0.113823540284341
0.0804752322744461
0.0836528373605953
0.0905379249409608
0.0903062333864426
0.0882350545461403
0.0832966081944796
0.0811278959227765
0.09026523792167
0.0972498284601355
0.101858602214735
0.114602291311348
0.0943658563610965
0.0774560139597073
0.0873420374622838
0.0898977851931101
0.0806450438016621
0.0870281245246433
0.0891239992544879
0.0822723011212667
0.114983812750714
0.13137102511246
0.117567766816526
0.129490750760979
0.200872672593825
0.211821022168661
0.204934087969541
0.239112434931199
0.221218351161895
0.209680453157871
0.158934246978922
0.118537996882405
0.164055091599032
0.236467236465691
0.216311521924359
0.189163690886149
0.203251106107045
0.200431546214021
0.195383485141811
0.22860230251593
0.24591875453342
0.206469288837033
0.160217678767407
0.180840958952629
0.175967647677312
0.163752401993237
0.210788284630085
0.205990325502078
0.171264225655809
0.166893400196671
0.170961263095383
0.210250788942716
0.233827190166632
0.228710388373136
0.191779004041438
0.167885383545156
0.162596197529274
0.199590021210041
0.172760122713048
0.163925165284453
0.185060571233039
0.175366628654944
0.142199408441932
0.155291190929103
0.16370811808603
0.14921966130201
0.197151479841042
0.244084836034479
0.252936231269229
0.322309348691323
0.387271578331667
0.396371366161598
0.32922472508291
0.276116759454185
0.281902254557206
0.322077814362699
0.324561304959154
0.298012452213796
0.316192342160161
0.280912571510175
0.240647666805902
0.204839649123678
0.202039442081163
0.205257040222462
0.296814993132575
0.340867957104261
0.250713210655575
0.215169294802566
0.180770642117596
0.226232094640621
0.284194156911788
0.288726808081815
0.304497784140019
0.291588800748129
0.224167329516424
0.209048424161376
0.217332160331525
0.233232229247972
0.294766214182094
0.297333489016704
0.244709173241032
0.273432738475232
0.296340164730995
0.245740190072247
0.232129892907186
0.220988977784442
0.206478800310853
0.217578100921217
0.194127875254257
0.157128622679663
0.157609426106569
0.185366836981171
0.230088246005695
0.288693974158241
0.314192350651673
0.293183894125787
0.205699236692876
0.1912159630377
0.256039707872181
0.307858068152462
0.273711527123189
0.25206922827482
0.253986644666274
0.231192290235226
0.187565729351993
0.171716696580131
0.202351116370226
0.237187720495266
0.257364987425232
0.232830717945451
0.216323116562986
0.232014556224464
0.233948793030217
0.214567714902694
0.192501793632302
0.190162077444389
0.1656582565229
0.175442910246974
0.234628707911112
0.194740591584357
0.169486085447698
0.179402282386767
0.197189516911229
0.218710339320261
0.223182968221457
0.223980320685592
0.257190844311709
0.263101886039155
0.298579594093492
0.323417938666808
0.360568612041833
0.373715897148501
0.307982007160092
0.239782591737058
0.216301240724309
0.216363269560985
0.174602966117089
0.135525319693439
0.134440041890564
0.148692696059304
0.166846419103077
0.210321953990964
0.192334015675108
0.16478112693762
0.201542791626607
0.242101346782674
0.20641430027537
0.182041401198538
0.18524565096856
0.178159440064729
0.18199799631949
0.155614056425668
0.155739850911418
0.194224906736097
0.178681805219774
0.163728828776696
0.161059148027899
0.171337789078631
0.237200096121751
0.227123120021882
0.188618130704295
0.197096089828718
0.20257196195523
0.183823638160059
0.205606789434673
0.265184396793672
0.267906054201438
0.303807291569058
0.267735893897927
0.170367822241638
0.186099259750413
0.254239211119809
0.278926560241351
0.218467189300815
0.165124783653719
0.183813271578131
0.163137350868664
0.166412363146419
0.170901431608167
0.130635717378104
0.10527076390896
0.149617361049486
0.194460544969339
0.195757739498621
0.21292828546589
0.192981535942243
0.167551561375349
0.2032303311376
0.175998102371853
0.188643105285016
0.223021378997845
0.215453799735327
0.181601998782445
0.151070515777122
0.167808331300544
0.198760301371087
0.213642159960049
0.207018403589118
0.166518739758621
0.17584702528941
0.185497706004319
0.203365007388162
0.187377447238778
0.162483618706871
0.179865420452458
0.163694350635896
0.148291106972364
0.169160066966228
0.163570702601551
0.135934303309686
0.139614822445015
0.195678843205602
0.193207497168315
0.215876213073273
0.19104165651717
0.179479195053609
0.187347252362178
0.189100012209755
0.171614793497937
0.186765438253333
0.157929722603486
0.167762843239048
0.207251721897807
0.201919589657214
0.13931753529202
0.119021167563257
0.124349183860337
0.147954580810454
0.177214729724711
0.23732140118936
0.20972126342102
0.211513195431352
0.224755279551443
0.195782758165942
0.197981427054802
0.205590207355544
0.169518241940596
0.140790352584784
0.147353952858317
0.145521691944014
0.159454120429993
0.159006950647401
0.180588776762012
0.200097604636258
0.257290347676391
0.21625386986075
0.211744211536271
0.190673403341773
0.183221940446156
0.161820576442618
0.136741301518793
0.167317686202651
0.142265032596175
0.155364407351767
0.170447125407061
0.186847851341418
0.175506240703136
0.146233382702933
0.0591716410090808
0.0160836998027286
0.0273941701690189
0.0304479816635865
0.0465409373502933
0.0771723370046582
0.118776330520332
0.115588914830178
0.0635370324530307
0.021781516977815
0.026203358761072
0.0291301654225124
0.0338154608509288
0.0397978320484497
0.0259665256150255
0.020418032288327
0.0144880308218992
0.01304516072082
0.0146958284529951
0.0168432976575699
0.0185887703157702
0.0188994560933784
0.0236167544894458
0.0230678970751715
0.0531048740434929
0.0613517717294467
0.0408325233407524
0.0325798441264993
0.0189241399429858
0.0171795615191853
0.0258304552169415
0.0294538083184712
0.031509467223589
0.0413292915824047
0.0480916925284094
0.032346445061647
0.0178213368220061
0.0180999816095489
0.0230398356741188
0.025178873277738
0.0203637175143146
0.0177393522993768
0.0194726961135924
0.0214292721588334
0.0200158289236954
0.0195427894267856
0.0236810361727091
0.0328437063511893
0.0347048994415159
0.0404550102139224
0.0526139076907948
0.0554422626092018
0.037313764345903
0.0364563274320886
0.0339833796411603
0.0368367797966312
0.0367099722599956
0.041967387407086
0.0363020594571644
0.0369369565619462
0.0679243790889051
0.104148469829538
0.0631064291724839
0.0200372333930975
0.0140232502952055
0.0192825338135002
0.0181212273620843
0.0169211364299156
0.015027114549315
0.0136773085383755
0.0176790057995962
0.021978572119175
0.017951422860818
0.0140903010386963
0.0146079213342021
0.0139562508442948
0.0147783065197507
0.0188744142116957
0.0179070452099364
0.0214543913108152
0.0284939618611085
0.0368145740462872
0.169271373999278
0.883722269109582
0.779481794364874
0.133939779985415
0.12157660132173
0.154130350805757
0.192878384230382
0.211533645493024
0.149113408511862
0.0732288320863399
0.045980836321851
0.03971030018468
0.0388619389165894
0.0500281055219929
0.047661690718614
0.0400858692793383
0.0304397849254577
0.0271609615702228
0.03245698840307
0.0335646360970289
0.0303440914500031
0.0247793598465165
0.0249360073860243
0.0271465015256851
0.0197015659361037
0.0131188320797272
0.0169392095706127
0.0184589602469114
0.0208679938302434
0.0235098468826439
0.0265128831692838
0.0247513697909661
0.0258082823582837
0.0225174747040346
0.0186999128917306
0.0179097755510685
0.0293088630557736
0.035749342132293
0.0412647485367719
0.038861048507733
0.0380929345830903
0.0379367106492001
0.0201798436137897
0.0247192225099615
0.0215616331387602
0.0211667930863832
0.0288456285234929
0.0297283381641778
0.022554779108253
0.022337867731872
0.0316550658330374
0.0472264982454056
0.03872321026231
0.0454814971280322
0.0425288365768569
0.0282552932061739
0.0270892018565943
0.0308188588811486
0.027342016393561
0.0195285858613695
0.0200282807557183
0.0193514894499043
0.0165146451079329
0.0190405626242205
0.280590878555093
0.325745078255733
0.125974039536268
0.256630577924043
0.271774604280524
0.0774240126827312
0.0772731904906233
0.0959085662701192
0.0539325463317064
0.0368496563648442
0.0302154629196003
0.0358993362022218
0.0473618235145229
0.0319509480590793
0.0302917115149998
0.0503066096387975
0.0522566788165496
0.0377368016162841
0.0247377316355506
0.0317013197992353
0.0333538258040753
0.0390779698129037
0.0325370803263608
0.0331813906649928
0.0462360499513332
0.0313448603033508
0.0405091898551562
0.0490927200284225
0.04075123207403
0.0296034329025175
0.0181101726928179
0.0241221380473174
0.0243703712521867
0.0179664049975664
0.013764036744922
0.0175332549307949
0.0425925102174895
0.0481427899823025
0.0308852282994345
0.0407230914979154
0.0298237238227891
0.0270748943930344
0.0265469974932061
0.0211988555878803
0.0326310867207138
0.0332798422204814
0.0283615111722732
0.0185691562996515
0.0198830867386959
0.0183406193013271
0.0273845796659896
0.0176850094693289
0.0218719390750658
0.0277703452891187
0.0269643488549217
0.0330699156898831
0.0314615063741297
0.0333355300831755
0.0271718946915649
0.0153372157717418
0.0172912702687246
0.020617058644019
0.0211253845799835
0.0167284310189416
0.0160741400382378
0.015486035761467
0.0187812158941464
0.0192724044224483
0.0174231060606337
0.0216459681188724
0.024117784212289
0.0249791770283691
0.0260362136840239
0.0295905218331108
0.0278364626753786
0.0254167855408757
0.0231527515526581
0.0199145435708186
0.0174492911171458
0.0193021324164725
0.0244612860056414
0.0313678982920432
0.0182697316448221
0.0140962177279706
0.0152221184466159
0.0165675824252672
0.0175471904525079
0.0251497505840337
0.0216975766883574
0.0192178588189532
0.0295819240468571
0.03538138953372
0.0298018112105293
0.0250315657107786
0.0262923806317833
0.0247468426360872
0.0255771699820082
0.0245925131158237
0.0252088962773616
0.0288239422006934
0.0281246100821731
0.0183657253145931
0.0245516215403573
0.0272639750717911
0.0190617705697616
0.0136457855512008
0.0164357401077641
0.0165887281005012
0.0119557920205836
0.0105410175911865
0.011628069366241
0.0152593193873797
0.0177433779893209
0.0229124289576033
0.0232140609383193
0.0193135315353742
0.0189220635248198
0.024247713622415
0.0194181593565211
0.0121632561762571
0.0166263828896613
0.0207023014695081
0.0174998895955917
0.0139540168654655
0.0171289470366419
0.0172017907029214
0.016632568387785
0.0172901434502937
0.0187446949746214
0.0215168254574383
0.0321071547825806
0.0317206325706418
0.0190529027554661
0.0131711980365912
0.0146870421528839
0.0247401570782667
0.0366218014281111
0.0338573016268933
0.0212094649708483
0.0288586146350721
0.0272234618636592
0.0212251024451491
0.0170593953062282
0.0198474721728735
0.0174200359862554
0.0164345237964142
0.0173846651135659
0.0223438556870946
0.0247336629284854
0.0182326831977406
0.0177723111339573
0.0191783158965954
0.0195915755494372
0.015323909935959
0.0148385320864628
0.0125010867113169
0.0168149024813248
0.0235648078368975
0.0267838036434089
0.0334506209557426
0.0340626098393163
0.0342786398260453
0.0303406618507278
0.0186272865417586
0.0301307169841899
0.0335017320906703
0.0264356949697869
0.0372472751010459
0.0411242956978521
0.0329825691415225
0.0333694382624816
0.0258573066749614
0.0291323994777962
0.0332039236723443
0.0221636270405637
0.0223575367236197
0.028857942497941
0.0270587616108294
0.0184089411029517
0.0140533448007263
0.0158533816030161
0.0223818617257009
0.030696471439387
0.0258940092375111
0.0214955293755727
0.0341105360703086
0.0360962988771332
0.0440078976828647
0.0444385398989226
0.0636703235165711
0.0389842845312111
0.0425010887488196
0.0391012922692379
0.0322701206092937
0.033405981782505
0.0291294532993434
0.0268459865199264
0.0191587574221119
0.0235768910082415
0.0194771489872107
0.0259146657430731
0.0373360083660212
0.0313866930376639
0.0203131701581821
0.0199325035294075
0.0251021041085385
0.0230545651528939
0.0314044631684785
0.0345371250000019
0.0264647702583074
0.016522950512052
0.0116868051487926
0.0121370174065985
0.0184094104202274
0.0342723953574176
0.0262213429941258
0.0270913634692694
0.0357736218664662
0.0378957176460235
0.0333194404019802
0.0244149158946595
0.0275334822331989
0.03842791824203
0.0271934025543669
0.020983417867154
0.0288694962662833
0.0249235139796876
0.0329948438947239
0.0323175934281002
0.0197498405524732
0.0156499895974535
0.0135198831269353
0.0142821019856499
0.0268550553934138
0.0275239351475844
0.0202005019501394
0.0189830412379878
0.0158974536771455
0.0163894235340942
0.0158857238232068
0.0202269387434307
0.0179575801965094
0.0173410698389411
0.0134154944282181
0.0202639305326288
0.0269770531380973
0.0238151742148943
0.0260674330452445
0.0289981121497671
0.0193768480125555
0.0169479396429759
0.022017087434415
0.0268118486277357
0.0271013315889267
0.0272585319196362
0.0171517177149102
0.013010452324667
0.0149599944389405
0.0183672085022189
0.0378877313945833
0.0400069181851644
0.025060774334378
0.0176071386491348
0.027104601041988
0.0211050376997454
0.0148786587957283
0.0172312213359215
0.0167812850233597
0.0156979186206994
0.0163628270875245
0.0156647234058561
0.0193827958637394
0.0177819175851363
0.011980709010973
0.0117243521653856
0.0161391607488723
0.0215444065366671
0.0280420574040852
0.0313368600590672
0.0309204688760045
0.0308616178454373
0.0206811144059252
0.019765386342102
0.0239232744669535
0.025699332495512
0.0212432440759948
0.0180745740363083
0.0196838971608957
0.0174303627615045
0.0168865206521393
0.0196284531547519
0.0178645435916428
0.0172736245872246
0.0176503029089605
0.0191606198393378
0.0234209920484816
0.0201939677884493
0.0150952704912365
0.0165255394011201
0.0246968444407882
0.0248906903236274
0.0242511079921406
0.0235953653296085
0.0209776509214026
0.0217430405860125
0.0154292023040095
0.0156174340620578
0.0177253098950186
0.0159608882868669
0.0215080075864853
0.022399844263603
0.0170290922576399
0.015954835835344
0.0202772951299459
0.0232053319402057
0.0211201915271776
0.0183801745399474
0.0156367486326579
0.0200636536386923
0.0210022010970059
0.0267519973554268
0.025183481567531
0.0163158983816918
0.0152542461191814
0.0171680963680572
0.0167889217299137
0.0204172567544591
0.0243440701391426
0.0291378625882996
0.0383644676384613
0.0296556217709111
0.0190969664219974
0.0224315836099415
0.020774029876805
