0.318015974136563
0.416709036522088
0.529204154841946
0.700342216523913
0.879518716093571
0.68606223818107
1.00821779949224
0.745934382056123
0.492328475947709
0.49947366683851
0.658969958283853
0.474625181993952
0.205435756591074
0.271961506137857
0.805786299779561
0.901752420777619
0.596177308327629
0.499221423940283
0.51010642459328
0.822008737645255
1.06572750747773
0.625491278446296
1.02701883226369
0.760237734136111
1.10769545024079
0.659215995754788
1.04610448792118
1.00687001062368
0.628489434392899
0.634930416923779
0.838311418904014
0.906954728727469
1.12712855307911
1.63244929882848
1.60138280778914
1.3838088771868
1.03013798438758
0.377849798430404
0.444963168261244
0.497416059714413
0.486474175084201
0.704016224049855
0.741361075281548
0.434438851726301
0.377169469475618
0.664368779726535
0.556350489173729
0.343456971670065
0.378637544412147
1.22822547242717
1.2353090852414
1.3881723701075
0.861506579688936
0.504373034061142
0.755765833436874
0.801162000745036
0.860865305948679
0.732441113548701
0.76908089976957
0.535449001736608
0.8759397766989
1.50351981312351
1.79239722442826
0.84815870303424
0.764312866487525
0.366858887432505
0.442270461528627
0.604031250778288
0.600976798500447
0.562139623444707
1.07161385215746
0.714151864392189
0.594613769980414
0.758344570240855
0.65987254514001
0.394692499365105
0.43208128433648
0.456623920222327
0.446610595285723
0.358357779944348
0.30612322033527
0.301800994899013
0.350450227981021
0.498648902894605
0.340745470882356
0.316032405854792
0.320575979217649
0.253888772687277
0.394762022850362
0.516874052749816
0.536726210612866
0.362129308372207
0.326222371211964
0.752560333390312
1.20335245717302
0.832056424119312
0.486860109555003
0.459160107984616
0.630444836339566
0.452326704742304
0.493568778670725
0.630914890393451
0.54505505046221
0.673342986812272
0.533609103991435
0.427116940007666
0.826375270460776
0.964709530159403
1.01384700032359
0.898633065498767
0.759088651203206
0.694921871175209
0.968075814222679
0.865226547557654
0.513809927861201
0.490201953538364
0.649501671692922
0.498492845600117
0.809248556881375
0.698078852127265
0.837767368824484
1.09670883267663
0.59184666857983
0.407800436144618
0.599303790360701
0.518969791309714
0.588089897184362
0.994469228127271
0.783824070174018
0.501426105769148
0.460253796191664
0.639951388187617
0.857796754567345
0.631616285454228
0.480812115372504
0.904379706334879
0.652749876330296
0.540298639715256
0.679144142342219
0.742262833292437
0.678986948759092
0.750287217857566
0.717109847173756
0.829602191936997
0.914452165132455
0.679570755723412
0.494092899340814
0.526339631943164
1.69078847008555
1.28533359082547
0.48168671907744
0.573725811641956
0.658217037296273
1.09274021375069
1.96847574510314
1.73662569592827
1.06414238147622
0.838157470932564
0.528495333773612
0.507181362084338
0.630803450726044
0.893927223749113
0.729406588755618
0.750037598459479
0.734900139877857
0.756914991767501
0.784650205261013
0.89759657237872
0.865162525289353
0.696783379676651
0.647793151263631
0.776153581134918
0.860043742327468
0.617027414071395
0.912966108278387
1.19900249621847
0.937097220718751
0.753925515108796
0.726444835467842
0.241753746501199
0.152603716668651
0.190912812894347
0.279971776510592
0.397007236706815
0.640274704026719
0.555847336365279
0.446703708192349
0.531128402234991
0.633167281356595
0.38494725203807
0.394737553293583
0.605519539138255
0.731183273957057
0.769933897501239
0.57341725530714
0.606090807012988
0.858810543001305
0.519952594502464
0.565723862434333
0.51651148377442
0.611185195564331
0.490174649979362
0.483930981320605
0.506832386485112
0.671623740592729
0.653331184321098
0.555702327059734
0.777750729895636
0.648577694121457
0.555342942846072
0.605091980264679
0.526367405196247
0.734787769174749
1.19857730436127
0.888661623491506
0.525807668398734
0.455197593324297
0.429603875283152
0.276734064045066
0.240754768378141
0.422436186706078
0.68906139057972
0.963313484426743
0.703753375585263
0.355949822704606
0.744063623347514
0.472164511537321
0.942263149249557
0.980501254903097
0.813468046159738
0.845852331485583
1.06369080773952
0.546491938484384
0.694790453213126
0.77086172019907
0.26575721915556
0.490216143969911
0.831752414402256
0.385025026004774
0.486438194606724
0.623907212481161
0.569558458527405
0.518822573987647
0.67896053563617
0.429788142779044
0.523464098365847
0.6414378793975
0.454571391477302
0.519356804537977
0.484640124417734
0.400488442370109
0.44724060861227
0.362514509435926
0.441176607108682
0.301068594005727
0.340759913517888
0.406574572042501
0.436007154771092
0.401896328612144
0.328637234444846
0.395523564700367
0.35652855714549
0.522338859358118
0.568900330759121
0.754784579456774
0.706903603149585
0.337153609744917
0.356147027718701
0.529108075963256
0.683380968834191
0.519225422544953
0.60424016995622
0.479243649480758
0.412506112963261
0.826644316920211
0.980650523679303
0.819498575574285
0.692176340917069
0.481339930807651
1.09258666921259
0.802684310832364
0.519397169286051
0.437745105089929
0.325784566674735
0.55083286340889
0.606323271067279
0.466259425289332
0.662714728260878
0.752206793898276
0.542946651267742
0.43496255745387
0.341023969887707
0.371518180431297
0.407786391853744
0.940288416123548
0.96598914565662
0.459086080573568
0.570041334065765
0.99136907083493
0.91412504181657
1.14460528772295
0.779097386299596
0.349424686180469
0.26433730502455
0.338222716038961
0.590705857983904
0.497039689573712
0.354050067721911
0.618309603662402
0.581582222123023
0.279902879486938
0.298415273950241
0.473119503373809
0.96146269215426
1.08404443968298
0.901229202281963
0.767723872997973
0.683734218800257
0.543948114681572
0.507399809846374
0.613476689351471
0.541166548583364
0.524881638891649
0.418572915861228
0.505569908403907
1.21271467803013
1.05830022133063
0.51058253956419
0.670378718718414
0.875372113501494
0.839731495695438
0.801561762767022
0.371388410896542
0.525825768465109
0.617618381114292
0.599938145548569
0.56711070065935
0.402392828700399
0.616095921759856
0.815609622784207
0.619930769641461
0.479949138882885
0.424164356445865
0.694335308266197
0.533039312980231
0.500265032731688
0.498033026778606
0.835838940623607
0.888438749487648
0.375976694255257
0.402532321294556
0.526000072329344
0.580291665501433
0.481755691627671
0.882041961389676
0.942456140989876
0.575139481475908
0.459377286160824
0.401863467791806
0.383826372425522
0.362985873895586
0.890650984515297
0.457174458848201
0.380558210430527
0.410948969269648
0.366064178061904
0.737557916847696
0.843933757978602
0.449743901194812
0.539411324697021
0.366523264361275
0.910671562240631
0.883920234359865
0.890969194898539
1.03158224451661
0.473386035280159
0.596999112348792
0.628042864941445
0.483802857035366
0.516607705028544
0.539021486942454
0.654132467257715
0.771827892741365
0.535395076650066
0.34956540223943
0.734519302525025
0.673226473091979
0.355154867811132
0.541239758466605
0.740827953825302
0.800304747884032
0.704953609412626
0.682122841361441
0.669947069127139
1.11064116390482
0.852873324486327
0.564196891512413
0.690544224857354
0.588834595999566
0.595652533789533
0.753577296152537
0.621263887330438
0.580597417003074
0.46683017370098
0.521063262190496
0.646864390540053
0.485869786179629
0.331128772848655
0.437747248806046
0.413619995161827
0.522236581657593
1.21183602419902
0.602500835002488
0.869663037114993
0.782836603942677
0.500953253078095
0.591685533944446
0.818358533581692
0.695048326914342
2.06636778084607
2.22733684546384
0.682039345058208
0.549093651416837
0.295736436424212
0.305791325073703
0.357641124695674
0.443492981181868
0.61137901254558
0.590716855378856
0.497045731287708
0.611912104741195
0.562790922379787
0.651593354326499
1.12927561524209
0.810697949064082
0.620357623143042
0.571107920150052
0.617378415847875
0.538783151368266
0.462383169139696
0.443629933315652
0.341374366923946
0.349980119406888
0.378052472210617
0.329160355879727
0.419998210743621
0.376833017668723
0.32285138707821
0.265967218124192
0.455235577842355
0.521925300975824
0.414475806099263
0.432745496384305
0.416612055923151
0.909454286961991
1.18018646106447
0.54597961781184
1.0290238889781
0.777369373382186
0.519044638012484
0.580043262789923
0.82702654023593
0.9817921286312
0.635101510091766
0.758995593331031
0.704328087031257
0.612673588902188
0.771532539106647
0.785658155195013
0.516734799466726
0.339011287123905
0.244475764719241
0.249166409207173
0.364897296069136
0.449480964203305
0.346298945398617
0.266430928199925
0.587408168877696
0.466342640727755
0.376440752986554
0.315463423959408
0.202502986077621
0.515760624988046
0.441036990214629
0.417889941954824
0.574410550040651
0.571673420302395
0.362380382581033
0.157486590107444
0.271962742255413
0.371024563036125
0.356178211676824
0.369009206606346
0.522726472138696
0.328020524621157
0.317904411327266
0.33907699677459
0.519843937157095
0.458620151248824
0.668728527062525
0.571448602692141
0.401578508335862
0.332591213972728
0.353591590362193
0.859704810190258
0.752048584795699
0.542738485579689
1.1389409701358
1.12585793226374
0.652346137366962
0.614309159293416
0.823217583949252
0.720139230382509
0.351946261280852
0.291133971129292
0.384627529613773
0.694408435858699
0.672197590868124
0.372835493405999
0.291554150717755
0.290320111318079
0.545875481850111
0.48892413792233
0.456907504064077
0.407155816051929
0.448010262826276
0.403248628875909
0.393125305421081
0.69938172891334
0.613498851636801
0.596699885987593
0.623176265755978
0.767094588747368
0.969389005276692
0.798948534898266
1.17645042506296
1.24140999218289
1.12839302271925
1.31634965474195
0.869177428962737
0.430551868538951
0.418919295131654
0.569488107584923
0.680067256418675
0.392966446548513
0.518144191141461
0.863251660336046
0.606534548154759
0.433374267056941
0.336881331161304
0.368384339178209
0.333251536795189
0.542240256864389
0.491593141231994
0.712008319472021
0.436629693115051
0.524835324102727
0.551722821243234
0.364861992037048
0.483914566094239
0.68235151337442
0.568278879651265
0.377509642279301
0.36032121054011
0.58302900685089
0.558343623250849
0.323719708336824
0.426861923322568
0.481560026841041
0.452293889976907
0.54726013124974
0.592885857642617
0.729383295207243
0.705106137703215
0.902077119750808
0.505809034089053
0.535412184387672
1.32244369247175
0.795982520875831
1.06439474702876
0.720209156586086
0.723194856408467
0.82041324351271
0.699602082066074
0.715617810571811
0.572680522521416
0.523240518292585
0.418165817307039
0.440815940889192
0.385943793960159
0.398428912605234
0.494731527217805
0.429012744672868
0.469616400889198
0.258051605392731
0.77111346938227
0.773211945796544
0.502921583608289
0.489353550692654
0.770736335475987
0.658330590673496
0.456386211299659
0.401072984169765
0.376014174418622
0.355929320973506
0.478991660857118
0.498313270523023
0.414427649913082
0.29577836403879
0.395242363594386
0.349272262898951
0.420972500221077
0.438769072469368
0.519080300511365
0.930577306068519
1.3763527547428
1.26959782018926
1.25059381173372
1.03330231578476
0.666562350130661
0.499676799305133
0.656757674191256
0.764181707975135
0.820324767780374
0.575542637298998
0.217233923605323
0.234631729799872
0.302279664353165
0.245855940949724
0.599860549445232
0.713121646853679
0.450580419109112
0.475432981712604
0.379339659560124
0.380359584810058
0.434958630346699
0.522293137705146
0.835436824842468
0.96019326740129
0.751507213576662
0.412922682626936
0.458963035168339
0.450029598814717
0.664447118152676
0.365407187601368
0.294222364528192
0.348758504967922
0.372942596580265
0.480579549252118
0.605622320945285
0.639309632388975
0.911093573014481
1.44158696058191
0.820311599165426
0.393579433427037
0.267058400819615
0.244986880231106
0.629276771460357
0.764936674817974
0.644377372526493
0.511300157551968
