0.638677972221447
1.05579652064888
1.9125884153445
0.782373104535697
0.540530170915588
0.997985249567175
1.21471016886544
0.881252550089411
1.14740635323574
0.836141359869259
0.608305199234845
0.578021190730521
0.682841417070727
2.06234421299551
2.2875115887968
0.87123734244745
2.13945780445346
3.09072194571758
0.842209910583037
0.672687502919404
0.604091788351668
0.521814974240657
0.793790159277517
0.974214413822164
0.499165468064647
0.652644045325104
0.430835258200696
0.606021430186062
1.02097437886894
0.823495364189811
0.607576427397384
0.968143140576327
0.895413581323966
1.2479362901383
0.651739739949016
0.921027205965938
1.02545660850631
0.642554683235198
0.649680044259881
0.605790693923198
0.761584815029985
1.20675335872133
2.55645377004591
2.64178302140962
0.500122373207672
0.671640237346312
1.63347192219476
2.8771775335278
0.986249295864976
0.908808618801455
0.706456624934092
0.576872497395183
0.865232389085602
2.12457699162327
1.82998648256438
0.869557624385846
0.834988068228028
0.368715600211732
0.718406707313682
0.907549105681201
0.795484938664047
0.36983713060555
0.589587840842223
0.506713674867872
1.28849582947311
1.03396474208348
0.439930026019436
0.565581928588617
0.584162705336512
0.528014152485911
1.98468822026677
3.79235293573379
1.81884369305684
1.01005923912865
1.18133381449771
1.00048848207936
1.11770103411978
0.783605572881886
0.339368191565017
1.5241717083604
3.60770939413065
2.58495059769422
0.366536554072215
0.69608863000921
1.21860960475923
1.02178735487081
0.750416760961678
0.86188603035582
0.782014974520435
1.45244246446577
1.05755354084021
0.679496939651412
1.77110592618832
1.55138375934938
0.643142742602139
0.832212843331686
0.805429885814211
0.475537311655979
0.578057802901665
1.0204118997796
2.30079582320157
2.01867644254142
3.93194098664877
3.91410029593092
1.28335399436346
0.757794503109164
1.18673663199298
2.68488476858807
1.87899331392476
1.87725414906545
0.804641646652514
1.03776463535339
3.50373303289123
2.37246935522663
0.745021361874701
0.416915971621618
0.958245510600355
1.28899633981911
0.897901518236693
0.778376004128821
0.713845769652706
0.951641209401769
0.696647041267446
0.744262802064724
0.854673557680724
1.88088422488221
2.52971208571047
1.06208396835349
0.962836947384764
1.73396896381084
0.917982377354858
0.77234970716431
1.24489645055069
0.649804872761972
0.865121669088197
0.851073052675321
1.12280000372903
1.01070656567442
1.72082256835444
1.230845003014
0.511354826457723
0.517739904290457
0.645435926791016
0.738778001451683
0.762764156377866
0.439285427918537
2.03089536245364
2.0068680651961
0.942593764648044
1.74602124830826
2.06506903082143
1.17584988874495
0.443518668881039
0.532123236981669
8.05554264710103
13.9749750483335
4.21494661002814
1.24010398776807
0.5086198130705
0.557901812287504
0.559569080859446
0.499731098941251
0.685220166215312
0.552816582024358
0.409377283399801
0.438952456778482
0.417946329994972
0.371750132128299
0.658062707854967
0.593770490580645
0.835397669501015
0.941569988289185
1.11635079244469
1.45707549050795
1.49495226364495
0.668902536884925
0.536134587298048
0.7541731764893
0.42513607646219
0.719265351039366
0.791204822099815
0.785930994446639
1.02760898791202
1.28054856085744
1.95606916539103
1.4162290561512
0.726776030672017
2.60408306540906
1.9100330389057
0.659929437014474
0.917875557150319
0.608612866214253
1.09532798688247
1.44817769197739
1.27296770911727
0.864614871838891
1.00042821267481
0.805697792443462
0.666324223502686
0.906086901922
0.964658783512568
0.700381312720987
1.29552627711076
0.519611192514746
0.484881253408913
0.71453395244132
1.31336792604113
0.993220978338636
0.493128261621978
0.765651537691761
2.20806982465359
1.59720573099342
0.561334856263765
0.581487199618615
0.59333169928153
0.608532287352401
0.568492713684174
1.04708874338892
0.770721751548808
0.368257376923722
0.281742716763251
0.709872714999662
0.945293282092396
0.416126921018513
0.830623970201142
0.878867387355059
0.87394767841085
0.903899322822172
0.690228421674807
0.687880235776704
0.705764893689044
0.834315105849672
1.10628704339768
0.819230065687987
1.01934979390229
0.851508193611302
0.652433824333037
1.48590139911099
0.663103664856259
1.90041355919461
1.22395733649178
0.858916154613952
0.644707232847057
0.849339961113352
1.50710110522862
1.30902806326347
0.867042342028582
0.662509001891031
0.661583485520446
0.593727001827874
0.820741891574816
0.581353827090686
0.531922062732036
0.564566117695727
1.43052962952315
1.01689043177628
0.769904365360598
1.09975937322256
1.04971226477506
1.36406448353333
5.73656962950842
2.45681167278328
1.38619810698517
7.71093440576964
4.46663209011554
3.12924013503017
6.87771436445388
2.23507310665349
1.94556548557594
2.13799513871942
2.52203389012336
