0.928054572642641
0.341273301923581
0.715862923941278
1.72324559334904
1.80139191659037
0.493250718234992
0.356957077398469
0.53876572343396
0.475419027164016
0.260407350181176
0.417751650082302
0.442568507370765
0.355924042527014
0.419208870262289
0.317476566199068
0.354324257345427
0.378409855059224
1.12058965311851
1.68229187436859
1.49328607348601
1.50505542339748
1.22234137895042
0.868467682182182
0.632563395161541
0.68338875006372
0.515192488481796
0.485320828191386
0.336237695888508
0.253086218860937
0.231074773339194
0.388231168845937
0.429351175031497
0.387827700259607
0.364007231011078
0.286377029401132
0.391081083039849
1.24538518636266
1.17237653417419
0.912185534833065
0.597991767600523
0.553502483733342
0.949821164769578
0.395089485257762
0.575595301551586
1.37773548850745
1.84949242693869
1.606788236042
1.35473661567565
0.862733153189762
0.699137948490684
0.503405872822302
0.414875649741132
0.60003808115885
0.257973259285138
0.291355149348979
0.469035286521105
0.481306112512332
0.625409998183085
1.15338827607149
0.41388390334495
0.267772260162926
0.582897443452541
0.459362856925819
0.422105256647245
0.356652811823278
0.38380336756267
0.268657629347604
0.414561593436343
0.929696228830758
0.528308859718204
0.879653102821167
0.469296070861041
0.490880509767343
1.19104551155103
0.243059313154728
0.583356127779817
0.443495599815895
0.308160784752132
0.35020907976658
0.465311301997803
0.518867768695248
0.69671613897423
4.65763409572991
3.74048640950701
3.46127443884576
1.16297064109841
0.88969124051823
0.525278206011999
0.631262579540897
0.697859672785844
0.443394565436426
1.1071747441495
1.81404710044271
2.8660385514529
1.97254612247712
1.8579820574462
1.22959420519245
0.395908740539338
1.72779455334685
3.52859038605795
1.51421866114674
0.429802136593734
1.1118429934315
1.00432044459302
0.996585986489921
1.01196864845521
0.643068905273914
0.428612417742512
0.336067866792153
0.459357541554989
0.466762998630703
0.520036341738525
0.537890756490673
0.448558597124179
0.369615278000373
0.43750678769435
0.247822739297371
0.21982024830736
0.220268640910937
0.376144897884444
0.386618121823869
4.70253632089254
8.42003276204618
1.88893805790765
0.639401968644187
1.53842211477208
0.758915759437868
4.85664079609728
9.00506164895318
1.0721513748274
0.435580438257022
0.638675642085759
0.454222287218935
0.353394586419216
1.11514080195172
1.40756278434379
0.555706285408739
0.283894700498946
0.282698633271193
0.552418339279708
0.51645454241251
0.444113264555522
0.649304124033685
0.386409834029216
0.22039182559938
0.197638029189449
0.290634568035792
0.211417860146281
0.205437462854018
0.24789640621948
0.450196567953504
0.256367955886184
6.11041797731694
8.27589423817051
0.936459158776308
0.876681649638979
0.274990670942528
0.386380140811166
0.439757054427789
0.4283009471321
0.502442832874346
9.7769055890046
10.0731154256621
6.90508142792008
0.754362770646377
1.46936460848875
0.747314270684704
0.230224291572736
0.35576733939452
0.44846311566632
0.400295820243525
0.666578941156792
1.48547806358241
6.53188008266427
5.54998178963956
14.1575113340652
1.46444869350629
2.10880458873117
2.25352878128941
1.80960532114584
0.550857410556853
10.5500074090336
6.83071336945998
2.15666891806353
0.558588178399664
4.55102526581374
16.9808537274999
29.2616637004237
1.51954010295004
0.520455942768157
1.90254930152393
0.315919870768045
0.366093108501683
0.277326905196172
0.258736317225094
0.343891107652996
0.257639623402916
0.510181904162121
0.425428243076633
0.661181969258045
0.450653703418167
0.489484552424394
0.322294691199787
0.258606869231224
0.467743431148293
0.464536583340143
0.223030192637995
0.256820288701168
0.350439371610449
0.349761351193432
0.233025686763188
0.328715402677528
0.465514746943881
1.04371793372211
1.08903059632562
0.68613012523682
0.794132973020832
0.295016122475418
0.505293860571907
0.888727336541067
0.42845212985825
0.595463034773505
0.543065201348788
0.344745552057354
1.37473938716387
1.42741364117937
0.563776259046924
1.01189570631181
0.21624447906789
0.333046518746818
0.28372301228686
0.248225005733215
0.243347349955096
0.165677411730958
0.643133095654521
0.846053366744839
0.447699341296334
0.236762817200697
0.405289860820712
0.356450600687511
0.147659758807909
0.23582796569747
0.293930700016424
0.396054363052175
0.463961845265387
0.477628804567193
0.459842090895207
0.53733298916959
0.497229086619916
0.433716303561242
0.307302665724873
0.420614237624308
0.384133648678481
0.474940338428064
0.336998716217058
0.430843554739868
0.353911534183808
0.366659080143729
0.626013487987175
0.649341034682268
0.200723294665527
0.321267469199455
0.621179008587218
0.633399762619557
0.419475649797377
0.29032825012586
0.219050834250903
0.37977327123874
0.666785545552519
0.438579536725754
0.268202716695284
0.272647085824922
0.504730337575005
0.475102895504136
0.339178590864431
0.532506140352107
0.634558114314483
0.480473936118721
0.31099929372583
0.284683952116202
0.256129567639009
0.256368454328102
0.258363773320593
0.271549515824045
0.231996461217137
0.289284836514466
0.39526051341527
0.23038000820037
0.278088740118413
0.224270494980646
0.202785669979375
0.438904300612171
0.762524467899938
0.505795474325445
0.425332321249028
0.235995491452212
0.535368437182445
0.405683546327992
0.19347349977277
0.414919350614366
0.439138787934957
0.252943496035477
0.262476351699495
0.11936978280822
0.165125562933379
0.214577774917603
0.246295834610745
0.393220745464902
0.403975749558598
0.16043935002886
0.12472484805401
0.219619136715708
0.349421458038029
0.291304753159552
0.187737274934215
0.114556210296986
0.386914236470781
0.663619452935297
0.468984603225088
0.264320851818687
0.363159563598596
0.554581749694289
0.445768088890746
0.267849760710845
0.157682194969443
0.211376038989281
0.317183908869852
0.76582318377341
0.762502651801484
0.394502385977373
0.172879867393082
0.250974825251291
0.356915138650581
0.387296418871716
0.40657949711273
0.490752651794253
0.605931582742215
0.860041149555076
0.82425685136075
0.32599102760012
0.411116851435024
0.287295222296172
0.237714800035225
0.303161143276322
0.277197522270948
0.271525305883248
0.361831562452568
0.458931754732261
0.258684898620562
0.337146871669869
0.953775775117372
1.09305530312675
0.276200441849213
0.301922285825565
0.225378606393446
0.241516410240286
0.236107636924108
0.241695192315784
0.269640387413449
2.68874162294742
2.83024063898828
2.18574411426465
0.348800491163137
0.276706518892747
0.31782924885917
0.721171068476564
0.734127655352081
0.374459877447299
1.20461849213587
1.17093488910866
0.25982280817409
0.485485963625082
1.29618203071692
1.84513273119882
0.286826621163642
0.178484444143155
0.292967567358252
0.349711212288703
0.188133491769143
0.244618851019762
0.184128979973938
0.333433663628745
0.489543400953759
0.597179022968511
0.200140839819682
0.214624703184053
0.161982583088026
0.218216650881137
0.242610159743541
0.294642570192961
0.294756408603169
0.232411034679735
0.303760289992501
0.407458288558804
0.749000222128405
0.315935220191243
0.213337758378314
0.372806407329617
0.427089831181957
0.325558089257988
0.358812501423265
0.522625284341138
0.402556158579536
0.259302135487337
0.296693512185978
0.371714331824346
0.402944693593322
0.271919487517698
0.363418056079125
0.761721531006149
0.585497016717739
0.254226804467018
0.327082243909722
0.396636313770187
0.364484521536207
0.345207517880408
0.331524612120918
0.25673708591438
0.297346867536615
0.546890146042988
0.342718811194039
0.248016540525707
0.490789600185677
0.554740683303962
0.493209145346659
0.473792427657071
0.21603729158641
0.363253034803797
0.418413830077509
0.26208398447471
0.163464999165399
0.217301449071797
0.188912287627612
0.153441660529854
0.17543325972349
0.181337712766725
0.179872499916697
0.240535532317634
0.303587135554413
0.267079987531493
0.17176683676637
0.202597314452169
0.225965233789822
0.324540985835195
0.531318959993101
0.499909538320269
0.201371281093725
0.34621178305077
0.210344145346291
0.443331926551566
0.135913956621138
0.1733594313878
0.351384032658152
0.678760126502933
0.757311632175366
0.189736813317524
0.222994279065828
0.402154156393304
0.369308693787913
0.176806340179797
0.1201806266584
0.223614285616718
0.323636220487956
0.323759912010925
0.26127320555604
0.536524214504521
0.477651614841296
0.329096436501914
0.31567752014255
0.389051366317654
0.519317868320608
0.262794670189595
0.183837895633631
0.480876122884962
0.701370533990535
0.353333990331548
0.229192482591769
0.185638694183243
0.170969012991482
0.192252188653757
0.324098916490408
0.387359131680476
0.46964571676159
0.306596873830311
0.221141823991073
0.381848657295632
0.349747153792011
0.670553880984452
0.484627274273034
0.317091798072924
0.264144209272422
0.992479848687394
1.43822492432607
1.06050455189779
0.173445656260364
0.235825524070151
0.450358932875552
0.387100478297615
0.282563895382804
0.290440785674277
0.437683575467963
0.351471100875968
0.180626528596503
0.215917682056565
0.341288925244916
0.316312239554996
0.30090124237503
0.441936825846458
0.335666228797937
0.27968334252015
0.26611578041549
0.205009963001954
0.222785946184787
0.342273256395928
0.422518288022104
0.242518595964917
0.228857231497495
0.316540554063258
0.36122283215279
0.196145264456727
0.397123383792121
0.229559139616802
0.241005335833696
0.250683932306256
0.293549716495418
0.237823930077911
0.225570601660238
0.278836178482249
0.272404262043139
0.221651758232263
0.236316478092565
0.247585281797446
0.363700927139934
0.470495348754688
0.293174901315927
0.190159694548819
0.220629823837448
0.314072781608612
0.458660285061967
0.387521605718722
0.254095262391967
0.422249599885273
0.294328157147052
0.36319812622351
0.276203781594159
0.212291596537819
0.3405049719412
0.471161909788013
0.474695615802736
0.34374508411538
0.265682913933459
0.412615938239233
0.437436798138545
0.412087810691565
0.564424078231989
0.640600671465967
0.549669786553018
0.507272937754544
0.549864843653376
0.356005755669995
0.535099747396282
0.783800699963742
0.702299473925048
0.472261241670004
0.602262132165767
0.73870144407595
0.537260513743205
0.281270484676391
1.24051572574831
1.77761921086974
1.07029983759239
0.472447401134571
0.256851671507205
0.351511530180968
0.710277583239374
0.790349344819695
0.309621672888404
0.353548445346297
0.226808510559777
0.444580482582854
0.688456987655287
0.285791771811681
0.258314918345885
0.300867089583281
0.436126084308312
0.385549612460062
0.233870795443863
0.328484399044432
0.343271507738578
0.333815536407521
0.321165354235341
0.30068784382055
0.278499741966004
0.302488034913241
0.345583328794527
0.370747882316207
0.359480532709039
0.428838811176108
0.350343843976985
0.376034734224695
0.327172263102969
0.570615950133395
0.359788071226969
0.106800085709464
0.204886572331735
0.231370372663112
0.238327351979441
0.299611418076545
0.351136733742689
0.499629780468037
0.551113840875275
0.476454673470622
0.385512100991427
0.482134219065293
0.362045386465547
0.390182291015408
0.269902429161868
0.293671269477283
0.291436813242533
0.340052959259499
0.392186746328474
0.241735668209226
0.255909144740036
0.277730041772074
0.302329290330961
0.215399434950001
0.42804552807934
0.347604531680137
0.253905141360741
0.352471209453938
0.771612101735246
1.34850286218246
0.805027775506718
0.488385836331475
0.25510206837542
0.643046625454498
0.526576477408469
0.411484543650382
0.73666397311397
0.63406856702897
0.265518244854224
0.275710399227012
0.329744877978628
0.538754611429983
0.345078692620895
0.277495757879033
0.296301100699926
0.291778903632372
0.27790012769993
0.192403955304641
0.262610868017487
0.216761311653647
0.427536549462133
0.483690265549169
0.271715173671695
0.257154542529896
0.57779477617334
1.47062197665889
1.31575227938374
0.303096415941413
0.139918084038504
0.419239029992929
0.319639778498067
0.206444365424289
0.197917589671513
0.365316182222997
0.282980048076653
0.227854637231137
0.337873168393122
0.562207279342828
0.682870444798054
0.435013952078417
0.389983882942125
0.368181829870935
0.325066779006367
0.331212021731307
0.393872848761454
0.557976031480435
0.481282032873173
0.321623356205368
0.431454106468038
0.427240371091149
0.362615751380681
0.283178117364923
0.243877500962655
0.430690567600355
1.03642476275525
0.660321101341613
0.273489267112217
0.382715721821318
0.392551418461406
0.418714328898991
0.223512980351932
0.232842948214941
0.323353699444636
0.277548934538338
0.414339392968974
0.574585283486741
0.331753278913858
0.264594449300418
0.265567165029969
0.176381791395857
0.185878250936869
0.153096211036315
0.163125246493926
0.139607027887264
0.189983530375614
0.55422339515138
1.00217001177749
0.451692146522733
0.179635499394087
0.203730100368926
0.203773957711158
0.129790556847912
0.434763789355018
0.627013350482144
0.207649165499912
0.244772654830943
0.20569284141989
0.186839365871898
0.229121383701755
0.21468451196842
0.296561669165048
0.194176897295728
0.181327238553002
0.618649177585893
0.610676588176882
0.245723285148892
0.342873784723754
0.475649571651696
0.85903428993881
1.09578940652728
0.597141328762799
0.678525857630696
0.453161188149509
0.301291281026623
0.344327306882988
0.630278004299701
0.752455100807967
0.70048182515214
0.417361312041051
0.414194916186215
0.526409906621143
0.324133051340291
0.259277456789502
0.37043024976374
0.716151016387734
0.730292689397835
0.364248062528444
0.134155892179483
0.218555352756901
0.577560297549883
0.394930075424017
0.171647789339983
0.261891762431665
0.352536434470299
0.529391667720251
0.360188312707352
0.273073154537902
0.297382802337037
0.429997354926682
0.606663275887141
0.463438798277627
0.265240677717112
0.303709709983374
0.417126087784649
0.658977710199905
0.727694412320041
0.85009334485032
0.975204317973325
0.550650309804994
0.326920337474303
0.301799172960197
0.292595097904687
0.27691128797617
0.399971505119519
0.707075239735958
0.625411008718208
0.545363095742384
0.617283425052391
0.465957691691032
0.460374438125098
0.213721831081285
0.178114114611752
0.348673258881892
0.70575558325826
1.73333283972187
1.89496745107382
0.432920489274623
0.539953284813556
0.59203364280384
0.949478703666593
0.789705667359423
0.331412794910922
0.304839014776157
0.280599155498113
0.454874975074334
0.447446605926027
0.213453724787705
0.156554887419982
0.183548566941135
0.572653516670857
0.251077166209877
0.140374949869586
0.211382787990075
0.192134409100285
0.327982084388084
0.499210540403668
0.413356608869931
0.251069440789061
0.298555931375636
0.378465266570356
0.596286107458804
0.505120582970097
0.33918375039891
0.487011473539518
0.500012323988932
0.684738679053923
0.609655022026204
0.368830073429421
0.367364889395442
0.668992429500573
0.499487238382554
0.251345127691882
0.40239511605318
0.574615209083199
0.480294484124396
0.46472212659637
0.364268606850094
0.409537389759181
0.399946129989583
0.292246494227749
0.30001143367322
0.39806319076129
0.487974433335787
0.688305837709306
0.79300891817049
0.483049820620146
0.254187781867072
0.298611682387572
0.212764271870384
0.215265922195085
0.193258560620002
0.280911485332583
0.456637946214631
0.433968459626771
0.289070166402093
0.182460395694944
0.15719671185279
0.451977712924534
0.574235200351716
0.271683928431551
0.304680623361419
0.307637996031549
0.34306919975093
0.384723189292586
0.441055292372962
0.870409987761046
2.28001582470445
1.66861871447834
0.343963899723191
0.300317994320969
0.314078076329233
0.18331412958637
0.146759750054948
0.227939399591282
0.253769644229387
0.481804898295172
0.449827442055693
0.468355147410854
0.273086877643991
0.469558450034564
0.703239531736824
0.89748017522089
0.874185446324505
0.649429351214104
0.480287410335957
0.429577320112087
0.67410335070271
0.476195286183339
0.188501656389257
0.239243493847711
0.429070128757059
0.444413796163701
0.366028041319805
0.219710567465339
0.211374309307706
0.126998079899308
0.245508880814499
0.23579712260712
0.420504446426592
0.80040765573059
0.763584175015178
0.784693926261337
0.754770528626679
0.343359784221058
0.280963646938697
0.464575268749393
0.377482531757415
0.198504205271637
0.315353251476402
0.197247792742298
0.234516277068562
0.322014390436414
0.233918945075876
0.209894792336489
0.182122748234008
0.268762023095368
0.33060636982004
0.340037774254577
0.26877848149138
0.208464028679963
0.347124608761737
0.30745393576921
0.203959462052826
0.329300924656043
0.288921982944834
0.240685522922859
0.542335400205974
0.591189162659384
0.256059340536978
0.197577655992213
0.331004101531358
0.488309239221513
0.292331578779351
0.80518438884378
0.6811835858798
0.453144223526844
0.632089406895923
0.746090296546769
0.540169256519592
0.523769125359838
0.499621025023257
0.422956157682018
0.477418493946888
0.259476360244356
0.233485753777423
0.287360840245878
0.372837782750369
0.520501674983447
0.424912868779392
0.444969709184543
0.212127214469821
0.364865848568492
0.390763781468579
0.325820718536816
1.19744397866899
1.24147613004825
0.49997479948824
0.255319365426481
0.202909169545935
0.223668216647005
0.293855855181251
0.327089886342157
0.453340789012305
0.498203691154487
0.852070334717994
0.734172611905087
0.322947460244888
0.35590923436607
0.430847037952675
0.625103040948877
0.380732680480605
0.229239763738216
0.238669162967241
0.786169051120064
1.46891078264822
1.31993781711307
0.503367779951011
0.484508958072979
0.446108857136764
0.174141496688412
0.215013369935499
0.236004517056984
0.349556214667336
0.380577113613817
0.394762199576413
0.88722884767322
0.531977711254786
0.366078091981337
0.272763798569493
0.283149302174433
0.321845563923141
0.437578743628573
0.260250820122041
0.295114963616567
0.388753970536973
0.436205549970685
0.765355562623471
0.608665472616013
0.241136186296916
0.258623799165886
0.290567844256142
0.372786217934422
0.539803054193827
0.601179863014483
0.324782723200522
0.335564737665497
0.889990086248184
0.797684471987138
0.273555171996218
0.23279666521234
0.420372268396809
0.766648086014162
1.17057662777236
0.472070061137108
0.212242304641079
0.258152964538251
0.349249284891658
0.367834843932471
0.409604026358701
0.470914304976476
0.550692467742856
0.426843407465012
0.297200817929351
0.41661598764836
0.501654261478471
0.707570934048659
0.963648939504197
0.389444983458427
0.722486378225584
1.1927084654698
0.614889874734463
0.496162277146055
0.490580464961399
0.496385223505478
0.271754991140044
0.321899516755179
0.258984598595185
0.238409186040844
0.627570606686958
0.656601833655955
0.602883552035164
0.452576348585567
0.268673319249676
0.241799543439412
0.309123395525117
0.197816526378426
0.145601773165825
0.218602697803872
0.292131377549425
0.387078038867645
0.483095325105328
0.470896636064063
0.3854883619529
0.266323208194971
0.303836998667661
0.199297529427684
0.226557563134623
0.216448566641305
0.177615233459239
0.183256108814958
0.185411094087411
0.452986435770755
0.460138946904275
0.265093865414045
0.22389094739697
0.19011514405638
0.347442267879871
0.192214665405069
0.142204782757207
0.205606063830399
0.137257174875068
0.122638673885209
0.458232021196982
0.835846117664247
0.978890219282461
2.27362818147824
3.7509857460719
4.26123538368183
2.35550470703176
4.01143658065533
2.60079463955252
1.45238817279692
1.06553951030052
7.19502911255919
14.4289506085208
1.82965714240872
1.37387055134361
1.40852738299169
0.902806557296183
0.587492784296992
0.926824331532646
2.31123783121018
2.59442489358166
0.943116442880973
1.35851928407956
0.956792471170377
0.475878497770713
0.369436592419342
0.7308415496957
0.431939821641603
0.302830116074557
0.332656054562989
0.468135390362578
0.36799440246604
0.269932324502666
0.204012523465973
0.389245449437846
0.341064179744677
0.32713357888628
0.334032639480486
0.2829180139315
0.240689934323828
0.192364321885939
0.204944918507131
0.156273722598437
0.263870739541289
0.522712891182493
0.563002244031043
0.368627444492791
0.255927370864825
0.143932252960842
0.330356042716743
0.209552240244634
0.292886117613446
0.254729078393886
0.180363669112184
0.156053062656123
0.264238787208842
0.340404331882023
0.20728211314432
0.163413988662611
0.363358817446544
0.399942202643138
0.252504678212931
0.272655427129405
0.543152644047853
0.596573358506265
0.328800666709171
0.535847261299673
0.549286090893771
0.728225421875281
1.10405061359587
0.390234488351501
0.538554135410565
0.274967474346832
0.160001367311882
0.19995132743151
0.261875367345023
0.252623916156597
0.248898586680814
0.255886508815904
0.230726196383799
0.235312712773291
0.259768957929616
0.348573532701897
0.508419201524018
0.607749674845739
0.285824521302909
0.151732638854424
0.191770565711625
0.680490857845701
1.05309986301909
0.551713272430651
0.447251343402713
0.30705003251744
0.225419120416914
0.231146997152847
0.180591977152104
0.378018816585547
0.384493430477224
0.193724605928003
0.23205640944314
0.190998078137823
0.214785280764551
0.192781301141164
0.165848078936263
0.28109755156386
0.143147786049072
0.199099281229872
0.199373836164596
0.258880944370537
0.167859806022332
0.268207859267992
0.29540171701955
0.569113770243798
0.444678490245454
0.389646396864889
0.25495602328675
1.09659716997717
2.13583014778382
1.20631643876252
0.356305963599126
0.316392731997257
0.429588414781809
0.312239342083563
0.185441802523132
0.131544061525551
0.159556161948996
0.230331604740164
0.192791915451652
0.14290431958599
0.194026437796907
0.233576756552493
0.193155484522165
0.229349743915789
0.393327264294595
0.322607133980039
0.159839743419058
0.246320226187792
0.655815287938679
0.619610207390306
0.230220579221685
0.172430688871938
0.13837184732271
0.171182336715517
0.150979977418184
0.305529229485792
0.942645909379087
1.23123866498533
0.254942504042132
0.299150073435569
0.338807006859895
0.545469804940381
0.833535684455209
0.589299874855458
0.429640118547003
0.524334028517585
0.409423795326717
0.366911651260374
0.573845277708234
0.689183959433225
0.292451348316408
0.226563981183498
0.148914164546168
0.157106730567467
0.231320143803699
0.270013455245947
0.198019819557349
0.175579298017033
0.201395549460152
0.319033075522027
0.275118082305212
0.417269231790111
0.296907487122298
0.154440853499815
0.115217517002403
0.454723806413818
0.554820948754149
0.580781680696571
0.716433157773021
0.497664070755868
0.262503760095787
0.270089206647102
0.283914182801263
0.269741539731585
0.487124350926591
0.334445471019089
0.266996146186722
0.229483264846666
0.204620919905167
0.228308233086605
0.145173404735728
0.207641050308007
0.240740597273378
0.40741275549392
0.299482689516047
0.396595146253899
0.544580758961188
0.359487388802542
0.247848261941661
0.626970186870078
0.466562656383485
0.283231367354663
0.262159360146189
0.406181427023177
0.844420763787649
0.73498430253307
0.244345362380542
0.299062887620073
0.230820492751018
0.269648640314381
0.267975619289315
0.200104335813279
0.398508039713398
0.473025894343833
0.396253753126869
0.484714351619101
0.551088853064643
0.263089418505418
0.365143595277487
0.301173597035634
0.253920606399117
0.300181798855465
0.243177377524322
0.364098398079169
0.413864255133427
0.304832546436952
0.391172852833428
0.407647273666835
0.444227378442659
0.651068810396943
0.565120049569401
0.658611258708069
0.708575905242581
0.496909389619221
0.274162917925925
0.333468442410238
0.291560637350244
0.281686756177168
0.238897182643451
0.14695359262819
0.161944306342219
0.164775908523946
0.175003090256508
0.661290083756824
0.586150377866348
0.387615093288088
0.616455311773728
0.432372587572511
0.214224190289412
0.251645122841195
0.32677764383375
0.380606209893019
0.817003587598448
0.67328696539945
0.451209242821589
0.421407551176115
0.315307746776894
0.555772101520697
0.461220968961908
0.425670592506891
0.497892593974197
1.10243267839362
0.97603097208037
0.398085122894877
0.475273608778731
0.279277205817477
0.33852504704795
0.285296331972314
0.238604470411965
0.221821695696768
0.338705839139439
0.423576537180047
0.754954761787167
0.752560523308152
0.83835190450649
0.660878087480904
0.37756019775387
0.434279778488705
0.589276881588806
0.444535169718138
0.501125539045301
0.691884217582423
0.234340950732513
0.201919144251595
0.214760644090181
0.321112340940032
0.542238610723198
0.554215226695756
0.467411504634186
0.349543813044592
0.34379476922418
0.562435660270537
0.5099757630793
0.539364358090723
0.571312928583796
0.381963367689254
0.418981766743148
0.882146116065725
0.49282322461988
0.394768646825861
0.373754911619204
0.323147617748492
0.278927389881787
0.271548104297979
0.281273256647259
0.371781681687574
0.405573991281801
0.369699436869365
0.243370923575838
0.497434656108161
0.597519958126243
0.275889799228289
0.222658151577143
0.222197951725359
0.482398126961008
0.34927686439731
0.249275190953675
0.230993344506201
0.270630973345912
0.432208778141626
0.460962171775493
0.382954026824264
0.434924843127843
0.291324836299281
0.498511758888829
0.491354620885899
0.425543041793052
0.388716534875797
0.228312196103634
0.283397704199982
0.270231128238781
0.501039460854157
0.9577787288616
0.615279918742426
0.321573482797533
0.313182111775631
0.312586319092893
0.21520513445106
0.296258075351312
0.272493790350552
0.616173553840529
0.611336377129165
0.26116471061732
0.210698135048637
0.545942925795002
0.348174553424776
0.507146807202052
0.508912184449954
0.433681001632538
0.505220573527359
0.535188381807595
0.295535580941209
0.317350588218259
0.469302941689115
0.421051332615569
0.800372141337706
0.798231592024361
0.662218376395538
0.605112785430524
0.408212712074187
0.452437006965194
0.389035922943131
0.30858370183227
0.357576797482654
0.423187363184745
0.461390879577873
0.37348531937683
0.250806930635733
0.332755642652534
0.544308288495467
0.441258358019468
0.389904134461732
0.27635688569829
0.699353367427695
0.883578584742314
0.371228593246066
0.356071933912303
0.403757470461445
0.282190399786573
0.336886432758027
0.46253151802626
0.483638813987194
0.480400696517366
0.41254688222753
0.533723625912625
0.497041702832838
0.544277932997352
0.748905642696028
0.580118321975029
0.421866018619112
0.433003737582879
0.380961611820412
0.459648132785883
0.308416941688122
0.394958099481186
0.227314196608929
0.586388501794048
0.472987230765313
0.377578759571854
0.734365857826491
0.486908139786429
0.172863212939303
0.197036755467962
0.353273201642781
0.637764244554615
0.338778236102674
0.649653751634297
0.596628271164358
0.556886732120711
0.580361927225177
0.247402336425688
0.2650439760853
0.218588612716327
0.256833412254929
0.420543349775443
0.767847277377714
1.13038664455909
1.03928049782738
0.366889469182451
0.420718807876817
0.583943730964181
1.34972534193563
1.39968799670971
0.274530000826029
0.273913700898453
0.401782992875315
0.434545921052143
0.338953025537549
0.350413851991555
0.696083007299239
0.803032271347136
0.320654049136487
0.279233552725246
0.300383369728518
0.37638469596014
0.28905559194434
0.279619157417038
0.310000256572034
12.8116435419889
23.2461572648378
12.2565651212763
5.73960060139216
3.38997768000673
2.30508237212593
0.328907948405933
0.954634897146044
1.50961326098943
1.19349911946782
2.08863597559142
3.56374530513433
3.94571363154774
3.4574733576538
0.543882778928943
0.485826348642569
0.375589801804838
0.356183681628539
0.332196407355837
0.297025971422409
0.201747915902726
0.219094648202664
0.206361549828279
0.163187485572303
0.203912675849961
0.27733541114329
0.272394488857801
0.240057303914175
0.333798013702246
0.376870210347486
0.553897705044745
0.923381971061667
0.966715731519287
0.419240372650482
0.263702410585295
0.250183785543194
0.329020891002502
0.314637081665633
0.432414987600652
0.632946122597453
0.41056837164645
0.247814487182145
0.191803959699313
0.301493649346088
0.554701239612856
0.426741531810311
0.57686213653717
0.364211559003523
0.229447085579908
0.187837154676465
0.480202006924294
0.564413428861014
0.390612712053692
0.43393464129251
0.632324372375032
0.81277276108856
1.06401821007098
0.966392558244153
1.38530000133848
1.41304446894218
0.532652604803729
0.325479719590893
0.34735588910629
0.312956755892386
0.324312592652847
0.358972549245717
0.248795693642934
0.14557309313704
0.192821678683704
0.213454209640521
0.50102944935149
0.621302015870928
0.493655300322274
0.439474991492265
0.33040238703766
0.315963890545791
0.280110246656148
0.223734853033024
0.233550223308388
0.288841886902639
0.560685838355955
0.331844214264774
0.311979429718666
0.315352177594763
0.176910588300751
0.274344668451251
0.337214839044827
0.480294415798888
0.465659608171598
0.470328624256744
0.280735402262404
0.266066243598502
0.224959286266742
0.323768225927677
0.823862396361914
1.98100000773682
0.992336211014729
0.32325191185646
0.169390820178419
0.120187892339345
0.259737446327462
0.324725631818923
0.319957934207513
0.364884061696839
0.495604150264108
0.316138271603088
0.212461827697449
0.393086008172597
0.322700996893263
0.241960759905532
0.148386373845633
0.135241123111478
0.169500280489503
0.20042963074265
0.210067700594441
0.705754490494164
0.752417272727267
0.38264822618763
0.632049561635904
0.981341357312827
0.659380413351039
0.391104212993026
0.6156733216736
0.675124269604877
0.600355879682012
0.456019306124037
0.389732048409867
0.182526724711455
0.250688381306855
0.43405740725502
0.955757961085382
1.10622327896948
0.547480323197671
0.329990748153289
0.320516037317192
0.153663115886611
0.272835408165984
0.206028121867617
0.514105553809311
1.07879830163202
0.797318505510502
0.323772372949481
0.395181596144256
0.460295827515194
0.379042014989605
0.381815621507703
0.253325854694709
0.243394048935128
0.346875965923467
0.395076169231745
0.373314620909808
0.573552491779728
0.724273407387547
0.878534572117012
0.694890451750859
0.713167637490295
1.26892530896797
0.778941670056952
0.341431644833218
0.20148448524723
0.434846425005439
0.495464567605924
0.559118444347084
0.382438682653775
0.418467223971316
0.413346559355699
0.340737869880776
0.83836155018065
0.845843444464444
0.207476961760174
0.345641954139309
0.720932551992526
0.552841500341342
0.208610793328711
0.300474624427207
0.286580312257773
0.196917422362237
0.383038213882556
0.462849935542595
0.263981020159753
0.304445065200597
0.527275983475769
0.417647521060637
0.183150262064614
0.220279508933921
0.293651043975035
0.231537223627277
0.182228240245325
0.173840170658862
0.277583469619494
0.504297023060356
0.678141100084887
0.233301516156185
0.29016175679037
0.251200403088117
0.496803787238206
0.527179773701494
0.214202122550477
0.306670780919402
0.683055140221945
1.08440603140638
0.582268945470992
0.396377316294318
0.53266657039848
0.464096847984039
0.399223382390121
0.510081786286744
0.79667193128661
0.94480360640811
0.467793826205556
0.565480326808806
0.743463743546815
1.07221515140164
0.869059322051675
0.981496471982461
0.497549925327664
0.20237798207944
0.198161563897283
0.533473945023504
0.630358579481533
0.398697388705231
0.315135852966169
0.43521275867477
0.429668110447646
0.583536257333438
0.476845131953083
0.336789938068927
0.216116039207156
0.272404858471511
0.546034832914541
0.473351022972664
0.286542554185445
0.264535366461024
0.558147144217937
0.944968550075221
0.591248255469149
0.955209444638245
1.23659431269363
0.791608022519212
0.743144033835394
0.673135859898529
0.24559630713308
0.29106980456946
0.348690119076022
0.267202894873568
0.448556459091506
0.504786561501308
0.397149928337423
0.36286227330585
0.504812601643937
0.608741998040771
0.270106931679281
0.462122709215343
0.36794268810415
0.489223828953964
0.427300214948388
0.210129664310714
0.170620683688245
0.262659727310015
0.579574869819079
0.600761964724397
0.511561675023864
0.551445487723478
0.612506067596077
0.783583254525986
0.331576764282505
0.266953867159744
0.323167697310934
0.348224812374308
0.299120132498305
0.664964795777494
0.932814855088666
0.873646047784621
0.842591356667989
0.41556023227988
0.436905628634832
0.464348571921956
0.299535753357787
0.302577607051765
0.313701006823587
0.363694825178971
0.814983529651456
0.811176156829567
0.381185747435738
0.322315572937047
0.538063540913261
0.365453824465548
0.307776288502806
0.336539969076379
0.564608233819742
0.484836002959617
0.300266020390559
0.343523280286739
0.26576987082348
0.453133630171191
0.932496469393209
0.507776645918184
0.328254027726598
0.479847633306138
0.48181396446154
0.417090548921597
0.35521995780058
0.439210300144844
0.459993854413218
0.420630357514955
0.280157872958772
0.362884645489788
0.324728103657093
0.19781482851459
0.219807315759814
0.319229556588618
0.27576026820833
0.225534508566775
0.397254043023163
0.675556610241967
0.401130741674381
0.270439284236376
0.436827895707008
0.476388314111938
0.392997002509591
0.403430790738779
0.38384765144104
0.378100469475
0.430569402977569
0.638460913328463
0.616853837139879
0.723626323913252
0.40347029883697
0.619324766515291
0.644050344048756
0.301192256765531
0.610225512157968
0.547099183239975
0.644641333546679
0.526432161300745
0.434041362759295
1.01793571160174
0.657860210686398
0.310987577062502
0.312669692599099
0.429635824609598
0.588751273024513
0.654785156175068
0.329211191138673
0.268543277151252
0.280615665660936
0.385713834689243
0.417914970851252
0.46072235042645
0.482380918452943
0.367393337365783
0.369785139974823
0.292381895327217
0.22690194937968
0.1783721655895
0.406448235215172
0.61815261414441
0.495617633432345
0.391375114476483
0.323705929234763
0.663437907114195
0.604786014781577
0.303327263253049
0.28060767022314
0.54584130288083
1.04407627410568
0.932720925174871
1.55010691859277
1.44604970382054
0.455103150323143
0.236718099432051
0.251622600208791
0.346296820278812
0.340081784640827
0.400807788904282
0.385448900408843
0.562622782185207
1.14797602827782
1.25912759191733
0.667282767778818
0.345589755384255
0.333330957872272
0.715167712477243
1.65812155130483
1.35698535454474
0.920552603525422
0.57409669530581
0.478653902711233
0.848318229698814
0.65668252261253
0.416151437903231
0.228184479984205
0.431660673143647
1.37368168173731
1.47891801983401
0.598816364200468
0.541968585663227
0.366327248139683
0.18827327805889
0.356336685534442
0.548189556228264
0.245534044452372
0.231299980117795
0.389997403091381
0.344536208553527
0.508536461607536
0.328215149536976
0.454473996918039
0.443350460158722
0.308508887573918
0.306573334799406
0.176092674298529
0.242896653658254
0.28629166972711
0.410056731769976
0.415718644226844
0.591202058263558
1.16548483451196
0.910819030372137
0.440907771831508
1.25364389533426
1.07010804462204
1.45556858754789
1.1800949614444
1.10984570566941
0.723813452911283
0.330815428211811
0.511861651474114
0.261484966851247
0.200671657541508
0.374554268645143
0.530520891075429
0.296398615853063
0.247395393146402
0.351493869846956
0.331810881889074
0.397673952435402
1.08708466074005
1.26904111787672
0.628412999436353
0.386127615402259
0.687929270087077
1.05180084638677
0.907943385873746
0.214886446334021
0.194378949177236
0.304153546772081
0.313798495409151
0.372022196450072
0.249550049401101
0.351846840457602
0.596803305492551
0.387643530262264
0.211010536949894
0.195106133219021
0.185041429840952
0.155099257674969
0.162801039252932
0.108664950620599
0.180999034620562
0.354245172159186
0.664003359978981
0.588152639216976
0.300123253158342
0.295853258903395
0.246990118505041
0.408373446106775
0.300760994362803
0.39432845148323
0.689950698433684
0.445960340041454
0.411516304440502
0.364730268279685
0.473873642900403
0.846398229788649
0.778262451860863
0.319298780551145
0.206702732856309
0.347309493128481
0.323770362181055
0.273316392950728
0.598910730023037
0.539271606681271
0.192449644545608
0.38508439904819
0.703962219568066
0.443096370574615
0.186881518231926
0.200496000953386
0.392193160003713
0.497103202712186
1.0966233480347
1.19376286219437
0.477109563484193
0.340766413879995
0.281267631421217
0.303062583225068
0.242059123614088
0.103711516051767
0.18548437678973
0.297593457631576
0.264302289283017
0.184557750043364
0.193751819631157
0.247407263934667
0.453219429475236
0.347844532945856
0.274236511683557
0.192022243350855
0.193023272934998
0.277010103862395
0.539504785009644
0.32435443221728
0.178079379506624
0.260609535137933
0.347081009924403
0.538451630718846
0.424953642558042
0.418632727569371
0.416519969442753
0.442207912651344
0.55506377690811
0.55529988296474
0.484152283939331
0.384912622637482
0.456735228753952
0.381733525771513
1.30469474277957
1.40334498086276
0.717626598874644
0.538278917064244
0.358299716642835
0.411276136365249
0.417575253007946
0.48908496766438
0.513483450706385
0.496980048250254
0.383928822244124
0.487456173844683
0.336078306938182
0.556508967574274
0.662272176665667
0.493190137284108
0.375131421070511
0.465143312580628
0.536376852290863
0.400533612784454
0.737980499303269
0.691306041731515
0.429814987437767
0.472261909854319
0.357168542606834
0.555882790128165
0.793910155760112
0.387186529606586
0.263753919066868
0.247601054878388
0.41342151982434
0.476748835914637
0.737153053899278
0.956339162907436
0.375064182864801
0.573068992803755
0.674080271570225
0.585163950040432
0.585131354641279
0.842172099385264
0.727463762073395
0.49320684964714
0.34236569701021
0.354876843759462
0.409993839223678
0.438206590505015
0.537177382198277
0.506258549410179
0.731113900326333
0.653261520299776
1.1224870838331
0.943710487701097
0.219343531680888
0.253937200035371
0.227946083966136
0.378115596688008
0.322985230987625
0.246840944142923
0.212132204822275
0.316597464224186
0.654580451567867
0.588300936583019
0.295843948886155
0.517624755920884
0.734162620865487
0.614884545676272
0.728399300489086
0.598813884511196
0.321704971316391
0.54412500943791
1.46210014866527
1.51856577690649
1.0418018642706
0.292210646001042
0.338637601505916
0.314566673939029
0.387485338306512
0.516836847911187
0.445466055869056
0.449663524644341
0.463046106866627
0.488520191924931
0.522164549131924
0.516812276732152
0.308718911923834
0.27247332197117
0.499504087741819
0.657020274192789
0.30652949002361
0.192758823950951
0.296479338633816
0.558604665910973
0.515374274454986
0.36841903444502
0.613926358595568
0.319515450153531
0.310122817888713
0.37489315432083
0.268205509255571
0.608274674453318
0.67796035980876
0.299547719516095
0.219050029933386
0.305465116342353
0.426415143813651
0.696243651490963
0.673394671280774
0.744302293225816
1.10825329033551
1.10134844728415
0.665818337431544
0.650455077765364
1.05683819365084
1.15793101828401
2.06351287603115
1.58403738350749
0.823562972965095
0.389235027790225
0.601005831014239
0.266638703067545
0.203923138577741
0.228654221949523
0.337572082498882
0.308168611464708
0.577950222925642
0.491487352531451
0.349318327844103
0.264921704950738
0.600679024682628
0.769370613942935
0.573693819620413
0.295144621676999
0.474247926598301
0.596185903188637
0.631252441597484
0.452392563569067
0.259739010602821
0.37374025413459
0.629260644782376
0.51373251863081
0.333018812589646
0.256290105621934
0.491426777050485
0.786362335496313
0.797042372368748
0.613086419326961
0.42147103423227
0.322129179547956
0.372045293546044
0.475506791238588
0.768523370417537
0.412842267782521
0.423317180934783
0.302740669970434
0.340429203311133
0.573392263153956
0.688622970281341
0.694917030672543
0.880551988434116
1.34262717304035
1.07977262363245
0.915186100737092
0.494520471226773
0.731515554631936
0.842331622793616
0.434260719821723
0.252689903563401
0.272897612335959
0.400440003460432
0.606660129160225
0.41141334947518
0.366713580586807
0.374892350732438
0.581220528384616
1.21129380491962
1.18099357131437
1.32825013693827
0.503869865036
0.314844670423532
0.3480103149389
0.298598687041063
0.234177586721517
0.236445296945617
0.601498838551973
0.519380458854943
0.471642020443315
0.380095250872289
0.212069538646134
0.365202731543578
0.495410991147148
0.424315061389239
0.284320016835545
0.733597094167712
0.89956750817528
0.464225898147946
0.119887011471222
0.221915573473269
0.64423990585834
0.750759339126022
0.412190958703575
0.215779479872801
0.218181146165749
0.287585277587405
0.346123422186568
0.305852695711347
0.286384726841238
0.279687472303507
0.243484073103481
0.644625744698746
1.20148511650507
1.24637690048762
0.727639649079463
1.89483270389241
9.12157735688313
8.74151524573257
0.488427243602486
1.11164247534701
0.728918819823329
0.425043226225872
0.396932964488216
0.468934046926821
1.7108770617709
1.52078074500625
0.390015446361011
0.567581404700501
0.47657166866732
0.204082652613369
0.288945774905605
0.322210917327014
0.565875843158863
0.844204737335925
0.714496763976714
1.28769892995679
0.864008360394452
0.953038508776936
0.426156419938685
0.491682201075906
0.67597805778162
0.981473190042272
0.777824675043162
0.476439987234859
0.609178842639608
0.774434691980868
0.416299750000901
0.22578046549117
0.563895107373856
0.715943831125589
0.646046802692046
0.869488900448442
0.650185786911756
0.314868218330795
0.380257264943743
0.439287818451602
0.479446599918662
0.346032532583304
0.852225317473102
0.868442690936861
0.611761337567115
0.688524490301544
0.428745557784319
0.264767237681612
0.239896007339196
0.311911706798417
0.384451632588081
0.349936763963377
0.26537054972289
0.331768132502486
0.530931590910572
0.469481022989587
0.515131443275958
0.496756317902554
0.469211761874956
0.345078317713545
0.271332824565218
0.492811351816903
0.900059316809997
1.01106521945521
0.894125846997469
0.704557528498019
0.49993051946909
0.456959618288053
0.470230209593103
0.593647910776457
1.01276364676981
0.654220885457962
0.717633234401556
1.2396218390455
0.560743720167499
0.231016816933943
0.271572095542117
0.472432076073193
0.384226018543037
0.347713143711207
0.354700040041145
0.492766774664562
0.600836497145138
0.541913939431147
0.97097414427557
0.990070448480304
0.440232813015766
1.24946881610681
1.34001385604322
0.683566930713777
0.449288989298714
0.483746678884545
0.658296804492788
0.543339490817501
0.570188796346519
0.780392201174821
0.9351291618339
0.746375812028114
0.71283393535885
0.307870119158381
0.450730494035356
0.567277548681271
0.996730330073874
1.908144174756
3.90499247523133
2.36829193436539
0.823393829815754
0.809190804998475
0.600690191237064
0.256263252976654
0.275093047126322
0.282169664594777
0.344860399005205
0.563821272749499
0.381582329608093
0.437950489625829
0.465449767074802
0.831998738505277
1.14123615326419
0.642209496220062
0.557461104977041
0.638998052834847
0.784754084397798
0.72156725446264
0.404759757157884
0.625200655744669
0.666221370078448
0.934025923275557
1.18190079183938
0.682223379999188
0.336919240120981
0.482334924018454
0.702260406641755
0.489214773255206
0.359848534412226
0.560759556923565
0.531033640198757
0.336302866309576
0.260367533655236
0.47379372347468
0.489656212128805
0.641780880987446
1.05883406297376
1.0322908025632
0.346398216681461
0.583142362510823
0.512286246829806
0.436606096115431
0.610763888677209
1.12534971420177
0.990287734936538
1.22354256524019
0.81944211713001
0.66152294358505
1.01544137856892
0.864846503779327
0.463978879373772
0.556793380992826
0.534817209429731
0.360791952759542
0.341511073700339
0.331730937984476
0.308569050159073
0.466562225787405
0.602342847418116
0.731558476510616
0.648946523764085
0.437082343129537
0.559555455861094
0.562706678675769
0.664321158611723
0.333819174616626
0.339364024873304
0.317913102416379
0.439941161804529
0.348731016802099
0.325456012425293
0.59533931040181
0.644867637432372
0.682387091305931
0.679669337304373
0.891835037249012
2.73173135657056
2.5389823361931
0.976710140618859
0.820826170042472
0.895789471993295
1.1856085201661
0.643305363219223
0.837846492653658
1.39789217378489
0.840067676011127
0.662074379204832
0.52227608833432
2.1511737001817
3.78478263663299
2.05476657175955
0.800455281054985
0.573233106405656
0.418204869678733
0.516268751078185
0.493364463144895
0.34130278773143
0.634515373867251
0.630186653223957
0.53233517219932
0.429096387980128
0.211547110684272
0.362433352190142
0.785134958817755
1.23292956830917
1.07385454877002
1.09618460472079
0.982140428192532
1.52152566239972
2.00509402504032
0.912605565644154
0.410911759546618
0.354386144723879
0.285004246071796
0.295814559889099
0.535869177105474
0.798257636277733
0.603966600150439
0.38349194400398
0.252159132758564
0.585825446107367
0.567495982423886
1.22601329277204
1.54086000046578
1.1355537242701
1.03819838119311
0.911513835699007
0.548747305817306
0.452752803534181
0.616758361147764
2.38137189506024
2.74219547870367
0.909867755841961
0.648042066284908
0.568155411543203
0.43417968896245
0.228475113358534
0.500423822200846
0.906978678356745
0.886732446739936
1.97727566427479
1.01625763786723
0.402397276503609
1.39668641994686
1.34884982248874
0.773763777334869
0.407447605759719
0.348197170308779
0.425914168490347
0.93332080856992
0.884113718739889
0.373236379025139
1.74469765611945
3.74763157150723
1.46526662407432
0.345797540503638
0.618147351248442
0.578633334203836
0.513469638654685
0.845576389491543
1.23888856285382
1.01932547613658
0.787477294065721
0.56073885959587
0.666442877246477
1.07942313428697
0.932164194731719
0.294658482233543
0.400661399442452
0.332498379611554
0.306842013366105
0.357290841675995
0.386653854066904
0.656902317385737
0.984953870891736
0.881925236397601
0.368734556945029
0.939379485763431
0.966714080923892
0.571466587163075
0.880677189054536
0.511838416193043
0.458048369444131
0.63999843789281
0.507652860032919
0.527042001798313
0.479037676918444
0.742966909116204
0.620512689120644
0.418225433448208
0.742337250075718
1.1406565993008
0.858942131975567
0.706381935457881
0.551137255409701
0.385074407870465
0.37922179832079
1.17188229987968
2.01088640224594
0.713165796634572
0.426202995301722
0.421416267406613
0.302536565041835
0.406247668237773
0.437837666105948
0.331480596081816
0.447455137157283
0.973166121905786
0.506877671730531
0.543033088466889
0.736083923021579
0.629639948252954
0.949311420765154
1.24179956091173
1.77814016446294
1.12300721227731
0.271087688905732
0.508403861286661
0.501200395706355
0.554515029458774
0.399438439891376
0.428107853042288
0.519945951019965
0.526888338005669
0.503900167728569
0.670286006914105
0.610081149813235
0.729987686926521
2.62882070233951
3.84635934505158
1.96515006020553
2.19855729773531
0.864724169864057
1.42732887651921
0.979279803472839
1.11913860055954
0.967553411855434
0.329635662249287
0.438692928309156
0.815659081395469
0.484513380787797
0.489941795349179
0.656575127833871
0.66399889867256
0.879731020719281
1.05572055635161
1.34651293032993
0.580931543865858
0.559174451437792
0.587181300257094
0.907336755508061
1.02660687724686
0.857094725301199
1.02645878158755
0.827122005866947
2.9328726757885
3.66924740004599
0.710371505449419
0.477919929745646
0.512496909156358
0.408475765362149
0.447502588286354
0.67643702079633
0.498148649448867
0.280042844794406
0.443783077404834
0.717424601038087
0.673447586868579
0.634716893256653
1.69416471341448
1.46216817833625
1.03103979508602
1.36254517570634
2.00574703342394
0.565732697270664
0.368711740014935
0.745305074336126
0.855053706409639
0.763047630981078
1.66727604403609
1.61709033168359
1.17862981982055
0.857212173264594
0.634346194916947
0.690292177051219
0.770964456062758
0.590550698307582
1.49226617936301
1.30035559605307
0.454725860442794
0.640340120410622
0.507589245950019
0.815619975243186
3.63053152335912
2.66856519876343
0.619393410421198
0.474894285303949
0.679611945626885
0.599866618413364
0.525514389333382
0.780916009439063
0.74037517208033
0.80618653008595
0.908116313001386
0.500661652410768
0.672184530838425
0.581327151570997
0.485498408561227
2.15806358188079
2.25464143070217
0.621644867592831
0.544196775437505
0.42659345327027
0.361939893019845
1.03691232827852
1.43766757614804
0.798054643838109
0.699767309636203
0.945994754205439
1.21653423387685
1.0439998076196
1.39301141054159
1.9806360451113
3.9160874517019
3.86998581293278
0.835787017982322
0.738241321345319
0.694487949583041
0.442928452283615
0.701877007167996
0.563332467458707
1.36495084614715
1.0675991060434
0.221636559276572
0.454880812137005
0.832140771727086
2.0792696930649
1.52342527907416
1.1312418185
3.30535556782163
0.375310637830429
0.626920183482713
0.868652898304233
0.629787883259696
0.560038572233829
1.39231342380115
0.735956681037814
0.648403995779228
0.465820627394954
0.641053953726128
0.926818671330775
1.08989521026244
0.53719284357106
0.723171390069726
0.972192556765475
0.479002511187843
0.776729797405645
0.460142824917066
0.438137644731134
0.41513559624117
0.684819432616561
0.722592956349002
0.649720451653808
0.681042040434648
0.425894341763274
0.711311185572105
1.30728330982217
0.8714852391588
0.998038988214518
1.27697460234604
0.429728695277724
0.473448914473667
0.469926509856391
0.378092498185546
0.517138014261988
0.702113923564904
0.970911456203961
0.888604709518305
0.605438756782977
2.17965302844753
3.916395517661
2.27666558888011
2.94715621653931
2.45798786181249
1.28554783834798
1.07966609535012
1.54605158340223
1.75096175015223
0.595067268779311
0.702440993110086
0.890725057837278
1.0484190668172
0.331667265071883
1.00898277649583
1.90610908045562
2.18494271097862
0.852292041563762
4.48835411604534
5.43467445553628
1.83594056483512
0.473751385783134
0.530517571386083
0.310149876106831
0.365274343480565
0.742916243441272
0.667855976798654
0.852884774483611
0.964618189013781
0.48906115545396
0.601849683249605
0.806715468843757
1.01367880398026
1.17148796027526
1.81213766142811
0.492295672044818
0.40581387728707
0.349419205955939
0.290158068531118
0.67809239706458
0.596740137569712
0.58597332128857
1.08511580536781
1.03420876100249
0.681985774594967
0.604368058233927
0.484349216795973
0.392991389995439
0.902922008685192
0.94360540446699
0.648760657706978
0.602709066704835
0.475197037411539
0.481316582551466
0.656991450747931
0.500871793232666
0.427404358575994
0.329782240685944
0.543555449454166
0.507672340456016
0.491344538577251
0.734105609705941
0.429735285181914
0.397619580881739
0.723430260525672
0.466286344274068
0.621628116055395
0.481081957279661
0.550563747947133
0.506683028257943
0.43659139770097
0.681943849221397
0.744409962253019
0.500543464016194
1.38672457020748
1.53476730828444
1.22326197005168
0.565166111706737
0.876529144939267
0.727390971021673
0.448140623009804
0.623662846565753
0.876425262555361
2.14024921888478
4.0996378564945
4.00070811509431
1.4763345164931
0.366982679002301
1.19403191995004
1.27075398746057
0.691186908558213
0.703773939171628
0.600946208401097
0.368731928490197
0.799156719005034
0.864350037447448
1.4996751312509
2.35564211632382
3.38500798090629
2.89269397459627
1.34618568911403
1.3204510403693
0.550636029615232
0.470989627362631
0.837412195388683
0.729426828984787
0.926415468950555
0.821788641793631
0.447473567725069
0.400971306109456
0.629753816275283
1.10273373519164
1.11538730951751
0.433887812308384
0.306206724531368
1.17946839389205
1.48099180138538
0.856885515038981
1.08040017730199
0.327534102704867
0.278306547642824
0.353168570469583
0.335156736985825
0.459164452197927
0.806464590491949
0.793167384172331
0.800124451062507
1.04994539280991
1.3925841620936
0.58281888697256
0.825273454968325
1.26904446670323
1.60448662883048
0.698078623257517
0.604508989417534
0.823508056113284
0.730670405929717
0.833407057374078
0.646542676471538
0.863213511688153
1.08271204212446
0.347966412407241
0.375391583155549
0.488664359942029
0.631488350102247
0.633289811832597
0.434346076759981
0.587604553619154
1.16159561867764
1.09150173372187
0.440098265352836
1.09580179136331
1.16639101040984
2.2454358973705
3.08516502041761
1.62679505953564
0.915379936818169
1.03466643553834
1.67129515280992
1.26902369501979
0.527575512265866
0.266571884701607
0.389848050377028
0.486009043890827
0.45825400573569
0.444622131520505
0.438230040792706
0.6760765173743
0.591193206955594
0.462330104413175
0.813382753262029
0.80550711478783
1.04185220257478
3.27361490370839
3.07990226677793
1.13949483170584
1.12731025483458
1.23562108115251
1.65820661986478
1.81504531320465
1.1720363828841
0.446641201260706
1.13350833714708
2.6471559025782
2.21052084006467
0.772327955448772
0.59561924732481
1.30805456141548
1.35263189900686
0.369548369942591
0.63265304922787
0.713661919249321
0.695919787166484
0.764548413097035
0.925808535680827
0.68936204275633
0.877366362544999
1.90334732241921
1.00637156375341
0.172617323423301
0.455636040680963
0.652936120549064
0.387455492846261
0.424726769598105
0.999762439697025
0.751208989562518
0.327965080889168
1.2402485494101
1.04289068637954
1.11718941192045
2.09156903784685
1.21215938387845
1.68762453689364
2.03832779025126
4.6313827995938
6.62097362000961
2.76510276380637
0.386699660789777
0.773544250869108
0.738756358032438
0.874676129911431
0.881835641350785
0.432259750629857
0.449247162987913
0.414209454750521
0.952657300150073
0.730887278144503
1.29777657405884
1.29824789829577
1.65213358275483
1.68018377411588
1.33200233196502
1.92158819030114
1.11359209453272
1.29459682030916
3.21679579641422
2.04305754358116
0.931598536804978
0.604089724324746
1.57241165630982
2.63704878873933
1.05539982477427
1.00691722576081
1.39580207989283
1.10355663642384
1.13279198252736
0.917598083392336
0.837672175298238
0.724483943083917
0.330431894730318
0.812808792554772
1.12809016332751
0.873725760650929
0.46731997341686
2.2367489307067
1.57048234547665
1.73077575453328
1.3824633436452
0.766194211663256
0.915755524265518
1.02976407137283
0.554506833884539
0.20162139506057
0.706982296018862
0.517243269962558
1.49489905100806
1.51024558146754
1.00674462042979
0.750015670945285
0.464981159976688
0.898704160888332
1.76862014073583
1.7888775718097
1.2113076816166
0.615514168361509
0.569946609968303
0.430829917344864
0.669583198655448
1.25223935726411
1.30016838873717
0.954320054569899
0.984731252060218
0.714220878418378
0.678103993298605
1.15812945728763
0.6226733312348
1.135526628037
1.14815322496983
1.52890996279274
0.871521757303571
0.841971976625714
0.757040752212483
0.605974152717621
0.541643611546332
1.03279219298115
0.341287878763834
0.529256556512312
0.515120039286236
0.545389796761633
0.523638102145558
1.25753588948339
1.60676358416224
1.81158129224042
4.70224247104515
1.85603331243591
2.66237574099421
1.94300168765939
0.330414837454551
1.8210205547539
1.14556728479081
3.76949717650275
6.03392056036714
2.58694129311202
5.13035454211025
2.47219709783495
1.6004693815715
1.14448824087503
6.11170744614309
13.0915790736451
2.60685042645603
7.20020842050751
2.58773909530714
4.20134504503906
45.1400478509342
9.59006033707853
19.2456086645763
6.65302071475439
0.588534850830783
75.8887750337074
13.6800119214179
56.7321056421392
87.8349593999003
21.1299762897882
41.9893977444911
20.3080044390583
29.2718572711819
4.51957487354883
87.9485798416554
105.63607169223
18.2580498325781
24.5981546368129
5.14579891958291
23.1110529943095
14.5798291627138
39.4467068226599
1.6296343272228
22.4439321278962
54.6773343521544
24.899713880255
13.0122334520237
5.39723062974226
1.59568723381748
2.41285066719577
2.70398565279124
3.00643735439449
23.0742702640305
16.3003979607048
2.94836240908912
1.84831365992144
1.30793227674687
1.48986112424973
1.6942928558619
3.0388889067408
5.97428296764363
16.0760607479659
2.63928464071718
2.28562912787327
1.69630187860135
0.914031474618437
0.632163793754972
0.38603440742392
0.464096261865763
0.579579377019527
0.438444762266031
0.271057837630407
0.565972204240502
0.438175543377897
0.431462418046648
0.555398674756865
0.460675603927592
0.839797755688097
0.344939657169511
0.455919934745493
0.8515489544015
0.347556317887638
0.331749382029188
0.466472440989981
0.367266988805354
2.07606089808709
0.710672402632381
1.30868489071647
0.277253778498981
3.14305023908048
1.62985756496381
7.7473352547876
0.99171359671494
0.694718519336122
2.30362968002534
1.63917702323527
1.01279443169266
1.18391757371117
0.35883850926615
4.62975091371108
1.89644245664762
4.62425043299167
8.88808102262766
5.75516985263453
2.42403199621025
3.14600570390294
0.768445417870204
0.738063947734655
9.97831570697778
1.88700111348986
18.9838855002385
1.00730487054383
8.99370696484739
3.93584520194131
10.2324943909137
0.57971263140165
7.29444438319198
2.48036701329781
6.20526774956876
0.187216895089472
6.2956791383459
3.6536456052788
6.40086172454552
9.26354566744017
7.80550649073429
0.844828896898768
0.80659797655936
1.54308641682233
0.847758629113568
0.515787803705291
2.74599819320735
2.35939575041238
0.852919105503381
1.0199527663317
15.4508479518965
12.0325860149241
12.0828205299708
5.58791276660098
1.28887188420434
9.30935006252197
16.7884613696372
1.12362799871965
3.85031773731017
0.796476394663948
0.858862017703287
1.01767866586542
1.37290165913174
2.43557312097879
23.3555459602571
4.69004979899059
39.6620308782004
1.09101107049955
3.69031829171919
12.1927406466298
4.48807730655887
2.24232859988116
0.500614070184797
0.622691339097886
0.384151713552215
0.528407209420014
0.587143884913289
0.610243009409608
0.831704442285391
2.179632391489
4.33750033720729
0.261749359918299
0.392826894282569
3.85694614281144
1.52865017017241
5.11492258948152
1.58231213261684
5.74149313811886
0.848029931869932
2.14239987076221
13.5224170501777
0.905589523109508
3.86178670727047
0.61949523491281
0.812971393758505
0.351735678830323
0.371687496171277
0.312311769095652
0.460212643277768
1.27440678895885
1.25440681274747
0.308833977146877
1.69696354027943
1.21549815971053
1.99360685634638
0.374803563458372
0.302862349453852
0.169145479954564
0.640610147441205
0.59736807495193
1.41885761431101
4.88356247180233
1.10432243143447
1.24441946617989
0.362123301089097
0.302356008765833
0.243092522902989
0.28749432872354
1.32405916455308
1.36797697723005
0.282137983600839
0.441649113978485
0.486698624488801
1.45946287818781
2.2189401170957
1.58082377677508
0.818215541033954
1.3807107791381
0.866517141829984
0.210891189877365
0.308082714604231
0.520080084169176
0.361223044378193
0.334260758993145
0.266274041840501
0.241209810391994
0.234504754575649
2.6023286828838
0.990562428640372
3.75863862057894
0.306248648062252
0.455104858033182
0.450350557481699
0.424924093191971
0.501045172590283
0.580404989607015
1.21213425257121
1.57463979352089
0.745950630708577
0.26596061346689
0.238979923991378
0.18517994452263
0.468849549700908
1.52543598343878
1.3092259434003
0.266258136040115
0.263419533675135
0.369289814428518
0.379721235328215
0.294304051125413
0.561851501526075
0.523333284361739
0.377663388505612
0.956390770259186
0.818282970646243
3.15359020023201
0.602877261783671
12.6205995311693
11.2185642550833
0.530199940898917
0.610830050436961
0.97079893673228
0.253112830040713
0.149953295555735
0.475225510785372
0.195368963573496
0.264306677754409
0.26571314231042
0.217465163265602
0.262099754400824
0.222466382394392
0.235541353718019
0.427762564486134
0.147671831826553
0.193774015006087
0.377735136367936
0.899200074994249
1.61741995631858
0.77254090843976
0.889352695974182
1.33601269792012
0.686778576448929
0.582959847104181
0.827847816889213
0.439177801368466
0.39655290717312
0.360909082157516
0.404446511900998
0.425948057114817
0.275941423271727
2.00726517711204
2.39038410579778
9.15047015302651
10.0237171407205
0.842842929599306
0.336792049706519
0.427210551538364
0.217580052523843
0.161543643920841
0.226640836636217
0.228155877354325
0.179517151411387
0.214350576349322
0.428240571140737
0.516762143776118
0.345118320979699
0.177720433128433
0.163578989870636
0.605135447219563
0.648693562220706
0.388412723457021
0.388462975667231
0.404212951650598
0.432516784212304
0.41944876178724
0.396335667982745
0.351570623106657
0.696876683180268
0.792493017839751
0.736177429923369
0.333009949196401
0.310977947606019
0.234026203001101
0.281537036369625
0.332403438173978
0.608325181904254
1.29168492049087
0.869325831880686
1.21414964430331
0.41574969543835
0.316502166623177
0.626306882985855
0.633373018874056
0.323080555397406
0.429484112841804
0.416148252321943
0.362453190112018
0.264398416922889
0.154503987528699
0.189255765213354
0.430662599122858
0.339698825986178
0.214398689615597
0.436239941806871
0.245207521065567
0.282309052143564
0.298509767607206
0.229452573840217
0.219884654737141
0.163864098382716
0.227671041128283
0.336364885531172
0.309912004880313
0.247852191667478
0.332705643775079
0.354462960708588
0.240355727961672
1.07036585037802
1.00767547390227
0.354556904450668
0.257839409377373
0.222425494105516
0.218676715460655
0.399093060916419
0.189348495956314
0.691178957044842
0.629670973907898
0.458114597486786
0.394155956106359
0.398748070911197
0.301077575037383
0.300621466334582
0.31780874941074
0.402285605571211
0.38449125505263
0.451575411283601
0.440235865241901
0.392275400794646
0.491048452199063
0.407622012675477
0.394880260026834
0.863380649596762
0.737138067088717
0.195973781990131
0.382689406489384
0.436276540340932
0.269959883411461
0.273506373235921
0.312410756414817
0.325879868873786
0.60141178774372
0.675158430198719
0.439330942788112
0.421496048579974
0.233224962475011
0.365910354838885
0.281068562697913
0.335202736841936
0.390890750826665
0.553191263225616
0.603856795237184
0.329433121613317
0.423584522164299
0.394108284582939
0.448079847316347
0.941207326835495
0.824085338063274
0.371802618646458
0.297344753956256
0.337427246627729
0.398280137352851
0.726926407535384
0.479404087770471
0.351521196708857
0.3080238152198
0.441509041618058
0.260598761101411
0.247307944144547
0.309972471732139
0.389307439430377
0.344363972678288
0.268943495797961
0.331287849648595
0.360269021453294
0.510732330701999
0.460441018550163
0.245320540839914
0.25453605612823
0.366992970315197
0.36689172879299
0.315206172435556
0.235246673110217
0.275490505844688
0.490557340130957
0.341674806522069
0.457765193241695
0.48672321605111
0.584849317672864
0.738972409171126
0.802575233414735
0.701842828504389
0.427863249444517
0.302000112129096
0.743151758883174
0.611449976238361
0.324816340796792
0.657437423367331
0.706703700075324
0.300161026699935
0.406141670039479
0.717456483542962
0.679037521376036
0.787924028401902
1.21821342837221
1.49729224769442
0.855462487504132
0.477380739183717
0.356335917295839
0.3552277857362
0.34783961304153
0.394206510118528
0.308699135453126
0.301791161828807
0.34798440737053
0.513500705076501
0.768671474863949
0.795240929079524
0.418644663296437
0.32668698199548
0.215437086242919
0.258229033539145
0.474403175834282
0.554539183194227
0.260514796400651
0.294252500601449
0.440003025643029
0.346182564113062
0.510169567594479
0.950101855157096
1.3819270376402
1.05826142020236
0.634901864988324
0.532429912343744
0.72218150379898
0.505483312553355
0.758029027348673
0.466760098210891
0.377450462961967
0.502692537658166
0.323779630780289
0.292613316701928
0.355477840496501
0.330642342051656
0.37066933639988
0.243011328279451
0.247883578665624
0.33108860989916
0.358642459955827
1.12998809049013
2.60667492453715
3.05742322439075
2.94667501160443
1.22446010829121
0.952433288776798
0.268252452545975
0.301251775188952
0.248424833161879
0.264390836699662
0.333504065787406
0.596528013976044
0.874853942193781
0.632501013226
0.385134049697856
0.343097902582003
0.436614187882891
0.329140738867602
0.375666426594808
0.315004232166642
0.333218532157663
0.697720830690475
0.972659096353605
0.829426911969028
0.805788457037259
0.823062860006859
0.55095135387023
0.68395958506854
0.43237341251381
0.243051747690813
0.318707191014914
0.494750870759457
0.320726950674711
0.174029624922585
0.420354540718398
0.440847229688814
0.225897895178774
0.258556823568135
0.410706667354566
0.476979715518737
0.380738706595982
0.253813831500244
0.414032067820998
0.703823116871268
0.667547432316632
0.612663068772083
0.841394304241911
0.332598698777799
0.188379270424339
0.598954785063249
0.987639070285249
1.01537120704897
0.531199563172081
0.733593361762055
1.51157775871401
1.60501557541574
0.462473441448786
0.23332150973451
0.157393437391462
0.474857520324871
0.439513266968526
0.49343857981668
0.220858895056948
0.413775114551964
1.01009355837984
1.15993454379261
0.751123657501198
0.541114915744224
0.503665445109523
0.403050600956492
0.599467713876254
0.365803954348616
0.396882034619185
0.9153826997633
0.934573674541821
0.402994523653586
0.354959932453097
0.3388700582238
0.34093913816518
0.616367651961696
0.443910629356737
0.545425529937774
0.341679254538768
0.34286802157182
0.833404239480371
0.855610627344277
0.290575832373018
0.277413965713223
0.413367018368271
0.387068019873941
0.384685247252279
0.510282148098426
0.971817286594984
1.09332180278794
0.585475432445028
0.390059778359547
0.400463418844605
0.259200127820393
0.322713551930845
0.277880812093375
0.530784732903193
0.522933768898702
0.323128162625953
0.412741882962235
0.639689430765685
0.418120874205508
0.170547310741118
0.302764407580204
0.548394598987371
0.330814019718525
0.430849125065317
0.311543331289786
0.294650017328689
0.456950462749686
0.692356407576238
0.824746947074354
0.812789529971155
0.476873778180049
0.862319133895292
0.946281334419272
0.284507715569996
0.235764148685746
0.303976210126893
0.233023992085049
0.27721100978087
0.277269206242664
0.320694196468968
0.468625374967457
0.409331759981146
0.367406098798604
0.703519313649447
0.588822941577546
0.198101361226021
0.199707082161531
0.291822149419646
0.424699004098716
0.249714406314526
0.57751400444876
0.428721670033252
0.411160543111488
0.488785639739621
0.416505612389856
0.283976222173997
0.373345497972258
0.36930597617343
0.495302091795832
0.820266353725292
0.736135780240447
0.41553655884334
0.553713859862184
0.947580642453341
0.285793552606381
0.257362091065037
0.35019144320287
0.301008144890231
0.70462361200564
0.712316791756759
0.443226023353126
1.01845896031246
1.45385933226065
1.19842699849223
0.946709537530934
0.524435255175692
0.906148845285856
0.758206786350908
0.550520337613577
0.71667785552952
0.494494479943539
0.376354378540079
0.503350584530475
0.363739662976993
0.543992759803796
0.32140910340518
0.266333463161802
0.29388212466699
0.286275598627542
0.318287205434866
0.275780489276107
0.279982170981459
0.153312504309901
0.21003010350469
0.36748723053739
0.928429769252773
1.13405273075469
1.04504122240828
0.772927192981503
0.505970562812436
0.55855017897129
0.589827821822147
0.285755403691888
0.498311640639581
0.375516999541058
0.309133996524343
0.369989974557
0.769093951541683
0.408112425155158
0.574685167406631
0.631444284484992
0.380314836665284
0.459197853387158
0.564483558539057
0.340191128650179
0.385954055207048
0.255862996301588
0.642366221486621
0.704388806301108
0.331106317421999
0.873366352135342
1.2680989510094
1.2954349529216
2.16513063981074
2.59298760427329
0.340144756475432
0.375048975859947
0.331596297868782
0.174898449804741
0.173446236519877
0.311581880383522
0.207587078595637
0.261749617299237
0.245878417119188
0.159716666517328
0.243259991518971
0.36834966441811
0.499589360953792
0.652744737447514
1.14721178154603
0.387644325701632
0.585617007120498
0.860254403018961
0.419064478852379
0.159262528866686
0.206549890662676
0.496679820929224
0.644498338117303
0.669070618207857
1.16630963789597
1.31216927795415
0.986173098170015
0.337193553988804
0.46005021914623
0.365277095145207
0.429196904900004
0.528570200383812
0.376595891082331
0.364195222196331
0.315385981513949
0.681891469216342
0.682983870989673
0.72428543731533
0.49351295394927
0.330048931073179
0.442444312776422
0.680116203254178
0.71839173232292
0.6527658040799
0.778768730188195
0.72354642216762
1.71075416076253
1.399123300891
0.620559735603148
0.495779941205929
0.584921368791235
0.47576862270883
0.247365431901389
0.240278774796206
0.250798337531847
0.501318476658608
0.564822622812586
0.824566951844439
0.375247646999033
0.321013823492708
0.491613957152886
0.315605591430476
0.236020510606887
0.357297490042087
0.379687099826711
0.326778388595216
0.28058103334709
0.504587551537028
0.505776599528965
0.465661071919999
0.467679383827523
0.28836516466206
0.660013682645239
0.808302867957774
0.484837020870479
0.815508718207972
0.562277083282725
0.41878130858003
0.590171851424611
0.608027026942836
0.639160804683701
1.17918107253624
1.07720633372326
0.580149408753159
0.557538909492643
0.404479872373832
0.269836257510586
0.381037424535615
0.470122121106261
0.378277573232368
0.473771557029744
0.375065352052025
0.303250835000478
0.460189977937196
0.378840716599295
0.372151831767637
0.380557692856015
0.303836153275286
0.490699329740297
0.631324670906015
0.212108351550582
0.285173958371679
0.537493717133508
0.923337186345549
0.577121770930621
0.274348410229931
0.413431110292219
0.376193169549662
0.838559196285843
0.741390817591995
0.371160983344095
0.460684996472864
0.403849313252489
0.530915330177092
0.296950631736315
0.287514230639143
0.742968449541473
0.561153821631368
1.14241865704762
0.773444629573014
0.448506721176661
0.617094279766641
0.50526265693063
0.334176045879533
0.263445126079109
0.298556550450087
0.371088522524486
0.24143539284834
0.471940571004678
0.433540997003421
0.470362207325637
0.61382224875514
1.39517453499052
0.989878866599871
0.79889061784545
0.531851589740574
0.322988562637421
0.466924098976455
0.438062132178131
0.413959034084361
0.384557267630724
0.327197890721597
0.359859589465223
0.710862743776944
0.452664555301528
0.226702068702487
0.19704527603335
0.662600174757315
1.27973480133535
0.783550443243663
0.315208948237056
0.308505021935268
0.249581769194558
0.218767431818618
0.803558888838552
1.44243271119361
0.605218943875847
0.5133295353203
0.896520928477046
0.660104552285208
0.80973139066131
0.911489563663175
0.493664627179523
0.305624918124073
0.674057508576573
0.780160099183595
0.552203927965279
0.255797899980511
0.214095221430917
0.238802063331115
0.196691078807337
0.301859988415209
0.317315664777215
0.401352710291254
0.36739883771164
0.538369157152158
0.591714226340075
0.337677191793266
0.383385224143009
0.450467623330829
0.588788872481965
0.446415166052898
0.654084616272676
1.14648462480049
1.31625043343595
2.50841092110814
2.08628968569121
0.501602707439387
0.292617162947233
0.354219527130645
0.519781787495442
0.401254825875929
0.243104245588795
0.237956709382653
0.329190212541852
0.551900159593499
0.311535334143994
0.380551446488676
0.811728661551502
1.43766927758744
0.385036859305797
0.327379739659148
0.347885012502266
0.633496804127637
1.39465388335534
2.84855111625612
1.29695923233588
0.389912081408774
0.337912219606197
0.574057833889561
0.461761631913026
0.942770183178642
0.845822342161957
0.983955536161504
1.01289828457871
1.10275394056546
0.894127901654724
0.611949939240277
0.710318513649842
0.56775822186453
0.416785176317599
0.434814465303852
0.259702034870983
0.494033856225495
0.361689154026199
0.497110994616389
0.317581893812222
0.310038253593634
0.70054361663091
0.697579264134517
0.508915854906929
0.497380526640465
0.576524207227985
0.67289040302326
0.648111938990606
0.522220141377315
1.04119413186393
0.474038673977662
0.523662704478015
0.522167667989499
0.66758775765956
0.755484209282095
0.575918666504359
0.813340350160727
0.570841457589317
0.729056124320855
0.385594628702969
0.295111047104716
0.291295711153246
0.414759837478576
0.461545662463741
0.588479889877095
1.14329471083178
0.899222502838604
0.704161292334637
0.67892825175631
0.878049172697874
0.745246612552537
0.519692500236884
0.387851269891303
0.285319895075492
0.515302773980317
0.474368114154724
0.288347171144499
0.344982603186921
0.465783311210905
0.516567610188441
0.629149049049894
0.674338926444704
0.650994905190832
0.453972213425705
0.641296920784426
0.49450701004645
0.508093229218028
3.26719832905669
6.5855070295218
1.45730927471661
0.738840763162854
0.291788033618637
0.518253600308557
0.403109298187249
0.585986937887207
0.57310251978546
0.508613882469636
0.412139792292595
0.487504780604252
1.16247855195291
0.792201479439799
0.412786976100589
0.23934224210535
0.295928557725081
0.230326442460893
0.434199664028729
0.325549088242092
0.408238696173175
0.471543290290362
0.727688163574434
0.558795390003685
0.45309466749912
0.242558394565155
0.326427564976329
0.268950543597966
0.296902474988326
0.409172978781887
0.357849859444191
0.322891769811689
0.881407209351187
1.62703163028168
0.281748714394469
0.193621732054915
0.272162401272897
0.451520078458317
0.449631778171578
0.572337004314535
0.849302501339301
0.760704166578387
0.598592946370951
0.928607611357933
1.52287369067549
1.24188605493303
0.385210146745214
1.30415748147128
1.17105803617999
0.406935815086406
0.386559176353512
0.573922393792017
0.371212284147082
0.320261236987951
0.613875083671136
0.453662122907207
0.430379472356299
0.406479450049122
0.511340636389637
0.702163429905469
0.632161683747923
0.637101436639526
0.521354656345029
0.454336755095426
0.804452854198851
0.668694535770675
0.40367158266354
0.509448176998951
0.895169020995562
0.754687496009507
0.338884200735639
0.505561389719201
0.952676530946176
1.0119152570609
0.764460489834629
0.805829600981594
0.568190810514213
0.537269883139632
0.53058138577397
0.948302816815639
0.647516901548051
0.209978154371414
0.2971722229383
1.5302676825279
1.34050268990581
0.612161670317896
0.553987025454501
0.350041264212071
0.66362981438353
0.455426259506791
0.332235289567693
0.426268713244915
0.390905838774992
0.413707934524895
0.577427257666215
0.51288714437505
0.626481436115243
0.427892754426826
0.33610423101135
0.493955630776981
0.540576290620824
0.892872669920463
1.95486833946285
1.56199878912272
1.17282946905617
0.510009799146159
0.550231837181734
0.475024934158203
0.638037002938831
0.643548708894228
0.539670651069604
0.740102363643946
0.982617443433553
0.581376526122079
0.328930510954887
0.304808433751854
0.327304003547878
0.683142918507251
0.79241421442432
0.780121650413096
1.05089221118761
0.78712618179373
1.22174604684968
0.897555104343635
0.352475613037182
0.488675494111161
0.283931063297533
0.329382756547594
0.284986006860104
0.611925257313547
0.943962249320569
1.65993372967643
1.61181070397308
0.601568440749842
0.835648283394809
0.62122311782466
0.282981238099847
0.325220831901588
0.41676438205835
0.527251305335477
0.589701343201805
0.908992331266337
1.29122862376326
1.09168565964977
0.809509597598793
1.12416794344181
0.958146742783846
0.404240278622703
0.514360880284562
1.14816993403503
1.2088332624156
0.846279957521029
0.448853391269757
0.402670989506385
0.63651050338788
0.469382741422761
0.461911761347075
0.454749775449874
0.441414228208053
0.743849233561481
1.24399355026821
1.06638209701304
0.923793094947897
0.769919121394426
0.538592440712098
1.23938774232571
0.912472007722444
0.457367716059928
0.502078989811933
0.247073049503571
0.283450852493182
0.763696820136621
1.09758426574846
3.7347447700375
2.74784262444692
0.949574978196935
0.722407367715532
0.735255242869821
0.947969259650806
0.594174564863126
1.03506995713321
0.830970621676851
0.757672283870461
0.93458206754064
0.687260127821588
0.86555506273031
0.725128420021218
1.37786077040551
2.64940985749255
2.81656525775821
1.30032743852186
0.699471171082616
0.703341996649947
0.90351705731795
1.67043062755607
1.30237706699913
0.734583363603466
0.677752589169103
1.55362038118314
0.543782930873699
0.430073164113329
0.310494328105611
0.538799818128755
0.747767382472729
0.445979446445164
0.288435920536945
0.43131582421736
0.596040705793339
0.377501319649282
0.283843276641727
0.512252003224384
0.581360350518764
0.750266871337684
1.6265091486775
1.77944756564775
1.10229034069385
0.748684342855352
0.601768581149217
0.675448654049527
0.33477370295338
0.404642485195622
0.388249454919381
0.406584137949773
0.768274392100968
0.601457678119451
0.703123171082383
0.544236442043092
0.261770565672124
0.244179141681744
0.242419276350986
0.295656592311821
0.392732797401603
0.34937860085219
0.2758801662135
0.297307998656201
0.358968085969845
0.374307931106407
0.805038173865669
2.19613589192749
0.991985187288486
0.533054303602995
0.593561908356518
0.500628503223359
1.45845205872187
0.977087943293521
0.635473183867261
0.384538499072866
0.255856662047886
0.540316325738073
0.500893916506911
0.616917473198541
0.580869528616885
1.18107476185191
2.14835028920006
0.911552886012081
0.374645377614925
0.314577679793099
0.316809997448812
0.336518977686517
0.351021996542585
0.758521026488025
0.765150563977534
0.788875071211875
0.962428022725683
0.887321537863426
1.10106971459265
2.11410694053199
1.42790341865811
0.604660043378388
0.673965702339535
0.511890975252598
0.476096313040281
0.426846173639807
0.582339600720091
0.824537361817172
0.705853069540639
0.672571727693367
1.59714411642576
2.65024197777119
1.34145889059803
1.22168943685867
0.954482702809713
0.356666555269343
0.565026875562727
0.550399848152177
0.648856654322717
0.616836946131794
0.874385535602229
1.38590989752039
0.772913674115743
0.605872321240187
0.544170663058634
0.544260389606206
0.895057187289618
1.19219449137823
1.47653843205968
1.65300763029276
1.81420057156434
1.28566981522095
0.687890574085563
1.15906753350891
0.719721227362395
0.596001282599648
0.872579127852907
0.838592443842169
0.734133654910333
1.11535047143808
1.23391800488408
2.29355055135074
2.34463703771592
1.46674502652473
0.599254300356146
0.396794162700795
0.825642867663997
0.946902828755351
4.1796935145029
3.61071302389023
2.3681343143535
2.84418387782434
0.939819474815258
0.727772881812581
0.856440606779716
0.328509627647849
0.422435411705982
1.24046362867996
1.5900840844641
0.609938108276136
0.406110668881941
0.637855748694226
0.60958943368521
0.808361473012591
1.16621257407996
0.626322293455744
0.442624903246517
0.9425638469237
1.01693559233299
1.03929427499267
1.09934377165631
0.861377179149858
0.359413480568227
0.615407358866163
2.28394616553231
1.63181467559973
0.492495162916999
0.626246929188981
0.65242359129693
0.853163032998783
0.718225773445941
0.46231829419808
0.404183304295986
0.71461008499134
1.22566756280395
1.07100559618261
1.50285862945398
1.65200779915555
0.558806592974014
0.685308655659987
0.840567412907331
2.13863140975358
1.6605064255388
0.687871951470048
0.285794597581715
0.463974658874099
1.53278371902896
1.85765528078982
1.59468947762667
3.0823705560802
4.39638187553439
1.92333721652555
0.559301170236102
0.283446646539562
0.912970647387007
0.984448061540174
0.645095636345237
0.690719952912806
0.916498921910206
0.650323350767409
0.683688323064647
0.384982663188025
0.391947934365309
0.648923880237855
0.628791017462622
0.475331027152898
0.920610831760688
1.17281547224432
0.453318582166203
0.425988384471745
0.478783126666182
0.70359594908052
0.51787005715704
1.17988643865384
1.50331868498563
1.85689660454571
1.89022754415716
1.22928807025563
0.948893084252289
1.01895933167078
0.55845636180281
1.00275926313795
1.19327123475772
1.18130374124132
3.32507192562889
1.03034465095369
1.39329218169427
0.717130383157734
0.374127490611649
0.314864851275669
0.314588464384673
0.337196020535273
0.329235671315231
0.566341230615053
0.814839245999981
0.70350724590541
0.905199925789584
2.58622321782498
1.3564085730555
0.41807972578815
0.741965976554182
0.353632310387718
0.363044095953398
0.54036646822039
0.846605761825807
0.513038215707096
0.577637919585512
1.17789060992842
2.12361285381989
0.71878842996682
0.576270602609369
0.533744300829315
0.589458634851028
1.22932643996379
0.995832752520557
2.07635128853382
6.55803816123344
2.32687653161556
1.14336581268277
0.661355727882228
0.711973512190809
0.765365419358713
1.28772441332385
0.997838376775978
0.787896386606707
0.901818490496632
0.944809062441102
1.00230323582004
0.459310423119378
0.425432547858613
0.478165089032413
0.557241284510283
1.29191378734723
2.79264452124249
2.47941405872917
1.48646021395665
0.513320473319957
0.256496417941898
0.414436844320674
0.506310179275779
0.591590934960635
1.07855380533389
1.39523671074473
1.36135614650145
0.867857223287032
0.3449400454373
0.231158063264686
0.742638319944537
1.33321136049958
1.28763008473387
0.779712108920309
0.52700236197582
0.305599309558605
0.800142463233213
1.00113398819554
0.812530626692573
0.423093234309255
0.441173952062837
5.07998961325454
6.354437163582
1.36480000068881
0.642463601821263
0.677163386693912
1.18288085184734
0.908051998986729
0.462361029577811
0.749733084007059
0.704824858797597
0.395457766545462
1.38554235056786
1.34903086275414
0.699820476892283
2.02426979966321
4.22386004438734
6.7302373137428
3.82593943941133
1.22197870805826
0.419353201729595
0.491081809288792
1.05444485493625
3.06731846918981
5.92324745211795
4.53139544200384
1.04805170632863
0.601162110488873
0.451493940506476
0.441587848497233
0.798904290312919
0.723418238771955
0.44568411424654
0.737212333998515
1.14866807499775
1.12544527929072
0.889227669795757
0.718155715964954
0.690736302340268
1.06206999322757
0.786914541691313
0.416093634869777
0.617724497414771
0.647199109173736
0.31017893933613
0.349152165176621
0.826624839333876
0.747478615077515
0.537423345471215
0.758153335675093
1.34209794037505
2.58840844147158
1.60435069087255
1.46864416316521
0.701279495586497
1.41519117045483
1.24334566145344
0.793994998894244
0.940175622077112
1.11160157049261
1.12379015706072
0.775283295176234
0.582702637688179
0.630495693328309
0.478831323080243
0.270547256344539
0.361538109248183
0.650526828610594
0.446231860558197
0.238097144034936
0.312983669387824
0.515978505791274
0.955208112051531
1.28106942650894
1.2232141240585
0.795666216406599
0.672699869053398
1.1943859170995
1.0770804674918
0.934715682554359
1.14077536705302
0.382735622813265
0.655101062606698
0.974193852176798
1.11294326856101
0.910209834344696
0.708060698843551
0.674253636765512
1.28178721863055
0.897300330825292
0.90525571935887
3.13360022653119
3.44955335371481
0.69429401254648
1.38376996245662
0.650292247423499
0.356975175208121
0.642161092619497
0.731608156086925
0.660022832821934
0.595186677617629
0.882380307063659
0.986755251649669
1.67586839889635
2.27653727660598
1.63006313262713
2.27892660312678
5.1254240815168
2.84966118991569
1.03063391175489
0.502189982486169
0.280846978737449
0.397977387728451
0.666291821157667
0.76036824912116
0.601309154002908
0.956870949645446
0.881405525069224
0.927690292007604
0.69624133543557
0.773226109269597
0.734922910659593
1.03610190314355
1.73538090674798
1.04110354752874
0.944756658435739
1.02103194242691
1.2551661908398
0.970018622406759
0.77118127250053
0.967532720595685
0.776361506262511
0.880725506671212
5.43192523900011
4.84220470269678
1.79468729654328
1.73819583789487
0.771426436730921
1.00542515236154
2.81737507148501
2.40258351320661
0.545270766493552
0.506010851956562
1.19921699935858
2.54517514239219
1.10545335384987
0.253266851825015
0.549055538104844
2.0605600128852
1.90543648560379
0.680010194008825
0.680644717416767
0.718288803656238
0.561705766550506
0.793182165040554
2.67427331878703
1.97580723422191
1.07652419295532
0.640620109763489
0.229706065185878
0.360851143750197
1.87664912685558
2.07064834651258
0.756690667680551
0.701602876265134
0.527262822956043
0.631693570750037
1.26082606349834
1.26224614355028
0.729108740339095
0.831605014447051
1.1685891558939
1.28526244061075
0.916502410670938
1.03748627695259
1.19634164359114
0.898009784158713
1.22968148187548
0.779301011537961
0.825339843896744
0.616079416507745
0.556360746319339
0.53166598727409
0.40872946417707
0.722556179426583
0.869901333877394
0.927230465479075
0.507776020377897
0.497623941762874
0.462728758674488
1.15240499455888
1.5413779550863
1.39601313535605
0.745189074401857
0.609756416680417
0.62949393782707
0.97069710989605
1.01795721815984
1.36613930155788
1.17645422231913
0.453959961045917
0.90357343274269
1.05981471415344
0.412285168931981
0.193806431815821
0.496913853394852
0.787698380067426
1.23646670900028
1.98418585262169
1.34862542279031
1.0999109386198
0.793315692563431
0.72042606014409
1.23995093369642
1.91789668104233
2.74696002504488
3.16517627642094
0.553378805350935
1.63660245162667
0.760165173594675
0.434015551387158
0.454508487325943
0.381392387433305
0.334472486652999
0.314161184985548
0.662382909521592
0.747332406585459
0.553363487402617
0.877910549018527
0.509546357272384
0.442354527158
2.0018381677745
3.58856953686328
1.28619216298738
0.750636952047543
0.608911914710251
0.818304089713379
0.491588765852634
2.04790375846138
1.26825540717581
0.775675026648417
0.462701009349175
1.28300639619964
2.12824219309877
1.57685203779822
2.49938063239535
2.14366935547349
1.92064973539972
1.1465598820497
2.74818779263305
3.89242916940506
1.82979277992327
1.94383607949431
4.05234759737897
1.28028764605983
1.29865372533385
3.7490249405212
2.00650952559549
1.59331968900403
1.47369099380967
1.81719905480862
1.69799366223851
0.66506447207179
0.991931823224215
0.762958803826771
1.45590143662664
1.12609363604393
1.23006229970719
0.718561966192545
0.723000155871964
1.68724184749387
1.95861258895972
3.33349963480736
2.87945920210914
0.889615005889323
0.700480875012312
0.874878175873098
1.59833269319021
1.36346202319186
0.463406113229368
0.284368949587804
0.977926041907774
2.86142664872966
2.90818923402612
0.852188852429021
0.613109393079531
0.679189798300728
1.47857715806111
0.933149266103368
1.65026445807845
1.86465388078403
0.781135921076174
1.09986926898031
0.567978803763099
1.18566515889477
0.975847388176607
0.749252419589135
0.746208072220503
1.66233507746853
1.85641546610187
0.82175985918602
1.00184980829128
1.40050926446401
2.11365698748287
0.542267106638552
0.828136172447977
0.360900461673957
0.563790687379383
1.21561922044684
3.50369485964459
3.0646237862823
0.83631497189504
0.50952383338269
0.451194354519153
0.740393340653686
1.03471596529503
1.6898112654252
1.08053872947933
0.727965309899926
2.96346294683319
4.03750878159346
1.91180837533921
0.669099258008593
1.12740982656222
3.13456386828636
0.966276816961609
1.7711334251422
1.64246957532841
0.384025555589831
1.1801234548314
0.771952193930179
0.74790922940534
0.572421957228521
0.376001534596619
0.431375775117136
0.852969690710407
1.32712870252103
0.613509315093491
0.574367736961081
0.801721229826026
0.407362691453584
0.648977974939775
0.87866755114523
0.686814167342709
0.989875328796243
0.600408900974988
1.09632646292983
2.17829879544417
1.3308511855596
2.09343916108006
4.16146412181609
0.983977055016181
0.822186015385986
0.385309884932577
0.666212189748469
0.579608537605983
0.834545411758474
1.56486411172944
0.912527182099437
0.37588735742369
0.69485883156878
0.872282346978304
0.668421006584425
0.611093925167609
0.488163714024894
0.613124943487736
0.730313364817213
0.575247144810104
1.15959700580653
0.717298563156078
0.26722688123392
0.739645643692148
0.631276528208696
0.705206401593857
1.21076965541169
1.78461005343654
1.37622521262499
1.21735250083265
2.24067409245932
1.3199418753252
1.33267211585471
2.52567782539862
2.28606237324755
1.54474651686778
1.47150522053853
0.995628801199635
2.46224891467076
1.31576991928613
1.33119273829333
0.923160914043312
1.82456583889278
1.17501061605768
0.841490229628489
1.00861408019429
1.46560348294834
2.56120508397589
1.29902513570974
2.75531676611542
0.950231452444985
1.10945934484427
3.32912724384452
3.43856711153348
1.20101278160754
0.888545464303323
0.439881937552225
0.828571148974675
0.8278581547721
0.566086717702231
0.478784301593801
0.861249381211381
1.81688690530324
1.71517242345104
1.27088266669782
1.14173753850713
0.550460796944014
0.596484077959586
0.347288282442247
1.019680071305
1.34475317887644
3.39849981658325
5.3255369958128
1.0259051358591
0.71457112029911
0.676932587355534
0.93920265736647
0.629198486000144
0.592994739354654
0.581000286864078
0.686812425505182
0.642289949641683
1.36412672101775
1.11933247008197
0.909513366125139
1.33989528079323
3.44044916783028
5.61072732349548
0.857831292594609
0.494752527377153
0.457290334655001
0.550784998191997
0.504566299937284
0.471082651601811
0.356338145244604
0.609844158832226
1.39088653690199
1.14269351261337
0.726009182468093
0.70891845784571
0.770855426657053
0.745876608864794
0.810249776923332
0.469118080083937
0.493440758570752
0.490238413786055
0.425361739430229
0.320762998091568
0.454131546747476
0.564149568930934
1.02130490333519
3.45552356456663
6.95968190913781
1.96344611781165
0.610538148991497
0.415893370534761
0.528450732035934
0.791628714034025
0.672508896746551
2.98647341700006
3.85603825588462
2.60420882243638
1.64039042945428
1.22014408893561
1.07860239347809
0.745291053358269
0.642069753086287
0.476239167933727
0.326985858887495
1.02574957538838
1.10511077898027
0.767227141961929
0.699081996527588
0.885938135481224
2.37405806924918
5.3107361119708
5.38707038377005
2.99586789683364
2.85650773337938
1.32979969924292
0.623536789395538
0.811069133595098
0.634866991076915
0.365774320782139
0.755671887494348
0.459472330247603
0.442345549141062
0.799052332684358
0.657727705970665
0.94519543994519
1.32686782872129
2.84659257393854
3.41915655388901
1.8449032516782
0.349290823456149
0.336555326761153
0.459513527572759
1.20806879514791
0.845613738143334
1.23396623151875
1.29646134392165
2.808601688147
3.25880089607469
0.57061089719037
0.616038619098247
0.821915119927609
0.406665519101399
0.87493157550759
0.851448805528258
1.38959775304809
1.29300526268885
0.882183779925106
1.40727086548886
0.979654828813394
0.736427568548246
0.544207988651064
0.42536396446169
0.302351796426649
0.287370033593723
1.3108124707851
1.46251936237907
0.705536102384004
0.709125477153939
1.33626118274143
0.769794715169663
0.906044312744414
1.45839088016639
1.8105683130873
2.59196828025269
1.35795103262807
0.847375036167988
1.48817885989948
3.04830801267649
0.541204000035296
0.586106650602934
0.647516317453705
0.408647135351633
0.45277151988403
0.783508772154752
0.994935892659375
0.495195116521423
0.481039352168746
0.711454553842129
0.669017425462168
0.425169844135728
0.410979323394126
0.811907656026332
0.827779608336186
0.626699757189282
0.835348603382362
1.09656907989027
0.667780086539945
1.29606947049396
1.56945626433172
1.41378969478764
1.51815131547324
0.910487823049923
0.553323449534402
0.496758356890844
1.75452527835806
1.70141295430478
1.72941510855929
2.34707058646344
1.59914194195751
0.957153582255805
1.47863272950109
2.12627090145059
2.30946710428709
0.701158942644085
0.472843664776612
0.77187952680117
0.732768626599682
0.655904962591416
2.29658649410019
1.77930447344707
1.13193607007056
0.603999487148475
1.04055345275965
0.672025299656002
1.53039509167464
3.90112557284034
3.235200979754
0.819976835179229
0.584713626548269
0.525177387200743
0.925564880007033
0.912508765066899
0.748125053336795
0.817300257266919
0.663012798550054
1.44831063992566
2.2762016266516
1.62075132884588
0.553894765726117
0.2801245095597
0.249017027646181
0.86771898605597
0.981312897932263
0.535080036945409
0.263744032502101
1.19904611114698
1.35747421512333
1.8027743181303
1.00389144598304
1.00858360776449
0.734770747326067
0.258648689959438
0.393452145088135
0.434842841455509
0.527517405897212
0.37813662846824
0.186056816509323
0.204423314254213
0.165658561871593
0.211715884354264
0.195910634799086
0.161332996887925
0.260346839931473
0.328821063678582
0.383011017118791
0.359684505570913
0.46943567882555
0.403419029900962
0.252921903980295
0.290934749528077
0.190795126560956
0.150204405711864
0.137649713700834
0.145987140351804
0.47000533461604
0.639300276089572
0.222113575689273
0.286974096114246
0.513651240335851
0.467001853426607
0.664557063139121
0.542401079988881
0.419919291999385
0.582365869033124
0.515913916937918
0.427521335766424
0.514277232908303
0.435266612705812
0.661468914195884
0.811799834814294
0.603504586170547
0.856580301392404
0.879534410211325
1.36906811362422
1.09198585381903
1.46304011295531
1.94474201070047
0.580494436156096
1.15412137279126
1.40893904948945
0.365680645212005
0.261981457503285
0.347327940620274
1.10755272036382
2.12019393678757
1.71087553337051
0.61643121810295
0.326968421704042
0.214945431127443
0.249667942072003
0.288517758991826
0.276704254639637
0.334186792375737
0.402462208445277
0.354896784932625
0.319382150215997
0.431372636482549
1.53360722617467
2.22181611631501
1.05633441958393
0.75202992263804
0.384200600679859
0.400051022773077
0.336125692861136
0.216208351282451
0.208744695768051
0.360047081999692
0.287604035771109
0.236394380845996
0.337342579664601
0.400744834437721
0.472454362049441
0.421007913061663
0.252219017283896
0.304719511906006
0.529864722796236
0.752772413070091
0.430353056714417
0.513325518532807
0.781298070727781
0.66788663869138
0.75339278730919
0.856369366313027
0.685539771677781
0.609038545927393
0.857497465866103
0.566960335608688
0.535602810066209
0.825364155752622
0.918925723959831
0.271347426407169
0.320153215577592
0.388007153173459
0.349211348618852
0.455690239785136
0.490970462359883
0.480237042603539
0.438587301876055
0.326136491406411
0.266746106990079
0.192949755919915
1.26204529658422
1.69464836744413
0.70598906771849
0.411468863967471
0.297794510877139
0.221305401427783
0.254889653265787
0.301078849275158
0.191499076339547
0.169518936820344
0.283945431334511
0.325995408949412
0.204148594491481
0.423029957308647
0.658299828046206
0.862394675030989
2.41934588877601
0.818813559511564
0.464834518469004
0.444041848047623
0.328065147552588
0.806819259029102
1.21557027780558
0.595250756577886
0.364417055531971
0.810176702586424
1.05132716696932
1.36743857115383
1.39756450647621
0.615109521129044
0.268356867303326
0.204043048663719
0.264940620398041
0.635939933401256
0.98874610436795
0.395538992933175
0.250577687690543
0.295791256818427
0.310577416283644
0.36343987850318
0.361143226574974
0.196930013361373
0.491324267761087
0.412326257047121
0.323004094151451
0.566692298496215
0.841317755773994
0.648892600352299
0.417858219956087
0.495751646255828
0.322604661150548
0.626385989044363
0.874267782506662
0.754535559356459
0.439364205415121
0.397215827118488
0.546095605129809
0.713479782705001
0.437332690164534
0.240905970047605
0.199168577394273
0.254254429676406
1.54628752226566
1.67964711994255
0.598857986723965
0.564729898796503
0.741603489289348
1.31753411952705
4.32147479269373
1.83539450156924
0.804453640848719
0.818410896356557
0.418530943672257
0.410820500917907
0.372295694390504
0.303514163011677
0.180353763266366
0.638551875029398
1.67330209661814
0.884947295534463
0.630267846574066
0.556756493374747
0.490797079332748
0.389634194569039
0.462375365003088
0.305618486505239
0.243412497985556
0.343949150867852
0.907952782010431
1.14640479967658
1.02131084119927
1.0939159528818
0.911010760826221
0.709850652963187
0.424725078997804
0.832877212756711
1.15698046674953
0.297693115070852
0.556111110704052
0.555744544734878
0.197218753608475
0.319544309296992
0.329112286828104
0.493912247241453
0.695300245816273
1.32620990323627
0.40062393232938
0.435221692843552
0.780433935037508
0.925186299473738
0.990803808976269
0.637257374265906
0.277214947156003
0.420330422595524
0.42411318158892
0.275179424856516
0.307370727062947
0.389717540465092
0.378748142209584
0.304305910213927
0.333604626608
0.393272796934718
0.453484608534494
0.452740376697495
0.454210354329915
1.53105460443482
1.07307317513892
0.434839359819252
0.487171404525205
0.210273814933288
0.204753327943443
0.217502213856805
0.268057903143769
0.411539345976474
0.544403861765274
0.541745915480042
0.501804541521052
0.377537733702504
1.05874501428474
1.14864090137142
0.715939409710189
0.968447055034052
1.06756490691234
0.384180941049745
0.483397860733019
0.707573950082725
1.39248458913222
1.27687089220832
0.423494525669089
0.174420511221196
0.190768738101219
0.234247612086622
0.29587666968645
0.306627589371344
0.252711682331562
0.274564430860248
0.183840570161059
0.193911542451661
0.414288102865036
0.37238865297509
1.3569060591708
1.59095821273285
0.594246728815933
0.544149600326319
0.309154131730362
0.145490367633857
0.170666828812823
0.226292322189683
0.230966260243311
0.274472376141696
0.243142492861381
0.29921148863086
0.473464201365681
0.632545211966918
0.354037303720025
0.329722699174832
0.414783580649527
0.291299116429552
0.259214403178657
0.240271352360228
0.187874392763989
0.224945299307453
0.213151234598308
0.176506260072832
0.343492608651759
0.727531443978406
0.52220097675824
0.379284102040016
0.269622608425299
0.310630794754159
0.392687631477228
0.794658248956307
0.566297298948439
0.277117594541986
0.628945296578311
0.665726996271525
0.593871962026121
0.286891915141386
0.440809704919637
0.439368730017036
0.570451793420277
0.578111891515872
0.263512243394746
0.23957036532344
0.197326176715602
0.175539814022998
0.255462112435276
0.26737863780923
0.321051873131762
0.207267723233878
0.283994089511633
0.236509600905103
0.332286300027249
0.359182177061155
0.306690512985872
1.04371438889143
2.59642469657034
0.336426907231683
0.708965456368988
0.450583312315989
0.251545052870459
0.192326514384156
0.188347589591646
0.263992349820075
0.266015886217717
0.444459352510344
0.713705357396849
0.457267225639523
0.340458322716033
0.505072492219107
0.386620015451933
0.334322267718548
0.281034800814222
0.286163871091754
0.574729972439699
0.948556701239361
1.10545638934745
0.77459788816429
0.62614458491356
0.765373370978152
0.467967394537464
0.192827787964562
0.2750650060734
0.519956053685436
0.566733337800034
0.425732616230239
0.275480949266287
0.234555876782994
0.188823353962134
0.3108912313692
0.297162211874271
0.330079784484431
0.313144117943597
0.432746293650294
0.494973790925164
0.261864823688532
0.287973904490946
0.390724120484878
0.320258022662129
0.249765836884251
0.387213687563664
0.552867545347524
0.702470287958388
0.25806703424742
0.224742097086758
0.233675127724196
0.210000287056351
0.26055552465372
0.498906935718002
0.704185858741232
0.596442117477949
0.789609358115806
0.732298732356972
0.613873231231156
0.268277772578638
0.257755573942467
0.259768317645713
0.336146762684918
0.333636122485553
0.255614192601054
0.243195387962051
0.229654089965774
0.264813634015396
0.368608233437576
0.167770534699732
0.216280563034702
0.239839871979854
0.281525565643882
0.438988606843993
0.225744857493158
0.350930007972746
0.548652888353874
0.312397767502551
0.275132131118107
0.517787038055212
0.618081568463251
0.604275663607115
0.514820569166078
0.297497056130366
0.452172446877442
0.505955924762332
0.176142417763058
0.293651740037168
0.343501578782906
0.260681418128133
0.264484859487542
0.281026729565655
0.242689154848932
0.21366879355933
0.25634523286096
0.27327603683293
0.257614857906433
0.200076537161148
0.400542285491953
0.29610142008054
0.673191675311147
0.744297932147204
0.548364007888202
0.232845627497185
0.290740264909724
0.55608589583011
0.809486801304693
0.3913945844671
0.591730438237929
0.346987348549465
0.31989560711251
0.633665045845952
0.272638294383326
0.223400470762862
0.109106638336134
0.295004375467856
0.463978655902902
0.382215994559706
0.190875130272881
0.193741296943035
0.280816303434211
0.298944171178454
0.456019909908232
0.348858409531777
0.348507050252844
0.271061320139202
0.234573392120817
0.331787379887505
0.339731701957827
0.358594808966917
0.39120663315598
