0.754656507931171
0.362054477158549
0.231732239765811
1.84445442039658
2.11882581753978
0.268760086478126
0.870538857927649
1.01895367515782
0.407294111130741
0.632760590430103
0.289325256281982
0.180933234021924
0.322555650447112
0.544652465614349
0.287676399911096
0.516816344144432
0.218386228758198
0.299907731450214
0.0921644885437548
0.0911931600726359
0.110326928714776
0.573680917384582
0.146743102384485
0.299755461100965
0.149269566240987
0.279401055135117
0.32302435254081
0.227522533628507
0.107815281156699
0.250281451937665
0.658403516080001
0.219699502758516
0.931428098583625
0.130881299746977
0.460750621274586
0.407988180194225
0.0672798948215455
0.330109269558119
0.200492401479704
0.253623835810989
0.249321755263148
0.295105258026235
0.0483427918191921
0.229052493679932
0.151846737549705
0.0368420751846478
0.237080944164541
0.338097136685999
0.0832803828531394
0.156637523041052
0.356200031690698
0.115046604620132
0.167565729310838
0.0332485375683778
0.565978453321586
0.826898307381645
0.557662404118542
0.342574958582912
0.569444425919567
0.218202407088804
0.0467315068872699
0.037562824921394
0.733269186247772
0.765815151689311
0.191114584694468
0.357617420461533
0.127770476981695
0.769723621848623
1.1764472825905
0.668911057740984
0.390707703629999
0.266848168371386
0.0331629875552643
0.078676865784157
0.10840600406858
0.0379770087284782
0.285326575604409
1.61052346828118
0.828011154992346
0.148864555312876
1.03609013513182
0.484746013741887
0.135232801243165
0.0944092431219703
0.051507507916506
0.0807318740318519
0.27824130421934
0.0284749987439161
0.182386834311716
0.710313644536649
0.780680734049644
0.0555035667959265
0.0507241669339814
0.0438521839477966
0.320839660180832
0.257510476869795
0.119085447832215
0.112034318229399
0.129986042406285
0.253849989200333
0.0572634929387865
0.0904646086995006
1.33763041531037
0.640736960780581
0.0940227845997067
0.210703245980407
0.0965557525762398
0.0588034205320797
0.653512109973184
0.249328239714169
0.942578796537851
0.12548157674542
0.0839708115578177
0.365189548322167
0.369246247072767
0.172958635940332
0.058424603209034
0.249039806324821
0.4469973663166
0.168033328137538
0.0199598036658798
0.0482664294815617
1.69275880447328
0.937908952456868
0.166973560305727
0.0589430404262503
0.115732616454609
0.380542292307595
0.14692756605973
0.850477622044093
0.738485229378926
0.175586586220896
0.114486447419573
0.0573803921139028
0.0516426202034619
0.673339549108931
0.561107145266347
0.0630875051472897
0.0654595890426061
0.10333959492256
0.139610900800163
0.371756287476036
0.149267639064858
0.146014065472102
0.514706604905707
0.257879260931636
0.130126059468012
0.157887474554022
0.0523299579960336
0.0590754505344161
0.103137630370986
0.107869048479213
0.0921449718532417
0.0486609177067716
0.220340896812038
0.0956197982130953
0.075986441959353
0.157011227131337
0.465000920306785
0.459243636653994
0.290255424414999
0.0978148325387358
0.0687536145135457
0.170968543158433
0.0514378444889025
0.0182198198588602
0.0214106751320426
0.0238458828004088
0.0271530582101887
0.0210624813180961
0.0191313628544683
0.0367868180866739
0.0254302039090774
0.0213747749028909
0.0309231195907308
0.0508315138458548
0.0617998689500068
0.0359589616630583
0.0284540518248677
0.0184182782218888
0.0214895485112894
0.0307100954545374
0.0198423356238783
0.0315627158122838
0.106845326530143
2.18557381273918
8.33502411404085
0.533081783559052
0.266548829688011
0.102374408038362
0.0515864955142657
0.19066887039706
0.221086564853161
0.115893743108175
0.0341662726857558
0.0363860970879984
0.0966670983522685
0.0076605465715393
0.0358825232265343
0.0736937972014666
0.0334499279132194
0.011915196337436
0.0182312425718454
0.281167890899898
0.149854294688935
0.0475038096638006
0.0252016251366114
0.0282277002041588
0.0636209266293115
0.0928820839197876
0.0179808729429082
0.184505060645695
0.0505412204341894
0.0540550676856259
0.0291041606367567
0.0294790934272634
0.0248272765515734
0.0857424894528574
0.0663080113543356
0.049941127643384
0.0492130569718848
0.0356974963585772
0.0224352350653286
0.0256938487150587
0.0390365610317612
0.0401515924343818
0.0655243513671135
0.072224947626058
0.0748575999926966
0.0581401250965801
0.0455157820055854
0.0248874282301108
0.0194123967595409
0.0203304066958103
0.0240494726024219
0.0297471451727799
0.0144077077183907
0.0155910188673356
0.0206222858934628
0.0130286191600917
0.0410094673954029
0.0295190884842651
0.0269789989822368
0.0244195446846071
0.0418754590084423
0.0264700131879985
0.0389107402745459
0.0764067570363738
0.0396963455343873
0.035541503520196
0.0342110503130631
0.0293665606492446
0.035161918622497
0.0343533490086217
0.0308806071225802
0.0171581461595151
0.0187602107290262
0.0270921895561392
0.028253835664331
0.0235017651267636
0.0318414875158594
0.0205944502473024
0.0117194823770646
0.0674740975744334
0.0508853171171049
0.024456439726869
0.0311455053840043
0.02293583251379
0.0197425977053205
0.049312001058777
0.176267945136724
0.060874826100176
0.0359572168111101
0.0213316057984944
0.0148123922036601
0.0224476655780389
0.0317014390614374
0.02833833102878
0.0270828335935814
0.0276074103877196
0.0437133027284169
0.0256545418704485
0.0586784574451503
0.061423168195292
0.0395424909389092
0.0619309330725622
0.0415216280929568
0.0728510529810966
0.0172400883750013
0.0237190548249009
0.0156913146068079
0.0168270398303966
0.0212845282601933
0.0286039357106086
0.0152664512901089
0.0254104424135005
0.0293430029203293
0.0376092475247314
0.021724853636985
0.035697434657144
0.101582473910538
