0.165422526441201
0.0245458104681597
0.0270918288670677
0.030148626560118
0.0161903588310115
0.010491515270913
0.0306327064382085
0.0491267203419636
0.0242182850273805
0.0237788221613845
0.0311054665315477
0.0480143056642742
0.0532760635079152
0.0442460508146091
0.0332844191065577
0.0405274996436385
0.181337746884259
0.452904557798858
0.418488356079884
0.276149200231376
0.0796835586679888
0.0570972481420201
0.0608681611151659
0.0400839442491265
0.0176564066273869
0.128888042883015
0.121325421841661
0.0278701967911728
0.011338206007062
0.017393919102562
0.0253326792883766
0.0458400107047946
0.0487721403346607
0.0261993441812845
0.0209761832757103
0.0179769552072903
0.0247150143001848
0.0717274891205106
0.130932422710507
0.109348448583063
0.127670275278917
0.151268753452914
0.110701222510481
0.111317316741553
0.282398734410054
0.413124237115009
0.221107445202427
0.046893807338699
0.0749366900012102
0.122263924167574
0.034184104716192
0.00637290930042604
0.0106567050396951
0.00977928414014219
0.0222688001443185
0.0252945172631365
0.0328756295060698
0.026468847947445
0.0178642015304881
0.0402742802945732
0.034464439476975
0.0255459815928402
0.0321782993865614
0.0659698374870695
0.0673947015093401
0.0381014594942505
0.124918499273177
0.281525862969597
0.0991006319812588
0.0536166790740977
0.0631472778258364
0.0379593343089777
0.051332269302068
0.0450829407731859
0.624127034208906
0.719399348287095
0.0550197226849316
0.033959920735377
0.0486048300499879
0.0336739109891341
0.0197615882743385
0.0256637901167674
0.0242972166000101
0.182243384677601
0.175449886895388
0.0291167416155719
0.0356018828802664
0.017756406047143
0.0315253174248023
0.0376330951414034
0.0262199172640994
0.0200988963006062
0.00994912583247957
0.00833913009346594
0.0158936945416003
0.0246460912823399
0.013251423586833
0.0301680311422471
0.0268007644301108
0.0226698125756155
0.023640890035089
0.0180014850714268
0.0520317668987765
0.123391846064469
0.152353672601395
0.105394845033791
0.076070297073322
0.0672937791993916
0.0515445036107307
0.0574754084282308
0.06224008800309
0.0133153448985398
0.0348977227668031
0.106832922033239
0.271882351576985
0.234671943431561
0.18276461908402
0.274446011474224
0.0984015085446649
0.0801382344534736
0.0592517402696497
0.818356107869999
1.6714441332342
0.441375725390716
0.0642314401894555
0.0265528124532966
0.0225284734990613
0.0937224558438185
0.100631898410571
0.0301839201027184
0.0289555841414199
0.0215809426857081
0.0230334679129012
0.103209614868631
0.0974183811576609
0.0125144257711063
0.0142473560327629
0.0177582364995268
0.0170714516988234
0.0381352099405265
0.0928575307536634
0.0554522539909359
0.0157742384408817
0.0263752733733421
0.0513142790287673
0.0737770047715384
0.0573173030140937
0.033082813999699
0.0291144226382387
0.184094423282833
0.257104283059376
0.155766634271856
0.0738771010482763
0.0401988613356939
0.0856553285968944
0.0816098835384212
0.0282331616643135
0.0187228904077456
0.0329908040103758
1.3390020894369
1.16421545878994
0.0511071599550121
0.108726320486666
0.0363066335985994
0.0334002591307127
0.0191531884338023
0.0681989860668435
0.3009378027001
0.190041362552818
0.0205079152994197
0.0309026128949697
0.122233164963828
0.118941356271567
0.0408817668110955
0.0749427329557225
0.0755734837783341
0.0524821130533457
0.0649973125177256
0.0670854501964086
0.462586652903483
0.424665217863722
0.0235429948629186
0.0577546879486446
0.0810813697044657
0.410038868258636
0.160822707560387
0.0917349205656054
0.0213379601118074
0.0328066000653856
0.0108661542293091
0.0147330187206124
0.016821182997546
0.0154976469995642
0.0366885314215608
0.0273646073730388
0.0146045813044532
0.0306385480391418
0.0798295986080718
0.0517263255734022
0.0299693522317048
0.0233468171683479
0.0185986306485233
0.0148065073992727
0.0204179453860066
0.0363872124458958
0.061321288203135
0.0455073687027862
0.0508762034908093
0.0300886288508326
0.016630561607504
0.0295343056760435
0.0393285229920378
0.0304740814177769
0.0120381910885637
0.020430261664575
0.0206267717477525
0.0201492682058425
0.0215025070517851
0.015140682342522
0.025501739878616
0.0255544305398717
0.0360230958480127
0.0562872076066094
0.0700738047576779
0.17896562613315
0.0582950567699221
0.00845154042634159
0.00820332521355494
0.0127107035685628
0.020718555199843
0.0320052503075627
0.0126055289081479
0.0405973818121999
0.0292342328863845
0.019570926265224
0.0351265300677789
0.0456929256225532
0.011939174642459
0.0295420065056372
0.0275285242508786
0.0194554540276281
0.0128767138873134
0.0316800139409385
0.0459699836574646
0.179374153119074
0.414569306749208
0.054394736674555
0.135807331337909
0.0319658667569657
0.0110402806079078
0.032151909044391
0.0437121667986726
0.0904126151258914
0.0948740517144079
0.0224593764436225
0.0220819064847239
0.040618570785157
0.0178764473580862
0.0174823574279374
0.0502366694364754
0.0324873915168035
0.0124266474984183
0.0179449021114909
0.0357000286754934
0.0541998292719442
0.0127069384424305
0.013736775913541
0.028897430559445
0.0119518123193314
0.00832399208273738
0.027203485938867
0.135685783073063
0.0974132843402631
0.0335156436569407
0.0562259202004563
0.0318046174820777
0.0196689552723756
0.00958933048075801
0.0372828562434435
0.0426169614019979
0.0453818172086652
0.0349286985787392
0.0216503304574327
0.0172475863278661
0.0130467178571753
0.0170429617058914
0.0655879939715193
0.0913574223262324
0.0574170784162633
0.0120103512333468
0.0435444512412235
0.0280772481673806
0.030741869209252
0.0385096474302088
0.0488291154299206
0.0581515209721187
0.06702740031367
0.0272269586522882
0.0308933948043946
0.0200343582840534
0.0160775705770872
