0.264625231924716
0.335485405407323
0.387609165522489
0.507208233101499
0.454316563967412
0.459126965981526
0.79366357051487
0.86255800128558
0.661791125718153
0.562577521326818
0.364028876145339
0.237918796892502
0.292571030623426
0.356637531296088
0.490604550780294
0.323674613031919
0.262550860394027
0.313075661935429
0.388358907285675
0.376500982005664
0.608420004018533
0.597192344740488
0.77372461031431
0.51595872526613
0.654221551323197
0.775455362262651
0.685500649032727
0.57041429304034
0.265639274079902
0.237121701622324
0.362115103082187
0.519652815241021
1.35317824555842
2.19115599462311
1.01865396186442
0.991482299538178
0.643912365052156
0.298439783251679
0.158484956915591
0.187974802735665
0.42241293763655
0.952850734276996
0.866684273934101
0.400512558693087
0.226510000271491
0.283258822510582
0.403380881467305
0.375344556223087
0.32575219907905
0.405620973960333
0.313326095110213
0.391801219754787
0.431684030051033
0.417564411196659
0.451460965116684
0.700833809768592
0.658393562828925
0.563962921803134
0.597345184407694
0.464271750534384
0.635055156286555
1.22843093182722
1.18189543678352
0.316010561434141
0.215528432354597
0.163591391024119
0.257932082545223
0.360460835730925
0.349225488688381
0.384091827660717
0.576197160560166
0.854654924130505
0.774034898398247
0.582652906771802
0.518548593358131
0.279149732850304
0.305658547033021
0.2782775122689
0.333529940768742
0.340161573886744
0.302882055173997
0.289950908259412
0.218856206732851
0.282814661950333
0.268705408112881
0.169380280005057
0.248169679027397
0.269511139005157
0.24781528260641
0.291456633077596
0.438583301226303
0.577376796274079
0.495068801554852
0.360776047015602
0.517986730348637
0.383817653623636
0.387477801727295
0.190343338511487
0.316234308019725
0.483519519592568
0.48498185454192
0.34941981764747
0.95975914820335
0.659208562808514
0.473181499895731
0.535284517036282
0.421151267925178
0.358571530427355
0.474759033656267
0.592737846664683
0.521438246112254
0.542326078024955
0.573462115290481
0.526606359765758
0.438369594098164
0.276361775333939
0.147596368836139
0.322229934642464
0.474015262748418
0.59462354485303
0.580645975714204
0.48771049098004
0.458594421250032
0.4617611688745
0.27133380701812
0.385392924843662
0.452374108250956
1.18142355276901
0.700806197494802
0.294185277883972
0.235956447096228
0.443094919509291
0.658369066192519
0.501951284004224
0.31719546534514
0.658546771153574
0.546737230595032
0.263105175420363
0.347520072543829
0.49121872714375
0.45611038413484
0.359069090799113
0.537279516183446
0.58083049040248
0.514936925240832
0.443530581741952
0.443585674505689
0.414486655917494
0.785760017388235
0.812913505590014
0.297247306241451
0.69523824528427
0.312477421446178
0.703918785727609
1.93520739030377
2.22719454928754
0.600451624833475
0.313640250932795
0.377309103381521
0.456331790783856
0.468362698910889
0.508554207407303
0.415632941155284
0.622671900964372
0.80591531027152
0.506179534540001
0.239838826624186
0.263633961747335
0.277199852259088
0.355558260963522
0.28417867596394
0.203249179454912
0.195650644792351
0.329566486207588
0.349506874956525
0.421928394324226
0.391019162284826
0.549362579778085
0.722017077154909
0.27473382926824
0.127731595855197
0.310439404594466
0.380991096321741
0.317597531611394
0.448508298557105
0.415772518825809
0.405051107477384
0.332845230070565
0.558364073922889
0.54001181020655
0.338130570009617
0.454295718734704
0.588009611958991
0.526990266952981
0.426114013060522
0.555847943976656
0.558101645555109
0.393874489605653
0.358118512473468
0.487511931851143
0.727542537338151
0.65194932915797
0.408745946414832
0.400195102793428
0.424131257424662
0.237628352995162
0.297418857171631
0.343289327505026
0.43904522194276
0.410870987200894
0.249447249004395
0.238148552364491
0.639220876138331
0.546184067053442
0.323651220995589
0.367259856479113
0.36567802516609
0.358288196445988
0.238910190519201
0.293276774414622
0.468994265157421
0.436626726580535
0.441867844510663
0.247208045040736
0.264292988392622
0.462626828845197
0.51349834302593
0.738269107185514
0.586463429969976
0.565013801176983
0.451195266164608
0.387335592305839
0.419744425650696
0.351622734180891
0.356117418052277
0.322495393763565
0.268833650217475
0.300944780278934
0.221472428819582
0.166445241082729
0.406779405292284
0.497331971404919
0.722039560200405
0.434034672506638
0.357413022948528
0.368903253190666
0.318141390874052
0.527237539448299
0.357379762472486
0.596112689326686
0.555902436307625
0.319576810851896
0.316558252858042
0.325453817276514
0.358892686832758
0.283739533169537
0.276733811870954
0.341914688267339
0.462642812706971
0.468026481667758
0.455199220664638
0.254280511575825
0.321646669961415
0.420708193722652
0.457199600128532
0.447887930028197
0.28747984482919
0.328428263848537
0.393950152091573
0.41443842354978
0.407079843509755
0.446502602190594
0.328541133769609
0.236255382260404
0.546693210769026
0.663240985709743
0.792698125422584
0.956156827099877
0.432470760303344
0.615732179226197
0.747844236822089
0.476319011857956
0.182083820305512
0.339490768525302
0.607544346248888
0.44874913220374
0.35736725470232
0.63065114748084
0.453560932257845
0.318665465845956
0.449177918209543
0.382743591743528
0.526816460337634
0.411915540880972
0.305138229706696
0.278394745286176
0.338654231300681
0.495648716435672
1.0797632698436
0.656799556946929
0.427686877951745
0.430454935619412
0.309376395986943
0.284089552905265
0.331394985233973
0.354274721514889
0.276329400499302
0.182374829561214
0.244945460687784
0.246872910307714
0.270778898215655
0.291668693884296
0.278071015726272
0.338334649999465
0.269714529346198
0.203568053178541
0.334050661968183
0.323749445180514
0.302671357684254
0.305803502422714
0.414869638878004
0.516467453204382
0.293056891881084
0.382185616266672
0.585279894180787
0.591134763768559
0.335194580638924
0.233840329473822
0.552748120814515
0.889173367435964
0.533120328660227
0.45597464487093
0.355976384056206
0.293869363220922
0.34792477855696
0.326970413546134
0.253408227735631
0.329896959812285
0.424068196551739
0.423588924677841
0.476510634100031
0.350391030942605
0.267065765557623
0.442386977493056
0.723648326223191
0.348734729003774
0.255137367034099
0.241225126878799
0.251649778072509
0.639080654833384
0.527223393926126
0.380616668877177
0.478818724125718
0.376670310552092
0.680098818606071
0.722163708338871
0.40298622641102
0.493252424271776
0.391640931811848
0.233289786616436
0.432202629368969
0.437809329145645
0.472892947344239
0.298450918592235
0.433381973395275
0.505916133131319
0.632471324261092
0.68226246160485
0.207055666125488
0.216194110745239
0.263120098832863
0.44191961437633
0.676444455448479
0.836571137586924
0.824940404726273
0.427981010315384
0.288846222763048
0.373478077768261
0.353168803387534
0.333102952461318
0.327016096803885
0.496362034104639
0.392380178769663
0.295794203051729
0.239575478085507
0.28317696625182
0.428531274607163
0.343061943794391
0.460224727171944
0.554479288762791
0.419360112892201
0.39857301346448
0.445384819785983
0.445374934643635
0.322924458750326
0.359303515249903
0.36364637473131
0.349564129003498
0.404911815582875
0.38876820978958
0.62459393161415
0.423785570746114
0.464325133314166
0.421386198886278
0.319736011394244
0.684521362468553
0.683803437984601
0.335478057708791
0.264099516017544
0.317255571102512
0.468944315342294
0.482506779601087
0.402669123195021
0.45851742197074
0.524983380924837
0.503547794827669
0.762937821228725
0.764607975181942
0.39344231583604
0.699475808195975
1.2268938906387
0.229953718770327
0.388797419059438
0.287749053119579
0.203339228949508
0.283007619928234
0.289315153451981
0.399390622759345
0.427935367708412
0.329529957282148
0.331332127861968
0.222989797129221
0.470955971229452
0.714448260527119
0.462024224518431
0.373565104923604
0.250657642306029
0.253566237284151
0.258842000078522
0.241559729620376
0.266829473955145
0.258906715753786
0.319448805055189
0.44305630678896
0.346986729357384
0.455618749086545
0.352016605224637
0.319267809620958
0.200696723785553
0.496032029628209
0.575151990686456
0.349881137446254
0.357531139843603
0.358543965446968
0.658716908369159
0.549416469165995
0.41130934139532
0.650776745322058
0.521155585563892
0.426666217588331
0.362711349417632
0.371839267699719
0.318488968012173
0.421515860994439
0.322364960701867
0.294876530226185
0.328614804156805
0.245588262180461
0.317361820034816
0.451625183681645
0.475219181946552
0.288506742044368
0.448969789382686
0.514530059683941
0.878259343682042
0.603946627310626
0.363152504583269
0.441579884055175
0.362439475616356
0.242276687786254
0.310893509186027
0.287854522865165
0.45073295475722
0.430682806807463
0.275338247645325
0.286865753430352
0.314529648586071
0.457670465087279
0.553737874226151
0.335836158619496
0.188453842148464
0.165651968575594
0.249985652477072
0.34846060783159
0.271468043984921
0.302661863889962
0.190317217108226
0.179626453218783
0.25767805257088
0.499486537173336
0.496896847881911
0.593694094052746
0.430115717863095
0.186479194383348
0.219565189016853
0.41097059684667
0.424239784667893
1.08852585676635
1.30057589893128
0.429464420128771
0.333892269355604
0.301659620486708
0.352154547217377
0.303437266474859
0.255723497176199
0.282022815452789
0.51441379748097
0.642482892534998
0.527939213322994
0.438076654249713
0.272561885080894
0.378952362188875
0.318478808454031
0.366074531207373
0.577240386709131
0.673785332240741
0.653837308367819
0.420010071986707
0.616195403162232
0.577446868082602
0.829960623877874
0.587366986094425
0.361888933079715
0.294786057628746
0.239279808149101
0.325151400059545
0.533749211129061
0.776754603530142
0.972428246744366
0.615450384910998
0.438018555062224
0.328606459556069
0.379274611211944
0.409743586492682
0.332611268874546
0.482149605165241
0.523317057933405
0.332812901224191
0.211337705723463
0.344007080696151
0.398317588198387
0.234678668545112
0.24070703766084
0.412153318283041
0.514041954257049
0.280039393235523
0.262899210523173
0.301746137148825
0.382933874220443
0.364953788907972
0.421593633711231
0.409367420137333
0.269057142952897
0.247195967181809
0.388641826666908
0.427496087239979
0.378000240419484
0.564791385544723
0.672563780160618
0.333294321322257
0.397240373519048
0.384333935483313
0.414478882187966
0.382354935905339
0.434194629974562
0.335294788387528
0.663640635514462
0.364558258407157
0.402944769804004
0.768559054884693
0.597574549080229
0.333595514852101
0.290380680282014
0.239228708964262
0.884626532984578
1.39921950040814
0.469015175506814
0.435675719174637
0.33096673064062
0.29697769678388
0.578440903129423
0.516389365036778
0.356079430235878
0.42208962851834
0.329039160375824
0.729229802109854
0.765559068164024
0.516965473413157
0.432499710663425
0.31875362751748
0.264399170273358
0.232968598335539
0.23636159544916
0.365644053103434
0.362702897555307
0.293091741627598
0.659043548942067
0.486116816530076
0.327996388955667
0.409462221968784
0.252243257833397
0.199969774245832
0.37299579442928
0.409863278804076
0.312909908286592
0.375466683270281
0.463670506992199
0.772574415502945
0.555180706432813
0.290929323786577
0.492367844858573
0.34464614664111
0.255844546058776
0.373180072385651
0.56992369514351
0.489499205563904
0.304938739143851
0.380644623924826
0.236906356997336
0.35250802937317
0.530087663266127
0.504079862401658
0.638671639732629
0.420338928045484
0.354905434882003
0.379659249996656
0.397359643756898
0.606254535132517
0.930207430479579
0.857113424661712
0.314542467722062
0.268834210712579
0.351382935488085
0.339656313841962
0.216685012938752
0.312398597576522
0.253486031098248
0.440163723351597
0.731868495331014
0.628000080310174
0.360352664962956
0.554286033089745
0.941704065037583
0.60848590947764
0.283211730181949
0.157316374851095
0.215823578891348
0.410056890263972
0.908870891043619
0.785450963688921
0.4145603722576
