0.00858062439204822
0.0111129654619871
0.0128229421654415
0.0129600810713334
0.00873785206229495
0.0102659134487651
0.0149499735057806
0.0252193355366361
0.0211797275282039
0.0142003701655891
0.0163908658795846
0.00816127912634062
0.00836027697271815
0.00803685150402751
0.0202557528316129
0.00835219268555443
0.00535136426355998
0.00625752896349437
0.00699303516725398
0.00879620228417957
0.0179142473237736
0.0175147641467506
0.0323600256483481
0.0156340212108227
0.016095257689193
0.0193361126822547
0.0139761344659037
0.0079376759520671
0.00637299128816114
0.00264919738690359
0.00575437998130703
0.0131582351693895
0.060251857928141
0.0808551034770665
0.0328261924267874
0.0242083246259128
0.0129444684616935
0.00630911180599319
0.00329901511147034
0.00535359023755338
0.0109427851365471
0.0288535896952346
0.0225705739635297
0.0287718144369985
0.00821519232801369
0.00410105828167098
0.00797270907425362
0.0120458937308111
0.00714223369981405
0.00852378513982258
0.00865342898146519
0.00840412419766553
0.00908776059583805
0.010111242854556
0.0122928413365585
0.015559312969526
0.0209228187607038
0.00841371260588137
0.0122274235379064
0.0124563322581239
0.0155727638450185
0.0215573640911217
0.0269267313190595
0.00965498471254156
0.00469839361348502
0.0021405638575213
0.00505279637532467
0.010081564461178
0.00545188939735632
0.00547806611805912
0.0184463897638011
0.0285279840182016
0.0239185312918015
0.0152281890331484
0.0236296992135852
0.0120949673097743
0.0160061131818203
0.00612902398350708
0.00676779060033089
0.00408488812906735
0.00272847199577169
0.0052271972563881
0.0050172012101857
0.0083906468657795
0.00717389569119192
0.0023287421838899
0.0030065632606034
0.0144084456213294
0.00813089387556048
0.00760177346769047
0.00760513849030678
0.0178930504441225
0.0216009943503362
0.0168202756477075
0.0187360264956992
0.0107827932002487
0.0144974494440629
0.00756498929238858
0.00914332950109624
0.00769275450737946
0.00778405623816568
0.0128809366373991
0.0264068836526849
0.0075008295724496
0.0107789273711853
0.0164604173442816
0.00894720613177221
0.00661772471899171
0.0134423999155719
0.0148731405146388
0.0112521793367187
0.0100279230341642
0.0101031390493749
0.00767830317113428
0.00473080114607361
0.0044974829067551
0.00342543169932102
0.00671256771431316
0.0111361779248246
0.0138088218859878
0.0123193168713949
0.0173503618363854
0.0118230248234897
0.0110392825834483
0.00862832016362951
0.0102859134609324
0.0119225291129609
0.0305270841596705
0.00856818700101922
0.00707852132304728
0.00949466324259205
0.0165537773238601
0.0203543638150014
0.0203223421954169
0.0118674156381192
0.0297839916677384
0.0333982478495852
0.00857478272890065
0.00617516082103515
0.00940988825344441
0.00977408120645121
0.0106281632252486
0.0111427296080998
0.0166882581214383
0.0155577600581045
0.00972983816509284
0.0155066625220039
0.0118338602282028
0.0450718112741694
0.0429042018764483
0.00625594493295345
0.00952765600178105
0.00850122545627446
0.0135585330562661
0.0648197527231602
0.0982456504099797
0.0293466528726564
0.00565573176774295
0.00602262046395716
0.0114952340076866
0.0126940256401005
0.00768614657532992
0.00488143282650001
0.0120080787829731
0.0137739268045172
0.00828603108717969
0.00365390475674378
0.00792983791143061
0.00616866942788889
0.010222388521791
0.0072345538640205
0.00398233785584149
0.00317392632485659
0.0108527404393038
0.00942251494547152
0.0106090753340193
0.0162659510593154
0.00372085371612205
0.0331970566660798
0.0134783873399548
0.002396872908834
0.00997822518402922
0.0134538784904116
0.00641013466959199
0.00782578372131615
0.0056519703537191
0.00635854690016383
0.00662881354467716
0.0127804645475668
0.0171314808239598
0.0103355285426621
0.00933947028952109
0.0110673904031609
0.0173053750236324
0.00761906470002958
0.0235607793827078
0.0171820907344086
0.00827123401290728
0.00829115187129706
0.015327455823247
0.0264612696529061
0.0327135269577112
0.0171803529861142
0.00635741574744305
0.00915690018948413
0.00485407603023745
0.0102174761902597
0.0075230699408521
0.0095956778423098
0.00884132000824998
0.00517231984767317
0.00532915474452164
0.0159886064730819
0.0107499554727168
0.00928658535710841
0.0346157916960444
0.0120472099812872
0.00717659981101543
0.00674678694285097
0.00983313408339821
0.0238847337169518
0.0144463097862513
0.00796623082537468
0.00535314317866615
0.00515886672817339
0.0113443377484863
0.0183513349374711
0.0307356801657826
0.012206643487132
0.0068121398604014
0.00885782057986761
0.00622514000844353
0.0115458049799199
0.00895698660212806
0.00904867554581071
0.00759287865895032
0.00904537018375617
0.00847103883348544
0.0067465174148364
0.00372620626876613
0.0297254370401338
0.0300698575893354
0.300661694418832
0.0546664282629609
0.0118927251836435
0.0129295915842068
0.00493469633201354
0.0142490958940901
0.0119416829444123
0.0202517789561498
0.0205653653539847
0.00781701790726663
0.00841588316222633
0.00600951176876266
0.0103653270176247
0.0100782690026835
0.0113161525165968
0.022000703865218
0.0412908131241205
0.0081822851329557
0.00815134860091498
0.0081595194039181
0.0124617603009401
0.0107147089916282
0.0109498558356729
0.0140592447649463
0.0123055956907342
0.0112988409560683
0.0142581215637442
0.015030089557011
0.0113348988473802
0.0108242736720493
0.0111159036389409
0.00662860880069597
0.0152440930980081
0.0176523977273799
0.0198044371310427
0.0280711122538123
0.0164229659038117
0.0246296131087151
0.0259792292706622
0.0104976005767073
0.00313147348421152
0.00882267080496368
0.0181559595203776
0.0106261406155721
0.00766909756719015
0.0132967641512925
0.00794858979792547
0.00678692874386256
0.0118846992705352
0.00725520559576761
0.0159248553396596
0.0164067561886335
0.0124068773520538
0.00896336909743071
0.011055424884537
0.0143362757796446
0.0222359232472928
0.0113928350733048
0.014217511035995
0.0146506782826439
0.00804522849279735
0.00729517871404238
0.0114204223713497
0.00984615079706652
0.00657274093877906
0.00488951209235437
0.0113439608633593
0.00478917102281337
0.00718866227919218
0.00727627953965705
0.00808523374004172
0.014264126532511
0.0097788649432433
0.00725288966735432
0.00642534322817558
0.0112050104578193
0.00904013934461627
0.00743017182837616
0.00826899676934727
0.0134312610511539
0.00836777873853229
0.0138909710626468
0.0185954409538155
0.0131381030762205
0.00512049103015799
0.00648227599441645
0.0163142504033609
0.0199799765546938
0.00797563331822541
0.00821467092489979
0.0133375109801001
0.0119757184715729
0.0137337353249733
0.0124285443528648
0.00802092567379072
0.00628820683758684
0.00601009829039463
0.0108962687561374
0.0160322601448579
0.010070063389918
0.0213677773190724
0.0233503619386244
0.0914488505121009
0.0394420894373245
0.0141891097947316
0.094216191234871
0.0978193132685247
0.0471852042417367
0.0486523891090345
0.020162954315273
0.0172541504539957
0.0107197955023333
0.0155667494453186
0.0153678357017003
0.00752265246335363
0.0145394095016839
0.00946033270507076
0.00512357123308522
0.0143022271855605
0.0141890886088873
0.0136339106490497
0.00665201124570341
0.0109408217323568
0.0143213630602885
0.0140174412680164
0.0170446469682036
0.0145286323294875
0.00857246574437865
0.00848546217024132
0.0219155629997843
0.0193232264844634
0.0217167602247671
0.0271675823667744
0.0121270944245069
0.00727927008568869
0.00529005170808438
0.0104019691578229
0.017028554201747
0.00566283934936484
0.0158419274276224
0.00703580972209182
0.00375987529514389
0.0062444338791153
0.00808846292973091
0.0191782102322075
0.00938550630792821
0.0189308580443663
0.0161738019128684
0.00939988490047287
0.0116790884989194
0.0102817958879039
0.00950095714393508
0.00931220688664834
0.0210692355114551
0.0415575291509725
0.014972773607428
0.00665408069469397
0.00683239421035404
0.0203709140653825
0.0174568920579755
0.00845226681744434
0.0100239540596284
0.00607213599028716
0.0189843135592069
0.020712925310766
0.0105821137865698
0.00619187002554705
0.0112119276748732
0.0205833779239985
0.016324504234293
0.0182743000032784
0.0119046057966053
0.0118167749227431
0.0175812186048189
0.0184499286142219
0.0178737131745467
0.00710283703167373
0.0195362401522216
0.0558039736843419
0.00976231753600027
0.0212835651137581
0.00673151987771637
0.00663415782226672
0.00759151246272433
0.00761024981263518
0.00423879962250794
0.00516940902679765
0.0107100998967131
0.00583760897366874
0.00387497844173118
0.0117249987264344
0.0177179402913288
0.010703249597101
0.00853379157207034
0.00324031451648213
0.00577977852328333
0.00608240170965447
0.00550739873569192
0.0109227314196305
0.00703786590105676
0.00695668559231455
0.00688831216214744
0.00875822416959933
0.00928704024322622
0.00946111725252322
0.0155616836390269
0.00628633443949168
0.0150425831920657
0.0109846683491591
0.0078853791047248
0.0153568930035842
0.0104408756118381
0.0122187794118302
0.0102655025859232
0.0123804938562022
0.0148016709982656
0.0089532559676587
0.00850568841456685
0.00808081798830756
0.0145079079909947
0.00888850063573032
0.00923023361988459
0.00694999859846811
0.0233609550960499
0.0221367779001614
0.0603839986955431
0.0344365589925966
0.011244090328948
0.0458274337580224
0.030291520303691
0.0779684913323375
0.0291452390853161
0.0725175902217405
0.0240579583979503
0.0287306344731402
0.0146830611496564
0.00962989762812833
0.00560341826259645
0.0086203117956315
0.00689827091608419
0.00948557240784068
0.0123478846761286
0.00614281264584289
0.00592331652322405
0.00788153887862481
0.0624891514601778
0.237794812221159
0.0313085560566205
0.00954071164986519
0.00382786362711205
0.00568852721724613
0.0153665288020612
0.0106832882117797
0.00774703722860002
0.00469880037942998
0.00591493149691669
0.00727217236543687
0.0162408933205815
0.0138354717481663
0.0069870074140648
0.00507044937337036
0.00803092076932262
0.00866586223316146
0.0120645778553969
0.0217436918596019
0.0334179617079226
0.0425811640519852
0.0135867691100186
0.0146869559541399
0.0065864594992453
0.00809278495030956
0.0174628197217814
0.0246146758547446
0.0101177737306266
0.0404179540619991
0.0240645606833557
0.0106236756489371
0.0108184851291105
0.00942834325375027
0.0095755955284286
0.00708260027254389
0.00560793250909099
0.00903503197593692
0.0146751828101069
0.0190349451578299
0.00873357440332805
0.0135185322588024
0.0171214921024868
0.0199183222437432
0.00810295852666431
0.00731576027705984
0.00700461892880202
0.00360161313778399
0.0116483665260906
0.0109401879935701
0.0306937393787624
0.0700385509330456
0.0462761072181712
0.0326251411396741
0.0129640061441908
0.0106445649141431
0.00701694127683841
0.0085879690842417
0.0107249168950422
0.015009063340635
0.00667394934510107
0.00587017285306817
0.00830884080393107
0.00727752063584702
0.00323594247483679
0.00737518983556586
0.00713055989277912
0.0112204857534348
0.0111429957525438
0.00842054402466146
0.00714952513713842
0.0243249848259953
0.0374909822626947
0.0355879908744339
0.00966322442004771
0.00504868422390669
0.00747792845327211
0.00818369054149982
0.0110535298351524
0.0114299192062245
0.0233031020598083
0.0161628476528277
0.00858173289324992
0.0166354694533472
0.0162049341455184
0.0606419591651565
0.0522266841919411
0.00859071342985371
0.00826747501245443
0.0130296569008225
0.00969019979810213
0.00904079076617436
0.0212990727202347
0.021726973841148
0.00613094330390889
0.00315726344714568
0.0173380527672832
0.163486345077012
0.335703500942345
0.0266910340405248
0.0150398401290938
0.00884745272832312
0.0119963225706113
0.0278580007310977
0.0177622056473062
0.00781258194672436
0.015089784711831
0.0118248262057461
0.014003956445401
0.0218109756417039
0.0229421428703222
0.0120270764147347
0.0111772160330628
0.00651190029788272
0.00432918184773311
0.00606013640217658
0.0122875420997642
0.00861716235366467
0.00731188358561631
0.0134785454108871
0.0108007365538956
0.00595172559774186
0.00748568581636193
0.00381400386910158
0.00349439769449222
0.00923679699877335
0.00728231172119968
0.00492729060621729
0.0212064525815896
0.0218326853312207
0.0381652297557189
0.0145734933395204
0.0120460544501047
0.0350033937640737
0.0169503473157682
0.00369671060411287
0.0418965387984061
0.0558352273595749
0.0244047017593147
0.0173331251461779
0.0129237432531991
0.00574205732398741
0.00869542279049833
0.0162010628141075
0.0281637403204246
0.0296348667435916
0.0215334630554248
0.0154131293772214
0.0088211673625112
0.00887859778992878
0.0195482804095953
0.0326851519927964
0.0284921006090791
0.00734598125664839
0.00601961591035451
0.00436358237334647
0.00785376481890474
0.00518895535523076
0.0120022345582198
0.00435938020807932
0.0107681405094247
0.0241755158856617
0.0180278562124198
0.0161450943343689
0.013105389737963
0.0274479297752855
0.0151523624768338
0.00798744157455535
0.00401004044308434
0.00819628240878229
0.00612967958273937
0.0160759583560045
0.021571756617852
0.0127137402607976
