0.229642774612672
0.33106988049765
0.263718181945615
0.272094288552927
0.141122106431391
0.343357789750369
0.56457471166613
0.452936667419529
0.448737203215655
0.348960205346831
0.140040709593188
0.130927877163454
0.20276112647857
0.348831794981744
0.254038814949738
0.169894470730242
0.29072496950313
0.292387394086603
0.270555566633949
0.311015984581779
0.282950582800892
0.142435245873804
0.318913508827686
0.442237057789418
0.158359365350607
0.0953995281391142
0.100624225941144
0.132592559772225
0.48048278688884
0.419296458432843
0.260454153802114
0.507260792311909
0.614170334519083
0.412770679303026
0.162943189579911
0.255809450764545
0.270255292113964
0.136279884421472
0.222504670100002
0.583371727226775
0.43075402382976
0.203281474490038
0.274125208966292
0.30591549076927
0.199329563519693
0.16336718935911
0.228909060023412
0.411636807882418
0.508625093020367
0.155977432892398
0.330420954249614
0.297122327452547
0.367394208965188
0.980568982635873
0.724521952472596
0.16178212205708
0.141700906643198
0.0939203039597957
0.286372053523692
1.0446649104211
0.714714812473215
0.118118208896572
0.0990996507490053
0.226280298374341
0.613868429608069
0.283458777036073
0.206702277202184
0.214924770466928
0.361143100331327
0.289081178710891
0.554580985967784
0.934872255694852
0.347867785911217
0.26987118787345
0.529639401263248
1.02539160763507
0.836956733074735
0.184565917269993
0.215177479550279
0.352138609975592
2.47507909855726
2.47515684534326
0.351772160118483
0.159501210963823
0.167823202241479
0.161011079826518
0.501667319409726
0.703366980268379
0.257929462473062
0.46763695229957
0.384428105255547
0.0959862113869188
0.306198493830973
0.314904598139512
0.149255342552042
0.679167749893535
0.59378855106552
0.120307775028473
0.198150615762881
0.401342020847008
1.67470645170381
1.93657010674298
2.16177481456455
1.75594130336736
0.159214316740156
0.0844121708182556
0.2470772968787
1.01533317602975
0.389608799576509
0.177575035622898
0.10105525997077
0.343124516658409
0.803900058570808
0.479267823797754
0.164789264066373
0.105753895142284
1.44050885290275
1.81330002014095
0.593275636479881
0.228031901644741
0.231834579032423
0.413953217240631
0.174497903279986
0.155222063723445
0.226097061553715
0.330131694287103
0.448011598117383
0.346373576460243
0.402499616322207
0.624188892782693
0.354546813844426
0.461424985644422
0.322452040532847
0.187777367125046
0.245863887802785
0.229940556668787
0.202073428810116
0.422397138902937
0.704030938400603
0.560068730107171
0.151149807207613
0.185593933199871
0.385226021366456
0.478173346091617
0.255513263829949
0.232406512042367
0.842657874277446
1.01341423649178
0.511309978500353
1.07169311093398
1.05930446528208
0.401820190828103
0.219314838153045
0.399735112065373
0.568654806308624
0.579592300444534
0.599959142343435
0.386025840440752
0.121248153678833
0.116560227568034
0.115922461452822
0.228763207951623
0.270491216234251
0.17394282010819
0.156092079155039
0.209549461372343
0.143770157462753
0.142243344672947
0.407102067384598
0.114170178791189
0.201000988405197
0.155358666407828
0.32560085882907
0.411119531936923
0.404875398945289
0.305092952902616
0.148834253137082
0.216514931444133
0.172300126466756
0.359110239662529
0.263240518648293
0.285441305570742
0.243664642439404
0.245348407366585
0.30008997397976
0.382668333382244
0.142869209479644
0.484702740247138
0.463226802744337
0.0893283407988413
0.204877852753595
0.244941166762293
0.197593743734238
0.220513262941444
0.175995934512651
0.16094233436583
0.168863896832402
0.133097026412232
0.218918312774871
0.229675145595131
0.133571639633824
0.255917895835271
0.323803408987263
0.151508921613608
0.133765389693915
0.0956122836263385
0.221824224739423
0.243048080035752
0.208600054304805
0.335942964747105
0.769446673193617
0.720332400711101
0.195789423684409
0.184729963618306
0.211642426951482
0.159311925384933
0.135905854065783
0.177778565684723
0.158917602032746
0.143199937443685
0.0898558195854937
0.176967108508246
0.309808600129225
0.190789513790505
0.324494749057492
0.265448350206938
0.166897113657954
0.197882043071969
0.327587641988884
0.283527041604915
0.201008963290016
0.0915432476135017
0.26860323979891
0.248425641633962
0.528955998596454
0.599998719738811
0.176774984774165
0.256228886981635
0.317669614902196
0.215693752991141
0.100948728348405
0.288645118335891
0.310276720257499
0.46523927065737
0.467945682441983
0.237482705278335
0.283402835722071
0.100738261249081
0.107693524244651
0.327365226263504
0.166842155383378
0.175342789438489
0.156411409552766
0.148131171106132
0.469138733914919
0.416568216199997
0.147169372614453
0.200276313181948
0.489953439946646
0.391786019623505
0.77234598884057
0.913354783274951
0.549741790709166
2.054407138572
1.51880226074045
0.508626348721217
1.07025524173289
1.39945865172923
0.917327194009319
1.07504711626409
0.301390809547753
