0.687932710423431
0.393593381325458
1.39255819055446
0.836295135750561
0.964636524030718
0.504844653381695
0.120067836201715
0.0449889328216359
0.0710174613227644
1.09522797415816
0.47030792959001
0.0785506832341135
0.173690842214372
0.167896213760621
0.381607796252083
0.181596993014675
0.859597511931347
0.889031001090693
0.0357449485028078
0.104842924903723
0.0205459387772795
0.499530494734907
0.544037273558897
0.573689938009389
0.520300971831848
0.0598195817597391
0.0448589938544111
0.0899603660946811
0.0946728132384249
2.35635594031512
2.21393497892046
0.0313121042929652
0.939660843865876
0.197658089143304
0.357615251945325
0.305143402684311
0.0751126621012474
0.210607595064747
0.192899691935971
0.105534941585888
0.163169625024558
0.505644500218669
0.0650696653704614
0.344313601710787
0.160600481028901
0.0224971855866562
0.13332531412655
0.423568693423999
0.0307564804974704
0.107248353005178
0.525415145820989
0.282994611284893
0.126356204406907
0.00793960142559405
0.0952691130449149
0.0833497422306946
0.0650400927150558
0.354155947845173
0.992383887517069
1.15170516249289
0.0686252344239452
0.0448345446209151
0.0409339107145031
0.584628381680292
0.0278852908519838
0.844463908780543
0.0941348029825643
0.0610969954449421
0.361543268913475
1.45428951780485
0.795664667683593
0.285953336794355
0.00663004483631285
0.0994755918062383
0.0252450179609912
0.0537094767335542
0.06149101768803
1.4501655828952
1.98933870505103
0.0950045852717928
0.661790024900465
0.172467990514168
0.0266819873521189
0.0665693439165366
0.0219865692923722
0.0600440844570382
0.0221503810344906
0.0715093198792821
0.0792122168431773
0.554421267728421
1.11364297208421
0.00875420980328965
0.061176253992111
0.0134600676666275
0.20284299912258
0.178604413996962
0.048301249696915
0.00395388270521898
0.0470412254455617
0.0330202338145624
0.00734214748185558
0.00932177260302808
0.854122942422351
0.992883948970205
0.0277584105329994
0.0366128735797675
0.101296806439194
0.00858581308760105
0.33774797731064
0.131061448027486
0.636154671270935
0.0919589882773142
0.0619593187743831
0.581683401793286
0.264136781226806
0.0222460977382409
0.0606801055418017
0.471862211856268
0.312925565514448
0.617023759082795
0.0490418347379529
0.128760587615579
1.46918746729781
1.30911182928053
0.542309941974311
0.308701245294335
0.0330769776863786
0.115194883151328
0.313796451801766
0.796186565081019
0.624151340395654
0.556704603352481
0.0501431226291595
0.0739497550448674
0.0602177524988944
0.451415925256322
1.29047216341107
0.0326819099420656
0.0223016903764267
0.0183862851800126
0.0109429262566311
0.0622272473986384
0.00796709045633695
0.044488942706926
0.436224751070811
0.102593304319808
0.0223639180483357
0.0431211425629206
0.0122098910277973
0.0993469078126258
0.0445807624638163
0.128301106397825
0.310724393664587
0.0127385665223377
0.10132237814939
0.0496094272561204
0.00932219249827216
0.0339594018626409
0.0345378199067915
0.00961278459467114
0.0115209870688159
0.0190233699946629
0.0120537251588391
0.015069153695067
0.0100103954075824
0.00525472100772108
0.00825554821319835
0.0241029627979952
0.0387195744276374
0.00749202872956446
0.00559406045382252
0.00739371051594191
0.00406549033918716
0.00404176948979661
0.00331754220043667
0.00424229011063302
0.0183014281893312
0.0051189781723078
0.00295444727184469
0.00552312128869046
0.00605127260046413
0.00887051988119503
0.00298156186243076
0.00478526907479426
0.00578044559475057
2.28492864653937
8.59275243196648
0.441355299342945
0.213586017517876
0.0349105700582395
0.00194840318266674
0.020915147979262
0.107118267972928
0.0915137297375992
0.306125749940744
0.0214800584834065
0.0430696848090087
0.0148411812167776
0.0054281433783505
0.0149007709624357
0.00438193005919728
0.0012964018842208
0.00178456769065146
0.118449846844022
0.0388381149893072
0.0762740809040841
0.0056898168946141
0.0141297727092397
0.080430117415329
0.167030582517573
0.00996084917923073
0.600284822793917
0.339551054896013
0.0207227026644541
0.00337826271625393
0.00913724686001019
0.0189467973103458
0.101714328983019
0.0549250804366873
0.0305208894434255
0.00290289212041054
0.00693923619010256
0.00517829186841032
0.00196225959693124
0.00215675699313411
0.00331881535540636
0.0110332326305999
0.0153526854215233
0.00662495434232337
0.00528006457478603
0.00790188254781406
0.0118301140135018
0.00308721176671592
0.00357653329755684
0.00267362584452019
0.00449206091391368
0.00688545078087723
0.00410490924454929
0.00731789686140279
0.00220095315588766
0.00374490277325117
0.00561338285993609
0.00453733632591687
0.00763395107304898
0.00174570114004521
0.00275089441553524
0.00362351901744817
0.00397817834454089
0.00381505824025345
0.0120785834000573
0.010618784762659
0.0609675933771819
0.0180455631715902
0.0868370282310696
0.0695805177697535
0.0375872587890845
0.00423590707743686
0.0154992346681748
0.0185566247292417
0.00343220569600991
0.0256593500588737
0.00657938000556046
0.00345690471692446
0.0215982744465974
0.0232367707650305
0.00385274833414039
0.00515701213643609
0.00580126301172762
0.00225796839823158
0.00815500394608326
0.0164593691596033
0.0155354346250094
0.0082376740041787
0.0230058829901329
0.00307408271135172
0.00296208207115389
0.00967830186397281
0.00595164276866387
0.00911731859522608
0.0110192171173452
0.0616673730102775
0.0485259203445292
0.0324533432427132
0.0262521613745107
0.00255759531753351
0.00623558143413347
0.0121937389531536
0.00962195610900662
0.00511996739577822
0.00363145256744729
0.00209056181922189
0.00236542069553501
0.0044751711460339
0.0167129271978349
0.0108604214457532
0.00919063969176339
0.00283962089279159
0.00143651644294362
0.00332817654085604
0.00317580375932109
0.0188737157894355
