0.362520037439824
0.24755372712067
0.125292083928341
0.141389449616126
0.175288738645403
0.355478408460383
0.537851867740111
0.649146292565533
0.275604895178292
0.175374919372454
0.324334570274411
0.224326085045819
0.085726413781685
0.143263002104195
0.224370579651594
0.201964485207277
0.119545234038997
0.247266944970804
0.215340369426872
0.221185922258279
0.252988332731126
0.124003510776219
0.165430171361794
0.235835081488628
0.196935111636949
0.105956431371181
0.0910674507963527
0.162844250720587
0.483789373716702
0.498319125072379
0.217982768773137
0.167446775211788
0.132548804446356
0.222939670959497
0.310445663913601
0.191307891258269
0.132249698145078
0.141110021749618
0.145286467599085
0.136675036909907
0.53557034124862
0.500154980869769
0.229780917094917
0.25201107461952
0.123615846882082
0.112844114379851
0.178687148556817
0.321546491727758
0.432042761823849
0.43430838060485
0.314942178610201
0.216133727004772
0.0628603437621105
0.0446239020700218
0.0961859092392472
0.272009487558362
0.396352372262308
0.363160788503845
0.559045188915079
0.622690614495492
0.307140609688806
0.588841970709451
0.952221664802542
0.325574786698767
0.207723492944761
0.0663874686347329
0.394801527700132
0.455212287941983
0.346317201241803
0.302024674154952
0.148215087613337
0.126515710703202
0.400044350221818
0.385138750693205
0.206994220432978
0.170850356644646
0.133812021508486
0.460174607068681
0.418232028951826
0.156791943782819
0.0992276888661699
0.159439481679671
0.19375711941103
0.539394832647827
0.831474126061518
0.552299142021212
0.278423998979862
0.325035572095674
0.226238311262714
0.10197089104097
0.298210525788602
0.661041730488939
0.413981538304467
0.444907542325854
0.64796523342579
0.439030326087718
0.300943144541537
0.265988685279073
0.199295738656575
0.153163989259882
0.132503706966083
0.143649566309677
0.089092976917655
0.093974793648535
0.0657613208061769
0.0831403680948307
0.179846351155958
0.223423059774186
0.557835280809417
0.582608607407988
0.500255907694073
0.55282378447201
0.444468525819376
0.318425901997106
0.26929283793472
0.085198644720067
0.299660962510162
0.312788933629869
0.174263985089015
0.437566438034868
0.442963711431403
0.342558147108203
0.351147556877191
0.586513504156928
0.622952819765633
0.204659415409415
0.0774253302707365
0.0816655237209325
0.099662890758233
0.344845819752311
0.341705808055876
0.23568938703769
0.485718125285093
0.387636506079876
0.554201192086015
0.673769447288242
0.720035406653202
0.100564276636986
0.0965420512242896
0.150712772445762
0.128258121965035
0.179883666800387
0.198495763600741
0.203059311014907
0.147118963161125
0.227254233209981
0.132461212537977
0.154349683043705
0.332388680795678
0.264761327874269
0.365879850715795
0.426857418497387
0.201381597296058
0.134050124569581
0.358700647130496
0.553945955071733
0.387459947820404
0.206833370389254
0.0959704512898465
0.0692511819741832
0.176240302383135
0.13558254724964
0.109914181602994
0.165060440728035
0.253084844577003
0.294364047725333
0.3251815929807
0.323574421887709
0.160994678016202
0.0576610041190538
0.386469354602299
0.617564850504832
0.613052511523962
0.584919673224961
0.399459703507948
0.16908394735972
0.115904032609536
0.129124602588474
0.310052156312515
0.339265908801879
0.291579526088474
0.207080106541861
0.239410166783142
0.645899244700862
0.655712520942232
0.706073798723672
0.793590665230964
0.854011944578883
0.272835307303029
0.345512566103976
0.215922935325633
0.100293952274239
0.103820211621577
0.0739702517049618
0.0535086611509879
0.0353529824554067
0.0661167968284927
0.0412844426991838
0.17506601060524
0.207767851779528
0.0733867547587597
0.0803678917719298
0.086557752326782
0.0763941979975738
0.0295387778445548
0.033929684512924
0.0484780188111168
0.138814490293905
0.506793404407187
0.389407568970052
0.196187700008868
0.212285014222154
0.201440977463984
0.0738444444902252
0.0353625525150794
0.0565783554725215
0.128874231479084
0.087840526137521
0.0292910026556113
0.0514956677481598
0.0613631673518495
0.132832557907146
0.150826930981518
0.148744520170189
0.23541983685026
0.270173726632936
0.231132631420716
0.127301840970418
0.076721650095521
0.119513349849069
0.142848914817131
0.132658621675121
0.107520477639228
0.156078571924802
0.165247125475772
0.11254487732069
0.358541749194192
0.39718400070818
0.3880517075592
0.445891892200767
0.125192158271948
0.0560912776112024
0.121286134355904
0.299666077654489
0.177438256871024
0.314620814966957
0.393172359495008
0.339288749490731
0.195465219099555
0.212650641133937
0.322308703915652
0.589315687373861
0.314149639520953
0.207266140068384
0.170350546182773
0.294427283658987
0.239223887710436
0.418091014483878
0.633005810460705
0.0981421825715122
0.0982355119435758
0.0911562937431162
0.058490116407591
0.0877877063883263
0.09639191322057
0.215260865866779
0.289318503214167
0.332094244363442
0.424568503529039
0.492742188986029
0.502005773562204
0.481457217413566
0.309462260501103
0.0854955359160684
0.0562487066541092
0.0440374540427226
0.0738128370304801
0.185027127370422
0.294086698781569
0.214091752715597
0.205481668735529
0.342844920220337
0.315174829035114
0.0848089568197646
0.428012619860484
0.748107008175787
0.608665306980681
0.595376189540718
0.397515127926129
0.183175867406215
0.23392580049003
0.770571182985223
0.883273374743002
0.37988795746435
0.343283554256643
0.346440550448113
0.223419125425395
0.261063423856719
0.238839492163352
0.123737839253886
0.104607478340663
0.0917374059616033
0.180617537678915
0.227353027744472
0.108618350465597
0.0262116661129295
0.25250868780037
0.36234635633558
0.3366834893272
0.500732893010534
0.516274789651274
0.391930872961267
0.690533623445145
0.56250067037512
0.707058786732048
0.706144569146786
0.180028369452124
0.291802366975568
0.0490598908150084
0.113233821428096
0.172649022201098
0.0651415725693406
0.119190890346008
0.137142794606677
0.205795965096053
0.158113346785737
0.160981406151303
0.113084480423695
0.10212568942714
0.164016457918746
0.0604371227026484
0.121906669809374
0.0923078209027638
0.0690558713799394
0.0331439303484435
0.022050931924176
0.035962544488797
0.0628509186456411
0.0734151725041693
0.095846466166555
0.0425310720396644
0.102433481148734
0.180056373920165
0.218468170754607
0.203637806581758
0.0979450762566382
0.280608184969237
0.368084980490007
0.0659910835645298
0.0752798558726306
0.0438362586744631
0.0378700916097649
0.018049599282174
0.029341486384778
0.0413935214852035
0.044432821906621
0.0415899996369612
0.0277430556289041
0.0192469115940131
0.0329568594196938
0.0342704080067488
0.0356151745801838
0.0625576142754328
0.0424528797943998
0.0246093433797609
0.0324640049988302
0.0478398168150461
0.0387072665335848
0.0711777473599336
0.164084771545558
0.0620593186885996
0.0680237223697934
0.0507358509279137
0.0520523878778257
0.054700869326504
0.0692465996404408
0.0762971821367228
0.0244921218081984
0.0459581785058028
0.0224181099603038
0.0432996899757706
0.0301407573240116
0.018071711904046
0.0109540627189751
0.0342573466500305
0.0284999381317959
0.0342169897662806
0.0221454176373399
0.0110307604460062
0.0124823352378566
0.0163049143773207
0.0347290524669659
0.0642044236140807
0.0342258661810283
0.0369398668570661
0.0475646216783528
0.0425464907069661
0.0454844995267543
0.0409385261765107
0.0564621685548519
0.032372159577309
0.0173447833558892
0.038732525177975
0.0281103867301426
0.0152685270782948
0.0167973472433485
0.0151394119655899
0.0143518419348803
0.0237850826612297
0.0246178189716158
0.0311046498729454
0.0324043783389255
0.014383752432331
0.020392436193757
0.0266563404706668
0.0307812626095301
0.0168099772891968
0.0251535820658462
0.0447516863668022
0.0289017400518738
0.0406043507007162
0.0496492035468853
0.0250579994703044
0.0451874004207123
0.0374065816769708
0.021119254067326
0.0168729081647518
0.0249212533480545
0.017483531784315
0.0208131703709144
0.0315729272827498
0.0562347077959891
0.0580280469744866
0.0464259125197088
0.0455238426274199
0.0253713718049598
0.0155852151522128
0.0148483571224693
0.0338016004374344
0.0307149706300376
0.027197769080775
0.0265838184243596
0.0300691768580339
0.0288661922842911
0.0282915704558015
0.0179450871234215
0.0263186560826496
0.0332724239405209
0.083688456797304
0.0629649240873126
0.058070585447662
0.0975719824183807
0.0354479234154857
0.0161699100238478
0.0421436155633575
0.0238205128485507
0.02389164031368
0.0293684573628351
0.0552715127018266
0.0429342373901333
0.0726029675840129
0.0280788804306486
0.0421342490942315
0.0187577828171365
0.0259023126513626
0.0343724649043736
0.027634971652752
0.0257009384533435
0.0323873732087664
0.0250302984176387
0.0213084646186637
0.0142955836196995
0.0108062294095791
0.0184181037508626
0.0199216547696897
0.0346824190495803
0.0261863359757301
0.0117703300195652
0.0151475194174853
0.0139836197129688
0.0104497550289245
0.0234199909418078
0.0429191335365303
0.0248951428103156
0.0207416948464662
0.0238046685739265
0.0519893351893399
0.0581794216708116
0.0200873487902739
0.025452508101793
0.024756983934302
0.0182388285814093
0.0227884782557207
0.0672036807367593
0.0701492064715194
0.0356121233438233
0.0559568435252337
0.065796341990878
0.0369463428504025
0.0884401713682957
0.0730346909452086
0.0320976093160098
0.0369909154851584
0.0237124515127803
0.0246780142664361
0.0274359055852152
0.023153105652336
0.0182358713410176
0.0353237532799969
0.0523998854783044
0.109330306043259
0.0247622457556773
0.0348855772198688
0.0562625128033825
0.031711279642074
0.0448000549751628
0.0626437115931035
0.0335740237943624
0.0132000422301302
0.0176715552497354
0.031846062062522
0.0333489973429727
0.0546997761754977
0.0802734981871588
0.0572201590808323
0.0436623825109852
0.0262677398006969
0.0421835494860822
0.0473231628687111
0.0532149140094208
0.0522712706248928
0.0862727215912955
0.0432957552553437
0.0523994087657563
0.0414026582788658
0.0223606684519889
0.11121801131535
0.132645842758427
0.0421493626967636
0.0212352989701219
0.0169314390850232
0.0128831486401563
0.0064433335762394
0.0224293973941386
0.0320287998132735
0.0713242950287557
0.0574951048040445
0.053431800381991
0.0642514606602394
0.0369412511128159
0.0534575368546732
0.074956970155965
0.0217970878383065
0.0206265817056956
0.0202944992087768
0.0418002573198313
0.0430437124975661
0.0217605564970287
0.0511692196905175
0.021242035700663
0.0207483525112331
0.0366112676501387
0.0399261481950551
0.0282928158469268
0.0130861294923491
0.0383812022168638
0.0844854962526907
0.102129457044261
0.100056035035495
0.0304429152516412
0.0372353727165013
0.0713356137641406
0.0775222117630576
0.0458783840772163
0.0517921269719898
0.0238323188236456
0.0240414324904492
0.0182120517521942
0.0155100525216388
0.0217058856675937
0.0209380262182483
0.0242767164026451
0.0165886099817812
0.0175764675883418
0.021760823329259
0.027454621495909
0.0420819310707184
0.0452212599450465
0.0692142650455584
0.0218525690973912
0.0260504844537271
0.0290192865557018
0.0262583468951382
0.0207342266718748
0.0347482776193611
0.0413641510956136
0.0532856161305847
0.060245437650665
0.0456836870353669
0.0435670476103376
0.0493243665354654
0.0503717257027896
0.034305167207369
0.0249667482495485
0.0236534960700825
0.0259112792416919
0.0264168008286681
0.0245677492029951
0.0157170926008422
0.0128109561317098
0.0278032516982605
0.0632322613288014
0.0469752537615237
0.0347351070194054
0.0275342683869255
0.132619322115349
0.126986208330227
0.0472863686446905
0.0812218833971488
0.0616929333163433
0.0473613115434574
0.044347675829145
0.0157396647221604
0.0300967547499563
0.0355843909469407
0.0466307133749166
0.0259138819414729
0.0248889325097019
0.0250157679459207
0.0312540146937003
0.0318818384905345
0.0511032773771451
0.0294398997237047
0.076464087050067
0.0628329840080574
0.03316974042841
0.0294694227425154
0.0228153756850349
0.0522407995062745
0.0368809003469583
0.018908322150804
0.0314745975982029
0.056126745037019
0.0292860542063824
0.0297380562065081
0.0452306093670141
0.0334694708128426
0.0478711953786572
0.0355209856669542
0.0404414287549879
0.0580781824638211
0.0347313524228196
0.0251990677367843
0.0128820791994655
0.0318662070483532
0.041990791329025
0.0155610893800809
0.013336427008393
0.0265970815186556
0.0311390975353623
0.0131348176485391
