0.0573848170254267
0.083687582661969
0.0583131684137065
0.083180180309527
0.0633671960605903
0.0812216555119796
0.0749938808395902
0.0774675127585847
0.0948423728020761
0.0747135518908892
0.0887874247684832
0.0709990976112115
0.0874165696093281
0.074515192313217
0.0871744761891801
0.077449079822589
0.0863423615708833
0.0787771498600019
0.0896557679732242
0.0781235606541364
0.0940278384378329
0.0762491855801237
0.0896812206487057
0.0741390191617549
0.0888829545969063
0.0918057048800725
0.0898746907860356
0.0983275628606946
0.0891379935978713
0.0922195000168249
0.0891975948999303
0.0883781541050212
0.0892973544678042
0.0810889421541971
0.089276557214843
0.0782812602424836
0.0896280205744881
0.0754112436723749
0.0902182686117995
0.0653064386452966
0.086557721586421
0.0587988391574555
0.084341025046523
0.0576921057145012
0.0832353664841454
0.0617740285778202
0.0828363091497163
0.0690577060232601
0.0780764520547768
0.0896940159381226
0.0758624467371088
0.0921179716232548
0.071803109116342
0.087483418443722
0.0730796450834106
0.0876028409740541
0.0768953717697086
0.0866309535882935
0.0786468177431171
0.0872653866951471
0.0781214301484685
0.0926719784875362
0.0768873328363203
0.0916115246046527
0.0731528176494907
0.0884196603554814
0.0831167726151192
0.0897667108097329
0.0993007654581881
0.0894618624344505
0.094183651578937
0.0891195244712205
0.089760302750502
0.0892777899314987
0.0832596533628849
0.0891308883024619
0.079652728564999
0.0900978539904628
0.0769196267705239
0.0899131217719345
0.0688365817820876
0.0906892960582813
0.0605361626576437
0.08468482154337
0.0573348627963429
0.0833730973755159
0.0596896989053208
0.0831393861962195
0.0652644993155375
0.0794585375676817
0.0811299936231754
0.0761352621419394
0.0959676263312365
0.0734286897425945
0.0877266889833905
0.0712858388811297
0.0877766639125971
0.075743378691862
0.0868020981254986
0.0786371376001658
0.085995612996411
0.078653444170859
0.0912914815275407
0.0773415937388907
0.0934433590087149
0.0745252194708784
0.0887010919543306
0.0767720550340821
0.0893084738553305
0.0976418847646492
0.0897522237457154
0.0967718466560025
0.0889911921759635
0.0908324613331296
0.0892627828214926
0.0857054402587272
0.0892504182026748
0.080051553911341
0.0900127264636426
0.077790111977746
0.0890917984511409
0.0723786582798104
0.0893154870416328
0.0625520439976471
0.0857096956006668
0.0573848170254267
0.083687582661969
0.0583131684137065
0.083180180309527
0.0633671960605903
0.0812216555119796
0.0749938808395902
0.0774675127585847
0.0948423728020761
0.0747135518908892
0.0887874247684832
0.0709990976112115
0.0874165696093281
0.074515192313217
0.0871744761891801
0.077449079822589
0.0863423615708833
0.0787771498600019
0.0896557679732242
0.0781235606541364
0.0940278384378329
0.0762491855801237
0.0896812206487057
0.0741390191617549
0.0888829545969063
0.0918057048800725
0.0898746907860356
0.0983275628606946
0.0891379935978713
0.0922195000168249
0.0891975948999303
0.0883781541050212
0.0892973544678042
0.0810889421541971
0.089276557214843
0.0782812602424836
0.0896280205744881
0.0754112436723749
0.0902182686117995
0.0653064386452966
0.086557721586421
0.0587988391574555
0.084341025046523
0.0576921057145012
0.0832353664841454
0.0617740285778202
0.0828363091497163
0.0690577060232601
0.0780764520547768
0.0896940159381226
0.0758624467371088
0.0921179716232548
0.071803109116342
0.087483418443722
0.0730796450834106
0.0876028409740541
0.0768953717697086
0.0866309535882935
0.0786468177431171
0.0872653866951471
0.0781214301484685
0.0926719784875362
0.0768873328363203
0.0916115246046527
0.0731528176494907
0.0884196603554814
0.0831167726151192
0.0897667108097329
0.0993007654581881
0.0894618624344505
0.094183651578937
0.0891195244712205
0.089760302750502
0.0892777899314987
0.0832596533628849
0.0891308883024619
0.079652728564999
0.0900978539904628
0.0769196267705239
0.0899131217719345
0.0688365817820876
0.0906892960582813
0.0605361626576437
0.08468482154337
0.0573348627963429
0.0833730973755159
0.0596896989053208
0.0831393861962195
0.0652644993155375
0.0794585375676817
0.0811299936231754
0.0761352621419394
0.0959676263312365
0.0734286897425945
0.0877266889833905
0.0712858388811297
0.0877766639125971
0.075743378691862
0.0868020981254986
0.0786371376001658
0.085995612996411
0.078653444170859
0.0912914815275407
0.0773415937388907
0.0934433590087149
0.0745252194708784
0.0887010919543306
0.0767720550340821
0.0893084738553305
0.0976418847646492
0.0897522237457154
0.0967718466560025
0.0889911921759635
0.0908324613331296
0.0892627828214926
0.0857054402587272
0.0892504182026748
0.080051553911341
0.0900127264636426
0.077790111977746
0.0890917984511409
0.0723786582798104
0.0893154870416328
0.0625520439976471
0.0857096956006668
0.0573848170254267
0.083687582661969
0.0583131684137065
0.083180180309527
0.0633671960605903
0.0812216555119796
0.0749938808395902
0.0774675127585847
0.0948423728020761
0.0747135518908892
0.0887874247684832
0.0709990976112115
0.0874165696093281
0.074515192313217
0.0871744761891801
0.077449079822589
0.0863423615708833
0.0787771498600019
0.0896557679732242
0.0781235606541364
0.0940278384378329
0.0762491855801237
0.0896812206487057
0.0741390191617549
0.0888829545969063
0.0918057048800725
0.0898746907860356
0.0983275628606946
0.0891379935978713
0.0922195000168249
0.0891975948999303
0.0883781541050212
0.0892973544678042
0.0810889421541971
0.089276557214843
0.0782812602424836
0.0896280205744881
0.0754112436723749
0.0902182686117995
0.0653064386452966
0.086557721586421
0.0587988391574555
0.084341025046523
0.0576921057145012
0.0832353664841454
0.0617740285778202
0.0828363091497163
0.0690577060232601
0.0780764520547768
0.0896940159381226
0.0758624467371088
0.0921179716232548
0.071803109116342
0.087483418443722
0.0730796450834106
0.0876028409740541
0.0768953717697086
0.0866309535882935
0.0786468177431171
0.0872653866951471
0.0781214301484685
0.0926719784875362
0.0768873328363203
0.0916115246046527
0.0731528176494907
0.0884196603554814
0.0831167726151192
0.0897667108097329
0.0993007654581881
0.0894618624344505
0.094183651578937
0.0891195244712205
0.089760302750502
0.0892777899314987
0.0832596533628849
0.0891308883024619
0.079652728564999
0.0900978539904628
0.0769196267705239
0.0899131217719345
0.0688365817820876
0.0906892960582813
0.0605361626576437
0.08468482154337
0.0573348627963429
0.0833730973755159
0.0596896989053208
0.0831393861962195
0.0652644993155375
0.0794585375676817
0.0811299936231754
0.0761352621419394
0.0959676263312365
0.0734286897425945
0.0877266889833905
0.0712858388811297
0.0877766639125971
0.075743378691862
0.0868020981254986
0.0786371376001658
0.085995612996411
0.078653444170859
0.0912914815275407
0.0773415937388907
0.0934433590087149
0.0745252194708784
0.0887010919543306
0.0767720550340821
0.0893084738553305
0.0976418847646492
0.0897522237457154
0.0967718466560025
0.0889911921759635
0.0908324613331296
0.0892627828214926
0.0857054402587272
0.0892504182026748
0.080051553911341
0.0900127264636426
0.077790111977746
0.0890917984511409
0.0723786582798104
0.0893154870416328
0.0625520439976471
0.0857096956006668
0.0573848170254267
0.083687582661969
0.0583131684137065
0.083180180309527
0.0633671960605903
0.0812216555119796
0.0749938808395902
0.0774675127585847
0.0948423728020761
0.0747135518908892
0.0887874247684832
0.0709990976112115
0.0874165696093281
0.074515192313217
0.0871744761891801
0.077449079822589
0.0863423615708833
0.0787771498600019
0.0896557679732242
0.0781235606541364
0.0940278384378329
0.0762491855801237
0.0896812206487057
0.0741390191617549
0.0888829545969063
0.0918057048800725
0.0898746907860356
0.0983275628606946
0.0891379935978713
0.0922195000168249
0.0891975948999303
0.0883781541050212
0.0892973544678042
0.0810889421541971
0.089276557214843
0.0782812602424836
0.0896280205744881
0.0754112436723749
0.0902182686117995
0.0653064386452966
0.086557721586421
0.0587988391574555
0.084341025046523
0.0576921057145012
0.0832353664841454
0.0617740285778202
0.0828363091497163
0.0690577060232601
0.0780764520547768
0.0896940159381226
0.0758624467371088
0.0921179716232548
0.071803109116342
0.087483418443722
0.0730796450834106
0.0876028409740541
0.0768953717697086
0.0866309535882935
0.0786468177431171
0.0872653866951471
0.0781214301484685
0.0926719784875362
0.0768873328363203
0.0916115246046527
0.0731528176494907
0.0884196603554814
0.0831167726151192
0.0897667108097329
0.0993007654581881
0.0894618624344505
0.094183651578937
0.0891195244712205
0.089760302750502
0.0892777899314987
0.0832596533628849
0.0891308883024619
0.079652728564999
0.0900978539904628
0.0769196267705239
0.0899131217719345
0.0688365817820876
0.0906892960582813
0.0605361626576437
0.08468482154337
0.0573348627963429
0.0833730973755159
0.0596896989053208
0.0831393861962195
0.0652644993155375
0.0794585375676817
0.0811299936231754
0.0761352621419394
0.0959676263312365
0.0734286897425945
0.0877266889833905
0.0712858388811297
0.0877766639125971
0.075743378691862
0.0868020981254986
0.0786371376001658
0.085995612996411
0.078653444170859
0.0912914815275407
0.0773415937388907
0.0934433590087149
0.0745252194708784
0.0887010919543306
0.0767720550340821
0.0893084738553305
0.0976418847646492
0.0897522237457154
0.0967718466560025
0.0889911921759635
0.0908324613331296
0.0892627828214926
0.0857054402587272
0.0892504182026748
0.080051553911341
0.0900127264636426
0.077790111977746
0.0890917984511409
0.0723786582798104
0.0893154870416328
0.0625520439976471
0.0857096956006668
0.0573848170254267
0.083687582661969
0.0583131684137065
0.083180180309527
0.0633671960605903
0.0812216555119796
0.0749938808395902
0.0774675127585847
0.0948423728020761
0.0747135518908892
0.0887874247684832
0.0709990976112115
0.0874165696093281
0.074515192313217
0.0871744761891801
0.077449079822589
0.0863423615708833
0.0787771498600019
0.0896557679732242
0.0781235606541364
0.0940278384378329
0.0762491855801237
0.0896812206487057
0.0741390191617549
0.0888829545969063
0.0918057048800725
0.0898746907860356
0.0983275628606946
0.0891379935978713
0.0922195000168249
0.0891975948999303
0.0883781541050212
0.0892973544678042
0.0810889421541971
0.089276557214843
0.0782812602424836
0.0896280205744881
0.0754112436723749
0.0902182686117995
0.0653064386452966
0.086557721586421
0.0587988391574555
0.084341025046523
0.0576921057145012
0.0832353664841454
0.0617740285778202
0.0828363091497163
0.0690577060232601
0.0780764520547768
0.0896940159381226
0.0758624467371088
0.0921179716232548
0.071803109116342
0.087483418443722
0.0730796450834106
0.0876028409740541
0.0768953717697086
0.0866309535882935
0.0786468177431171
0.0872653866951471
0.0781214301484685
0.0926719784875362
0.0768873328363203
0.0916115246046527
0.0731528176494907
0.0884196603554814
0.0831167726151192
0.0897667108097329
0.0993007654581881
0.0894618624344505
0.094183651578937
0.0891195244712205
0.089760302750502
0.0892777899314987
0.0832596533628849
0.0891308883024619
0.079652728564999
0.0900978539904628
0.0769196267705239
0.0899131217719345
0.0688365817820876
0.0906892960582813
0.0605361626576437
0.08468482154337
0.0573348627963429
0.0833730973755159
0.0596896989053208
0.0831393861962195
0.0652644993155375
0.0794585375676817
0.0811299936231754
0.0761352621419394
0.0959676263312365
0.0734286897425945
0.0877266889833905
0.0712858388811297
0.0877766639125971
0.075743378691862
0.0868020981254986
0.0786371376001658
0.085995612996411
0.078653444170859
0.0912914815275407
0.0773415937388907
0.0934433590087149
0.0745252194708784
0.0887010919543306
0.0767720550340821
0.0893084738553305
0.0976418847646492
0.0897522237457154
0.0967718466560025
0.0889911921759635
0.0908324613331296
0.0892627828214926
0.0857054402587272
0.0892504182026748
0.080051553911341
0.0900127264636426
0.077790111977746
0.0890917984511409
0.0723786582798104
0.0893154870416328
0.0625520439976471
0.0857096956006668
0.0573848170254267
0.083687582661969
0.0583131684137065
0.083180180309527
0.0633671960605903
0.0812216555119796
0.0749938808395902
0.0774675127585847
0.0948423728020761
0.0747135518908892
0.0887874247684832
0.0709990976112115
0.0874165696093281
0.074515192313217
0.0871744761891801
0.077449079822589
0.0863423615708833
0.0787771498600019
0.0896557679732242
0.0781235606541364
0.0940278384378329
0.0762491855801237
0.0896812206487057
0.0741390191617549
0.0888829545969063
0.0918057048800725
0.0898746907860356
0.0983275628606946
0.0891379935978713
0.0922195000168249
0.0891975948999303
0.0883781541050212
0.0892973544678042
0.0810889421541971
0.089276557214843
0.0782812602424836
0.0896280205744881
0.0754112436723749
0.0902182686117995
0.0653064386452966
0.086557721586421
0.0587988391574555
0.084341025046523
0.0576921057145012
0.0832353664841454
0.0617740285778202
0.0828363091497163
0.0690577060232601
0.0780764520547768
0.0896940159381226
0.0758624467371088
0.0921179716232548
0.071803109116342
0.087483418443722
0.0730796450834106
0.0876028409740541
0.0768953717697086
0.0866309535882935
0.0786468177431171
0.0872653866951471
0.0781214301484685
0.0926719784875362
0.0768873328363203
0.0916115246046527
0.0731528176494907
0.0884196603554814
0.0831167726151192
0.0897667108097329
0.0993007654581881
0.0894618624344505
0.094183651578937
0.0891195244712205
0.089760302750502
0.0892777899314987
0.0832596533628849
0.0891308883024619
0.079652728564999
0.0900978539904628
0.0769196267705239
0.0899131217719345
0.0688365817820876
0.0906892960582813
0.0605361626576437
0.08468482154337
0.0573348627963429
0.0833730973755159
0.0596896989053208
0.0831393861962195
0.0652644993155375
0.0794585375676817
0.0811299936231754
0.0761352621419394
0.0959676263312365
0.0734286897425945
0.0877266889833905
0.0712858388811297
0.0877766639125971
0.075743378691862
0.0868020981254986
0.0786371376001658
0.085995612996411
0.078653444170859
0.0912914815275407
0.0773415937388907
0.0934433590087149
0.0745252194708784
0.0887010919543306
0.0767720550340821
0.0893084738553305
0.0976418847646492
0.0897522237457154
0.0967718466560025
0.0889911921759635
0.0908324613331296
0.0892627828214926
0.0857054402587272
0.0892504182026748
0.080051553911341
0.0900127264636426
0.077790111977746
0.0890917984511409
0.0723786582798104
0.0893154870416328
0.0625520439976471
0.0857096956006668
0.0573848170254267
0.083687582661969
0.0583131684137065
0.083180180309527
0.0633671960605903
0.0812216555119796
0.0749938808395902
0.0774675127585847
0.0948423728020761
0.0747135518908892
0.0887874247684832
0.0709990976112115
0.0874165696093281
0.074515192313217
0.0871744761891801
0.077449079822589
0.0863423615708833
0.0787771498600019
0.0896557679732242
0.0781235606541364
0.0940278384378329
0.0762491855801237
0.0896812206487057
0.0741390191617549
0.0888829545969063
0.0918057048800725
0.0898746907860356
0.0983275628606946
0.0891379935978713
0.0922195000168249
0.0891975948999303
