0.220517509793457
0.230530393776966
0.259532417890005
0.238464399498811
0.248676367881514
0.225205779438669
0.19108631067288
0.211676789314556
0.231325662235824
0.200768415508863
0.1990408228166
0.205220965224066
0.229025005191875
0.234821693219206
0.251869040133075
0.229536777116658
0.229181679718065
0.243264509448973
0.204047857072596
0.217346423142936
0.196009708487905
0.244641816161638
0.215451861510239
0.240762979210071
0.231118552240013
0.200952503705645
0.259763251976906
0.248059213491126
0.208695548168878
0.192886474219492
0.182328932706873
0.216847431209427
0.17309508971648
0.203157112496714
0.196715309327419
0.170213612189026
0.18922739741323
0.190281426791496
0.210138541945558
0.204083502520067
0.216759506108537
0.231662302231966
0.250239993217359
0.195435456476394
0.226832443644276
0.197178948832397
0.182301041784254
0.187068436522655
0.207876455219836
0.240821788938043
0.211947652886064
0.219847928383688
0.241908059518111
0.186434635624636
0.190902164151026
0.219659364931012
0.269973315078999
0.21834613868574
0.235613351554998
0.237360732776383
0.227536680120116
0.201854832680266
0.201776783764741
0.213300168798197
0.220668654937861
0.235943261614774
0.204473193690938
0.233957956742385
0.214382208181769
0.188960778940851
0.213909881154964
0.217972103600412
0.231145501381804
0.207738717711144
0.209396149397964
0.206055466360259
0.200381982599182
0.205345211416418
0.199969613995065
0.196298929568869
0.204662471784998
0.227560156022612
0.207346129600742
0.241399044310465
0.246167128550159
0.23949194082026
0.200843520130069
0.213861292553199
0.227820701812937
0.230305701787953
0.241894860887015
0.213888100020489
0.207110832975475
0.2219819499667
0.208680854754676
0.199660839340665
0.21685108094765
0.200073747110666
0.194177463694353
0.204096617877915
0.256234915020508
0.229424036904181
0.212435527365699
0.210517569935711
0.21508247503682
0.206051650386248
0.186317330340784
0.197203478353461
0.181903379430413
0.202842726261031
0.207504862178635
0.212853355525908
0.222016318038541
0.236934856651576
0.228561696564425
0.200539396609051
0.212847157719085
0.215251985406895
0.182876895204366
0.215863491373279
0.188131061103455
0.169663935934727
0.174138837626544
0.220655459025607
0.184303768563433
0.188825960027469
0.173313778101209
0.194724281078642
0.219713469776171
0.228038355837091
0.222591353626351
0.196551917886467
0.21233591697953
0.223684975024682
0.174181927372247
0.209087231029163
0.192991236914658
0.235192842707652
0.204390987203348
0.166896192369632
0.180592741040977
0.190307487743947
0.228094410129249
0.230402528202029
0.178138903342089
0.167321300382886
0.195228366000991
0.230074418007121
0.212809791471659
0.214329377495651
0.203966393913831
0.167059818872496
0.18521168599621
0.242552893533222
0.226770969910604
0.23349891565377
0.214678019296534
0.187206848963595
0.185632128176035
0.179722950908407
0.202426555727036
0.178894243637396
0.177448869162047
0.24657890889664
0.593459012338434
0.370448506082869
0.171604848130541
0.190596028678002
0.200668327285643
0.179558949364781
0.214745024077653
0.183572534171955
0.212712239346999
0.178151507208582
0.217311348196695
0.206369758038451
0.218620866340172
0.21655562644016
0.199269747338821
0.48346532195423
0.585497777928315
0.198367568931446
0.204932977374451
0.227784860380999
0.197666125240114
0.225065378108989
0.198128987023279
0.22293255433242
0.203891862408009
0.196787739401984
0.203500893724243
0.208476456278731
0.185186485565364
0.167614033772433
0.186916075908207
0.205883067166513
0.194097187140807
0.177974250473663
0.188460911014145
0.214878020673535
0.221619362254457
0.215274249464011
0.20230015608582
0.191321957429367
0.185577457664576
0.191707489431077
0.184241274982621
0.184430072205751
0.19735233214548
0.284290329459315
0.30144808092475
0.242184422196769
0.249988741458821
0.222909726273581
0.188632118241645
0.19291031307038
0.206449991936783
0.193996825672102
0.191460659043957
0.179818811170176
0.164930279997477
0.178490160147854
0.173329539305255
0.183233481680375
0.208064962933734
0.201423293639839
0.188043659010314
0.226604231567758
0.20338111611371
0.212040125138779
0.205828445964665
0.168713892151433
0.208181498674976
0.203855853377323
0.203701549503208
0.201992868993944
0.186999192640785
0.237234883157988
0.207967696730238
0.192975247612477
0.142162496355569
0.154742120601712
0.206888348534115
0.190027461109227
0.264879117285242
0.776125320043528
0.676300943300637
0.197617393009633
0.206876325447612
0.215188850884419
0.239790920999532
0.24055060968273
0.211125111327487
0.242463984251326
0.194431387035713
0.209110204798126
0.238250386456841
0.210025565787597
0.193833374819213
0.168201838923266
0.181855265490827
0.205271817633857
0.200488337815071
0.19823645555862
0.198497969651064
0.224962954759704
0.217802110962004
0.209202108346412
0.208182174876805
0.19261846554102
0.232329369690275
0.238729902497134
0.265444891559562
0.191613972985832
0.217774197791089
0.197130486170999
0.176363276320473
0.209160006161265
0.227293167858721
0.234425793133766
0.216961289882802
0.212669789114386
0.205435590503217
0.200314801545584
0.221555695689082
0.214105046670311
0.219422376785547
0.221789784477025
0.204201887597221
0.230808627472401
0.204508236797643
0.179792489285101
0.204939421513482
0.20776650744408
0.21601360354384
0.174061451053818
0.174457298392846
0.180995878501406
0.198116310598506
0.220967258610977
0.225378972960026
0.256673303403673
0.253993321265564
0.219450442209403
0.208681733077828
0.20612857540085
0.213956665137678
0.194652142343949
0.319076454826357
0.324665300461505
0.237501574615088
0.210217770483566
0.216472872900698
0.194867301066516
0.214080402156134
0.208108047841238
0.201030218639684
0.197570043928441
0.22927290866967
0.199073485556191
0.184170716287444
0.192840082690453
0.218297777667273
0.224734236613866
0.209513441477634
0.24560747595749
0.227362609908988
0.224753759578205
0.217504004117111
0.311957831245102
0.349745389948635
0.374036580702751
0.365527008864293
0.291172966191852
0.284869265556556
0.262656788414163
0.254635983873164
0.311784239050422
0.369452846779558
0.305481834503301
0.381133315518508
0.344774185211314
0.26431630844988
0.233041306804955
0.265470200107115
0.257713694918095
0.242701280583806
0.278501504767112
0.287731538763077
0.267776075100927
0.298113502469901
0.201561708621643
0.232448970577942
0.350389502011279
0.401114960112354
0.441451158219122
0.522976124301151
0.555680783324871
0.678837293908137
0.502747224410034
0.39310875434238
0.302942690652924
0.271851374366955
0.255287879120404
0.28611101228289
0.381245100136405
0.396114439675492
0.289533610062884
0.210738155252366
0.224114561822145
0.234086783755899
0.204815251037233
0.196743481125764
0.206461017585629
0.332276682848039
0.398248805419206
0.377450359422719
0.560766611220355
0.63697822601734
0.634454531198112
0.477569452868483
0.509638915613058
0.39036727855879
0.316060250790164
0.354263181028929
0.377591604968822
0.352236154568387
0.326598958966481
0.34850230105264
0.261232658636601
0.317193517260586
0.305599056383066
0.300043715884196
0.321355731242571
0.38817367388643
0.374784616504716
0.246111244401142
0.268283694423581
0.425210577257944
0.427459299119209
0.45739307137468
0.357041833663419
0.357254473615408
0.309233831072797
0.34556331393227
0.36764908336759
0.341719679203896
0.320574443790278
0.289649812784005
0.285578680966582
0.231572318047315
0.214925939933832
0.211515385699832
0.200130512855438
0.218009534838853
0.246322140347173
0.249055563089837
0.211091657068865
0.185419469271578
0.180292392483344
0.215967001188101
0.248872436986468
0.254670652003847
0.220484315454222
0.241188186980184
0.273733166055111
0.423949246014575
3.49441151236941
4.74579078944059
2.45039165213006
1.14651599477077
0.448507995958207
0.295175751253069
0.289874145529839
0.317536161671544
0.30347603673612
0.321306083822465
0.270537717646864
0.279964006961805
0.290818016668343
0.287852530142522
0.287478374796736
0.288344640919833
0.269184345283997
0.255118754349075
0.243432885114741
0.244182270637365
0.221279811744408
0.177997552608476
0.217392576034263
0.236377425210411
0.244111725163079
0.224693532960682
0.258943556076314
0.321755871527622
0.331644053443683
0.288033274528835
0.305594415105353
0.408945315738687
0.398859597863597
0.385491605108459
0.309633945053786
0.34279503099182
0.334226837122022
0.253955068073758
0.211882753529457
0.208668231659337
0.192484902436853
0.206288443885356
0.198955272903713
0.174907875295595
0.183892191670148
0.216263529833573
0.224469643680347
0.236643517210645
0.192131710222991
0.196171892941131
0.192448422001651
0.188968184496383
0.238172208141594
0.227068929456309
0.192909666427649
0.213299885498768
0.212719383091927
0.185967636520005
0.20541898247652
0.227341854704844
0.208375820994912
0.174267814724203
0.177314604636534
0.216552434640825
0.278472462930427
0.302477366254227
0.308032998983721
0.391723097064489
0.439207688552371
0.3969106179205
0.542665369601508
0.697708088949618
0.70257209254161
0.456381228796058
0.284301315498082
0.295153701598463
0.211321049443758
0.19551783554653
0.195323448684533
0.199726655388764
0.200076247186894
0.197516573012644
0.25078528478319
0.237377271210524
0.209638303189521
0.212473858189055
0.400999915901601
0.414888155141143
0.370437141691811
0.28323299837426
0.302965262014265
0.251325373523221
0.265459750785164
0.267240533940365
0.229005648581676
0.26374484170578
0.296887151588527
0.261023128829049
0.257926153593659
0.251143983979542
0.232024414285844
0.244372922894699
0.230532284787988
0.39212056464113
0.87086191267788
0.781345405805693
0.488401012872205
0.47693999138057
0.376446521171266
0.366922217707464
0.425914563558571
0.362896490300859
0.491910382412426
0.596029018924418
0.516428606429154
0.357870688032784
0.281448526914608
0.253315907803002
0.260301561830625
0.329283063228099
0.377149796674358
0.412030533705875
0.458359460466029
0.585947954491759
0.682203784284138
0.487952745363343
0.474112879942131
0.355368609800454
0.311447243392136
0.317767982379646
0.547569552861599
0.555064975131009
0.341937560320509
0.300007837019532
0.263328558342285
0.247363083987447
0.263283138333075
0.242488352567773
0.252834646428222
0.239967996756347
0.21614718226248
0.208433311731755
0.268516551910045
0.318534692618867
0.265679773680809
0.234954924198499
0.222097489528335
0.231111161958703
0.235341705389285
0.214884782525174
0.20232505158775
0.198153535859972
0.197760422217865
0.212733628088341
0.258623805467595
0.275310304896894
0.245989621538098
0.212408852070412
0.193135183382188
0.197788806866794
0.203650627855041
0.209284851838544
0.21082252259437
0.192924456204051
0.17544240337956
0.180704875496564
0.201406290200101
0.205224966416104
0.179344763219362
0.214678177171024
0.200254001687568
0.860205117969139
0.893707901415724
0.20583063431216
0.190829549598716
0.228303761886876
0.244746881765144
0.235763533176228
0.212626587611854
0.236472080561493
0.250720368107529
0.219990514716208
0.22627802846865
0.257852334467722
0.265647342448295
0.24802528928122
0.273583728211478
0.251565554998572
0.23587663782427
0.245881058615322
0.242655548641992
0.256512872872777
0.24640905760472
0.291658913679635
0.467687977398511
0.449132585413023
0.3338721989307
0.346231232270995
0.340551543001198
0.359173158217571
0.387773034101314
0.332357767664967
0.375902004871845
0.39476559569683
0.345965590784192
0.317492826962456
0.32341729194184
0.285378963069112
0.329723634090082
0.308649193058964
0.335134458743555
0.315247900797286
0.300895905863237
0.341685268414996
0.365217928121483
0.343170734732529
0.264079094354915
0.223078575815307
0.22863812500529
0.205977252179521
0.174230747703822
0.227627031769275
0.260456835419672
0.221789960411077
0.181688311373867
0.253095403046225
0.275489045163843
0.242746352624046
0.2294600599951
0.242066645560116
0.251931713257361
0.269422815099878
0.263061849436087
0.230440002938799
0.212810201104205
0.252801235882529
0.268331906251283
0.233017320295116
0.747028261692809
0.94736062562537
0.500029304148896
0.341543807687306
0.690660620601032
0.795832168008455
0.549865820575148
0.381266007959706
0.422187329134845
0.38720207235791
0.296457013684927
0.257014318406345
0.219018525185538
0.253528882133044
0.257228809494043
0.226578683394407
0.241109156114245
0.255699825793059
0.243060018863505
0.220697679112716
0.240261595935078
0.233488519393661
0.239605025630185
0.242197441271322
0.239919208950448
0.248309364460968
