0.00371783395861332
0.00371850812767316
0.0035744945359655
0.0030260514131288
0.00337134834978198
0.00359611110514198
0.00359392152337824
0.00354478563896248
0.00333290829594823
0.00298539304234756
0.00282331241801346
0.00347801950544395
0.00339408626578279
0.00312405324583658
0.00348391052537974
0.00359176734517815
0.00353798572933696
0.00303366760732201
0.00292301946326991
0.00295084819283282
0.00283186694361317
0.00299591679444208
0.00312957812219715
0.00313336590667634
0.00276731240177787
0.00246973597408788
0.00196817152893947
0.00190060775504704
0.00199543021238756
0.00193416369541744
0.00252312268115227
0.00284671259560356
0.00206448558143974
0.00200274167935913
0.00223450905138284
0.00197971753060384
0.00188275216866014
0.0018862752967645
0.00253368386137262
0.00206710094827872
0.0017867131950035
0.00243584785053878
0.00234219291287336
0.00196730311021099
0.00261306585267501
0.0020285756834034
0.00266725888392903
0.00214121317054926
0.00235944078190872
0.00264108220407775
0.00177649640735823
0.00207408655585268
0.00201942628785568
0.00206219129052796
0.00186262298667174
0.00202233589620566
0.0021287148158295
0.00264141291849155
0.00209774508508331
0.00206915031739877
0.00195314503165854
0.0019058992142048
0.00206467169941557
0.0020775943430007
0.00229290321679092
0.00221699906843697
0.00218620789106867
0.00200593135522479
0.00240376595217016
0.0018158101300332
0.00172052397583695
0.00210318299989972
0.00210616590078672
0.0020582449893195
0.00221745787022261
0.00198840495002202
0.00203476071648248
0.00199013547530025
0.00187961112081317
0.00257280234698393
0.00228824112412306
0.00221451358739483
0.00209857733233114
0.0020988666780959
0.00204607730865622
0.00189441555746747
0.00189734714052978
0.00202836146887349
0.00217275629884581
0.00218222972511532
0.00204326763552842
0.00203461938735791
0.00177514111702415
0.00181483286052622
0.00204921354453549
0.00186653068240423
0.00180634368418799
0.00174243321913541
0.0019838631569741
0.00241054296249249
0.00243514339579147
0.00206339657372408
0.00254718448953297
0.0020172929293524
0.00193305743408059
0.00226507594291352
0.00227954437398541
0.00222558366065827
0.00189464045090677
0.00171023030320523
0.00221435564273776
0.00202132565637181
0.00213406783450362
0.00186117201734999
0.00188694578168534
0.00205794354389517
0.00184638906337436
0.00199373576481805
0.00262243733585192
0.00222589785402046
0.00298024404966693
0.00186178038746276
0.00197931126258284
0.00191892195567918
0.00189186422893509
0.00191424567942048
0.00197550122200539
0.0019338659723809
0.00188755456394671
0.00214985047687448
0.00210978966904557
0.00246273082355909
0.00212154610614899
0.0021233028308545
0.0020853529580379
0.00188168355162578
0.00158696330270133
0.00168258709603065
0.00182554186137944
0.00220298725588515
0.00234048128366399
0.00269237537832985
0.00209762617507552
0.00505796966249311
0.00572280811839343
0.00284124527899301
0.00181505120567139
0.00228035605733112
0.0024381286890309
0.00213440448475215
0.00213550449384597
0.00216561229559986
0.00187197589722202
0.00157907821101496
0.00188229575949089
0.00224910198090822
0.00225175075220173
0.00215579975944295
0.00205908353171176
0.0023578158730593
0.00194836504129415
0.00209162307402481
0.00194550541506314
0.00222548876756727
0.00217477860070515
0.00233479137815478
0.00184708498901908
0.00179989599785563
0.00172279402345038
0.00189272316134642
0.00200307975340773
0.00209427236230247
0.0022438945851575
0.00194205353646025
0.0019110594595346
0.00171328663073028
0.00206197299295563
0.00249058579762309
0.00204784850917815
0.00221658935661759
0.00216713084852474
0.0022604735328268
0.00193545155933006
0.00200043224758494
0.00217178704832605
0.00196498939435444
0.00207581678934818
0.00210300984734541
0.00210773258627669
0.00194144046893006
0.002330927661813
0.0022244030054742
0.00201932769953305
0.00184333265791935
0.00194820534958731
0.00198522488046834
0.00204532742617419
0.00213302495103405
0.00211623472325268
0.00249692201597878
0.00205053105918337
0.00204605604709694
0.0023871502771302
0.0019252497595968
0.00200930701815708
0.00175084775383934
0.00192700332522981
0.00213792787607283
0.00196050657737189
0.001838613166367
0.00199699030035029
0.00201271428138801
0.00188098652169953
0.00203989256222382
0.00202059478402897
0.00193115016828359
0.00193041990877985
0.00220050763696299
0.00222143231012295
0.00183311590893579
0.00205355786073599
0.00194500888722947
0.00195219656009548
0.00215742799796059
0.00235133575954748
0.00245256889741898
0.00213645799569557
0.0019059444590538
0.00177249022579862
0.00187200247386646
0.00244871987082601
0.00244510140225745
0.00162515537595555
0.00201356064402703
0.00200402650933563
0.00176049721974589
0.00189209846993533
0.00186257320388813
0.00219600407506995
0.00193030229091651
0.00207956569825193
0.00191168775381685
0.00244169679737797
0.00229589280291455
0.00191674073372711
0.00194263157277658
0.00190696901965515
0.00244386885725597
0.00253910569642283
0.00240216076876709
0.00179704193494335
0.00172293135035126
0.00185577927879649
0.00201101594374104
0.0020999072484717
0.00184952099603015
0.00192156998619711
0.00204466958362396
0.00205465446261924
0.00207320430874177
0.00194394081844851
0.00215444347345009
0.0021572704587149
0.00241545235370153
0.00194779902851148
0.00278044502086702
0.0024452046211275
0.00199177005580807
0.00247912288169118
0.00198951872135902
0.00274214752807435
0.0019933666412438
0.00242997095000666
0.00221816172219255
0.00237909252520118
0.00161471525255925
0.00228861376116901
0.00264352421506725
0.00182818528200524
0.00194689175612146
0.00188478042940711
0.00180540981619049
0.00176446779722301
0.00185169419353933
0.00189027238707539
0.00178687766831289
0.0017490685959275
0.00197067675358222
0.00175807940709638
0.00209995031747539
0.00185728494869303
0.00189523345984029
0.00188816526633318
0.00181666664594218
0.00182524433008718
0.00188543518469331
0.00185232258856227
0.00190586288133048
0.00213588570777248
0.00199922498202998
0.00202771881844064
0.00207862317897126
0.00197852957473135
0.00291816585233612
0.00207663748333766
0.00223596698716843
0.00187890526797553
0.00166673841028287
0.00182878988407195
0.00207411330056977
0.00208198782129681
0.00181118545686268
0.00200326415038939
0.00191145131783117
0.00174148146098227
0.00169164400058433
0.00209690751369417
0.00225385123956456
0.00200895052584509
0.0018284423066217
0.00163465839191006
0.00256132830010207
0.00207282426858041
0.00203260843248835
0.00304442097789289
0.00358311287998393
0.00292989694756405
0.0037801682189741
0.00399809683616138
0.00466496250833503
0.00453910471738078
0.00406580231020411
0.00368383114894935
0.00394895064217256
0.00345555657059575
0.00277634958014019
0.00269957716637368
0.00236461201211926
0.00243447291860241
0.00215329060262749
0.00207796386029162
0.00193845570456936
0.00182418581858126
0.00209802565288683
0.00212504629712207
0.00216515258306239
0.00207438455749436
0.00220422876380652
0.00247128799043943
0.00230142864364265
0.00225037963200897
0.00229718375106551
0.00267158054851331
0.00302505117685161
0.00288348698267281
0.00278028218691321
0.002777939514419
0.00224920448707924
0.00194688514226356
0.00181705182994292
0.00213660752365432
0.00212701453348827
0.00214638264617838
0.00190535597130786
0.00232214450455448
0.0025255648767156
0.00188570453343488
0.0021369975856922
0.0021323995169681
0.00231435688948937
0.00211574950180024
0.00209295052070775
0.0026710494050879
0.0026849042864379
0.00247923056830423
0.00239383952863632
0.00227055241940226
0.00245122607547952
0.00235516823765741
0.00275498647774586
0.00283743019914839
0.00287030798876489
0.00372704389236819
0.00410683139008324
0.00366857917466057
0.00324729716286148
0.00289283350699082
0.00260982502777876
0.00207719688392439
0.00179973523756386
0.0018372645161665
0.00182039824235957
0.00212951641063461
0.00189300068780554
0.00184311777547389
0.00195616539151867
0.00197923867105593
0.00207995348139943
0.00183909144945582
0.00176320486266047
0.00194011078895532
0.00207536908715549
0.00225596825380308
0.00251165115039488
0.0026067518392166
0.00266896380234941
0.0021118966496944
0.00237764086927581
0.00203659318073655
0.00189274496997325
0.00214646907300091
0.00197580697589677
0.00230786372715969
0.00192501567364012
0.00196131618262461
0.00188275373976769
0.00193785756140715
0.00197111383778248
0.00209821021581243
0.0017550235776098
0.00171118914603953
0.00149760860459501
0.0015243082827696
0.00168808533146698
0.00177807894878979
0.00162449859072198
0.00190922979353616
0.00214951934060874
0.00204522815859991
0.00187845797735632
0.00233994791726182
0.00326373204688891
0.00438385569621808
0.0063619255535121
0.0062343796826132
0.00295876730502199
0.00185481849954808
0.0018781457415547
0.00181901359387088
0.0017299365739257
0.00181648756097126
0.00197112297437989
0.00185524921171999
0.00178526631545399
0.00170099181926583
0.00182590453659717
0.001655913586745
0.00193341592964593
0.00201470116971267
0.00186316701468713
0.00172616694014123
0.00218773915707843
0.00208978697829676
0.00233711363708415
0.00229928071465647
0.00192247744041201
0.00191149770235778
0.0020733065690281
0.00200782333566797
0.00195702988357315
0.00179099601710121
0.0019582209826392
0.00192217672973001
0.00195301364010364
0.00185955434351437
0.00181912720552739
0.00216082095154198
0.00195702597483202
0.00169350752084201
0.00175678583729419
0.00193065028998736
0.00191170040937009
0.00179426454699769
0.00217022724204704
0.0020320862219881
0.00193071988628803
0.00165624736649537
0.00187991171126368
0.00184057903040944
0.00185815451062025
0.00171530942228011
0.0018095866710007
0.00195505467729989
0.00210053868308993
0.00192098035258393
0.002264950927935
0.00280330871078662
0.00268710373131193
0.00326032919609957
0.00402834218574923
0.004009425053693
0.00397161672290096
0.00279347646974776
0.0021435284112068
0.00177295765227222
0.00176073784478102
0.00194811513897225
0.00177584981030706
0.00185833206893195
0.0018062548411217
0.00187800302207805
0.00192672482557913
0.00192400149437228
0.00209003169932367
0.00192208744308125
0.00181221278905878
0.00205336821719005
0.00198432719185221
0.00220255531909233
0.00231559028235804
0.0021871353547785
0.00213146170658396
0.0021511040848356
0.00209116378842019
0.0021458689816976
0.0021607350950165
0.00201683438016747
0.00180951146691909
0.00167061053245497
0.00189925881189986
0.00191385336536635
0.00189098105471351
0.00196403334751818
0.00192531569643959
0.00190982486182022
0.00197140853968617
0.00179156586281374
0.00198697546229881
0.00233374970376907
0.00224952465903211
0.001952397123453
0.00205152829290844
0.00212952366522963
0.00181625608586145
0.00195596222401287
0.00205904486725169
0.00205668103761457
0.00206979504857835
0.00235247059691542
0.00227005789546565
0.00208451351492026
0.00210059000453191
0.00207386146510865
0.00192591109138982
0.00208353106563698
0.00260811514771434
0.00238343866947312
0.00186568642167501
0.00180205936136849
0.00187346624934965
0.00200711669046155
0.00208663168572163
0.00214612423791068
0.00216168463982735
0.00214564445281177
0.00190527137118958
0.00201490194032879
0.00207161311769565
0.00279186667028536
0.00305001332815092
0.00264161139017524
0.00227298099131298
0.00209698358096971
0.00219460224546884
0.00229657940620972
0.00232214826237124
0.0024987802968528
0.0021437525168916
0.00199173594836064
0.00205804915213053
0.00197240738618249
0.00197231649806963
0.00201470376981332
0.00200040955736946
0.00172532079992942
0.0017370644160885
0.00190742505821633
0.00222910017442293
0.00284220967720615
0.00265963411053538
0.00222694036360621
0.00211259005565987
0.00212578630756676
0.00199216417090128
0.00206912266144895
0.00197790754147723
0.00182539546598633
0.00180634902932934
0.00173212597842709
0.00169808571836885
0.00198869171092256
0.00202364594734743
0.00209238481078878
0.00185099042150319
0.00197433154003909
0.00202593016555567
0.00193072456773296
0.00197549261865972
0.00205537953404387
0.00224114467872251
0.00201794084332606
0.00187798818328673
0.0018209336349799
0.00207529568974369
0.00233670163809194
0.0022702631868559
0.00215211126962757
0.0022270916575432
0.00207758254443461
0.00222726255640749
0.00236845538773778
0.0023691899690946
0.00209257597631712
0.00219378514681574
0.0018402741736788
0.00182124751847926
0.0020986511491699
0.00212337102877328
0.00180349412988304
0.0018300033155462
0.00179874433897903
0.00179759613912099
0.00170744410368042
0.0017075909072034
0.00173433871768369
0.00191003253804463
0.00203674770640715
0.00203627750462533
0.0019760014551366
0.00210913703196434
0.00189149392856795
0.00167311846278906
0.00173770097039253
0.00195829280641199
0.00206801782091596
0.00181758996108752
0.00174620771311315
0.00187067388352503
0.00199219908351382
0.00197544065989961
0.00188006793573058
0.00190803449343412
0.00205226662623479
0.00192442119198758
0.00172166011450209
0.0018728041194786
0.00168509653881023
0.00179330932686235
0.00192977295246915
0.0018669532547037
0.00174143628411634
0.00183536900621592
0.00179458236417141
0.00199054637619407
0.00182636479107386
0.00168842776803522
0.00190396628795177
0.00185299213963684
0.00196233115994512
0.00233500908580479
0.00204896347479156
