0.0200227386308085
0.0211690826573191
0.0213842494151023
0.018730518144729
0.0185829681239065
0.0202645699977368
0.0201882278106998
0.0220341278880226
0.0234059269455962
0.0216977506640108
0.019490382435201
0.0166029195794748
0.0168969999615196
0.018661060192206
0.0200329635993602
0.0193783968321264
0.0194293293016898
0.0183718355059148
0.0188045476960257
0.0206754847704829
0.0209120791175436
0.0191491943448762
0.0356439192941996
0.0365867045100065
0.0203757968834766
0.0184051310024271
0.0192050364500657
0.0202954061108488
0.0220630038574428
0.0202894960031174
0.0202346016218152
0.0184288695217722
0.0187664693229406
0.0191058887596925
0.0188942982678358
0.0201045458685565
0.0214933238004915
0.0225210816150645
0.0206256574191866
0.0189641639127835
0.0200574741544991
0.0225768084411714
0.023351941749091
0.0306956380404252
0.050615139559848
0.0599382936012415
0.102808800137316
0.156782969705143
0.153617151550007
0.185235541258173
0.253918798746688
0.256275937312821
0.238995839515122
0.122910710705156
0.0356510411216796
0.0349265528880126
0.0261031328988421
0.0238592170255613
0.0268351644919174
0.0284545861317101
0.0312153013791546
0.0303116492028126
0.0265812139262782
0.0286601756171234
0.0294370562535947
0.0267793766954485
0.0252676486574149
0.0227294987474315
0.0207259284849255
0.0199434642319106
0.0228556447926273
0.0209780068613527
0.0199476848929337
0.0250020644919358
0.0305417545643748
0.0263542871575372
0.0211340335936427
0.0241904383070842
0.029494704306664
0.0247325074224322
0.0244998355052952
0.0230281865883323
0.0220720877186172
0.0241247616129952
0.0225669846634987
0.0233911003573229
0.024371285250509
0.0207481412087573
0.0201710591518761
0.0223473292274368
0.0246390379685523
0.028116779624041
0.0291287554078578
0.0283896014149365
0.0304270553928437
0.0312004991717391
0.0349814936909245
0.031218138356919
0.0302596007483919
0.0310404187496114
0.0295435959595369
0.0266295088293265
0.029326592594322
0.0293337409974087
0.0299763460979934
0.0311108500813274
0.025592052835933
0.0297645729157444
0.0329057903584841
0.0332501912497589
0.0319498954241882
0.0250158360579426
0.0241081670200527
0.0238671972555461
0.0266193581712838
0.0284715772480849
0.0333942048026827
0.034053318348995
0.0265588573105148
0.0271331388121419
0.0299977706573435
0.0317217423283779
0.0301283884994855
0.0261993286232509
0.0261270696347441
0.0279726436714441
0.0278223466810818
0.0272855004755438
0.0253111082557109
0.0265015313574877
0.0273272266574804
0.0273647971815988
0.0244936517258723
0.0234164611891315
0.02617746212697
0.0269327921970852
0.0281793022089351
0.0304461992280117
0.0305840479917101
0.0281229285170697
0.0253891492623696
0.0290635807925961
0.0298392655304936
0.0278101635053129
0.0298652496807074
0.0286181622238157
0.0304722055207615
0.0296000079291304
0.0225048105453598
0.0195793195117744
0.0227307324915534
0.0268026950287964
0.0287966508087368
0.0263547957917789
0.0227303069473667
0.0219645033133011
0.0219087590839053
0.0191883361895942
0.0173972460807442
0.015812798548192
0.017133845326603
0.019701740005514
0.020122461865609
0.0176868159440952
0.0178402150950904
0.0196328497030562
0.0183470318534667
0.0175427504562703
0.0266244214510951
0.0338072305404164
0.0467527694185612
0.0422555686326204
0.0245126579473761
0.0279103425517904
0.0285433511243657
0.0253547437117111
0.0226070861455654
0.0192155532415007
0.0189120284409852
0.0185465115806746
0.016621374193933
0.0128522713894911
0.0122758907641839
0.0124701299628654
0.0135268019740515
0.0133794739442443
0.0123648233886799
0.0128851370234033
0.0142468195506707
0.015677185738171
0.0143497785043069
0.0126942152553935
0.0113404410359504
0.0118089615082223
0.0127003792830519
0.0119413276305105
0.0116830214603453
0.0130837260339073
0.0132012436075542
0.0131505629343529
0.011469881122629
0.0128027113087753
0.00972082786413847
0.0068443588980936
0.00884578255809502
0.0118696416390792
0.0126951669965862
0.0131977803743029
0.0226320429700943
0.024430295162848
0.0199760017554927
0.0240437296441824
0.0162473653071787
0.00827226629102517
0.0074242695920013
0.00639249218087617
0.00668409961511473
0.00544971712824229
0.00501572412539234
0.00446112165543895
0.00571795108323381
0.00783844433770374
0.00654401594184984
0.00502865660836306
0.00496915639977319
0.00647853966133764
0.00809344503298363
0.00874214749703132
0.00689809025080446
0.0116101709273454
0.0391507344510657
0.0337858791967399
0.00752226997319743
0.0119066195872787
0.014357212503286
0.0109901671542243
0.00771142208681951
0.00555985702763917
0.00551533251725663
0.00620803518857961
0.00664716620119883
0.00709745561528831
0.00623084333523048
0.00621840122074812
0.00646554832137657
0.00504245901806581
0.00528665652902699
0.00575885224960423
0.0058206965785154
0.00580541022789477
0.00600584191144702
0.00643625053982579
0.00663024489799303
0.00673196982358752
0.00598636899714256
0.00585652820678019
0.00555618829027996
0.00492862579726151
0.00453793256938443
0.00467105033130263
0.00454472993854662
0.00485218342785774
0.00476544964807312
0.00438477191634725
0.0045911903093819
0.00564495424928439
0.0050172660621507
0.00402070108781901
0.00319992180386956
0.00357588173498047
0.00434133947880649
0.00447594941493271
0.00460733855212776
0.00426209451872233
0.00423795261229517
0.00419758359619962
0.00333835002354198
0.00382319978540231
0.00458208797266125
0.00391263158448872
0.00316151304117191
0.00304560388970895
0.00393049547601494
0.00358736061538808
0.0032451145972669
0.00457219940759659
0.00549894188624528
0.00404916134832174
0.00454552054509143
0.00481535256428156
0.00376678279938861
0.0031500133736026
0.00331013488551761
0.00355913157025529
0.00343379420866291
0.0028545521393144
0.00252833709893975
0.00316497785558847
0.00404562826112223
0.00392326822496876
0.00347013511514469
0.00271654897052197
0.00231263631350424
0.00248045470281236
0.00232385901061255
0.00256712386426772
0.00406581126646757
0.00451407512719878
0.00312932530520665
0.00338303154244703
0.00298386179899741
0.00225493947129716
0.00209922747184077
0.00223682916150589
0.00224712519770214
0.00199694861236361
0.00202292706136447
0.00226837330195318
0.00215940869452619
0.00209350048173064
0.00228595351578046
0.00253218881114376
0.00226975102458704
0.00177628655527034
0.00183019202062258
0.00176020466557895
0.00174581054052646
0.0018162762801806
0.00169929932330474
0.00159005094836148
0.001737785612545
0.00183440610130187
0.00195264037591446
0.00189399674583038
0.00217686745902839
0.00187023124763751
0.00205973704144157
0.00187077690678955
0.00183051652202041
0.00181709813954229
0.00149528923757603
0.00169003337357312
0.00182412246194849
0.00187719604133394
0.00186128080809794
0.00177111769963713
0.00177365238177961
0.00213900905301947
0.00258690708505569
0.00249540207449613
0.00226471487518144
0.00192827490796241
0.00173112275825086
0.00222195227852853
0.00238859259347071
0.00235420140534458
0.00201663895137749
0.00184233341254355
0.00193067047972721
0.00198196167245126
0.00220031809810315
0.0151436625004908
0.0234346187838942
0.00988114476105841
0.00219599304767957
0.00259737693965612
0.0025056020510846
0.00233050966141434
0.00221822404488917
0.00230274096017623
0.00243915235082206
0.00261568783639155
0.00218329056600516
0.00186927740469151
0.00187645729867468
0.002107400285151
0.00201582628578585
0.00194863163659009
0.00212870192898172
0.0020983080832447
0.00211322768345154
0.00184903653443735
0.00195690239985932
0.136906560150928
0.362894347052351
0.220486609616508
0.0274992536176003
0.0225905319312781
0.0124916486765234
0.0119848925656886
0.0106989939695647
0.00885565257900732
0.00630827975348246
0.00445370607111197
0.00418488254182953
0.00401931576065757
0.00444420956141168
0.00452971073128833
0.0038927114517405
0.00331837467597053
0.00342040372661127
0.00545113202799056
0.00603322668216331
0.00380138720525713
0.00293721505646517
0.00259934490789433
0.00271663691199145
0.00284870923321777
0.00279005047819498
0.00264123121738493
0.00271493086403675
0.00254043461601454
0.00264237070856024
0.00206650647033788
0.00208297206532355
0.00203352985317589
0.00210601028909461
0.00230899003394859
0.00236103295238729
0.00203518608393194
0.00227638754678342
0.00270737714333456
0.00300393205396952
0.00269129131775458
0.00258660775739871
0.00275158155717622
0.00316225401498294
0.00229971571504605
0.00228846530233057
0.00216820596411032
0.00198269519379056
0.00242436491573181
0.00346791616493702
0.00468075043661449
0.00458204389439013
0.00312408403277466
0.00345136251319124
0.00291714083214133
0.0023101808612301
0.00240809034156182
0.0020971345180339
0.00195420492336052
0.0019213027830578
0.00192181478051885
0.00212439430470744
0.00180177937745527
0.00162712358810197
0.00413172468816333
0.00556973594777163
0.00618229130910574
0.0120075101736589
0.0142255703386769
0.00767947637334026
0.00481633910806931
0.00346084011186588
0.00273711890171808
0.00940416716210804
0.0093784327493249
0.00255077835870811
0.00246394040047585
0.00203743911280128
0.00192968508166144
0.00178276710246766
0.00182020196976492
0.00178895485863339
0.00167655519617709
0.00167976480748861
0.00166959979349758
0.00182134179069482
0.00292613670010288
0.00606224784873846
0.00598563298305294
0.00290122043593227
0.00190118035086974
0.00193152964607341
0.00191197631276748
0.00182170773851097
0.00167624417347629
0.00158640624411572
0.00162323326303125
0.00171784444509489
0.00186605323896866
0.00260420410983588
0.00293703631416867
0.00271689862001771
0.00247905703273686
0.00266834817275339
0.00186269652315009
0.00308652417685558
0.00214898532909589
0.00165471603607778
0.00175458264318966
0.00219716754441651
0.00160031118948351
0.00161175675560541
0.00168803299246525
0.00178231480015095
0.0017513476263584
0.00163734477713876
0.00165800363223294
0.00161330671480139
0.00158118787104326
0.00154962499899855
0.00163053240634734
0.00177605738824319
0.00166135132128219
0.00152032170354768
0.00151685859859036
0.00167826334030974
0.00150392119696394
0.0014784574107495
0.00155235566410647
0.00170185235266095
0.00181229228211306
0.00173195036862064
0.00181059298906523
0.00197319417652254
0.00167679432054004
0.00156550430881004
0.00163628193880816
0.00167332831187862
0.00161811307579207
0.0015292019694276
0.00153197237053432
0.00175244756677359
0.00186060094841837
0.00169376934803623
0.00154730771897431
0.00165407733153286
0.00166424058874556
0.00222595899538621
0.00268374418763257
0.00268024009540239
0.00270224893207982
0.00200759739820603
0.00174427297577404
0.00180929882301057
0.0015861957251654
0.00162375581730935
0.00165844337385219
0.00169332390172183
0.00172626191072231
0.00190469156818174
0.00194199508022313
0.0016443509380812
0.00193959411623801
0.00204154108337405
0.00196239420445524
0.00174275048758422
0.00194289170943944
0.00185477203581956
0.00160270134528808
0.00154673955210571
0.00166926975369971
0.00180853012179415
0.00220327224483143
0.00216305307652745
0.00186450399807526
0.00170990314482049
0.0018636690503713
0.00188179246909449
0.00184648160330396
0.00176927550094126
0.00158049247517465
0.00179959745591406
0.00199533801239295
0.00169811957401964
0.00194927018549416
0.00208285517421908
0.00197386070274839
0.001737796156719
0.00194316781559795
0.0021955493131854
0.00191087723190421
0.00181453587670792
0.00190053883750836
0.00191516174056055
0.00173901549109577
0.00165799262240981
0.0017149416006947
0.00167798241017752
0.00174277739072059
0.00200925679907286
0.00203368316557451
0.0019622396550503
0.00176416308219704
0.00164388972950005
0.00175540658797996
0.00151473350333201
0.00154753216752494
0.0017419681056953
0.00164776530950661
0.00169242198869238
0.00184075869398598
0.00189664576585774
0.00250652979546182
0.0019235998880264
0.00193672646737216
0.00203967293031505
0.00185808118212123
0.00196143472564546
0.00191355356528184
0.00177440860450638
0.00198132258705248
0.00212972759885543
0.00197492296675527
0.00186290875645914
0.00196054565475077
0.00208370765824017
0.00166894278417957
0.0016603750768691
0.00202792508409024
0.00194724021031927
0.00168740596163935
0.00192858257306631
0.00201743807014282
0.00183684627664211
0.00187600808464367
0.00215243389508412
0.00204647157979579
0.00188680081463825
0.00168701544886103
0.00163523068951211
0.00192750511307304
0.00184405043775787
0.00194261802479599
0.00168797264149439
0.00174549800892371
0.00227046990165781
0.0024534814312664
0.00251455366883387
0.00241875263146778
0.00328185279014448
0.00415395523622362
0.00352579912438924
0.00316997878918278
0.00358467180411831
0.00244302493199948
0.0028459889891196
0.00282204662993827
0.00206989804400731
0.00166273915895788
0.00196852029791907
0.00232319921225534
0.00274661732795297
0.00233260354400367
0.00230193919893975
0.00256138242271593
0.0022225202515807
0.00206180101128131
0.0018658881004045
0.00173676768751745
0.0021079247781031
0.0021045492515705
0.00162861915050782
0.00174303221608976
0.00175280474859419
0.00167705305140787
0.0015981102820586
0.0021865877300255
0.00258632363884491
0.00317581134702811
0.00323718916305776
0.00266468940017842
0.00356867217368224
0.00417586907401097
0.00349261311391282
0.00224595530360596
0.0022219849463889
0.00192804731265417
0.00184297367473553
0.00174971748835683
0.00177697995010587
0.00222793724746618
0.00188698858029765
0.00167040893617194
0.00173025924834235
0.00167115157926377
0.00159739563393388
0.00156737829252044
0.00159687314895898
0.00159779962844254
0.00138710512306273
0.00157205640169922
0.00177846472553513
0.00187083287805941
0.00204197872863968
0.00246711091381895
0.00234550938387261
0.00240593190347385
0.00226307689362109
0.00252079032069925
0.00267168736391836
0.00244416312665724
0.00340173549047208
0.00322182977983963
0.00259989595622396
0.00221416301806547
0.0020646116107092
0.00212654008312876
0.0020340167547203
0.00173254452887292
0.00160730696428507
0.00173864428066254
0.00229592834757832
0.00294088601070152
0.00327575365079454
0.00329062604899413
0.00285580871637888
0.00322672144595893
0.00325704105592852
0.00326430800260668
0.00249205417177496
0.0019719184611988
0.00174825537910582
0.00171095701089464
0.00156891412992666
0.00174382504691512
0.00188258578517666
0.00180667243852719
0.00187155227530862
0.00177949757528501
0.00224461112132803
0.0027750898687499
0.00197611470053334
0.0018683804183932
0.00204589792447391
0.00215755150435207
0.00184086020583262
0.0020371991745808
0.00173878465351865
0.00152611466916765
0.00172525468143709
0.00167651572410397
0.00238680347662317
0.00291362446116379
0.00274612535820423
0.00292717701721305
0.00225407057930944
0.00215036578854291
0.00249457363869036
0.00283089938046236
0.00379770819757953
0.00421157402803686
0.00356170996957674
0.0027721482019051
0.00212330380921371
0.00173173796401897
0.00177767926380202
0.00195001900596284
0.00168225385193104
0.00165555539021306
0.00179314855327536
0.00188432672301669
0.00160492215456536
0.00167174871878363
0.00167400313356261
0.00179733820578638
0.0020231810295518
0.00194754241038722
0.0020693663266547
0.00180165104976408
0.00165699226282918
0.00171605012513
0.00172061133262455
0.00149559451688505
0.00166903897323642
0.00186583786297582
0.0016410761638625
0.00195819334020101
0.00256406928674621
0.00284321754213608
0.00256608144501741
0.00246054008794984
0.00204061548541747
0.00176349903448144
0.00196425756585261
0.00174193402136085
0.00194380883918846
0.00186264454582255
0.00146475181048046
