0.212639128798745
0.419936423213051
0.631286169393798
0.636356284824252
0.550667172981912
0.554410075477674
0.505708526664019
0.435794361295401
0.235685779272689
0.363066159620604
0.433688878211957
0.646439478289326
0.596696860075489
0.316092301838432
0.352311814077592
0.552979919485357
0.514354384030879
0.742693693929381
0.629179951220829
0.39806883838143
0.505457020954902
0.529686597920258
0.495156498652467
0.57437402219636
0.484401125548219
0.426750573983573
0.535517334664414
0.887998422464227
0.581634402847705
0.464893288423656
0.33686319400325
0.703086863583742
0.799584865569045
0.463510036281847
0.400464314450076
0.57296696528432
0.591958363363961
0.30610747817758
0.523924567387636
0.657194786193678
0.509539811368167
0.517839497051074
0.64139107525858
0.440931871296365
0.380704450107248
0.387658905272468
0.347436230871606
0.323504272014666
0.305405361059846
0.318594050083531
0.431776688523757
0.684675917208507
0.720335109859618
0.435444531978341
0.366571538819902
0.549875328751587
0.640189784484968
0.352204015737562
0.286119680888036
0.296166628359398
0.45344099409789
0.559566012697874
0.384136725629783
0.529163942602509
0.730999873461197
0.551151469651842
0.52142299734681
0.402302928985125
0.499348345838243
0.458764525526179
0.312217882065376
0.351154772687658
0.399178576511415
0.527398071583499
0.553420795447404
0.429608485004047
0.303617691091428
0.232528397949228
0.386942428865877
0.59927065245003
0.508778834551621
0.423624316846788
0.777074092757584
0.803789709396483
0.33077365025234
0.344748795254749
0.247501640594945
0.260657899248508
0.352525618682749
0.663900466550191
0.626050993754389
0.559686801648997
0.427204314053717
0.675103180359319
0.62638586880988
0.305860596929311
0.335931136922002
0.384906471813838
0.339948265602909
0.612038071400078
0.44893020506352
0.525413527336243
0.495743301234291
0.321610067275004
0.321362667627536
0.595579412718968
0.722631309709817
0.603615388659115
0.453473806627179
0.309541260026993
0.484838321138536
0.470734302843589
0.475260788002125
0.436541863190637
0.409258178302441
0.633897639655369
0.742490773578442
0.692335189479872
0.579754988275723
0.351323879105728
0.607026803939266
0.369794287668524
0.300161124378493
0.416277245431837
0.553354509832444
0.49716858413736
0.470938407223589
0.491721043240865
0.42553931126082
0.321141088736693
0.438307038149495
0.480267017257422
0.434321846431079
0.43874896707721
0.350028702188266
0.340895798839179
0.460575104871337
0.871565029596323
0.770162982641354
0.40620467292148
0.324412254356898
0.19058121161741
0.266542401970165
0.337941594666986
0.393636484590423
0.305569552392761
0.342194773134779
0.414669468544851
0.649776879898042
0.592005277063072
0.50262202144904
0.29742995218699
0.486237903536029
0.588208893509889
0.391056305605173
0.418578851577538
0.461951255549377
0.413403716082701
0.399021609801669
0.415207733738404
0.491913439862022
0.525418856994211
0.477505491190457
0.759447684963322
0.823986708999225
0.647282948383897
0.437923486601758
0.329271730113245
0.354772775556004
0.455688322431251
0.495927470808649
0.57648891561846
0.553480237167113
0.38257225578363
0.326091631969796
0.822918809947158
0.997425371898527
0.398070915751872
0.295635403188649
0.364121012748335
0.62943570787387
0.727981169615163
0.852366830717564
0.601366343878257
0.344597339300523
0.341819060912877
0.66126873669925
0.796409518515742
0.419502522430507
0.684829172747356
0.804094973989081
0.603459662431411
0.573019921687192
0.465966078293301
0.463009979724972
0.491600080987763
0.622123795576869
0.689215005895702
0.421878558044629
0.230405067248407
0.293424634393193
0.419627623594245
0.424640814133536
0.307189212249197
0.625066677786495
0.848344151859641
0.614464204835673
0.436865734092985
0.34494296552658
0.647545333384197
0.662871134671316
0.315874960354432
0.464511910158089
0.510531354638698
0.438874873966488
0.487270559062818
0.769285443823499
0.755483658409688
0.661162668013538
0.504242851370603
0.442664755842889
0.42947335824692
0.673390722514171
0.600703532038296
0.332119153317564
0.287397959041924
0.390311406923237
0.429519001818203
0.65195244183818
0.68063173554138
0.434542687927493
0.468021928282594
0.484792766919834
0.452704224452903
0.43418761467999
0.515978973263448
0.376311601583982
0.345172752795837
0.379727777444954
0.467023132923635
0.342700189474164
0.39620080502544
0.477643919972414
0.350193367938808
0.340319467306028
0.353128060666071
0.266248962168675
0.664466485257477
0.751066060960869
0.429075785923128
0.222140727678581
0.264385177978558
0.31890030487827
0.73766404009684
0.741428352380035
0.524933023751298
0.62273365511852
0.607486641047416
0.39627236730398
0.338047928624432
0.337459012241547
0.512013660047616
0.466189736196781
0.315281509897219
0.280484691913498
0.351471380181717
0.425645996544206
0.479554608369563
0.540158431721181
0.522633549879297
0.99828798002826
1.22070414553033
0.942647605062925
0.966199382553686
0.818673737084301
0.631306630840457
0.306297757309324
0.268413798984562
0.45823961347582
0.398661888785089
0.207115710807967
0.262651056761783
0.342529939828955
0.227600012759884
0.220969712878561
0.398350707337694
0.604991997870493
0.368994102812228
0.552355546927235
0.866225104706947
0.577828799611386
0.41554487792859
0.355018544286256
0.209006109083221
0.349666010706855
0.496535097511674
0.386276282249293
0.41911528740241
0.543961688239964
0.64776930754838
0.598176693247413
0.287644711344144
0.293331821670991
0.55098297533604
0.618435165398618
0.796044482131049
1.10924914667761
0.693297800138813
0.417087752458336
0.307178364487742
0.249770648242464
0.381266854642666
0.506765247225507
0.373891003801916
0.214249049424104
0.449289885626933
0.546646826507284
0.463038221675604
0.537502483360244
0.747059173635229
0.609796297158365
0.725333650256396
0.93715962914978
0.652805883852686
0.303138659068485
0.291602434813766
0.369828243226748
0.316684003180469
0.215835924347722
0.26451064653809
0.232869052612286
0.254590012696417
0.332706933650691
0.355124102956938
0.285784431405843
0.300779299553716
0.278338768388504
0.325328547498661
0.379281576850119
0.166940342686209
0.186324172840774
0.24251939859022
0.345504381914593
0.316379563050137
0.265602343429541
0.276239641510435
0.531942856355738
0.465646734678014
0.216851328143121
0.235692898783644
0.368949650468671
0.360128292945196
0.226496946692508
0.120068496077752
0.27546507552509
0.3453626307659
0.300400354208939
0.256812923192114
0.278383248755532
0.27145843846971
0.269286383553121
0.177840895748849
0.179145599740678
0.207378809743856
0.218992439133943
0.253230023534729
0.286341878018509
0.417723206765893
0.374732119754582
0.270850712543784
0.238121434815869
0.413943350934746
0.389500456201679
0.291999871731684
0.248229447612726
0.268358152918079
0.264330546959025
0.355368060237376
0.414215231729382
0.445273872194576
0.343571359502641
0.231742709150275
0.193186453705374
0.2121820024689
0.197431526362406
0.235713864364438
0.308353091105569
0.195266254070079
0.245947740035494
0.267734233299405
0.228520568819627
0.235648305207423
0.205251114667787
0.224971807677805
0.172604012844001
0.155249578405926
0.160819010739963
0.197925468077368
0.243857993434878
0.232127648081834
0.358081895588115
0.771991641719776
0.726949635087128
0.27702461006294
0.308943963565931
0.332020537407031
0.262691315162146
0.321523216858096
0.326023594677414
0.22142930596645
0.146780698566664
0.21659819554819
0.348174071831775
0.269902936719265
0.156343184918759
0.204409063644089
0.21559379699235
0.287505932746816
0.255344689167146
0.401688679731367
0.346337510666529
0.274095169282857
0.287384350446
0.204794827798217
0.15544525012769
0.196848585598042
0.526077635655541
0.704711707993466
0.550426265018336
0.331682161318552
0.561390403375442
0.505123887735159
0.334540705181848
0.441405784523256
0.462055223328312
0.52682899842088
0.443211300027492
0.292256599920168
0.171647664104267
0.17780697267879
0.562747497826502
0.689155464180132
0.197656677535674
0.23110732323899
0.265676583225667
0.161385647232648
0.17080698077076
0.246903611419672
0.333046085569507
0.280287209968979
0.169428067007759
0.327097841152771
0.380174473267527
0.266390456945645
0.32116558895189
0.386803586699277
0.258034563506126
0.219424120779359
0.207951310655764
0.194318055474284
0.252785056844669
0.290565745827958
0.280157753663628
0.275861181309843
0.497806837410643
0.606356527088168
0.238506299487991
0.302700884477147
0.380124378136776
0.208710078537565
0.209007491158669
0.304042453731893
0.243705249236386
0.226055983771124
0.268447550433783
0.426188595859811
0.542627493328087
0.469862363117219
0.459802602194821
0.31504254542584
0.72815845943615
0.712780799956847
0.251855605891526
0.257132980429411
0.297206394077281
0.458678709469705
0.63707581787776
0.71734525601656
0.629430193658602
0.745150531823014
0.634197976778984
0.386965377991569
0.268627368295644
0.186620324958732
0.162704352910725
0.184483374430424
0.179141366228805
0.21939199871832
0.22251504093531
0.291167330533025
0.242885315030726
0.173280812738713
0.243285611175186
0.288873984426
0.425866416727761
0.321620958855351
0.199991841476603
0.254423061740544
0.335535421503128
0.319635492040834
0.267664477754875
0.281601133776691
0.27526447790408
1.01719377495108
0.967892121167253
0.286158602811513
0.259167266356206
0.393244199962482
0.303827923994862
0.300493305339519
0.294973234620275
0.275177604390539
0.290357737555862
0.190050093029226
0.192312227621702
0.226768629831213
0.35289915648511
0.466971702052584
0.563591095475
0.641061956751279
0.332233360858036
0.326389101228986
0.391837366020098
0.378683330879956
0.376255540243604
0.36788168023796
0.336301202428771
0.272941017717676
0.266817919101463
0.186685180401584
0.243804056853872
0.241714504795402
0.230688235790451
0.28338990347606
0.275715553762813
0.300706295858084
0.334046021727217
0.306484888963838
0.254045419692995
0.159297553677372
0.268474185029537
0.290964289929757
0.221968922954656
0.267225011093303
0.284010585234559
0.418635900919199
0.434060838175524
0.319453846682334
0.3743382651884
0.303300576729265
0.191473538920732
0.178006531907662
0.121095595914809
0.163724159795042
0.268350602562293
0.258187731069182
0.213255742866383
0.195051873450732
0.240939665998595
0.395154752172324
0.311807629117402
0.221205575750932
0.248897740698045
0.189263657120684
0.159710616331324
0.259171193255359
0.278992658059914
0.238636077088672
0.188243671171217
0.162984555403259
0.169165633447121
0.189130507235871
0.290584611091495
0.239524045602513
0.174785236533417
0.173774114824984
0.183286722424394
0.264584020888645
0.358559980085934
0.229887564742865
0.192695836874396
0.258977039405609
0.197771772270595
0.221440572296916
0.230158523187709
0.199251314288019
0.24710557894583
0.303570620201403
0.227144192593726
0.228970935950697
0.34372209829352
0.262136934918982
0.237421917901265
0.242251833804236
0.291070982854088
0.502097513820865
0.59924222589102
0.402227704848683
0.238690915537575
0.222145451543365
0.271170854805799
0.353859949095248
0.35416312934794
0.292303077433088
0.223466795977326
0.302114192009524
0.330051900146962
0.242890596607802
0.24452590788797
0.219579773779613
0.134237494712446
0.166891091860047
0.214196845366373
0.199760550011999
0.187320306839935
0.276844038760049
0.318512935819614
0.205828798443505
0.21825102050449
0.353962539895844
0.414360661683436
0.32146026583832
0.312293517979858
0.359371236227875
0.248116242824251
0.196058055345285
0.234149690710147
0.285675142971681
0.306153989129771
0.317793946954761
0.319681757529244
0.230832257971643
0.264325294984062
0.26425045124654
0.185301218009906
0.149405943574597
0.190014481734338
0.21709873366921
0.131210429575111
0.107048549336825
0.200457700641827
0.2386162308546
0.201180583585015
0.17828433781659
0.161819264031725
0.204128295717549
0.209134628655072
0.215025061893603
0.145775509275447
0.243609630404588
0.33231753322336
