0.0896696931863866
0.0563963998880211
0.117121918051102
0.120328164314783
0.0753772451297294
0.0603654931147955
0.0660683659428343
0.10987662725033
0.11332528409201
0.200855670753225
0.322943276848388
0.204600509468207
0.147977195639086
0.0915710340878128
0.0707421818341498
0.0618763502956759
0.0846871106724087
0.064911926983279
0.10247596012274
0.139799312934508
0.121563700539161
0.307584847470662
0.473579840176216
0.199615680923697
0.146380445369709
0.214896447277155
0.139806476166432
0.213502992143729
0.147240852172187
0.0660451164246508
0.0721243187343867
0.0718357954737826
0.139822992314186
0.122429743385362
0.0939732727740736
0.188635896761843
0.0711864699929412
0.0765406363291447
0.130223863847333
0.0892799533459003
0.110429871599577
0.104879447092323
0.122535938970633
0.183316818966912
0.130795227288513
0.165914236187589
0.246990302571285
0.21837329075277
0.235921526370109
0.480895112460197
0.330979630869642
0.166406358088873
0.18363988082493
0.133853768935133
0.105072086056796
0.188089688890079
0.123355562858549
0.11104466250426
0.11851712808791
0.0729651503997416
0.0484731490680522
0.0346465809725114
0.0562238855264114
0.0630713449880304
0.0418891643013859
0.110957315105932
0.0882013300424951
0.0771665883472852
0.113775579088455
0.153159434927735
0.22445077143334
0.195104945525462
0.107340481427568
0.131050867163302
0.22015192005769
0.198317317717717
0.451300741588807
0.326509282463717
0.0590366348699649
0.210411439086482
0.223592714798433
0.124837417510816
0.119927900539841
0.0896278843257414
0.0879164236547057
0.0875810678815332
0.116131006829396
0.103792528970011
0.0853826102449696
0.121028906458971
0.164347206756088
0.0903731213520741
0.084099158120055
0.0817426561705551
0.344727867605189
0.179580584037121
0.18777464605319
0.278312002104221
0.17930985157291
0.151642041439718
0.191683380695156
0.164149244433987
0.20734031242214
0.159149714497706
0.327774614066411
0.361361487396892
0.183741309689399
0.114817047242674
0.235313690015057
0.592802794047497
0.607532339785353
0.0749185800277115
0.0698065260083005
0.217961091968351
0.322976970041815
0.182312973187058
0.177695385566213
0.430519899169675
0.304289391959549
0.271152798975599
0.170980453118197
0.22238188313825
0.464027506520014
0.308763129777152
0.12611396586362
0.180391530324437
0.134656479967437
0.067155208891742
0.428315297039121
0.974886242352019
0.683500422434509
0.299495584393795
0.119695837998527
0.120867316667972
0.0915591654276945
0.102181086764456
0.147738256119121
0.123855061324106
0.246470335652583
0.139522942679732
0.157556380470942
0.31921121088943
0.251599265686462
0.163726904636368
0.0926941419667705
0.274894066380119
0.229157542466475
0.174500534070744
0.0998351947349651
0.201310659621306
0.137596646954878
0.140722740843642
0.143392042496456
0.115209765666429
0.0978493202939732
0.060056778553589
0.0729990954813483
0.0975127648081817
0.155331045247175
0.171732223586646
0.213281364114197
0.105158902518946
0.0562991267694084
0.106696882095571
0.0858996515011985
0.0605186071492098
0.115559220737326
0.249994200683975
0.220730234973356
0.168601084464644
0.181494645305028
0.123045613872157
0.169430501530411
0.0983728891521322
0.107506723662404
0.127389584430701
1.24268620247898
0.940736831842682
1.9629621480851
2.42189901206369
0.572066459640103
0.158327460274059
0.11940319805807
0.226554699041786
0.260674644369322
0.140613799275724
0.17780522384901
0.279226789555335
0.241695990295303
0.246422363080056
0.177114457273231
0.161275294745423
0.139026281340842
0.117981681951428
0.0868416491947878
0.101071551210966
0.0850579847354178
0.0550810782728299
0.0597064569920317
0.0667613883312513
0.0455280957971079
0.0571229104104971
0.0501136757568461
0.0820424661894034
0.183218083729077
0.105977947709275
0.104691077971206
0.101525224564327
0.111547973214462
0.179759234085756
0.329359460089455
0.270746271935294
0.193886876803248
0.162133486267747
0.143797724232519
0.0700822102239287
0.0792902088443515
0.0596094182539286
0.0740342738604127
0.158721172272352
0.126423408090614
0.122340685115695
0.11736928491237
0.162563538574133
0.135202714617858
0.0767796338343966
0.0934346360226565
0.107386756731885
0.102270384224392
0.101816719146558
0.100793018854213
0.120839223956434
0.121088687235375
0.151190833029202
0.200196322673514
0.21367116603365
0.17292741960894
0.246907475735417
0.182051971985938
0.106118075395735
0.0840981129098416
0.0786844655571523
0.0989780189569362
0.0689481695360926
0.0702521479065403
0.102873092083706
0.108770086052822
0.104378127433701
0.135331462199415
0.0601667582908078
0.0506632214923708
0.0649413572086048
0.201457285366194
0.0479109140965221
0.0493658827716241
0.136028168000148
0.177375103872177
0.0387460631988679
0.0486057481239815
0.0809186580684275
0.211373956155366
0.240744387306841
0.336121084757485
0.262373030662994
0.154065721624542
0.188872019253439
0.105868230415203
0.138922120223302
0.230083969024712
0.368624105942871
0.330727759607777
0.300325151645115
0.2182264787031
0.125253957976677
0.0943687100079593
0.220649061959386
0.250620314950043
0.333685932985216
0.263294235434633
0.124970167124202
0.246804666206134
0.627759094554743
0.301188775999698
0.0314868778893614
0.118837829505451
0.10192619736711
0.0732860738716436
0.149599512303319
0.162186633279346
0.188924649864578
0.175759032530831
0.148435791387505
0.157898553148654
0.181153526668972
0.192722660900902
0.163673644476287
0.228520526411544
0.115314267690827
0.0758552470263307
0.0688763891661747
0.156746564881778
0.186534524883785
0.0881485924768123
0.0768956603107193
0.0846681878734145
0.113211879363868
0.05935236790361
0.834229725489834
0.795252998835533
0.704929095228034
0.510944879008382
0.0727754366062204
0.0973959438345576
0.146448135783589
0.183456161739193
0.0908627945206346
0.0598674445759666
0.30489119473943
0.353179714045571
0.439388418049927
0.172588413063648
0.154124093115299
0.189010740097482
0.0686735001448212
0.105573251256898
0.242252824527234
0.180121890839941
0.201473409314868
0.215212383299603
0.159066969341335
0.209447223955485
0.336846687859634
0.259784522676194
0.108978878181469
0.181200381594994
0.157680185351866
0.225713088572285
0.268237927526418
0.141377498964999
0.0981883918024444
0.143769956482433
0.125958955946736
0.0611910035803866
0.028466755241773
0.0912992199556357
0.0644413654561597
0.0502013355698884
0.0705995879948783
0.0861824191471946
0.0720234311550509
0.0956815766076923
0.089365708542637
0.0472248369687987
0.0657564730756949
0.107502065174405
0.0458655188778144
0.0330774046150253
0.0346181938556295
0.0683365769448466
0.0538450032731072
0.0811579889279279
0.0782583454400129
0.0794341278044376
0.0544992264096312
0.0450788881061957
0.0531545390695832
0.0520008297747683
0.061819302263576
0.142755899596377
0.225593392966007
0.171338384921578
0.154058693802617
0.181202261013889
0.0782774478575229
0.0688435549819427
0.116770895829539
0.0526483071443356
0.0481733202166917
0.0694587266563018
0.0757021632949908
0.0401843028624519
0.0625453234332308
0.18830486692213
0.152399952289394
0.0973498893939751
0.0709422328236168
0.0757111557522429
0.264532924946509
0.374630733724267
0.227410922688571
0.0861880086472502
0.154039061440882
0.142418056132422
0.552461405570846
0.412225681819749
0.0733070064066585
0.0265492298330147
0.0522629110422968
0.127585883529974
0.06061397740134
0.032477789094911
0.035397705648967
0.0551617265395435
0.0426933395981354
0.0466525469373001
0.0969833604717782
0.0819911064123363
0.0815507354301294
0.0700467472728377
0.115147826145587
0.103174551011449
0.0652558535829722
0.0551028194917084
0.182041256509134
0.254489081480193
0.081347020587011
0.0935271360228386
0.0731963789481601
0.131425968803102
0.109816486001873
0.13984815416324
0.110342168783175
0.118838236931487
0.0996603657385944
0.0394345838797559
0.0592459345317393
0.205889651637443
0.0976280164931947
0.0949906368406931
0.0842696522450184
0.0586804433317715
0.105578478778518
0.0952363155771408
0.0537373308400932
0.102514218663693
0.0691524609327992
0.0827318709324091
0.0902521279018542
0.163782911958789
0.167759821130512
0.166243723975034
0.375564928488733
0.388642196933526
0.295834352364171
0.376744617245596
0.938482244666295
0.458380745008325
0.354034055837089
0.380567842469039
0.14510092552656
0.184909834848622
0.16319353282369
0.179990568209792
0.311408344164708
0.257004205220823
0.0848431367241504
0.316784081511058
0.306398248626637
0.212243175527098
0.29190887732094
0.307202667595028
0.219676302093193
0.224345900766957
0.171705960225626
0.152761486211596
0.0802228793495142
0.141430980254236
0.273039724041051
0.219295365210583
0.134178440735976
0.0864199347024737
0.0986739295407991
0.153645890635989
0.0726965232969493
0.281371658458183
0.195155383039118
0.0688251771808204
0.081406888338529
0.151579179066842
0.170754810861074
0.0931069891250972
0.0787902969496316
0.200269213280202
0.134443673494165
0.302530949934457
0.322428481523858
0.214483672426584
0.268181126668847
0.245363370570969
0.231034851393679
0.151401274881083
0.0693520299678898
0.221473137452987
0.199295329708087
0.0552530518473483
0.0901661147575082
0.159373856919491
0.129971011301055
0.0634677281655341
0.051422508102064
0.0907215900215661
0.175619983201429
0.323019034434926
0.296539627729942
0.172124414266399
0.0967563532822054
0.154572084237196
0.145063869065098
0.0694589809699962
0.0341129366078055
0.0761187112517491
0.0714263671122505
0.0434990773373398
0.0527306201575881
0.0384647613803359
0.044900471470322
0.053625661494958
0.0752073485918366
0.0936810962702135
0.121905015562391
0.0688300817477186
0.0975363703271328
0.460987102079058
0.392098660538009
0.12418465823557
0.237183723236358
0.144174818453103
0.0800307551928071
0.133840529352678
0.112063170580381
0.0916807644737503
0.103406035074134
0.0979953306032597
0.113378155604938
0.172640681430366
0.11550318726813
0.146688917174624
0.199361885591655
0.136036952313367
0.117339882797868
0.0985940876542172
0.0619031727298294
0.133397987456169
0.119927216822538
0.0799271029458901
0.104087051159486
0.0819643906170065
0.0763161357427222
0.0760648085374924
0.0510130414007599
0.0811858143389336
0.125854395876013
0.11887384045898
0.0691378091508486
0.140550652468648
0.152568393925799
0.106021875463675
0.164980403740766
0.183468628033962
0.131655203224653
0.215749957529256
0.24989658477847
0.153906186081158
0.26325241403098
0.127067307180871
0.0898186225027711
0.0648529496023988
0.139124341668404
0.17430849434334
0.103714745707828
0.101439699576335
0.0735229388759973
0.0952284947970922
0.106874170705777
0.0625987417574504
0.0611366433877576
0.102999797515177
0.143778210480075
0.125737308531955
0.0924608618020594
0.0843953612074615
0.108836751770233
0.12829831425497
0.100894926354278
0.0987605079468241
0.176426104807505
0.22328484367707
0.145389742843268
0.120015110594454
0.0705449099880996
0.0545824520108981
0.0614196170181442
0.0548204108123485
0.132532046284051
0.0866261944001043
0.124559286664259
0.102168223203514
0.0372656547187905
0.0457026290121291
0.0671134591039148
0.0687310382418654
0.0617005092481792
0.0869198057016564
0.12454805811456
0.142271286102133
0.105964430291452
0.10443273619538
0.127870607154716
0.132632345729283
0.136617507046707
0.17045797903109
0.173202536797606
0.137480113150073
0.0796930047821064
0.0449721988035812
0.0509947459025569
0.0874735282518473
0.152253270733604
0.165548291256107
0.0963693127944141
0.0665357453944275
0.0864368359064195
0.0870288480927132
0.114303163976501
0.168911240583983
0.110731071923728
0.037598028469194
0.0503531509515968
0.12357151573035
0.0815871154870621
0.0413736109921409
0.149974337446632
0.220510087829677
0.255561674806586
0.176723761941521
0.10938383458441
0.253811086225689
0.255616436715983
0.133040201409841
0.156633450403975
0.121933643560381
0.0811194211078356
0.0671763442357131
0.0668781074592261
0.120748909871493
0.108654634796453
0.0983164880594343
0.088794287515307
0.132125357204202
0.303566365159072
0.301541988139853
0.128290742815721
0.0900346629720683
0.0939901123682681
0.133013608744063
0.142672551457796
0.204045075072793
0.190714733443134
0.116163838090853
0.148185451947945
0.201759041091944
0.211092900468149
0.230764865100016
0.219440649590724
0.182116768190788
0.208593889674511
0.253994659484309
0.12943940603911
0.0933190834431974
0.0709939967690754
0.146423265318226
0.366825384475902
0.161203074987042
0.119537543257855
0.250799073901162
0.185366470687271
0.230330929661159
0.317586054388736
0.22523427803232
0.104529288356449
0.132895760255927
0.167092935072884
0.188032506455511
0.417106354143968
0.257860458959588
0.223066966860585
0.229003965956897
0.123387417439279
0.0998736884628556
0.159367693479504
0.197805980018329
0.25567071292472
0.213485623640019
0.232990380048437
0.231769432140571
0.131775073710728
0.20083315201577
0.136776386331176
0.0889882052417251
0.0895288436164069
0.0724390375050351
0.0921789463422076
0.0911844773601174
0.0911355104627338
0.0684082601863332
0.132907505309152
0.122335289328161
0.127168473232352
0.0898855714367352
0.0961713124683527
0.0905478625513081
0.0806153823508711
0.142890237541601
0.210913056680887
0.12052752139465
0.0851455751427422
0.102289559333308
0.101324491832353
0.319913406068531
0.653020988514577
0.409716414818498
0.113741406254697
0.133618337317458
0.10751794263165
0.128825071090859
0.0927154540024219
0.134373818866922
0.285840713132526
0.469992624619621
0.295228196200704
0.218330304961394
0.109678978111668
0.12967013703264
0.102382385002934
0.0808673146725451
0.0816945647832349
0.0604511819648369
0.0657713451741598
0.0726256140413288
0.197613840542666
0.204179050031883
0.129831853566792
0.0880384279697645
0.0642762269655786
0.0534406744075189
0.0853169429630922
0.0663616726527033
0.061727621443784
0.102620080686471
0.112446374322204
0.171311153793148
0.0912249448174646
0.0680486615557633
0.134834140454651
0.161100838207536
0.176794232540339
0.2024208907388
0.197615633013076
0.0946153219163569
0.0825048975982217
0.0824818654362227
0.103776641643908
0.106736065951282
0.120449437435003
0.101491090209469
0.0728226743074269
0.0764665528637929
0.141166278232661
0.120942133546404
0.076050678991838
0.0859688572717519
0.0279287307923531
0.25718012890897
1.49960402053528
1.17155261604622
0.155536927101994
0.141314326654224
0.167940975956343
0.185317155335668
0.190532300068333
0.189551068107842
0.190439185454816
0.108657184270649
0.131099618248217
0.078565240063487
0.0634662545768759
0.0736621446028513
0.0429072689054674
0.0326814816267504
0.0435737993296988
0.0729985644507622
0.229429891638015
0.15652683714662
0.11693010130725
0.15035271626722
0.157376536979633
0.219845020948441
0.248940840970158
0.150119381827796
0.0809408124903733
0.0765823535886533
0.0657997340972032
0.0849951539215832
0.105780630431407
0.0871093868258735
0.141454842507631
0.217534137774339
0.165215975540504
0.0662136636253091
0.0655572589604977
0.0324401273679056
0.026474598355212
0.0304671467706968
0.0619910327197197
0.110409302653857
0.0749087749332021
0.042497156945492
0.0857237054071682
0.109357060188295
0.0966840069587439
0.312201472761226
0.131390140344086
0.170330064738738
0.102675025687326
0.127341392557575
0.185166951800242
0.200427833444676
0.154285971595162
0.091313423295275
0.106484600252777
0.232313081840217
0.340306316088604
0.19128466870213
0.10272414378265
0.0662726063014012
0.148075610072444
0.150722745869316
0.0940498728324559
0.145126988190969
0.183775497278408
0.136035076611137
0.0925837535507339
0.0842392931661583
0.112348042752381
0.0967373041457135
0.075682540149211
0.117401955826062
0.085737163988646
0.0721145300998601
0.0783095171363161
0.0902845766838186
0.243960574728309
0.168913251565073
0.10958944486135
0.122774581262657
0.148326303003168
0.163555045752753
0.14752293769769
0.178436157484857
0.156202965706605
0.601754028263259
0.662462484540881
0.0821970851531375
0.0577346773963159
0.326291976646437
0.411146408326951
0.219694900725134
0.255762347228209
0.217291406160718
0.136213263801846
0.0806174609695035
0.171214757675642
0.214742893797204
0.151604908328371
0.157518044411665
0.139606826901167
0.162332178180429
0.162168723743745
0.0707580973039824
0.0936152307886124
0.0987932966180471
0.0607266532029699
0.139083793802865
0.217479278138437
0.169342159942537
0.0838690899877333
0.0598254925411058
0.0671711428870951
0.0357241279304167
0.0605579979534376
0.0936923598408504
0.0781820375507405
0.0556076660743958
0.0467548151309349
0.0412155334712496
0.0686785684228684
0.0869224995764692
0.079849753505519
0.0637266912137067
0.0887012880754237
0.0527717692576143
0.0375071468844818
0.0548080430446745
0.111888352413243
0.0916742262704286
0.145392064640774
0.174384197053852
0.184099290618909
0.0930987590928756
0.0488170382882377
0.0522434780346304
0.0496799793413904
0.112214522353798
0.181384475316493
0.183947183560617
0.133710749021826
0.162248228921615
0.195833891628841
0.10784079978779
0.089634176683946
0.106515867496164
0.0943950952756091
0.0705041165748981
0.0744418701811251
0.0711390579135127
0.0685915334352076
0.0527218968685751
0.0474509152289365
0.0328388946329404
0.0893117621406808
0.0966667463506434
