0.00884767650556093
0.012243068890943
0.0142130438950636
0.0181183239077224
0.0203112141415087
0.0202949801254426
0.019895932798547
0.024288367426928
0.026400984191831
0.01300431278159
0.0124840091937025
0.0111513349998421
0.0112782386555737
0.0127899544048635
0.0133328330002593
0.0130090071586943
0.0168458081029073
0.017954675564104
0.020854657110261
0.0250308918060866
0.0195884536731515
0.01468072143882
0.0123383825523033
0.013612419092445
0.0117561067306604
0.0117506132998297
0.0117156000168731
0.0106620226449169
0.0115021231218529
0.0198065866085837
0.0266980903079776
0.0278245162392666
0.0292759221054669
0.0258103387307293
0.0209375993852771
0.0152760878399004
0.0118011725664929
0.0119294044250774
0.0117078513996279
0.00993531733976921
0.0118655067172484
0.0158814856404115
0.0130952307417036
0.0123686935818586
0.00951491105181897
0.0124703189377514
0.0139407682014286
0.0162973225533316
0.0134274900416736
0.0126160076073874
0.0163640275312226
0.0120245190232203
0.0107155079796463
0.0110949364380404
0.0117588855266729
0.0216575024276537
0.0347237013854844
0.0350829358383058
0.021988337873999
0.0165144912755031
0.0153022979900994
0.0107376870763662
0.0138667817151609
0.0196678938931691
0.0155222811385872
0.0123995138044401
0.0113597478592537
0.0121224522692101
0.0121585656670979
0.0102493573129946
0.0109017075119352
0.0126687150336256
0.0122277490774324
0.00950580616490858
0.00973918796975665
0.0105545912442537
0.0128084571505548
0.0145135778051753
0.0186852129745025
0.0196482556694089
0.0204995679787541
0.0216815647951861
0.0204384934894208
0.0265263271244744
0.0267958533269026
0.0259125676732694
0.0259963453086645
0.0234312881901158
0.0193253324100913
0.0219504962413651
0.0156744597429587
0.0115954129104903
0.0111638595654732
0.00988553598196433
0.0121497846893065
0.0178171492264531
0.0168601243161919
0.00940189234592818
0.00992321615413954
0.00818337950303986
0.00941169398776303
0.0123685424501478
0.0146415485983756
0.0142765862196875
0.0112086733531665
0.0171524147973845
0.0129370774594258
0.00889448100894389
0.0120602713845913
0.0119565511589031
0.0134081012810192
0.0115281865765104
0.0119363213558255
0.0109863719969935
0.00773201563754585
0.00998371741693127
0.013181835313135
0.0252172481334295
0.0259578188111236
0.0123377332223783
0.0130365452814829
0.014541834341563
0.0299583953726763
0.0270290016932459
0.014165368859893
0.0112316384229533
0.00990771890630387
0.0114699157064632
0.0153124038147638
0.0219323048293253
0.0323212683730128
0.0270517434131074
0.0120729791900898
0.0177671562495307
0.020041130300577
0.0161452549437074
0.0178936718185085
0.0138547228401238
0.0119573019485725
0.0127797914525491
0.0119160116393433
0.0123799253960406
0.0109562827847785
0.0114101873713254
0.0166029857431376
0.0142406616647226
0.0135887665041916
0.0141086724810394
0.009382798224447
0.0139288837107662
0.0166023136576191
0.0126226236165237
0.0106769209322166
0.0114628130530547
0.0121403974591269
0.012858301589585
0.0168059578491213
0.0168732407898426
0.00926080546033483
0.0151353631097975
0.0217897002988788
0.0225770558465987
0.0185573896990803
0.01428954414082
0.0109537066327381
0.0144983831494907
0.0150062367301247
0.0152111515703503
0.019886197702647
0.0199605751015926
0.0208612145367448
0.0237607671528472
0.0203969916944413
0.0151011823775509
0.0155452089670519
0.0183760979243486
0.0221074580906795
0.0216680968205778
0.0230007665924658
0.0209611266019166
0.0154958743449574
0.0144895936250642
0.0155909908790166
0.0144623411059845
0.0197879828164287
1.71971207233025
1.48200508785209
0.29188750362224
0.0261544746536349
0.0152729633110016
0.0155879782204784
0.0221792437262576
0.0245569324255631
0.0217609696215364
0.0185222308831289
0.0165537838507003
0.0164961983462769
0.0194681340693306
0.0230534990463326
0.021854356201728
0.020162786254331
0.0204312027601662
0.0179178012131299
0.0157593482011922
0.0150408428648124
0.0148372935391137
0.0135372253555113
0.018371625014614
0.0206427566528237
0.022092539245395
0.0167143291424479
0.0105053398136217
0.0131180834497988
0.0118811612141446
0.014406749212047
0.0166662655784373
0.0162975424984334
0.014911207405537
0.0146855207398583
0.0167719642159157
0.018273136155075
0.0142308761206874
0.0133919735867617
0.0145725573858809
0.0163993716474553
0.0193571851368869
0.01676835371977
0.0152835142482227
0.0150684686410361
0.0158783740825425
0.0168573255929134
0.0178650900402701
0.0143189022212151
0.0108981733980983
0.0142725213317286
0.0152837050143918
0.0156560689017515
0.0161300668270911
0.0121560997064056
0.0123341496254713
0.0118549463474076
0.0128631258434359
0.0091605759524184
0.0102377280435746
0.0166991930562341
0.0174269890998684
0.0142605644125286
0.013952049161784
0.0147785552876445
0.0142676250881579
0.0123991072189817
0.0134381709895724
0.0105792121911544
0.00968404349892637
0.0160064203210938
0.0174287896454226
0.0128967826870723
0.0136065681339768
0.014470333776749
0.0126528542898342
0.0120560860727798
0.0100682746698205
0.00886719892334607
0.00844584432884642
0.00771273346902202
0.0103452456107186
0.0101147975302849
0.0120067509576632
0.011902610115513
0.0092031513196907
0.0106270976161269
0.0097005379073302
0.0124397881376571
0.0109989206616364
0.011028484487254
0.0101999516240931
0.0108299826487175
0.00954449480953435
0.0103006307128364
0.0121351662478221
0.00901879726771497
0.0101849901941041
0.0101083707710789
0.0067162593556981
0.00793447194834169
0.0091045953608746
0.00946759616046088
0.0125420015403657
0.00909359552033405
0.00652835036903241
0.011104000550597
0.0123719242279097
0.00892267348447687
0.00997471722413537
0.0131861855399802
0.0133838137192545
0.0113301916625591
0.00928168313181205
0.00871402968076971
0.0101990027318659
0.0142514613752891
