0.0536535179788856
0.0618943129114704
0.0680353848974751
0.0412536387480077
0.0379525022741648
0.0384334867881502
0.0185495973015567
0.0299738312483709
0.0384527914775991
0.0342712086728929
0.0452652332842758
0.0480603153221676
0.101408863321027
0.135786488605113
0.0936140995511232
0.0735333299230639
0.0582851677354563
0.0489185049778622
0.0412634712322835
0.0373634359481083
0.0437493596977322
0.050222879027834
0.0671161968819036
0.0436329280017364
0.0267017442003787
0.0327765230184501
0.0400202413994182
0.0416890412669066
0.0468826654243481
0.0662619773685449
0.050302668495321
0.065324709410111
0.0639714967185267
0.0337493853854907
0.0344456429785817
0.0293661804912366
0.0220402882239091
0.0209138951866421
0.0293613795258943
0.0269359637040406
0.0311414233961644
0.0409632143892542
0.0487779859494235
0.0447106964782332
0.0255953238428586
0.0221257287365966
0.0391980430065028
0.0484439570550783
0.0324339386684563
0.0414245216778253
0.0445044195097671
0.0419388702781498
0.0345317233449768
0.0355781053650614
0.0408567476375213
0.0304383041942868
0.0363013318393606
0.0375319818405051
0.0273834618564358
0.0265532679203124
0.0271826864575981
0.0277269527244996
0.0285701490488407
0.0308743900583623
0.0218281791234748
0.0334708854783683
0.0327655632308238
0.0225028742439827
0.0428758868803418
0.0542897536035048
0.0333661507057287
0.034112851363747
0.0472302915986991
0.0503801187478816
0.0508946922579262
0.0498413085550065
0.0414221858184265
0.0296032134564495
0.0258324881918478
0.0405615452580811
0.0389493559422108
0.0224724739475088
0.0204749618555729
0.0492961434965278
0.0508705168201781
0.0298889078223983
0.0286651519348965
0.0266602370750617
0.0363594283350575
0.0387666996774413
0.0419898501362687
0.0346822503523556
0.0279003957062991
0.019810396447831
0.0191982640656865
0.0265184155701805
0.0341586950971553
0.0275770589248097
0.0286232090176501
0.0363588361091866
0.024771000031222
0.0203451128799551
0.0244209404632614
0.0380627989364935
0.0389800838288647
0.0261036309792716
0.0147538800932102
0.0275558548081748
0.0346722412003749
0.030268862571245
0.0300261993276246
0.0221807633542913
0.0396898062406958
0.0460069568556918
0.0513801027736801
0.0389464966344483
0.0267153560538835
0.0359350765160388
0.0559597840611386
0.0565433493414824
0.0264708008981145
0.0217703826300835
0.0241241152113299
0.0440082207321585
0.0536557950606263
0.0486380440576361
0.0684560965809071
0.0652593298787125
0.0398433564148295
0.0334365048802817
0.0397587347542836
0.0251792476333749
0.0203400193020412
0.027586953411991
0.0413656000482945
0.0269057444456376
0.0190245063341647
0.0165261325342261
0.0272913117549439
0.0568680253807546
0.078046719256654
0.0713791337052309
0.0561504520220717
0.042097359688964
0.0366231642643332
0.0395133463479866
0.0366086130746272
0.0414710161065321
0.0375750153244431
0.020408027281994
0.0202147642611118
0.0274950559316131
0.0319317896202052
0.0275645049934638
0.0281559516918757
0.0314954605483163
0.0273379985484757
0.0288714936694231
0.0306356501281236
0.0329009556925045
0.03062426975393
0.0252511360115166
0.0412225113058873
0.034239548362095
0.0280197689610724
0.0288246176712122
0.0259207216336119
0.0342247476995116
0.0378606065119669
0.0254999072952885
0.0258005925314129
0.0382779036851816
0.0441640502237102
0.058315105594425
0.0439985313475572
0.0255010331359929
0.0283435124173047
0.0615863630020092
0.0744013847429635
0.0968568256658933
0.0940515173744808
0.0691702310058329
0.0446126966984807
0.0328582288885879
0.0390797658039707
0.0939570186012844
0.0998209715746363
0.0399214206906692
0.0265965222266254
0.0717818902847958
0.103802260703187
0.0544111449013182
0.0386154886233512
0.0447073940266889
0.0484185879500492
0.0645232281754315
0.0568394375328923
0.0361686548568798
0.0525829986600635
0.0724115453850949
0.10108582653785
0.0796562044615711
0.0501188321944947
0.0520364841069467
0.0453657994916966
0.050535188821562
0.0519199110428829
0.0517244051790964
0.0576058058939007
0.0542891511600182
0.0333271419600299
0.0398814340766313
0.0355923993880847
0.0286318899408001
0.0309850115088392
0.0256478875725638
0.0248717669396521
0.0251665725174628
0.0504738977913307
0.0712495096293234
0.0548019294735488
0.0596760326673553
0.0845448932177206
0.0637001691644449
0.0551762302680973
0.0444848612966388
0.0379932150631856
0.0502462559502968
0.045879422163996
0.0408932571987787
0.0401291557186434
0.0330082000286021
0.0297370457102641
0.0347079934815056
0.0583057868364307
0.0486101097716
0.0420969056449856
0.0503899933386294
0.0434807785632226
0.0396570998074559
0.0366081209960283
0.0410395552627364
0.0405233422817136
0.0369104709305114
0.048979349497131
0.0848715746504842
0.0757278024592436
0.0727286455556802
0.0669861456400999
0.0574480987228706
0.0782913812215756
0.0441105957134987
0.0325878839150933
0.036942077704553
0.0477529903813592
0.0526216302104889
0.0343547997227714
0.0284640269911285
0.0894534987391846
0.101898884678383
0.0631977324186018
0.0519140724920073
0.0287473873090174
0.0325799048787491
0.0317708866633913
0.0368854276622182
0.0468425851130376
0.0505664357770281
0.0697417925490739
0.0542951231021147
0.0451686561211142
0.0597055968095568
0.0790669812677408
0.0885215898911728
0.0733708712974813
0.065947218325497
0.0436326526533905
0.0801233773382805
0.156999808643878
0.155304233169927
0.0867499982394811
0.0683659771315878
0.0703505864291543
0.064221715155323
0.0602823138232559
0.0434765392142307
0.0322055394129387
0.0270375606345424
0.0389855025322162
0.0536806663126146
0.0488805394192475
0.057240771142587
0.0619253492126527
0.0348442606595171
0.0297697644311109
0.0414415997433523
0.0453039445936889
0.0393625693800452
0.0386531880141122
0.0446333534398148
0.0547684004430939
0.0728500536316336
0.0931792502405325
0.0742510194794152
0.0630321518119847
0.0426669969021775
0.0841607421422708
0.127770558252704
0.18749558610411
0.180871477895155
0.059629626990464
0.1107390605149
0.0917771890483403
0.0550868861810522
0.051762489402077
0.0354990779072453
0.0259880004810341
0.0422417202850896
0.0367834761035141
0.0346212292511644
0.03756315539103
0.0485776025784322
0.0737286920812862
0.0606755403475969
0.0449230226145708
0.0299807339442184
0.0279344113749439
0.0452571603683389
0.0473614844693745
0.0521769743433808
0.0535987489879367
0.0432002330134455
0.0375329777015899
0.0376400511896366
0.0540924940895035
0.0739737253322448
0.0915018457171529
0.0922248219632748
0.0781127953877814
0.0602886995031698
0.0501798028622009
0.0773702828626458
0.0876244613067944
0.05785820052342
0.0314017434893888
0.0252011801275478
0.0295995448141615
0.0340557427555959
0.0344623886110703
0.0320936013943271
0.0366270593354951
0.0326050859353106
0.0417583346271983
0.0483457445758494
0.0538139311322624
0.0810391387052402
0.107642761639346
0.0843174833863434
0.0690124124307773
0.0551793322037636
0.0447412511630381
0.0521099964372313
0.0664687672746894
0.0577829751646099
0.0376324124343827
0.0318649096941673
0.0569806812388897
0.081063584097445
0.0774361331104841
0.0357865731530319
0.0317119159396838
0.0840433941852047
0.138315496765715
0.120042463257429
0.107292413010684
0.109683954624889
0.10334707025667
0.0792821793762744
0.0531688677517106
0.0554504879257999
0.0712089336275246
0.0538657099161638
0.055108006757565
0.0576867918133491
0.0430877970812231
0.0397957949338545
0.0450282469258033
0.0440561636283817
0.0498637966936426
0.0565915575381372
0.0468590154156152
0.0570548418182934
0.060171278625869
0.0566649982577277
0.0517138314442207
0.0624373565057904
0.0639715674275808
0.0301242915769322
0.03158302370368
0.0429969151699685
0.0661982340001922
0.0904869985850138
0.0833055381158852
0.0643469427209276
0.0766241839355872
0.083370023191405
0.0687558864020991
0.0498583145311053
0.0298724746840951
0.0489271282133851
0.0688538842264537
0.0668959334907358
0.0495645134090473
0.0452352659394805
0.06841972115648
0.07932969400041
0.072954049022576
0.0479694058438569
0.0226377748939925
0.0304775078324189
0.0372460241401128
0.0356528087602337
0.0430137691067527
0.0355245441122126
0.0561256478233344
0.0551386378812321
0.0297073192042045
0.0266429114885448
0.0471202401037649
0.0394659514601038
0.0266496405315084
0.0329818956720913
0.0389765418050724
0.0335140161163781
0.0411123094995644
0.034246706915547
0.02747591263251
0.0264872216523203
0.0463208247518101
0.0624084339888222
0.0487172480294852
0.0358811511038738
0.0372272724906002
0.051001953124922
0.040671576623126
0.0495444165855181
0.0399262944771785
0.0265972471148286
0.0343308063866845
0.0461505612399618
0.0371643675890857
0.029884538603374
0.0708967205230793
0.0836025938323532
0.0459958946421264
0.0276459011905789
0.0278212759412353
0.0255787195044817
0.0314277706680087
0.0475435520222875
0.0458902625435996
0.0497204287571018
0.0408454522136514
0.0397066713797591
0.0453655972194126
0.0451466574456322
0.0667989539179373
0.0558386345550183
0.0406667709114467
0.0577079970335464
0.0531212892894866
0.0425373151422771
0.0362124104393847
0.0357111156343683
0.0370413034702424
0.0296159015777265
0.0608863779471727
0.0648723460080398
0.0354141145356843
0.0217759567764224
0.0470383978871626
0.0639611625566008
0.0365826656100983
0.0253325771114751
0.0303232371297046
0.0330239521562612
0.0300840597909024
0.0363426088273505
0.0601742081239529
0.0523155253051563
0.0377309322910575
0.0342626429204155
0.0387815338707992
0.0659490453689861
0.0550971216722025
0.0252872844752057
0.0285493160351068
0.0239247660481197
0.036464261446737
0.0419151310779466
0.027853878075281
0.0307877025155468
0.0421935835073268
0.0394105595149187
0.0312852571580831
0.0600002123901179
0.0692944059953146
0.0429848500447802
0.0467707010661614
0.05941590087544
0.0415740702131775
0.0625877689713207
0.0932769078481552
0.109251893609825
0.0916337462967364
0.0400865905301318
0.0527187658420954
0.0506243583211196
0.0304313671564217
0.0212707376943143
0.03748889417053
0.0572688496417287
0.0460161181095866
0.028252380594993
0.0378008640584909
0.0389146324732726
0.0354667178684281
0.0365968982412383
0.0406435791116899
0.0374194562418474
0.037803592471695
0.0843731367098647
0.0755361538387948
0.0377466902202775
0.0505212087106193
0.0540177166708481
0.104778280361738
0.0875570249456732
0.0449612848505245
0.0274332849869424
0.0364008270760662
0.0344740623351573
0.0208803432967244
0.024133479572505
0.0263985670090353
0.0378766902699288
0.0470656639121713
0.0399194604270295
0.0303216025147073
0.0277101095236698
0.0351088147409787
0.0373138007092191
0.0289209394839984
0.0299581764737348
0.0314501261228211
0.0387508434474922
0.043142254493858
0.04387858236347
0.0383355762984657
0.05314917285129
0.0570614105643568
0.0459396987500067
0.0462561180699129
0.0652757370057203
0.0640575709172071
0.0580076312368489
0.0597446620039299
0.0520150087846627
0.0394494591679912
0.0334671835004864
0.037219602345851
0.0466118933342463
0.0450984586539713
0.0477809932455609
0.0496019846426048
0.0280806435124444
0.0249642635577071
0.0589301742043514
0.065773636033673
0.0410209543707901
0.0298165200000885
0.0372270186769088
0.0593218046994711
0.104334580142579
0.120875827613247
0.0974584582203761
0.0787040031727478
0.0404279582641179
0.0509014095235392
0.0478568184352493
0.043330863414191
0.0494311143285335
0.0383387242580133
0.0310538104206496
0.0396150352955632
0.0610590261283734
0.0428516996819479
0.0406690403739241
0.0683926045473314
0.0525069238440668
0.038219130835362
0.0399873411529758
0.0330774033900462
0.0422273474934098
0.053167580466251
0.0508786130828588
0.0692164440097517
0.0769307475007014
0.0679079894473131
0.0427465193338883
0.0281969522193458
0.0380038465247901
0.0798083445925434
0.0844378757082251
0.0384224483628661
0.02578505799125
0.0589038226364823
0.0736909327211628
0.0390038872153958
0.0415770363443042
0.0827773118536701
0.0856663664777153
0.0733106933491213
0.0629924346294061
0.0382340376276869
0.0377203299568844
0.0489197721884007
0.160968172498375
0.238104481984304
0.21280957889788
0.158826918272617
0.144480009945165
0.136364181954858
0.0981593635012053
0.0606746245685287
0.0543500197831075
0.063869303483845
0.0444469774424249
0.0368089120345452
0.0459024810413057
0.0395615640704227
0.0287306373506976
0.0299576512745728
0.031876490660282
0.0464338170763808
0.0841760001507068
0.0710879012352563
0.0730482804174284
0.0660480810305316
0.0387551055060756
0.0389120648273671
0.0302773104057858
0.0321405945196906
0.0305014517999965
0.0425086090800464
0.0575587829868501
0.0585931483647866
0.0590727273927266
0.0577395509493255
0.0522184214895255
0.0409848954853681
0.0512480461388033
0.0514608897336173
0.0296149327493408
0.0318020876315725
0.0384705084366628
0.0333863661658549
0.029969928098226
0.0391066679964961
0.0495079420362117
0.0539789874429021
0.0439977788935302
0.0500999283807185
0.0706119993621123
0.0546442403657521
0.0286438981093927
0.0477645332824869
0.0583575403910695
0.046335869878358
0.0386163181472172
0.05648570715848
0.0924342032693229
0.0910487008402926
0.0675619946429573
0.0496239768182057
0.0374024350507963
0.0410865314681113
0.0375507703430172
0.0374875781035841
0.0413178509392444
0.0481165141495968
0.0452198923828298
0.0327479158813262
0.0210924496625853
0.0294219646888138
0.0460766307191105
0.0496941702090939
0.0496086573787645
0.0384830894819841
0.033911786822468
0.0331020150582863
0.028096679984539
0.0402972572044612
0.0552023900464717
0.0456577383806548
0.0435623299356858
0.0427245986399358
0.0587973996685257
0.05124975013691
0.045216986306369
0.0383860942735541
0.0328983332399258
0.0528391614278117
0.0685387377317081
0.050068091084671
0.0312587890796705
0.0369686381272435
0.0477948395631229
0.0501857393394122
0.0463889878052521
0.0307334282084218
0.0383822116018489
0.0550768317138499
0.0414070102188699
0.0306722166677941
0.0306843706172358
0.0316156968656698
0.0463631254606101
0.0749145688640424
0.0621598363327274
0.0475926773460704
0.049557958006268
0.043389586056338
0.0297404223659665
0.0433429774047449
0.0373047186645645
0.0227901682454963
0.0332689816880707
0.0491807193548586
0.0455753469457193
0.0347012302284138
0.0281206485653785
0.0396769840649013
0.0399317615997761
0.0333122219357529
0.0334713092265771
0.0455125052149375
0.0495697989158246
0.0313834027369013
0.0278277515303586
0.0449826828771704
0.0575642658932938
0.0419527936531851
0.0314964712120412
0.0307898156323942
0.0224330887039378
0.0457167749619629
0.0564648418957905
0.0362224665913301
0.0363792237659564
0.0603098696672863
0.0454764463792872
0.0535912257856167
0.0422849652724126
0.0259811456521392
0.0215564646618004
0.0272747612964008
0.0284126593464506
0.0413126958145298
0.0508873515397918
0.0405721447639237
0.0286501306626341
0.0253405489582327
0.0287390390915661
0.0289504795404697
0.0448218653605408
0.0480803350477955
0.0356931042762038
0.0361990190579183
0.0533899889473437
0.0769988664623532
0.0651736511923655
0.0359405653660554
0.0285976045561753
0.0722268549092007
0.0967929642756818
0.118340837236953
0.110433375665046
0.0676338799279223
0.0516115575332372
0.0523601938450399
0.0478268015523642
0.0409562887703911
0.0543993443237879
0.0518265946832259
0.0348752446636027
0.0273571785614359
0.0446777676864453
0.0535144718558025
0.0450116987272901
0.0561704136409452
0.0627463268313718
0.0564814777524262
0.0424408589424679
0.0289146622011761
0.0324122724624132
0.0425700024382925
0.0460943872969282
0.0473378760849997
0.0790731457193449
0.0971830637337478
0.0859801308485084
0.0798795612682908
0.0691412713781711
0.0575838155914825
0.0560782683207215
0.0499939517335409
0.0534281413477851
0.0342105109693743
0.031838605989466
0.0408429528365074
0.0547781340685343
0.0522397699827715
0.0383496219715817
0.0334146669172931
0.0227015206997918
0.0310434826761984
0.0309341934483085
0.0246063819271573
0.0238571420456846
0.0228970043498341
0.0281569605372096
0.0511647169964766
0.0601983948580418
0.0551850912011086
0.0343581106799235
0.0338730268981009
0.0352759387582536
0.0376968596280261
0.0400410389941696
0.0715711917520884
0.0641331785883389
0.0301846028809345
0.029820706351681
0.0242794981367648
0.0348586120118032
0.0382687165038146
0.0381302132175069
0.0427505104285352
0.0516285663060788
0.0474822935551383
0.0422434006268961
0.0393374452839487
0.0457007073532698
0.0529770430007784
0.047588939013014
0.0267497216458309
0.029647641348894
0.0463391367323526
0.0485604256420397
0.0462748256229477
0.0404465250130777
0.0462355336310007
0.0434405338416645
0.0466687163215127
0.0387337402042111
0.0436091805483381
0.044909940025998
0.0347999279955712
0.0570820408721849
0.055229254574992
0.0416672241671768
0.0330601407594532
0.0252880934665555
0.0252702124773002
0.0391542435153447
0.0555403669437153
0.0534624818819915
0.0409087726561079
0.045196923532021
0.044526059449853
0.0529538271108853
0.0513796802189337
0.0340059426208675
0.0295200199301364
0.0287681811794407
0.0319136553857208
0.0321736650371741
0.05211799316314
0.0660650141139242
0.048227861384295
0.0304244850768039
0.0276078483058996
0.030062456334313
0.0403609915094778
0.0519482490010336
0.048253085469487
0.0594895640508099
0.0666302575080799
0.0527328273062571
0.0418282078641591
0.0265989850492428
0.0405585025072135
0.0451556951704015
0.0331393220658155
0.0203135540791717
0.0328593370206047
0.05829196779606
0.076551940259707
0.0613717245176757
0.0425547765410395
0.0335412904420481
0.0337545490664456
0.061260049893413
0.0708495879419987
0.0435096015916294
0.0353519727441791
0.0285964828114938
0.0317424879638379
0.0324732964024091
0.0301071923839849
0.0268487347571201
0.024519522028888
0.0237313508926753
0.0261887195597499
0.0510111550512804
0.0643328571748572
0.0397485357426393
0.0294018341582279
0.0307863636489397
0.034112486796228
0.0335895192764232
0.0378563256065087
0.0444280695097779
0.042992180927545
0.0322453562176654
0.0242229346016094
0.022716995527142
0.0380129823460573
0.04341157681079
0.0427311377273889
0.0429114011612913
0.0357251567414337
0.0519735926546808
0.0578573296503631
0.033945211478171
0.0349300071452612
0.0347544628280068
0.0522299509040601
0.0642861954189848
0.0489377466814095
0.0341806055327021
0.0407726262968235
0.0488912440186618
0.0520543634916724
0.0486262874716327
0.0457221930288766
0.0536020924212153
0.0492830754151975
0.0538523655917945
0.0519627762453012
0.0403022420292447
0.0452399226442047
0.0582608410752797
0.0498105164039927
0.0307727477870871
0.0429467001069857
0.0425382265726873
0.0691809096353393
0.0892148415546906
0.0692746520809762
0.0476734707761047
0.0486028000621866
0.0605735309901393
0.0607679891251494
0.0431214812955374
0.0276095434052609
0.0418326300036527
0.0591155723247432
0.0463619282836244
0.0208564705839433
0.0154994144512207
0.0235094441965885
0.0325982144373407
0.0386532853934225
0.039274667440424
0.0309862629331666
0.0310565644823064
0.0327611924230476
0.03626645340026
0.0363235636138779
0.0367002223871276
0.0424333522431892
0.0646423696927223
0.0569398356594581
0.0292188254410106
0.0342232038049693
0.0511745167671617
0.054430793299536
0.0727640412387951
0.0621816654466342
0.0276856940570416
0.0307671803807276
0.0376939667073014
0.0350320472991319
0.0450810399882209
0.0469984052203921
0.0469913836640824
0.0391695027552687
0.0427318751837586
0.0507817471062077
0.0518633639508069
0.0406139881857054
0.0323777679503156
0.0327130455122557
0.0456542786751926
0.0555215582928025
0.0463823367529969
0.0351015708493721
0.0451666128614481
0.0644002546499651
0.0532613509636053
0.0421770729293485
0.0456570778818867
0.0555412585943694
0.0428812572608113
0.0390011829992696
0.0364058855277461
0.0563067698892905
0.0757479506034505
0.0833221817870671
0.0736496353438438
0.0385149331718547
0.039892270790443
0.0426137373689652
0.0370956086676037
0.0321184992986125
0.0293454691467776
0.0578271882569953
0.0745994249605163
0.0824644174894404
0.0718848285462711
0.0395469969506413
0.0440216538896915
0.054842438670845
0.041971787226179
0.0282618017870295
0.0240825114143314
0.0513066009987274
0.10244676885536
0.0899602231851671
0.0456905943268894
0.0399842335455175
0.0526001673692641
0.100467986725872
0.111043373634995
0.0719785346442726
0.044463420737179
0.0291896387843726
0.0372111044273151
0.0543433463834715
0.0618448354245438
0.0404991498469943
0.0247929127238567
0.0354799043793935
0.0326061487414827
0.032976964987396
0.0446752709621268
0.0400735945842609
0.0322950666012916
0.039050194456423
0.0550998667034611
0.173021875540898
0.207633580341576
0.196475541032953
0.174989483681025
0.112504616101577
0.0937600891193416
0.0731921820605036
0.0720152733093158
0.0590081550351282
0.048560321252817
0.046176348092386
0.0469697781956337
0.0433103184310534
0.0307970281976672
0.024739890040299
0.0435720982215234
0.055422340570641
0.059847241948024
0.0470070295202743
0.0325389692690468
0.0483784178355803
0.0737666349986032
0.0632751141208119
0.0421602182413002
0.0589285931746188
0.0768396434873307
0.121205968894816
0.111704718937106
0.0849558063041593
0.10592564723905
0.111906713032291
0.0933958875958912
0.0476542275181812
0.0282014246181836
0.0306526406745706
0.0356671400864998
0.0349989950585328
0.0399930489722624
0.0343193518635636
0.0302767215754382
0.0290358316635669
0.0254437062910593
0.0343685467289999
0.0623377624538244
0.0525880014287468
0.0420027933147884
0.0565145343349923
0.0465118810386317
0.036323596687763
0.0286429542225342
0.0209343818409199
0.0494017722236783
0.0673644134160629
0.095747258893046
0.0967273363916779
0.0505668416582546
0.0405427503023879
0.0436516194697497
0.0488946440787623
0.0664780832722049
0.0651443031192229
0.0441870332610432
0.0537412376065966
0.0573361472299133
0.0477810601302347
0.0458134297812082
0.0353154377207632
0.0366927449631042
0.0413777063960632
0.0375671437338561
0.0318483603753107
0.0382956737329451
0.0502134936076799
0.0500424740471201
0.0303918538487788
0.034396625373502
0.0451970823983233
0.0384508794737929
0.0304951237888279
0.0342143817613626
0.0293683402275541
0.0192229839719617
0.0226270012002115
0.029457086148024
0.0426966009838454
0.0460905010076229
0.0361188144326267
0.0335570364096126
0.0339284706034736
0.0417800559300027
0.0512554958105283
0.066033080719904
0.516228855476873
0.459822090946738
0.168658845811894
0.168525949450523
0.144790959630223
0.123933804699203
0.12517912364838
0.0787519415470987
0.0704375803563368
0.0598737427046122
0.0511925783323934
0.0331989519267282
0.037872224969784
0.0546405487653469
0.0440486623592939
0.0349699709510068
0.0342664123337636
0.0392792921260569
0.0391336490820954
0.0428774484924902
0.0667719036077681
0.0967270130915644
0.0613532690410655
0.0362635759541103
0.0385679968411519
0.0615640823917375
0.0797737669093791
0.0687358204782621
0.0519162200297146
0.0646840591658843
0.0679957562434294
0.06912675878882
0.0660147674733117
0.0600354758714066
0.0633944680244835
0.0576912306193557
0.0524092093069233
0.0475709101415305
0.0499372831535719
0.0807290853638048
0.0767889130652624
0.0406147157388268
0.0365918230200655
0.0433207842905657
0.0573232621721528
0.0547551152739142
0.0411872291741648
0.0378841228134327
0.116150550529182
0.164389385748472
0.092624560902418
0.0511913256933474
0.0445802899233538
0.0863546060364264
0.0714239626016066
0.0531619209159659
0.0607378831344982
0.0607782938316773
0.0554055132059266
0.0861915305945464
0.0820574540213079
0.06631666790339
0.0784628805884807
0.0517651350716264
0.0496920280255638
0.0580844764261916
0.0453328974254343
0.037219138505628
0.0338476763357961
0.0444505463502672
0.0471325739730411
0.0441124746956987
0.0390726580900554
0.0548684738420135
0.0518533229180184
0.0432022264586756
0.0324915305969289
0.0323533786431437
0.0533006658549473
0.0533896024005716
0.0531602527614229
0.044762661254047
0.0488881659323318
0.0492797458372554
0.04561121229264
0.0350009813060803
0.0334456961451491
0.0317089765825661
0.0482401312712905
0.0555424268295426
0.0328957497743603
0.0245697159620933
0.0314169521343296
0.0539217285960113
0.0550108065140429
0.0348210535789659
0.0372491777661513
0.062912721953212
0.0626797599761449
0.0470983321531316
0.0833823637975038
0.137714036202309
0.11810198395171
0.0380917987308525
0.053387838596967
0.065290453122938
0.0446289881886724
0.0314831939698525
0.0429615922399932
0.0391584978839131
0.0433998488383606
0.0414486781202904
0.0333141956943352
0.0353682106083145
0.0263706254644617
0.0344269458726071
0.0345450897790488
0.0473574896185378
0.0608072250775599
0.0515652441961118
0.0584516648364681
0.0659434341300761
0.0669421223829915
0.0699205494735077
0.0493990787559186
0.0305106052598301
0.0315297573589519
0.0381112705086485
0.0418669245484894
0.0478807011394028
0.0435037991566752
0.0332162486499477
0.0520899027929147
0.0486720313084944
0.0365006388608395
0.0340339504219796
0.0298254600640842
0.0249678274714501
0.0398836508786503
0.0437566127776884
0.0369368182657814
0.0535027324225439
0.045969293377939
0.0324530967956646
0.0304256409055667
0.0437067442275021
0.0529822038257026
0.0651752263104688
0.0445872674395808
0.0410035396464329
0.0591659435444577
0.0904728760742717
0.115944151223031
0.103884731256257
0.0647200822522533
0.0582975236567589
0.0416051993153607
0.0339617722706838
0.0637795336149115
0.0929858992789914
0.148123517136984
0.156988960195942
0.119243147177271
0.122076636125908
0.106906533878109
0.0783103355875805
0.0821418679801906
0.0966548779807381
0.107986216512075
0.0746501345335005
0.0729823212038666
0.0690756821309348
0.0831441918475375
0.0515130518949281
0.0373579499969888
0.0223745924755002
0.0291359016994316
0.0484735508433553
0.0828687742212705
0.0693759654146219
0.0345963214372658
0.0377668854883415
0.0426613844497849
0.0532825944550711
0.0344447202665139
0.0350487231551605
0.035311356378039
