1.85895279871436
1.61827039304781
3.04437969876335
4.73487691527982
5.47309953770075
1.60958605834375
0.961001656349479
1.71860688641529
2.1567940721448
1.44482481121837
0.761485332215714
0.601630207959857
0.83790654008644
1.02023828858506
1.22993296201153
1.76033515510972
1.96462611841387
1.76745297867841
2.72605638767475
3.73510657455771
5.6662932271051
5.65342425618014
2.69713486338149
1.71199445907941
1.09558942073472
1.0380236078721
1.59324071095733
2.50103199202794
2.44292468179149
1.62442402947516
1.64214532774396
1.2888643890256
0.80144217075731
1.26263013407388
1.07704982881014
1.08655542001896
1.66626244800112
1.87218526534637
2.04049869084002
1.95160171299866
2.05381649659455
0.875884634505882
0.617256416108554
0.68896089635556
1.01642589461688
1.53964554147439
1.88006415114361
1.59661132086954
3.2020329506317
3.51680474883315
2.13006837305267
1.79288698479516
1.05506616411339
0.700121461034934
0.680421239409791
0.745780100696898
0.711503445309453
0.60425646442256
1.1516168590785
1.72965577598691
1.00766567929659
0.809512613243841
1.38354697945731
1.67235580941885
1.73887747508297
1.54852863757796
1.73865890392069
1.46184586215673
0.861871492741899
1.03526082531867
1.12915129149594
0.660275196627228
0.713693695762538
0.723425888894896
0.802853117555551
0.892799662395287
1.09968837678321
1.06662513701237
2.28201791684198
2.28347708990601
2.31104882663064
2.13809685020632
1.73357214469821
2.37558188212471
3.86014189265119
4.50370860953498
4.15249097895761
2.54824129647025
2.51820232445957
1.83218406133625
2.31055065891987
2.73300396481981
1.8513984167228
1.71574235165627
1.13612765460035
0.961194329583871
1.33974606061088
1.12887779129779
0.60688889304535
0.687772330170947
1.02619196463536
1.7158143400433
2.11836295739952
2.57190908772439
2.38036853377152
2.97822467517381
2.87142032199141
1.84729396434969
1.53756278391124
1.38275159722592
0.779967944466398
2.3402662991431
2.30883387951068
1.33637046560548
1.14532854821596
1.27369483720726
1.23444831556022
1.3441495747337
1.45803937493768
1.23985652798495
1.50225329951475
1.23301109565239
1.34688359912492
1.51127597933729
1.14352579139286
1.78035321353131
1.77809924741156
1.5903088082676
1.50389063787331
1.76634012238881
1.48024508122097
0.917623885827895
1.07860700272098
1.40771012682099
2.56222461618733
3.5998760614261
2.23361869706493
1.4011677931229
1.11192461247754
0.763984603389751
1.73058925754869
2.11699651863061
1.3457902556596
0.684281627909577
0.654410067503183
0.826418003662114
0.827414417280846
1.12213728902162
1.12738966188227
1.18248352951837
0.844971776600272
1.81145734323672
1.3444661672459
1.20540289467113
1.45184552622488
1.23743946742272
0.742229295914439
1.01018222068951
0.901219361545921
1.26841294355318
0.987170548702798
1.36334000319635
2.67720747678184
2.3685733275446
1.5548549366874
1.48383936567862
0.789767341030041
1.09377318271114
1.82747254911019
1.65151990761478
0.785822314202452
0.504550437695034
0.806061670211531
0.983331344122962
0.971290803328067
1.79406563282375
2.88500304773276
2.34931652578989
1.51673276096614
1.12277422881302
1.46673176052367
1.65341344188275
0.694688776714997
0.960713704745478
1.11388034093195
1.30734729712002
4.98545965012846
5.44239634153517
3.23000213737638
2.79295748385364
2.5553589013455
1.08586255640734
0.965275912553797
1.38199645828507
1.48731523518819
1.1040516701652
1.19576972342979
1.66145274457814
2.38094534189505
2.22337996827219
1.49222875041793
1.5698500443245
0.933704634451041
0.558409045796828
1.14521971141029
0.999687626174821
0.595505390335464
2.16384705451366
2.17122074466808
1.02272961593928
1.14698153638002
1.39117722174594
1.26853775983698
2.51995624291718
2.30563723106373
0.899477998257519
1.32069996367279
0.954626893379772
1.01907169702142
1.22532462671755
1.08601300546231
1.11709504372254
1.04847759390741
1.18262856726512
2.06816488740446
2.22397253104144
1.40038008627281
0.812524297453538
0.507618693874404
0.988579273716055
1.3076569392347
1.18951072807607
0.794663099792646
0.997956132726661
2.2420354404762
2.52631396949352
0.926426260166627
0.871982787988313
1.03891385680136
0.899290075129408
0.744349203709048
0.624684005339225
1.30980530651454
1.8936767565976
1.44663551213382
0.745625064119953
0.745026334879754
1.45996419877599
1.33900409250217
0.738457670730443
0.669196779106361
1.06024668231173
1.1743999760532
1.05700357312446
1.52066700648931
1.73256604557167
1.79525001180213
1.27527283685822
0.632789407024046
0.580782066088027
0.626093555504997
0.922476883850101
0.882250341868801
0.752684638602918
0.873553095406089
1.01139510023143
1.02002511032669
1.39500054299371
1.12754518058145
0.9198932790585
0.566151675597951
1.37755886719484
1.6318762277746
1.15906697397312
1.16492025388796
1.26653891109828
1.47288864823865
1.647537725315
2.12553014321525
1.83681133637956
1.23408851494548
1.22325107142717
0.725561797731255
0.603283697044491
0.632103435819999
1.21361524883166
0.85979885952525
0.530319874490999
0.80962523557123
1.07823427647704
0.680371761439843
1.05356436991685
2.71746739311938
3.1330286336468
1.84478882489325
1.17038933010079
1.48113922287657
1.62055314091311
0.873800297705785
1.08768020365658
1.01157097533985
0.890465789782074
1.51920326432325
1.24803810227513
0.728510360311691
0.939744399727002
1.22998255588136
1.13180741485657
1.10725611997588
0.534402979467679
0.51655786097667
0.543006454609585
1.08317504371758
1.18720231515462
0.571949721175208
1.50846449029498
2.29863548059902
1.8889180480542
0.87150120097012
1.45055602319872
1.12053583728391
1.18580463389801
2.34376544254708
3.4683041028722
1.86169477559742
1.15224190513271
1.26557509952136
1.30800028634349
0.992316312927749
0.842951400169409
1.23284669142966
1.71662884683394
2.49961923753815
1.85171493471584
1.06637106256399
0.746424921063969
0.952623649636523
0.878336611235087
1.62139330885095
0.895008301477221
2.23423472111905
1.76138408731812
0.885512235190157
1.8075182323758
1.92853106419033
0.990201828600747
1.34978049776547
1.42551328288293
0.639839279402349
0.420715830837524
0.896083957159119
2.07056993293449
2.41378766893798
1.17986208531486
0.953739257775901
0.859446377883161
0.716821840610233
1.32728737872668
1.70369612351889
1.73818558890275
1.45204445438165
0.705079137429216
1.03968556112864
0.985316139386424
1.05645829464719
1.17725889187724
1.50961380828595
1.25178821425765
1.1915085482412
1.15743089784903
0.823394787542905
0.931888444773039
1.62930460888236
1.77559005814686
1.07814989710026
0.888064577052976
0.639975063813035
0.513091013892079
0.652827579077476
0.801121608160799
0.569085169269394
0.498114518371677
0.461454712224981
0.599934195653359
0.690135675423801
0.478124726024488
0.527013280116119
0.761245176288202
1.217832658834
1.52143000482953
0.974445117730518
1.22803776246629
0.740043005759551
0.61592352398427
1.00992024491791
0.905154165507177
0.744721506614219
1.4491075397572
1.9843509705536
1.62213102522526
0.97588461409126
0.773530596952892
0.633456912270745
0.730789643894711
1.29779580197507
1.40191415448703
1.13241459817247
1.05515429966842
1.21522094180272
1.10082314985679
1.1564777209149
1.3850132913237
1.1209032777097
1.13411974006954
1.24284125941352
1.57338636510621
1.40361687224465
0.688641203894538
0.756536059199485
0.61464577049391
0.646392326307471
1.00593892320799
1.82954877827715
1.25852254630504
1.08342116662993
1.28698399169929
1.08560661223365
2.21124738079342
1.94471535483518
0.83174635063513
0.610613715274732
1.1905015138144
1.25248245125288
0.753811510505808
1.15017498059126
1.12334254369763
0.697059817715701
0.966843081199438
1.14201649720227
1.18255606887995
1.13528912353909
0.56709139448469
0.637997426223126
1.13199036511115
2.03759593543776
1.36734301159042
0.666556361326309
0.945126738380338
1.25875633620813
0.677575219296354
0.695799179431707
0.511411072477653
0.621989243056943
1.19277993076434
0.840609512314438
0.673472433015016
0.876903794299403
1.02127107626685
0.965893129254021
0.619922128047986
0.694486813536812
1.14357948079907
1.23947663079659
0.574167496623039
0.689198037954716
0.877984000769083
1.39092164444655
1.74313315214311
0.91905259076788
0.774907580838688
0.510448012162309
0.539165876227322
1.16633833703819
1.12290557437864
1.02661544384945
0.802725069626315
0.66152052267646
0.699917270567078
0.612119737648712
1.00588395389463
1.55918547392793
1.935167367592
1.11751508846759
1.61632985904279
1.51100110008423
1.31251326266793
2.93355874175693
3.46300605854501
2.10451266192099
1.2146070708612
1.08628142196229
1.17993103790394
1.59732667959781
1.51944252489675
0.819868708356768
0.94376631294478
0.757079392089996
1.09940191559659
0.85058235193363
0.781864361840477
1.30475489824485
1.19138194240634
0.693907017318581
0.760094822739125
1.6830959752347
1.66016054205998
1.06080125110777
1.13762571049861
1.11379405644909
1.00571958503362
1.55810098858336
1.67956133146356
0.871628847956932
0.601285536359245
0.671519092175189
0.616169046146662
0.827497243274817
1.38905129958068
1.01968907925465
1.01751691915309
1.17411654504345
0.765196634627625
0.482094862673374
0.516090520530103
0.604695741454693
0.502526312332873
0.746634992620252
1.04713756869591
0.946755021727131
0.973449910442804
0.943249945431158
0.678174821651054
0.897343611660176
1.19389295592991
1.103274609948
0.475771864768179
0.522751351907658
0.670672525722408
1.60056396837979
0.904291188121626
0.812317919069965
1.32802310838979
1.02362792033786
1.12927959851064
1.11718430837028
1.14977842353758
0.549532034225215
0.938388397137061
1.41891191313108
1.43303924427568
0.807519046513469
1.0364537615329
1.82297693769274
1.28828712378425
1.35952056247411
2.42057299571433
2.05331891786478
1.78892111882723
1.28539119856826
0.989312635081053
1.55284298386185
1.50373673110212
1.32850253022423
1.7033218687135
3.71963591053209
1.30965607759117
1.79584465401286
2.63389219058781
4.44902062214285
3.42621907409214
1.18337763025237
1.18156428070181
0.88937404336571
1.36347725460664
1.78266199595816
1.50349735792508
0.998324753440317
0.988126979242139
0.849434271083789
1.21925837149912
1.17816653930139
0.660621622892901
1.03728156451467
1.59537825126428
1.24905804555843
1.50218741673221
1.49839511826701
1.21122472854719
0.801422587573419
0.628518499278742
1.00294618531258
0.975127024553641
0.940905681785112
0.802982885882782
0.890768168137936
0.778661394072635
0.644787314196801
0.900480571114851
1.02445770656467
0.820887352122586
1.49448738294505
1.99924609597873
0.759284222778402
0.485514429632418
0.433482126220356
0.533434439358434
0.941053101159243
0.88390936884431
0.698648312539945
0.571757944270298
1.1677647939699
1.11388638709298
0.713852728647083
0.942282611785515
1.39460899393658
1.41880435272299
1.00668504721411
1.03642489217609
0.926387851440874
0.50207073374096
0.885008358004032
1.14590559516166
0.876719876841095
0.52803918672265
0.664273038536893
0.853446934460236
1.13364265368267
0.887669943164345
0.951995914200955
1.65476592497367
2.05198208852246
4.02650281758982
4.53845300048636
1.98841579596115
0.994850141383104
1.69882298455165
1.6966879175859
1.20071000162634
1.52834576772072
1.4934053302864
1.18393405538555
1.34689903603788
1.26497594666908
1.88387020621668
1.81412949743984
1.88529979691529
1.43122517341467
0.8637282520761
0.752089798337859
0.890310340242803
0.910179223574302
0.651810048800326
1.14530527324998
0.88993632785868
1.16507335096622
1.60960399664431
0.877131360618163
1.76678633229519
2.79933540628208
1.19894343951674
0.729705211534529
1.6906082125933
1.7950994403372
1.23566696428922
0.885771349938332
0.738285730236929
0.833586753250061
0.905715051161173
0.479423679289352
0.694151121462026
0.924810565474011
1.6866348319516
2.16953066154986
0.999873039854596
1.1227948000909
1.11727180709434
1.57485102534981
2.31732944618655
1.62692611688506
0.543135829705667
0.500365758516835
0.755707664439476
0.728002888063908
0.947627479246206
0.725873448691258
1.20870922660121
1.77160622902319
1.82629314917135
1.01023508248531
1.10271024011084
1.86365243664493
2.11510227296719
1.07164538999573
0.842099348017271
1.37274782493474
1.01771061617114
0.728368119906301
1.05758080226708
1.275654173759
0.869389734981
0.698514693573113
0.866510845802685
0.747781283423649
0.768658096149812
0.620090104307938
0.623985047934538
0.606064315346053
0.994777516918265
0.957654574730477
0.849100691494738
0.510466649069839
0.491138457903128
0.623028876441897
0.857892564458618
2.5700868695041
2.66239965871946
0.71445114811253
0.683493551648184
0.898186469913029
0.843498150584033
0.735846548850115
1.29098971798798
1.04690431819348
1.03186835619674
0.850774050262284
1.73329946097605
1.41923377417078
0.903962736392626
0.947374375879676
1.31275959207969
1.92317155878884
2.20080664292963
1.28418436066825
1.08003432439379
0.941238905938253
0.933824824461352
1.05656866318273
1.71531839931185
2.02250413664679
1.27252544475348
0.766898849821527
1.14824876425111
1.04858805816815
0.667905026029199
0.615347902784455
0.71547519973019
1.7389478687506
2.67648874206956
2.15260356118421
0.89003625224584
0.835006850293527
1.13259371116747
0.862227092653713
0.555542855270037
0.659194521482032
0.631123996066648
1.86151510141636
0.843392166370959
0.65264483244607
0.83222993210706
2.37437218596636
2.73722337915694
1.02917310218505
0.633005984580918
0.549050717901294
0.699867163289535
1.13675066360824
1.16619034400075
1.4420967323192
2.18758806615888
1.56321386079222
0.989817657646081
1.02112806509291
0.839970004627009
1.28185026114437
2.08736476614638
2.69643844623592
2.29835639291151
2.3878428584552
2.57584240380785
1.52362025728267
1.37394606060257
2.09077308573186
1.79360502763101
0.868944249947785
0.841876470112916
2.03270800194927
2.04615719131908
1.49223103919463
1.44573199036263
1.23781043076722
2.14159799165353
1.55968784040503
0.778969680283475
0.775186923425206
0.633478472549548
0.749847454268522
0.786992269283565
0.592873844677692
0.641121525139027
0.540381122935917
0.815350333912885
0.60634305349169
0.432065320537877
0.72251830342512
0.743381948773258
1.09369070709607
1.58719735708185
1.1833462673114
0.779294936567961
0.605774735198166
1.10293261052419
1.37332337548636
0.785870528491035
0.8956630050769
0.971584948764414
1.85788069747459
2.25423473077683
2.62196242501746
2.37535722559528
1.34671803639539
1.84092123185359
1.19042548180648
1.00224923306151
1.63002028348618
2.13809298647024
1.74323830001821
2.01888021020893
1.60154504187016
1.21608378528938
0.978336992027265
1.49512121478719
2.10971370577699
1.75364225613992
1.28246000716144
1.11902985510645
1.41751384857228
1.7816663936295
1.2362427393998
0.819703763842597
0.862073145992325
0.529224956192109
0.439429108970718
0.77589332971897
1.52366267405359
1.29673588176239
0.901646408035404
0.602256547634422
1.43262532871548
1.86496980471722
1.61231385205154
1.03690157865912
1.49800514402861
1.52238525581115
1.22777113602067
1.00753467451945
1.01844161921705
1.72031762705008
2.23844408287229
1.40723365019328
0.742030915541426
0.967922061367475
0.890452725335461
0.411988808906131
0.50150958085555
0.680323288909947
1.23353290993247
2.08168296045327
1.31204141523398
0.969548092991215
1.16283733011959
1.24229138171917
1.65939709000992
2.16623976289525
1.6548097007859
0.657414106861114
0.593675809713379
1.3217679947368
2.37518018815529
1.45821288482171
0.75694177481855
0.956603948329467
1.25900208173345
1.11073812822528
1.05684436019371
1.47916713938301
1.38058211379987
0.749622679049851
0.633776811066522
0.935690312173499
1.06540774351329
1.17489963164547
0.847252689937323
1.5900794691338
1.7728644186825
0.890113260302888
0.794842762959984
1.16278356060754
0.881564145513048
0.899321636641502
0.619363576680633
0.560821321920892
0.851039452935462
1.25969847705026
1.02624003314046
1.07955343617994
0.715448202007942
0.714898415040441
0.988964057230206
1.04495461399128
0.815393201407455
0.568954034256141
0.672863590927242
0.568026713489313
0.552108567452946
1.38520478361265
1.85827996730602
1.4216114664026
1.75554969277526
1.14596226548174
1.81095040076127
1.24293755628282
1.5840602419914
1.7894175600348
1.18307370126972
1.83955603877557
2.53701630967889
2.62333620477639
1.81654367821841
0.878656486805322
0.919697560261461
0.624052817246212
0.737420772126245
1.26846372028011
1.85025804369714
2.44011222885864
1.65346088185877
1.73269926918241
1.55218293091097
1.1656919113465
1.97437407285093
1.38649061966653
0.648895921246496
1.16946121095372
1.32845948509658
0.791090032868485
3.41318190037284
3.96489705542772
1.40339446905392
1.10586851471901
0.477061720875091
0.541901089145814
0.906832033946878
1.15271660815074
0.734214632804785
1.45082946349113
2.1723847085287
1.5637091222792
0.718250526632073
1.41169995367776
2.61299865776328
2.37809528127271
0.992103242262391
0.589925858160627
0.767750823175697
1.39896271043994
2.1303369170833
2.58658391107479
1.75833780072288
1.29097142330576
1.07006102558962
0.924308367062174
0.872244259644715
0.43764791505942
0.736022053917184
1.50978672506876
3.57837074279054
8.11171087003345
3.74835621152581
1.44287410522689
1.01911645467232
0.66712601892494
0.49581616801762
0.541919175675918
0.692402116324156
0.809414693669924
1.24883692729274
0.94691690159735
1.36296849433047
1.74261290228381
1.26955084787425
0.655188046222734
0.927132871006401
0.776410767416317
0.667447089704547
0.802429763556612
0.896849553687581
2.20283749791766
2.90873074420296
1.90448433094805
1.00968303346183
1.12918980392372
0.966281930628738
1.19814622653775
4.59385711110224
2.5565615829994
1.41982780029628
0.565343093105055
0.928270729848185
1.1073267582955
0.832667613447725
0.935155052700101
1.24571999907551
1.50547022490081
1.3196030969689
1.3337584857128
1.48934521745496
2.0636410337809
2.29024720979784
1.45183656228291
1.5813820951821
1.88942230327891
1.38334492726376
1.28805591520394
2.5349275453548
2.49371346710513
1.19021477987398
0.872151697525699
0.661241281342632
0.855309838412101
1.3760304254011
2.37651165313551
2.54276145244861
1.58235673107755
0.915736420133608
0.651689713030708
0.559610850267319
0.614095581005267
0.714915216922501
1.68815541550341
2.98310472810755
2.50094410541808
1.31234340277446
0.984101324497816
0.690826324003111
0.728573907012287
0.993395361021964
1.00266765953982
1.14385660333591
1.07978146268667
0.760908924880872
0.609310235364962
0.996559725679298
1.38841875954009
1.67463517159646
1.55938795564271
0.734627304620437
0.571001247657818
0.682981224705293
0.619026989824802
0.597311649240518
0.51320063165603
0.369426494257244
0.869886641984609
1.02729624618365
1.31677200302774
2.18767874288905
2.71808438847399
1.38075697856372
1.85977339552109
3.12035090087251
4.92869322729756
3.7234094037737
3.19756258673174
2.04892323830727
5.89553024485661
9.28625307608908
2.9051730530796
2.72685018891065
1.50385182634517
2.00620321430779
1.82657623770582
2.83860933843353
4.43555469694515
3.869119101308
1.65538447987126
2.18107750392269
2.06389657033714
1.22315879088351
1.04645710699437
0.955184985689398
1.44213186998076
3.35012871411505
2.96108395444075
1.18649664464127
0.814307351170828
1.23335898904319
1.18573404281102
0.809927305233673
0.962135861737154
1.76202681377931
2.03719953955248
1.19863327054738
1.1638192122087
0.825416939966745
0.622486513623431
0.667028813265136
0.392634592092561
0.572432439598844
2.05433582029104
2.06137657527573
1.01859104390717
0.858319291473779
0.538149815289448
0.529860598980807
0.56149110564482
0.347217821177747
0.354051229235996
0.567765198682031
0.649026017137463
0.519940117987181
0.589928746777504
0.714083162677437
1.9361128765996
1.57923414142713
0.712364781709137
1.57064715301042
2.94527525435275
3.60574160859844
2.3407421677739
1.15460882254268
0.817156054634529
0.816094243652659
0.696285657071537
1.30047729686702
1.474485365012
0.926941914036719
1.11061299725582
0.794504135054565
0.797084008114269
0.937535471097962
0.904837104859423
0.694812772842302
0.711124914101406
0.591219974768145
0.555138906597605
0.543258194285639
1.32435868141928
1.72369898433873
0.927639366327261
0.625995160937293
0.316590302287128
0.789690515965257
2.73615603387611
2.63138056973791
1.38226400754488
1.55044370866281
1.46961788589046
1.04322693434825
0.767423582710646
0.831809981868457
1.22185781327888
1.03507682004547
0.686094365009284
0.428819324756284
0.60271327239899
0.574140292761121
0.511209996584567
0.833662817963774
1.11644512178075
0.942052896796361
0.841799805394636
1.08655072887402
0.877539692920536
0.799515944137453
0.686830104920715
0.788634778553397
1.04036752796439
1.16033977141673
1.0766317917876
1.93419201712284
2.54692429141025
2.6297503609233
2.13929460200745
1.20357928386876
1.26827040097472
1.19563029092514
0.839271956222434
0.772041798751806
0.973520428391061
1.03967157532174
0.611194549224805
0.517277107957383
0.639635084457662
0.852153412794982
1.05910334350971
1.11509086271413
2.14773929192154
1.93120822413656
1.17527692789915
1.16010443693361
3.27961006750019
3.5953399029421
0.679434832578257
0.342068322077631
0.597618384177256
0.758325201957436
0.760708390372816
1.5448540758226
2.09795201725366
1.55922851005427
1.19299610882475
1.11180062327605
0.735963646744555
1.37349134216672
2.66324928552914
2.0505602954288
1.31103152406469
1.5018828474996
1.1877937871257
1.23047066983517
1.11815601534859
0.955515421681996
0.666318593022742
1.03598754109759
1.06733866082297
0.686533602443373
0.620765907458432
0.678206771496007
0.648720122883011
0.649284033457006
0.832293789010113
1.15611066287714
0.911742732624557
1.33462710553289
1.28573360969284
0.637100406159959
0.492423720852623
0.712284299413125
1.04947897589755
1.53176561692125
2.9299260733814
1.2947900454449
0.716136533797293
0.747164547744333
0.734390477133365
0.919648073452381
1.2047959742855
0.767781848827183
0.433118290764515
0.807324301229339
1.08731146787961
0.703463398578419
0.562794137066612
0.537304426201331
0.837376833597622
1.02778334940934
0.821290431910457
0.974975103594479
1.15647585402107
0.852769152292566
0.998897375436787
1.02123444596283
1.32011432644795
1.38799022744377
1.5602784417929
1.89686237038423
1.21418738961725
1.64172853201885
1.22666445141602
1.14755276437474
0.851816198575885
0.819415581223944
0.929352093555254
1.02923538293746
1.14795397879442
0.856136467700402
0.80925239869426
0.981959215923067
1.05763065264861
1.17043872521144
0.979493113261259
1.18998545548385
1.10175838345852
1.07210860639415
1.08040756643531
2.23832923597378
2.5922137355478
2.08565280876611
1.19071983562775
1.62982847204015
1.25027534702847
0.939725144198642
1.1701921592256
1.23563525678861
1.17986087406521
1.21873621520075
0.906447112235162
1.05805971511775
0.921786358434815
0.552051969507409
0.717333194571181
0.81282587092861
0.577238667223798
0.627939101493023
0.644663248481726
1.76595293804451
2.61659376583037
1.78626577984206
2.23425089311315
1.40502084040225
0.811376041913664
0.751511892874396
1.39365438870146
1.52523720908522
1.42781008403308
1.30853457802276
0.888273116552536
1.16494119635569
1.61059403276263
1.18934054429334
0.668011192814704
1.07946396684814
2.31418539806405
2.86453224654721
1.66235249114851
2.20353566607758
1.53530491748532
0.857541483084163
0.971401762128772
0.701957408920576
0.625819237060987
0.516828271450512
1.01781948254403
1.42716082403601
2.39547764586628
2.97611184630256
2.40157780418583
1.89093773935187
1.05253103060735
1.59642081389214
1.68478007709231
0.82093010114187
2.2081102453824
2.24844120881541
1.08984870060478
1.31479930654944
1.05205957184502
1.18829199263518
1.2418666432922
0.804167977448598
0.820572150279935
0.743049770912343
0.955463758112718
1.46817048788665
1.54798360405596
1.43607117552033
1.24830945316443
1.24532127734556
1.55271454074764
1.20906914047716
1.04227146168417
0.936824613857831
1.18450609577407
1.80751071212586
1.27130464044303
1.15304056518788
1.46533876193524
1.26359107162401
1.37233866804459
1.00011657742571
0.907974921233908
1.14025489934488
1.28183751689327
0.911320963496094
0.67696570881915
0.896355271771205
1.06429982329099
0.996227023563604
1.12577601280833
1.2635713457094
0.778687914749081
1.47674910756187
1.75439192187411
1.663061915955
1.52198424155211
0.910228596645373
0.883363054219091
1.3550040773063
1.71519786632622
1.2143675777363
0.649570323641969
0.791453090802321
1.29862602534299
2.84452558842904
2.82182537425673
1.2856144867159
1.09421677569527
1.45356694469227
1.42598247408243
1.50886194373383
1.53833987912312
1.54032822584558
1.21084656765007
1.16173973659455
0.874248940895996
1.0228492401027
1.40200664426781
0.840200828974497
1.66180379176469
1.93384802487883
1.09050700837169
1.03959054786592
0.72961008377224
0.971659589758818
1.49030401648559
1.06454487624353
1.09752502012999
1.58768244053467
1.51378879066309
1.39848508332289
1.82025373396567
2.77459402012079
1.77043521870081
1.23753819687766
1.22800763376042
1.027901868711
1.77540968099469
1.58046042503417
1.11642986249452
0.943187373628336
1.38005611687532
2.47349560980398
1.67811674906982
1.04032567076611
0.923461004793615
0.922254579920948
1.23932581330663
1.33026725627731
0.917951280442166
1.01593661651535
0.835785839241052
1.09522577071014
1.66481821361197
1.75218709056177
1.70306662977077
1.04074801872484
1.36863313216368
1.882173405028
1.63620450855028
1.66100903570274
1.72621626357567
1.21052164946994
2.15564585910614
1.44412202730717
1.23102938736752
1.2093922850495
0.889555273696923
0.870592459154436
0.736850566874586
1.16007988196954
2.26664891213004
1.75838511194325
2.81440378109117
2.77810819400951
0.965633512729164
0.875137763139024
0.651168290871452
1.14080826749995
1.26176694024589
1.56942245510045
2.47266110772056
2.71965807692898
0.746776865962703
1.13029238375264
1.31646179914413
1.7412622019008
2.02964746162908
2.78436030218883
3.71812822353906
1.87069755552552
1.35079863608097
1.40510237261759
1.82455450282367
3.61037372894487
2.6771911206941
1.5959096635263
1.61235306654996
1.58096489686796
0.984557858068916
1.85732282768785
1.7329826657691
1.54649331721371
1.96149658812624
2.10872151194376
1.3860743330004
1.59992149792412
2.14610123727937
1.13291300365347
1.27211043247886
1.75750589680221
3.2917889343399
2.86964364510583
3.1828644090242
2.93323469492964
2.84637049520033
2.24826945804742
1.62826583991384
2.06215847739647
1.69606791863211
1.05954814587553
2.35440706370009
1.96173003123389
1.52673320437934
1.92111925271809
0.904938735172879
1.31850690825442
1.40177851962084
1.9167588882414
1.96743373986925
0.902424303431682
0.766139888669902
1.08643491696466
1.02227779370712
0.798354960404911
0.66252681609695
0.686946164225745
0.651768112909051
0.677791340607699
1.0090783609561
1.58978890382748
2.1758186794648
2.29351519838481
1.42362200395864
0.991570459664454
0.83189181301035
0.871159860286289
0.854389607477721
1.26735067808882
1.55495846323158
1.2199743386542
0.56739484293586
0.730618650939723
0.86717384297952
1.07933982179549
1.0230017541851
1.15590970985883
1.29365594362234
1.057728609181
1.10543072294402
0.882780394004112
1.16987920297228
1.93378569915957
1.88923885167734
1.21366337398449
0.761722108657413
1.28480705591227
1.85146905977191
2.9728274551176
3.72141829508567
3.24544362247285
2.42127982035659
1.74111288473296
0.886809476271563
0.788863245769391
0.790327913381642
0.876150201782108
0.873034900826335
0.86313712393321
1.22428059535049
1.57510940934809
1.34901878786865
1.51212557870609
1.68153473111505
2.21985351590864
1.84696981009922
1.5570797460601
0.703212734652765
1.09170138751959
0.700488517021289
0.682910117100701
0.892398326023511
0.875266850882464
0.714942714498324
0.78422822959862
0.685725087956381
0.650260431368905
1.23897353984798
1.18134150724499
2.47752958445667
4.64404309330739
3.06912460302407
0.757452355310533
0.584203542797319
1.14473232551507
2.13560518225602
3.45047479403007
2.3227192629328
1.17966454980992
1.27064718989596
0.591818841445407
0.664201327143501
1.13291737074433
0.858771482234412
0.725815755482442
0.797906960731177
0.732924814221265
2.03114467258782
2.19830767932034
0.806981803770539
0.683593606474545
0.614238570253581
0.75277216833719
0.881339297678299
0.830634275102974
0.599043071166559
0.758356535594683
1.45821959339887
1.84745060710328
2.03390776241648
1.2891204442512
1.2407418922093
0.806948993035207
0.75595191956168
1.86156183090926
2.3515627536984
1.67667104121109
1.58260025678395
1.50948532660071
1.6932373473058
1.95548730138896
2.41062429103827
2.70767626758219
2.00793983059004
1.93627036371192
0.651354503843128
0.554834237404513
0.58613822399855
1.03980242435546
1.03408711479031
1.15761117867255
1.42147664277382
1.96106749235605
1.99705723505254
1.13411978631943
0.787183584214622
1.3886876023607
1.56904939903392
1.02782483228143
0.633030031874021
0.972586414029058
1.34473015036763
1.53030596300833
1.82772877598112
1.03630139283813
0.888414687103078
1.81055848477571
1.64100850532037
1.74361943518788
1.642112530491
0.992284258542249
0.842979501483779
1.40590342389101
1.40239716282664
0.804749805670706
0.815800433013529
0.732896080314742
0.914062662701852
0.915083696900225
0.95175619160028
0.925445684604649
1.45916164597532
1.66136369345116
1.27525304441308
0.920910912379878
0.890016686385165
1.05764440944211
1.24904499125403
1.08335927417783
0.688373744895913
0.662887810389191
2.06694952455839
2.46759841231053
1.42675912762919
1.03885841833481
0.933986190039362
1.01547626393613
0.905789422525878
0.921448037446274
1.17240250449564
1.06205373783634
1.04551510313452
1.31024907204159
1.09511447288407
2.0982383006388
2.67530317631437
1.39203287318455
1.40299288832395
1.31914617105691
1.43700146650151
2.21644277269115
1.78575051206505
1.7361875334789
1.69988529848254
1.1454608652143
1.68095231181747
1.40743694330781
1.25043603546973
1.91754038993066
1.91434646678088
1.20155210996318
1.02674203999405
2.52385699646119
3.35057750447788
2.41952871323376
1.51279065860219
1.15283547722704
1.04045254423272
1.01004025028433
1.11626443942758
1.47783793016336
0.893704403358656
0.901751067635322
1.00149270528523
1.05100421293988
1.54705364324055
1.22638932932012
1.14999855582286
1.12629012356711
1.08965850268855
1.78273113119606
2.28060788713752
1.26361974334246
0.501102926255461
0.906718272011809
1.29799045416088
0.995677831325757
1.23637615676371
1.29762742804265
0.935009123733244
2.01990900457414
1.78534843745637
0.857382678031925
0.908229049109706
1.17336197951088
1.86796562744859
1.33879637457907
1.43502610384668
1.24709163784023
0.91334063873384
1.23110953718948
1.12066886136278
0.978336816015905
1.03856624225339
1.19384315211143
1.13655629806116
1.51705624829458
1.44342553206179
0.900395199808399
0.798450728837507
0.812012353858277
0.729792201997307
1.03523758778814
1.2313554313314
1.46883718554494
1.55594463456082
1.68627288511084
1.73216434081155
1.77724091871492
2.01184449995352
1.09825267370573
0.780673571719744
2.1385245852705
2.48473037266067
2.6115698416948
1.3914109099155
1.9379993246194
2.18652438629386
1.97944312072578
1.74836124646277
0.756838281164741
1.03742191727825
2.11659374360277
2.0347847719494
1.20362236438052
1.41355993547006
2.04253565808545
2.0376066328859
1.72940538740223
1.09065843743142
1.2879221390898
1.32150171594697
0.86377150472756
0.850980146495438
0.722079428361485
1.77555951637794
1.54387710111906
1.02839611687285
0.789391233744181
1.13627790355257
1.33315746462762
0.989217020177706
3.06681878483809
2.96727444278097
0.985293769200909
1.20740954281548
0.690755113196175
1.34767641413714
1.34063328208257
1.18349889503932
0.947293851968585
1.25613741526874
1.70970850723788
1.24870553479637
1.30739656318202
2.24912980719506
1.92001766444847
1.49814169457393
1.57461595460822
1.53045221080214
0.973832878124728
0.788962856670853
1.05956052148021
1.59337614526905
1.11944750846728
1.38976133156983
4.21580999874851
6.14126163151948
3.3544942552912
1.93350140928397
1.7263104323829
1.69942958059836
0.808340558975167
1.47741895284404
1.38451005424011
1.00292324485562
1.33061543022705
2.01533882602196
1.16082718625554
1.73261188614912
1.72680555931827
0.755623078721882
2.07120942664148
1.6099932493028
1.60912008516267
0.842145488093857
0.960015545129765
1.28616959434127
1.09076255861517
1.56538145954495
2.01198090922991
1.13243944260657
1.49054277477106
1.73595517534664
1.67914689664764
1.41766215952293
1.21720276762513
1.82214459211861
1.41061088404529
1.06267629410712
1.12771782449713
1.13960362674759
1.20403477457721
1.06512641665682
1.0477454893481
1.26786138030155
3.19913002655914
5.47138266200979
6.16270777048257
5.34953575845602
1.87673584195161
1.90403220685833
1.91679308263817
1.35634078849364
1.57323248916506
1.8769347172657
1.6149989626608
1.05791927745657
2.03329822383681
2.37905876073577
2.12691134406567
1.07107154555876
0.927865272856616
1.08470535869034
6.79633846134236
12.1571350328412
7.47521092537568
3.38254013273232
1.90372923137566
1.78509618358491
1.62662437226785
1.36894818062584
0.903128574868706
1.01265314987598
1.96071582298541
2.51721839352163
2.12180178388559
3.19487118852112
3.10203037592615
1.64425524737697
0.88072136515189
0.839165493967499
0.779413015708658
0.950097268325625
1.02656415648893
1.27342272205326
1.44912659855658
1.23220506354957
0.966805721318397
0.823673348008314
0.521502314678723
0.569651458861891
0.857164811598059
1.40581011674403
1.20921402108397
1.34859545952983
1.72614355512064
2.27718529600376
3.4509600988477
1.50952164640447
1.53711788481182
1.97172897696166
3.80667123059017
2.71980296233422
5.97505793814971
6.34064152596709
1.51936194719666
0.812312978788772
0.726610593907897
0.526882875563534
0.726521778864337
1.20618428952653
0.914063370174782
0.804558662772076
0.55924849949629
0.63976473577582
0.700235285124365
1.09909384849836
2.221291520953
4.00160878287146
3.16466365724474
1.2079254982528
1.24725746912049
2.07172121733314
1.86244925705382
1.05557451265824
0.738088691923857
0.772314585285907
1.13467039540116
1.63931552516515
1.1074876797036
1.67973157565231
1.88182140435846
1.83822487089981
1.24587576339767
2.18882190893149
1.22897200287656
0.570501080028027
0.4195405709624
0.474341685722982
0.938298080267624
1.37224881895687
1.54405916228568
0.984225891370097
0.548323391546492
0.591079363927181
0.770998306690005
0.93233475233288
1.10204546751154
1.26897339277764
1.68003622146234
1.78107776792348
1.70495946520476
1.40950610323521
1.20783971369027
3.06285862974976
1.96896497203938
0.816120013305019
0.88208503094129
1.31311133299665
1.04946397547475
1.14551431541959
1.76471637308881
1.56316266635309
1.11826877428896
1.32107116155964
1.36364612107909
0.944128697883704
1.17591448206448
1.1605166535231
1.085876961828
0.649938819524446
4.76000834870439
10.5343470969974
2.75296271876106
1.17463755908603
1.37625312776423
1.69486747307141
1.09151966300316
0.586405752448048
0.753775603901532
0.684977075545035
0.737354158372435
0.716346331477159
1.06465623197952
1.50703786327229
1.30422873574209
1.02344070842064
0.71268645413366
0.750237222353863
0.827573202077486
1.28153905003603
1.65377184168154
0.992605809903677
1.14235889698768
0.804574576605696
0.585019670343414
0.914785533971792
0.830111445048393
0.713470539059091
0.828733073351822
1.28253554791116
0.992847484296297
1.01165275364556
1.10389664550647
0.673843039860134
0.687352133434016
1.09477682064722
1.76080482337501
2.49285070149552
2.26360987525689
1.52203376751189
0.90565546956872
0.989169600180022
0.831121575318347
0.801535597173893
1.94532354426733
1.75061194566406
1.04946252659756
1.18925304133137
0.751676184737305
1.00167890958638
1.07226164437342
1.26746111571101
1.14710904201334
0.72724125492409
1.17986778330051
0.968378891107373
1.02686712965194
1.85319156291215
1.06520116218243
1.20916712775185
1.23557427072222
1.4344029201533
1.68162196122284
1.49602577594532
1.09090656109094
1.24435098390832
1.29357010865428
1.43041393592109
2.14867472071482
2.14477890060024
1.06928190375929
1.88501174744649
2.08911489406067
1.69732370772523
1.31920258620544
1.37134675063706
2.71486070725661
3.55785489747196
1.3058531801581
0.651679831909221
1.30171157269085
3.10337935029362
3.1980967875745
2.02342053891653
1.43037225343779
1.14165246620433
1.61030964999158
1.18724915346626
0.595006716502876
0.778738408377878
0.961155779431039
1.40311456955188
1.29854448815996
0.778040481707652
0.800344679747828
1.73191755409091
1.7999579387783
1.23315941154619
2.12768932281001
4.1054313453764
1.71717933271871
1.53888374731618
1.58529081665605
1.56465267850956
1.8350740137328
1.9706765283857
4.78049968858129
3.69975343370594
2.81204178559145
0.764755739278714
0.58833419249371
0.752868856459649
1.24573800552229
1.40782552093366
1.34014778077456
0.99315454212506
0.530858008669411
0.835388000729922
1.61003845153731
1.9825131448401
1.01032860481008
0.845862979536371
0.631403383634693
1.30512146246556
1.71298648507636
1.11727752907101
0.930723414481167
0.755094400299934
2.20065176858441
2.07416260092064
1.08434253223298
0.86476675539559
1.13688336049264
1.11996807217155
0.848431052807643
1.51682652843448
1.77344186990457
2.26686257500821
2.66852244590597
1.76955209449086
2.07487702000431
2.67458814700401
3.54656034729773
3.80817468035114
2.41464534220326
1.50831454953405
1.97061026120858
2.29702193640829
2.79367333573045
3.62444503788971
2.87165078323864
1.70693184203395
1.30849127899674
3.02403235829119
1.61532459633552
0.918632177371603
0.790583884298036
0.77468358382259
1.17728418596968
1.14616840940715
1.65377312364922
1.94188048646836
1.17249361619149
0.762774693196767
1.39695188792243
2.09995673535949
1.81439347497432
1.32297706402325
1.29086689394689
1.28671166689114
1.52878816984834
2.23140121464
1.48286859200846
0.843788449497355
1.26179220740213
1.62752445441358
1.41807969843661
1.51255617912256
1.54240916758091
1.75636685523369
2.34024758855881
2.33993820925146
1.43973023122186
0.74618802933065
0.57251529937138
1.23304551043903
1.32809016370026
1.35652954068548
1.63586020419288
1.96040292437812
1.81785158232478
1.24570499852529
3.15812420746243
2.30018032828471
1.35260106571334
2.08071008416504
2.38503607469617
2.27683510602193
2.52670732336181
2.32587714667578
2.45942897078025
1.90646360643716
1.31115249426715
1.24249414954746
1.31730865424921
1.55362120325087
2.02804725021964
1.80512237612126
1.53473886900112
1.58674465565704
1.69253026278417
1.74071194944196
1.71679057655597
1.87582804986427
1.87328412457907
1.7054416503615
1.24551770350981
0.618804070324687
0.740811922791836
0.941007877130581
1.01642554533126
1.4109826868789
1.56461110567032
0.853569202045785
1.01332315846619
0.947486880076461
1.84475877901255
2.40954415482746
1.52443292620244
2.17724165982437
1.43256972831405
0.688615231340345
0.989455112105851
3.34553068140236
3.53808487736251
1.7030827345469
1.0626964162701
1.51215649591401
1.4516643158729
1.29039460158179
1.24834115337655
1.23265731898851
1.17345622565053
0.92973014549012
1.4555922042091
2.4003340267284
2.09024624587603
2.7040342907617
2.7277665586814
2.37010758098373
1.44601181712394
0.775958256086976
1.20651714855124
1.98690235878252
1.250468804432
1.41926841249687
3.01173859148829
2.21251295123622
2.23296963065741
1.55742659637296
1.02793275058752
1.00372326794791
0.772510266442354
1.1591065257118
1.09779074103498
1.12725651438931
2.06378395260339
3.90355281635974
4.39593046667892
2.10819717535218
1.29090563716056
1.81967293936523
1.82985720877041
2.48050303583388
1.97714989411186
1.46981068478751
1.27195804444232
1.69675818692181
1.84086722007049
1.5800890094562
1.59758417165225
1.03142568566056
0.856391260761512
1.22959319672408
2.40569164003306
2.01053457355863
1.03965642087048
0.944021822585025
1.51395343999156
2.29786396133848
1.96996078211449
1.95778683098223
2.47075249383918
2.5697513139881
2.5432245194344
1.39518225744767
1.09340930811088
1.62355108755472
1.1371461173763
1.08621062045505
1.47595862998962
1.35069101466166
1.70251061446885
1.86119858112025
1.38595662423551
1.75515829595113
1.53970778762727
1.9047295279378
1.87700956114257
1.1404321155568
1.16959221971197
3.11071190961735
4.17752231815327
2.46869110879496
1.28338435245713
1.76657802981924
1.84228384626583
3.02260874292699
2.79923537756975
1.84200045397192
1.26792312202709
1.40227042567679
1.73600318435723
0.866231009113245
0.793217022067836
1.18378228464533
1.42604215595401
1.23799934782756
0.934904257808254
1.03417277902849
1.53460239037854
1.65364708712531
2.00095060955269
3.22019282052946
2.07272507115192
1.56079172661792
2.83678944401749
2.28421897242714
1.92943050885711
1.62910366065941
1.47275637791159
1.58699051732873
1.57686494569201
1.2011896736573
1.08163686284429
2.11369310849876
2.21408568431883
2.41734602139615
1.98474027277311
2.3936241706049
2.37382710405234
3.41732975804603
3.35664203713117
8.65867538406231
11.0704502801496
2.74621775603202
2.10031803581963
1.90930575949467
1.49530827371804
1.18593720460549
1.53431080930022
1.56703095277008
2.37693756592794
2.47165301786562
3.40162917844349
3.42663841179079
1.78377162364497
1.48565196790364
2.15252482210687
2.04112556914395
1.07011230379846
1.4074898849759
1.49752528020658
1.18986090444098
1.13776134827745
1.09571903406232
1.3184558732779
1.76008886425426
2.02335543094004
2.2032614513677
0.905786119040994
1.25742558504509
1.7792455565382
1.91318904493788
2.89535276139383
2.99750483680098
1.49262268681582
1.5401889392097
1.70427683642248
1.82776840242383
1.40581657720169
1.86756858533244
1.76363460741243
1.41942079801438
1.20174551679572
1.93169476905329
1.04521726150797
1.51940612220106
1.7350724984586
1.75139768371423
1.12472470234035
0.724386525783415
0.958371451792948
1.11259558450795
0.81275120697867
1.40976000975933
2.1728129054239
1.34686885598737
0.885692361213247
1.50272069432456
1.84667639043792
1.50502575601563
1.44563727181518
1.48398451787171
1.95929143387348
1.45503607299388
1.45202198244704
2.56244835060884
1.39358993467235
2.01282304011812
1.3090683033247
0.868645934205156
1.28328582185521
1.43255793247479
1.14582445702192
1.2875831263602
1.33515584346601
1.29298225797682
1.68835808062985
1.59899906520372
1.21803239753405
1.68601384795072
2.29116830493146
1.94106316406908
2.52835609883489
2.12366212004386
2.27064181884229
1.73904281774689
0.878280343831639
1.03309782810322
2.74915188483637
2.92563364985106
1.64910585357035
2.45001710323459
4.11889290184676
4.71524322955829
3.31899153804433
3.20070459252359
3.17249330003585
1.69440406034583
1.58316011457699
1.35628378936509
2.32053134155717
4.80957646475589
2.70330868684563
1.67122948841512
1.42428106695115
1.9952332338574
4.74170606382279
4.06153682294251
2.21447243258224
2.24865236709886
1.98661474497497
2.76852832594001
3.89302717166212
2.550327307696
1.84066990442059
1.66588871533234
1.84217504779559
1.7778030654083
2.15323953120499
1.95818252907245
1.6894507247839
1.28264748653424
1.94393847876513
2.37062425877996
1.12723845248481
1.57335734165899
2.79346107386966
1.93055087035473
2.21637861543648
1.47384470951636
0.735929584016706
0.936034825620878
1.45107282109371
1.952921860481
2.52891283045448
3.55914195421565
2.12075697299396
1.5017519852133
2.11774237520918
0.867898818020626
0.772934999607809
3.43324102959633
5.2613859335987
1.98523596735242
2.21456331972941
1.62174430126405
2.27916889552143
3.10007426187321
12.6036978908845
10.1146584220822
1.99335913751791
2.76252507691658
2.18483310471491
0.85041212348754
1.26400186438018
2.41478842109419
3.53956848390126
2.99490652132778
1.79858271758937
1.21379322278828
1.36785957817626
2.93871330622417
1.42908661537275
1.94783401359398
1.73728178662752
1.49684965931293
1.56978686603516
1.10124344895762
1.1512749894421
1.26604591204871
0.811900492185455
0.865773757605014
1.00275734848776
1.77003284508145
2.91406625954872
2.89238127413811
2.4202889391125
1.39812060641105
1.94702090939441
2.18790583597372
2.25520631617266
2.50877494890642
1.84791514015821
1.45072781812976
1.63230112709601
2.32140430306104
2.88638133500868
1.49024091476902
1.75165376313113
1.89729895888626
1.30164445603647
2.19355514998708
1.79431089738201
1.40474824335906
1.75865443292855
3.04656843155377
3.12465944313018
1.42475868023009
2.1445175636821
1.79376594377945
2.65758021152682
3.42853416711633
2.13373221447666
0.646525843787925
1.5801499122175
1.49594983465485
1.99558084525155
4.28816680932457
2.58786399699502
1.10116983234276
2.27497770661738
1.51272783730433
1.38035110322484
1.67016636302826
1.6447047863317
2.02410841963787
2.68687776116932
3.2133352686987
2.85235313884048
1.43876224011207
1.59125591275529
2.62500214554196
2.55779773609096
2.16365334891689
2.14371839988398
1.83051486153762
2.65236527365285
2.4357122360127
2.07246444872056
2.55701111313055
2.79786674401606
1.56885297563541
3.90958277842855
6.2633247221389
5.72041741315392
2.57154637871583
4.80527137500012
6.03776443504563
4.3508523979046
1.08097356078714
1.599567230733
1.67738092294355
2.62217030223607
2.69854112263824
1.61291728589668
2.07438343797051
2.13428144220041
2.54975030905167
1.66298936602584
1.60305141779854
1.51999745070298
1.36102360221654
1.76227167202289
2.82407692801817
2.35760346073983
1.29680903292474
1.22429158486369
2.27310650781407
2.61418762824366
2.45808400841331
2.97693818023212
2.17633123315517
1.13058973489964
3.18001798917663
5.2768619543874
3.16541990503194
1.89827024372634
1.61217332548755
2.14010424592825
1.80199943473122
1.11031932836866
1.38971309614241
1.62307132612985
2.89190550211217
2.96366281232175
4.8529544182414
4.89386483773529
1.18320113251119
1.82333449916757
1.90985435587815
1.35666764926596
1.73438225705139
1.09869054577471
0.903991160280555
1.92601359648473
3.26441413151316
2.06837656756412
1.19999515071833
2.0790870423726
2.58921006417602
3.10643329327706
3.0475052234739
2.00078716856215
2.35196397635642
2.05586459949098
2.70243620401416
7.33878350737552
9.66228061232197
2.33030038058862
1.31535934039248
1.79744933882285
2.07009463730885
2.0781118840272
1.86284802812507
2.11329888952763
3.56224607509751
1.90640313666554
3.30728703693299
2.87220296658979
4.35286701626187
3.20996419544251
1.74414973018851
2.00408115379805
2.41582097767607
1.77973562778403
2.56031643631267
3.57489811593448
3.84311683472859
3.72106655775679
4.44404438741301
3.62727991183358
1.21343180581621
2.788522899782
2.3609724832299
1.9597569761416
3.02438781863264
4.32366321900555
3.04769715526446
2.16712098820177
1.74356712787611
2.91428631717887
1.70961319168924
2.55007642957384
2.82699521343808
2.1378692689678
2.60197762712294
3.89636042273072
3.50159261360562
4.45819375778143
5.10767070790749
3.61012460631491
3.69110059217447
1.18449636576583
1.70031327910276
1.93822066598304
3.0468638292101
4.20128374220051
3.77772013176136
4.18441408565769
2.66863508600678
1.33065011404151
2.76531051935425
3.27004774210012
2.81859836549692
2.20379791653226
1.68150036911996
1.66051954688641
2.01803412517058
2.93528658417068
2.78352371913759
2.475223752531
2.40748787192412
1.9444362153849
4.13842178811719
10.2050354162778
5.76771834772793
3.12853358022127
2.06305403788919
1.39002972196007
1.2878466728726
1.07886416229772
1.7857391619488
1.73865623450697
1.68059582529846
1.65834793348315
2.1134758774996
2.21743857528408
0.765402024224259
1.50807317314562
1.64246633158657
1.93747465790938
1.51799526034892
3.18757229048975
4.2514390766042
15.6077674698302
39.5250799238689
21.978922763808
10.19994713011
8.63635039232867
3.59418031261772
3.33274394083909
1.69108354552805
2.18301056671111
2.01661761242334
4.30947638293191
4.27886934837153
4.2527214407353
5.50547686191857
8.32270852733731
9.02113088886082
9.65077200937272
12.8982043723123
2.33038570520148
1.33908529687466
1.76417715671364
1.75035964167493
2.15312362768691
3.20402968596097
2.10010562915869
1.38545535313082
4.4146000561885
5.99194900055905
3.34748484080003
1.40172650310521
1.91951511706965
3.17745634091892
3.01284562454235
1.72625458169511
1.44160952845549
1.49053197143434
2.83764035753513
1.96212734264913
1.4555977694406
1.21942793284361
1.70415970233127
1.87224840393275
2.08879753611734
3.16248174184676
1.37278578964807
1.80957097449144
1.9687533852785
2.91158841558393
3.25354053652505
1.59525860623256
1.8032566309123
1.95718821780323
2.26212867300442
2.29887753511435
1.29720701493713
1.22163889313778
1.9033867032782
1.64428402552617
1.46894121392946
1.2017481480763
1.5939753322119
2.12127851512248
1.83810244651147
2.02049276439278
4.46727264376266
5.87554641751772
8.72041751844617
5.06780751101541
4.21639315724744
6.26360342421905
6.30362578040413
4.0863586800428
3.85224098145075
3.00617412062948
1.9866993714055
1.77187151179251
1.86726181049219
0.941987670678165
2.46799347737312
3.11724368289944
4.35399037703789
10.5104878658454
8.31098851129576
17.3257260258221
12.6599743217783
1.75120883597453
1.58342740113004
1.64883816000119
1.84645588624503
1.43430217542405
2.16326514806803
1.84755657553467
2.14241762493213
1.53961559826822
2.30822918519175
1.61646185010445
4.40595789592935
3.70068278374116
3.53795814905907
6.30757442510884
3.69720400930656
1.90805782498381
4.4845862985005
4.61363551832119
9.05558957427664
6.72892916191475
3.91616199324917
2.15763076335864
1.55390945525363
1.71872300301486
2.40472267426575
2.03935473577788
1.24264816179186
2.19588988398537
1.69975842028441
1.75474360820751
4.39694372263953
3.33837116647468
2.34318660019476
1.69216231957674
2.70197191958791
1.63769274772527
1.44531450802566
1.72097187591887
1.29423655741024
2.16216874642024
2.81548774442258
1.41768188726472
1.00518428554194
6.55423863371058
8.1046204821381
2.81350976605521
2.40583403187633
3.51228372041004
5.01894754578034
3.28077229396157
3.05647703116815
3.39095008669936
1.72230309153583
1.21084647558234
1.27378449442242
1.14790807680739
2.32138378334829
2.06158634283782
1.87237392268142
2.5220260115611
4.21950181805689
2.73725377744364
3.03145280134752
6.49328036287619
9.09435244649182
4.40466124658901
14.6373142544912
19.903542084853
4.39883514417032
2.78508986330585
3.15277370314502
1.74583735724738
2.53940426446278
1.79624117791137
1.46856540429735
1.33581454019238
1.05132153729403
1.16994296753802
2.35725378103496
2.20404358850915
4.55098418804002
3.60529917334942
2.74929856464478
2.59563980253471
3.00577383957151
1.59921066284624
1.64630355405521
1.92000437958977
3.29525051944154
4.30747509382349
3.03698977551635
2.16184742881226
2.03792867439166
7.35494528249035
6.99357431665582
3.62207729625273
1.74972337657605
1.90850836052449
2.86249668191547
3.28371545797575
3.85354560342651
3.83395184691938
3.29595811726007
3.36608031484164
2.15209126901871
1.85604850595246
1.7941602410945
1.64087301832292
1.72013005514869
1.31316680564407
1.32124741916744
0.751027640841041
1.57778160714248
1.80111716208792
2.47916920580381
3.58661449117936
2.68525061032093
2.20644108266116
1.38000621352148
2.54814509522009
1.94413580048515
1.56522848184661
7.21297077545243
13.7521182388406
4.76354392702757
2.84025823704109
3.39166168669724
4.75642511867767
4.43014716763922
7.32669691875795
5.61232533763786
1.64986447832228
2.20342900659689
1.78968289602362
2.58031890936039
3.21133564680361
2.56530242313126
4.49780089684563
5.32847253878234
2.61005139948333
2.38002789164012
5.9144673314105
3.5572117004289
1.85462394557595
2.2015814037799
1.36872744849249
2.58863326638395
4.10561625169629
5.53868201015948
6.89223548006512
2.36818317650378
1.75813253603816
1.75292535637876
1.9220212478127
2.45573317734798
2.35298713681822
2.69951902034281
2.59014501967518
1.15531905053261
1.60470376286959
2.35534129746458
2.0873087711767
3.23825982421197
3.81625502484137
2.34144759853211
2.06095747679164
2.47352717904255
1.86616926321021
1.86077154659307
3.91021415998917
3.84247296488663
2.61733699924568
4.83731777723736
3.96012485396793
1.39696749741825
2.72231050550411
6.33413382321962
8.06150738695414
3.06535060679667
5.99609282775781
4.61954961656478
2.17765465596305
2.74587875267356
3.72118475581508
2.99493510113274
4.64965082491666
2.45643278465235
3.11299658452505
1.80044904186599
2.04671463069581
6.12729214324752
4.12816954538839
2.61835510601754
2.6993084814632
3.9519946101402
5.31994325464591
3.49040131959068
1.35557210053241
1.4387373049928
2.15139877675917
2.48616005127499
1.13960534950957
1.50331787846807
2.16251389176795
2.43622615554164
7.69032727962633
16.246651561064
7.08672119220188
2.30356704451559
2.95128190764034
2.36388493716269
1.39910905276017
2.86686052294113
4.56625192613448
2.91847804013271
2.30824686247141
4.22605740822511
3.5141425810191
1.71880656190731
2.16185407905959
6.38679857652866
6.50055402845978
3.32459263819116
4.18046215301876
4.25892950190151
3.34795040338306
5.00424881148652
4.47529590645038
2.52217690035486
2.21234568126624
4.32450896971121
4.50001577106252
3.2919086471122
2.9969715721966
1.34687811314361
2.25787944238891
4.40539863416882
2.8712740240306
2.72408250668409
3.03541942388002
2.67089368102482
3.41907853870302
8.31463156060118
13.6715106556621
3.1146248817243
3.96375383804672
6.06604464712513
2.93514843426097
3.23958340194672
10.6007612561385
6.06829913605788
2.63579127082093
1.24236208096366
4.08945264929163
2.76871414198418
4.31160041871136
5.22857861535425
1.88242337563059
1.63209527099311
16.7412627497803
7.26277363421838
15.896081212221
8.93992331293198
3.71578369867118
2.68334493350047
1.51265748697027
7.79403745208324
21.2513070615828
76.5560323114102
22.4839886284239
45.9400499579805
60.0208577647352
1.55454459176263
1.21889919154167
2.75714800964922
1.5216319129351
3.47872921500758
2.50839923536468
2.11511999351357
1.30401817923388
0.915033227247713
1.06594114972709
1.56970067858916
2.33289014545516
1.89343267052855
1.64760172936282
1.55820847288393
1.66205012015789
2.51047665475082
1.54275562270363
1.49904857657593
1.73095470075324
1.46828474480452
1.29841363160252
1.04784973500705
0.809598903380756
0.91450833005622
0.843496900337425
0.586970217580896
0.622655409182078
0.83022033177784
1.78804578652445
1.8336746960214
1.34555189334369
1.90637931774768
2.77749257473612
1.80870020455591
1.14864552642481
1.09446966724754
1.10048601861796
0.939637587039928
1.14083831558148
0.803322510407329
1.93969415480386
1.8801749932594
1.47827256333823
2.14278945544462
2.71734351306929
2.47289780489131
1.71962426507103
1.37964224143668
0.829374781809232
1.37129919225246
1.82318746311999
1.28291418088861
0.642439927253721
0.409189942656163
0.296322411457094
0.662415906946457
0.788249014331612
0.695410070509403
0.859618197067085
0.985920290934354
0.544699567092265
0.661945379357137
1.24391069084228
0.977905972291928
0.640287950362585
1.05680886628282
1.81098021106179
2.17828171764581
2.01786263115391
1.32281989548163
1.06623828193759
1.0476583006607
0.929203663362663
0.86421703964958
0.559422789678824
0.714255815393651
1.56297435631723
2.0731509468227
0.929113301813952
0.629482293653328
0.812693355018796
0.57743922377895
1.46282386854322
2.34482266263914
2.10211617117126
1.13371273250405
1.21856925437992
0.90741525700805
0.547596987622738
0.473310900588152
0.654217714422574
1.07633525534611
1.55397508448231
0.835910270690083
1.07819000018496
2.75919914091362
1.38701113379865
0.993633778591066
1.37059634653231
2.26561573188921
1.52882053389741
1.07194089435336
2.13118451905443
2.23486164461907
1.89681935202086
1.38704450903743
0.959127095257247
0.533379421557793
0.71804545741323
0.806232239323827
0.779631194121131
0.828912455908578
0.877459226797501
0.715594505576438
0.724645757783878
1.06745344341931
0.784148985349516
1.04127987218846
1.76347723014465
2.06753183067089
1.55739520936647
1.01176892897069
1.09547865604879
1.23360797442417
1.2236744268564
2.25678896212883
1.86940836004054
0.807024110138018
0.762569121478662
1.04770882072911
1.45972062101509
1.18588705277895
0.772526266905713
1.0221151791962
1.36168070747846
1.07944590111644
2.57060555418464
3.1628392186845
3.16669968424805
1.3858545164281
1.22496627868947
1.08266208999021
1.20458819537848
1.46368512352302
0.966070397012261
0.909080567750974
1.06759553819459
1.0750732177234
0.798469006719295
0.515069180081005
1.24665233839794
1.7369761911976
2.88382782808584
2.18616917882817
1.16843524634232
0.797643227688824
0.925212465237324
2.62698569426635
1.44469064640765
0.833035596234964
0.866187844925042
0.876252452621446
0.744443152777266
0.56103743503633
0.962079504086143
2.10630373000352
1.07002966093402
0.648546256594642
0.562419991442648
0.747102247556616
0.897443682285755
0.953736947691916
1.03583874631046
1.99374316985015
2.34282481087832
0.796355249759838
1.20195326956834
0.821673487628931
1.3385908746623
7.63095434203455
4.02002017699844
1.44668473314633
0.737296774441975
0.652679317839108
0.453739222173892
0.568622233676835
1.83065999798168
2.55701464657773
1.33477919069859
1.45809762008934
2.65785388326527
1.83682550838937
2.00371657105389
2.99816934021368
0.791409044257387
0.777951502765087
1.04572553893117
0.772311921175715
0.421255951624297
0.671570995055706
0.646810863038757
0.696314992187851
0.909874329628837
0.765076677601968
0.839975799624556
0.539556306465206
0.532294800064235
0.586484748373059
0.579318624288872
0.728094866495654
0.688207834550911
1.0491125411219
0.803380624425429
1.00032283471075
1.08211181256134
1.98489434814741
4.7723255118496
1.6897257275808
1.44073263845832
0.894979111507864
0.798329588478833
1.12802350530741
1.88925687971182
1.64017408897101
0.82993825753001
0.898013141951102
2.47092073048813
2.51823317236706
1.37122740288414
1.20629367546835
1.20442483215645
0.528971986431501
0.454505569648129
0.777652678035974
1.07227559087297
0.888515361796623
0.768630120878878
0.863370298835929
1.05726613255822
2.15188881393364
1.48613451387697
1.09580416411955
0.844706935925272
0.723198733381339
1.66104525848567
1.96817238134839
1.01691654982604
0.753325035980574
0.643288032144774
1.09371481350533
1.08311633403527
0.774894425823746
0.64125110930269
1.41938150038081
1.19774275736946
0.967511173062814
0.940619197541671
1.11821862258299
0.8492340272018
1.20408821978568
1.17554928984227
1.58237383938554
1.59039454653685
1.37745280061289
1.51616284675498
1.43235827028623
1.17693176973163
1.54997923830548
1.22582860897753
0.536975796372992
0.717047085296527
0.843722266144648
0.695598223067472
1.00430270963469
0.550266808625814
0.744780165941004
0.678177802090641
0.67493481387039
0.588027367673308
0.571581028419948
0.789392093915514
0.731821672917647
0.459606121520965
0.40525626596605
0.59895446669638
0.896831396288253
0.862110696594529
1.37847511115738
1.26040549666939
0.865270855191399
0.853600109488246
1.10158479537807
1.26177436858765
1.82478559118008
2.88974016426306
1.76493085412461
0.908737332795872
0.66271761801565
0.585920640531102
0.555002256569089
0.808826762533176
0.767445543755937
0.925066687995309
0.711685287942352
1.15452253612053
1.33421456393204
1.2365783895549
0.875201683197797
1.03030057761199
1.27968286017046
1.35621960232265
1.28771810332261
1.43987697072617
2.47338542500872
1.2612515973194
1.32736801250735
1.15373191415314
0.87595354974465
1.13576130603701
0.642226246317317
0.769541974786707
0.682430067691424
0.717639494496211
1.21703001991908
1.51288003798563
1.25230994837195
1.03491999260467
0.715760496028235
0.718695165682098
0.76861025199103
0.681087804044971
0.787071824443914
0.693338092829396
0.920415897457113
1.34179879044635
1.40189368779937
1.09610351515659
1.30699614907936
1.34467517284229
1.02329222790117
1.14944171237176
1.30067245168416
1.60351886146341
1.19592822865712
1.47440825445915
2.05523768408466
1.42562214448435
1.42520463369808
1.70512844158754
1.72357075873406
1.49816020394228
0.7794104365403
0.695126173573185
0.835253040905949
0.89553272968127
1.30548985946967
1.55154559682703
0.817372374785448
0.657156314859667
1.1152600186305
1.91584333237675
1.49795539297697
0.827432841265367
0.954452920161199
1.11209559604058
0.839785579149078
0.715568661331811
0.619265445924464
0.741086791696445
0.969519188350403
1.22535329972067
0.688873131522717
1.00311468403987
1.33963860333357
1.51573524300362
2.11247789654954
2.21342035719269
1.16643638601452
0.957194170953085
1.71863945804787
1.39739241180208
0.990424815604764
1.33525513853658
2.41946435021398
1.53301427150667
1.30567842128211
1.74704776066498
1.9221980030365
1.49682714480756
2.17229494623676
4.53713391080951
2.49479349448984
0.938611620403287
1.3959873712286
1.46601144572405
0.732709442083375
1.08454100761253
0.978063321623022
0.799325098776921
0.665721720874487
1.04144826837151
2.29494807410951
1.93412703758062
1.44594652009871
2.08376337812837
1.3766386582363
0.706231429047567
0.885815620281196
0.972215807889352
1.3821356101282
1.53452323214988
1.55351672463232
1.67699230129686
1.4614510644431
1.05406943399102
4.57881736307757
3.09330481409213
1.59559215789875
1.30430211040781
0.858540877724213
0.814985624739557
1.57433334300752
1.61137552354292
0.742432716820331
0.856272092949864
1.02360700663586
1.12909996458248
2.41155138132858
1.22720091186782
0.783116037309938
1.08999463203605
0.973102692182282
1.25822289372854
1.41172966422746
1.37418109490051
4.05215185406088
4.03911678214288
2.45963979479827
2.08599646754847
1.48620822983288
1.12723553517979
1.00018204787363
0.839183312910297
0.682564902484831
0.86353580465255
1.64860667316551
1.39844205338124
1.04286341081925
0.870633536160743
0.981263258851946
0.824808712108471
0.879769282191159
0.852218171222714
0.952015642195999
0.856233709723595
2.00331115947326
2.9916416671113
3.46997521634409
3.24292383497433
1.05440872417258
1.06731870229228
1.11450171879472
1.02401087523881
1.11536576088625
0.808964119112664
0.93466081853203
1.12711768278506
0.95018863491503
1.14656314949661
1.01997220835794
0.946542282675745
1.02661082466345
1.14408060952749
1.27994438513213
1.98134331075952
0.790528886777459
0.691821178895731
1.85161557904291
1.39987069714484
1.10766198815324
1.23824190076932
1.06070241476484
1.29140587521025
2.44156260846624
4.90261660482226
7.92902500540939
2.23398000879478
1.06783803137944
1.68149647370361
2.83389900186461
0.859056798121793
0.688732269669634
0.632329630102018
0.902350173669115
0.981789708254521
0.980883464773716
1.04436461672757
1.05329034098917
1.86744826863269
2.76619634079048
1.85015793958721
1.20504843532102
1.45821736961099
1.4376820583981
1.27064168318676
1.24470205865758
1.32348821098598
2.15405406000003
2.36605285334061
1.32818775838046
1.13326506957022
1.07448881230253
1.14540727900428
1.27585218063088
0.884164185943033
1.26407214606938
1.12648105563426
1.01622385601435
1.35753684028064
1.42804259438864
1.29213573245883
1.68388680012627
2.09525620300898
1.24813674945906
1.2134786500505
1.88024513476163
2.9237608244804
2.24884709193812
1.12038637831926
0.906978806858312
0.648623164994783
1.21407147779143
1.54716428678255
0.84429731562748
0.899277434454796
1.38600958665294
1.77764427505324
2.04712244850688
2.16641169379266
0.750742372823301
0.895217502661277
1.23185474377114
1.05305661275675
0.880115525646746
0.682115763770197
0.828336926649323
0.854508875708613
1.3437644675677
1.45053492174146
1.74959618021992
1.36030187607418
2.06305527515731
2.00640742069126
2.09239679640749
1.50633440631731
1.29305854495775
1.08627343911388
0.935407455307086
0.859310898392094
1.23137995118094
1.6368613992249
0.831724858795421
0.522549662654132
1.27655828091094
1.64356987229312
1.54489328940567
0.975050215256138
0.956662453149998
0.9861224968675
0.841286758221657
1.32849010533406
2.21077078288613
2.27870772175116
1.47932016055351
2.39324747467887
3.12808298752542
1.65624989289943
1.23064646250945
2.65523864399305
2.97495223708748
1.91148074010992
1.13465853269927
1.60244559206457
1.53998372718653
1.70070374532684
1.95039043581376
1.54458073192602
0.702908834223849
1.3243243426961
2.64356795692733
2.80758033628597
1.39924045029214
1.63327898517559
3.38016366375129
4.6058946316786
3.05220367341866
1.77305316044057
2.54511313089559
2.47421905053215
2.25392142776712
1.88065998537372
1.10723866364515
0.893335681367766
1.34433641086872
1.59894940725583
1.15039183951138
0.913603375853389
0.793045685513832
0.815286453740018
0.951045462935327
1.16627395978904
1.38812600722406
0.607137373430179
0.39479309466913
0.928560433594974
1.30135014671117
1.74140232807252
2.73996663995643
4.61595210300804
4.29681389529184
2.6494029222433
1.46896456927916
0.9195780679645
0.689144879926053
0.876313480080178
1.46707997110377
1.22606973193241
1.14432244065884
1.43004428757904
1.5073963397519
1.3856248399995
0.754990514148906
0.880299640867263
1.25981302548324
1.00930658131433
0.615840877244653
0.943102370272036
1.01125563085791
1.3890158463719
1.22381340658929
1.12156030377615
3.21846770652933
2.87717951442623
3.12689977605068
4.01658287788568
3.13977171494599
1.63799066127193
1.1620920608222
0.68338242544912
1.12262469856177
0.973734321081617
0.63666447149478
0.657694908858653
1.53317032197292
1.24516176575946
0.94871857091386
0.79163215590993
1.05386905787452
0.979735794943306
1.02007414656622
1.83749848433535
1.81170629265549
2.14293574842547
1.47206854205638
0.618866237682219
0.66209915523974
0.698664648957106
1.16237587316293
1.48754872324725
2.3457452489584
5.56793546262294
5.26395310818456
1.46946254174386
0.87634381564065
1.35110249152182
1.16994644766268
0.576872124540127
0.372729946709573
0.549509491963923
0.72078504667598
0.622030581131929
2.17382683635703
2.92679412548364
2.0723232123932
1.65049593096954
1.09997444231316
1.2119336603398
1.62208708123733
2.09354050906928
1.36436662188795
2.86286772264839
4.40505153809381
2.74414564896916
3.2670845975263
1.85884287961943
0.757171166499684
1.77089525838539
2.37430053012243
0.691648745968559
0.719289981948831
0.70548425009203
0.775161149315141
1.30726257713722
1.64154682842936
2.47831772915708
1.55201176298956
1.82419871924883
1.92000001969334
0.990049512879243
1.5938859243221
2.23672150391438
0.913789372137928
0.687435184346645
1.09917442078819
2.26420535272163
1.76990902144149
1.3377192717879
0.925777781480522
1.22188792634054
1.55886587772417
1.74716063502655
2.0241051232027
1.88648902989212
1.9871398861722
1.92164164502619
1.86028539052142
1.45830348278858
1.90494390449943
1.74270572260697
3.16618488562075
4.26746707466914
1.90344165941347
0.797245966272715
0.619798926955313
0.916385218143808
1.33407612976805
1.46516445538058
1.15198090843629
1.33319674958057
1.22976172744303
1.09634669890886
2.02965480299984
2.08932853917857
1.31085582444914
1.20146028160543
1.315629361347
0.945327075668238
1.7689557562421
2.2898923597181
2.13820812601604
1.52756686102291
1.66649424175789
2.45351603185477
1.47494704733744
1.30960552612171
1.72951594557303
1.22498211112044
0.982632617183675
0.884101635372207
0.64564009619221
0.983939116900652
1.17480091145412
1.33463609672294
1.38513050414359
1.97021956413224
1.55743742404371
1.89005323055941
2.12162428434257
2.27206989001252
1.19098373909943
1.05720826287087
1.0251155840918
1.04501231288837
2.37007682535204
2.85828135452881
2.28914889831512
1.65116103170336
1.54727514169483
2.62520565389785
2.79524317173354
1.40074644707554
1.09608733021081
0.853567093062264
0.997269339100452
1.06954348816924
1.25225579009777
1.23276015401573
1.05109375257194
1.99643591502763
1.65348511563104
2.23358894611901
0.859065483380178
0.482236764492333
1.25982082354627
1.29391365631741
1.06872323751748
1.64934498070824
1.28796848801215
1.17632763933659
1.79867661383833
2.17440270846405
3.67280702223424
1.87978767754426
1.43997790034875
1.98616829592891
2.07653701160276
2.21649596480611
1.47623778808917
1.41722508975979
1.10503091068369
1.05569504826084
1.94830817878646
1.95249027176971
1.63708772398144
1.17676907025144
0.82759337066716
0.750300567962185
1.36638755870171
1.41683569450184
1.26521259117989
1.45744106076148
3.50447681004294
4.81665448765899
2.2696777822769
1.73581565494688
1.04660396983218
1.02441078155671
1.78754749281296
1.58450487735802
1.89434541323122
2.69104347022669
3.20538253876751
3.38426805357654
2.06340969273278
2.18825746856281
1.65398888758478
1.33553594932641
1.83047723714646
1.63017710072633
0.955237147990966
1.55419754390905
4.38746674968938
5.61634165702956
1.87703904219474
2.03719075741636
3.03829930311908
1.88125872486274
1.14320165318235
1.09513275944987
2.35240451786384
3.4110594924106
2.60151155596762
1.20350858241271
1.30155128501242
1.19859468584301
1.13852103355196
1.16438055569179
1.99422062344712
2.10328670748387
2.12754221453313
2.13344199248932
1.80043266847399
1.88255341129906
1.61699675360457
1.36340584433909
1.28285632182295
0.940289232417069
0.840537978426575
1.07724840513016
1.25192006038929
1.15234324426081
1.54660831852782
1.67182791156175
2.19929836312491
1.50293258408328
0.773722806703168
2.20346099598425
2.21519724166043
1.94020532007561
2.0562432238433
1.0394248779178
1.14757274057237
1.91841709272556
2.09252278484993
2.8146865289506
1.75431673345943
1.82636600874723
1.41977263070286
0.916890612576509
1.06581023110462
1.25159810501236
1.70029007739297
1.66763501916611
1.22057304576518
0.771924896585536
1.59696047662877
1.44257640507537
1.30585155918113
1.54226184798324
2.28238148738793
2.89183656947278
2.47533601026173
2.17226395092697
2.02244723852704
1.56976609895993
1.31369152795241
0.866247629997434
1.20867501937011
1.06771301715258
0.623125146357794
0.916389359548712
0.940047561656221
1.31336234661327
2.54585358962578
2.66322819402134
1.24077377784052
2.4032078189274
2.05497147396755
1.46795917381542
2.44755744191867
2.99014686140918
1.88918255567735
2.49524905023927
2.05545589696517
1.36578060640412
1.64322410996926
1.48538760944352
2.18229797760392
1.78450513424211
2.0056241939432
3.43350275273831
5.20889496159091
3.72836319118487
1.79094155231242
1.91062369272155
1.48583178824642
1.38129292225389
1.28892645785735
1.06851250667383
1.25273425912886
1.02391894596878
1.24191915964373
1.94349794164186
1.60368233510647
1.99467818750471
1.71496403801945
1.25713582018999
0.928837960968064
2.35295277428404
2.39299179216957
1.39745471778634
0.898422688061322
1.64041653372297
2.03576365132395
1.62673919851176
1.59302389257901
0.928039609331559
1.64476431137765
3.52293681960238
5.07915843069446
2.96178273417452
3.40581735362692
2.58495177615699
2.90559633989485
6.78868561489388
1.98307232232287
0.528332284524536
2.56403227468355
3.02485667681569
2.77857770766316
1.70418988820958
1.42337557187171
1.52310785399097
1.08227707385676
1.30875682767782
1.57774572525388
1.79433228804943
1.0332385507174
1.17333989021537
1.74348383079555
1.18042021996315
0.639809163550031
2.96149216569354
2.0152487129442
1.23384572692048
1.68695929780796
1.6230790954194
1.6658877058223
2.82867835964783
2.4470914709685
1.42052603636279
1.90946842521846
2.06010016635176
3.05905210088371
2.6801352590801
6.06045242810542
3.43842313649148
1.867804668858
1.09398683270481
2.87301327140992
4.02899538488042
1.44125339498654
1.4052136184427
2.8888845082397
4.62993833860119
1.86695246077297
1.24848593842891
0.698076827673517
1.73722433115767
1.74832723205883
1.22538830454879
2.50577807688597
1.61283045606208
1.03319237425425
1.00620142996083
1.37447299489068
1.3581744403587
1.25019408249597
1.411414507424
1.77288653978204
2.77652882338355
2.77076912145688
4.94243800260307
7.96336913605322
4.40004850992002
1.55028647500291
0.954736150649582
1.54075270149652
1.60205274171855
1.31191717045135
1.99554906204188
3.05119516471074
3.66595927633096
2.55042553040925
1.49955468461753
1.2322339257187
1.35389929115418
1.09498500652088
1.8785933886368
2.25635392560716
3.0764135380476
6.08280699452706
5.00120019561016
2.0536734390156
1.65826934113758
2.25684476818629
1.5281370540454
0.860409168229397
1.3265918099737
1.77038865523613
2.20961901762663
2.60038664206556
2.24041586846115
2.11437318640444
1.27465367685559
0.971116087965905
1.35798085943343
1.87318251131851
2.34957905775691
2.33647781017713
1.43990629448154
1.70514452387307
2.29642913099625
2.91387302824219
2.20899539680157
3.85731979290797
3.44086894296109
2.31447244778871
2.11424288956266
3.38827008218446
2.43801845317522
3.32614765600853
3.39881462071824
1.67302126637789
1.53836247360693
1.04059012725575
1.01410019004951
1.30270655328261
1.18083899219769
1.86212567669911
1.86289944440956
1.89283091387043
2.79797139156213
3.42166129795225
2.0863082779225
1.69183687090508
1.69233664989921
3.02898391675011
3.10545499281484
1.82692900359956
1.41312452096831
2.42526517056595
3.09510938925829
4.67833740648628
3.28005907263907
3.27120207865581
2.91704676234456
4.04788111189304
5.4403099602181
2.61108003223841
2.24339165822505
2.07552516473395
1.44484109802457
1.26347900939581
1.69342185478971
1.20478699641369
1.99420625492174
2.51420565613777
2.47545332519748
1.64145320678756
2.692932333302
2.47792361666184
3.98725544955254
1.2345335860747
9.16122213757885
3.82245656319735
0.760522770661383
1.39655479672317
2.52323281914546
2.32328455204874
3.25055639025354
3.66704487270174
2.67043763911251
2.8215368350938
3.0510489290873
2.59827389996001
2.19895681571535
1.55801651675952
1.98574631061259
1.61653044074804
3.88898314373304
5.56957223491888
2.90910435036551
4.57065365142888
3.84891135778294
1.48390789819295
1.57517535270804
1.4346928968654
1.16564490825902
1.50187453573394
1.06357559692147
2.61648468114366
2.06507713426484
1.34120549508128
2.4742285278398
3.02005014501938
1.44865700898086
1.42116355732579
0.932850176247011
0.740826262022375
1.41960801426731
2.17744943184731
1.88581420042721
1.70048950983146
1.30415154304014
0.950725523632826
1.1521802888508
2.09640438744985
4.26748101489911
2.63832784291455
1.43898148406873
1.28208954361428
1.16806016261693
1.39919227798008
1.71663778288066
1.45788851273795
1.4229301227767
1.2775239189735
1.62446321270154
1.72276219609192
1.31777701992125
2.07865592971094
3.10760059385682
2.28097154042946
1.278880603809
0.959153096632122
0.755737532282607
0.643667162845737
0.901687746170173
0.842364354478197
1.36193079583342
1.5616754461388
2.68622029084865
5.33211152363694
4.30616831244116
2.94792928965182
2.92021328593308
2.75190801259722
1.91616745681431
1.39523318322112
1.75542685000512
1.44163209701307
0.938357429351949
0.955042944461936
1.56268116955665
2.29250327534213
2.32293880155057
6.50972620543827
5.70527965253822
2.57132153957547
1.72280314630538
1.25763510207633
1.38017131151997
0.778716608121033
1.83067127304034
3.31152021530237
3.61289155199596
3.22283007082042
4.78336090034903
4.12543245541875
3.45188316282938
1.41248191145094
0.921574460228006
1.86000896153718
1.31892221854542
1.94995477864775
1.8305676384132
2.53262848943875
3.67185435101663
4.09053147776756
1.775819469321
1.86218119181287
2.27551031993167
5.04927481908439
4.91395308505372
1.41541972288988
2.80977945516642
5.12266602357485
5.15049272931536
3.58796735196581
3.35014930452053
1.96676729971283
2.75103415390107
3.16147313876359
4.23380938835614
4.19428194819036
1.72424212118833
1.97266946837112
3.02557195358663
3.47059518235023
0.994471399192568
0.958000675783433
1.42534061673579
2.5349479846662
4.26913593822033
3.77238145745305
1.51433805315487
1.73690203957972
2.09172730362862
1.9046262669944
1.15030488402519
1.453517238225
3.21854398920864
1.96061798289102
2.30246101677626
2.12713494872514
2.54231798442579
1.67974146743631
1.7296892589406
1.85418618931877
2.01958400623947
1.51697070063947
1.61432606829351
1.60877138472971
2.51452872059027
2.37237081586013
1.69884896242495
1.34057693945777
1.54761512777045
0.975256872890912
2.07247941492577
2.94657833613581
2.03433287054581
2.21073998945369
0.828743678192542
1.23518419964297
1.4636151987865
1.77502010925107
1.51791191247253
1.79145030532301
3.29809730148882
3.68515925765629
1.16742243245886
2.08028036269235
4.6591265831952
3.69391358041724
1.68277501784901
1.77142947489381
2.18415827552759
1.56358961614277
1.80314791462077
2.46680878670106
2.09606553569278
1.26454894626999
1.79861691853588
1.20420663042713
2.02573682667949
2.43701022338418
2.54346336446708
1.53787196831468
1.05657760355871
1.6900777864331
1.21988887989392
1.12681877531339
0.854515501486914
1.33132180400926
2.22996164371343
1.62341693098186
1.45294167687669
1.1835849281989
1.8840287959545
2.58209701222044
7.63155839259381
7.81028671939477
3.12069638795794
2.82042617849028
1.57266161629417
3.68803500249139
5.4839701498287
4.51577899031414
3.21275237242239
2.01899070462701
1.84103115423967
7.54203582617371
8.20813609632595
1.78382718248768
0.792701845076923
1.19503974530533
1.62425036616878
1.59243722823508
3.2936763534582
4.22172406756587
2.93894235942888
2.70184409131289
4.55138203452355
7.29675991285087
5.86375693172002
2.79811132424949
1.48240586829163
1.48508648010813
1.11043702121455
1.24046628260718
2.60440459735971
2.46677480972229
3.32025981449803
3.02784086074164
2.06235914153955
1.67343063608642
1.05827656131479
2.67482351869921
2.83796352519196
7.34444010111834
8.80050030310474
1.79994504752458
8.579020293588
5.2418699545888
4.31005558456501
3.7728373685432
2.29057382902405
4.94300752515886
4.85483852269535
3.19103756511209
1.37491792773485
1.8267047347715
1.25927483338851
2.04007278391034
2.04607128828983
2.12545975352762
2.05636442286248
2.73952344595924
2.66619266559644
3.13519237381323
2.80945986356548
1.88355829702847
1.25032824191312
1.72074581448691
1.78014222856073
2.10651575133675
2.43013305071226
2.73171767608483
2.24030451870182
1.42793308279884
1.75642180834422
2.07075521994934
1.93253423968787
4.63657827659325
4.02294825262622
1.46398355507596
1.8872697277522
1.64778583984332
0.821729890547507
1.97831713467057
4.90468940511848
3.10778182022757
1.50045760311922
2.96412805870684
13.0296538147066
7.45652468091409
1.62065599253421
1.37453287851196
0.807750952660524
0.920142425839999
1.82762354373113
2.29838063238421
3.5305767648027
4.38690756119321
3.21822018072777
4.62408919339003
4.83334153584049
3.15923206328077
8.42182853740497
6.39358419612429
4.47178433506652
2.47891600545322
1.88706664232733
3.53967177339758
5.10346557081758
5.34003917875866
7.32330698208137
5.37957256202574
5.37585759339002
2.4352493176989
1.67050538678504
1.48257208474881
2.77329924572345
1.79053508152814
1.42354276630364
1.96029232427649
3.21041085629905
6.80155002680801
3.92669506517932
1.39422769653343
1.53263768491879
7.14275896781166
8.2855250737369
5.54040435286539
1.38903155777119
1.49171436264195
4.02851772139492
5.2516764795181
1.95557857739193
3.37262943788514
3.21961627357378
1.93015231210764
3.66388902133955
5.28961131592567
3.92448414687644
2.98600619607733
1.74997480704161
1.81381129800227
2.65118098672393
3.68871302104324
3.3708583511699
1.41627076508413
2.31683849666877
3.20347360142516
1.79231212887984
1.99895660105718
2.85984140450682
1.42297768049474
1.42506618989991
1.77997416053499
2.36948272083649
2.20165263369859
4.17340519893395
3.7400767197983
1.23166333281275
1.79099389769538
2.83546269368652
1.77464094594175
1.88614066259404
3.88723034864466
4.03090534090515
2.41585205497381
3.24841300341447
3.44568299880245
2.14810438147496
2.08677174557768
1.73300933078098
2.02300113620661
1.2572443357561
2.63209220615541
4.88823964794124
5.25823669440397
3.27353448795788
4.74130348731545
2.82270463278738
2.87626061868384
2.34289088764094
2.09980402003597
1.74514169108699
6.02808525729874
4.74568090376021
1.93244532260257
1.65974259400875
2.00643485798152
1.9123108216532
3.68863534114031
3.1578107411176
1.34472536421459
4.02605813567795
2.81363642548131
4.06279489548397
6.38347518377935
5.05328270817336
0.959957682376198
1.52936177226612
3.46381452029999
3.09842580579449
1.32112450450445
1.94148238062519
1.79434377586743
3.06098752065202
1.53243640221687
3.15694152669521
2.05585151134183
8.04875869322821
19.7334194887208
10.17029344668
4.58218957185268
2.41088879803626
3.84801787100981
3.33444309327934
0.99533873996892
2.57337509794354
5.15685193534317
2.55508651933451
3.58886409998038
4.00545252615843
6.95810084447158
2.85284470677901
4.42006177797042
4.32745749333173
8.45069936941388
7.46717425789922
3.13715742992282
3.96265751029876
5.01535574407247
9.7703660122567
4.02838830017928
3.04312351041623
1.95417529781506
1.27714631573024
2.60037592887901
2.62203909202596
1.66109261543314
5.76751090176207
6.44381874534978
2.9586907919205
2.80631877472504
4.67959737934269
5.06091939786224
5.67042911661374
4.52933333724519
5.0717367807518
7.87228399549989
6.60252436982535
6.69380923818752
2.03771560447268
1.03340365326419
1.09215369463911
1.3154813905542
2.0646321422434
2.94864437823349
1.79477691699424
0.955186508914574
1.22498137207097
2.54244745978877
2.37793664130113
4.10892982064504
2.60323047772594
2.65532242910398
3.03429787557794
1.96181956697577
2.65137276748173
5.36670181110939
5.38391225603339
3.59633985927981
3.71505809830699
2.63015197704839
2.40925195209803
2.0464329647512
1.9721887592032
2.28992694134053
2.72965060741348
1.74201009685844
1.50057705424138
0.881077605619048
1.29291972642144
1.42236174841184
1.27813687683706
1.7886138574733
1.7785651802183
1.47962966132848
1.49699419186165
1.99115805682299
2.43985403719934
2.16649758509387
1.88496553699382
1.45938065198919
1.76752842607856
4.01097058575231
1.81057461358194
1.80849219140271
3.20761047599417
4.08787405692418
2.77781493436518
2.60043838554287
2.89888192830865
4.71284790708029
2.84263599704664
1.78646708432716
4.04391908273349
5.82408796262374
2.09710024657336
4.47116201367595
3.3908114618682
1.53944277256912
1.5869207058325
0.952750101585725
3.24063942574721
2.28463819352004
1.18577451142728
2.63060282303336
5.05407137843561
3.1341733873116
5.08780116290687
2.93049419119022
1.44174376717489
2.3153189615856
2.60923329156351
1.55451924952572
1.98213103154968
2.04153877158044
1.97185632396102
1.9457932440705
4.71601279632708
6.81254990606255
3.46770592548972
4.53077772190984
14.3169263909973
11.7829742735098
3.40215577405854
3.54002279123301
2.9905699629727
4.16005346503701
2.69176174138969
2.42830659733789
11.4167964477631
5.36113311946525
3.71384823980095
9.49716188862747
6.51451915828557
2.68725269694161
2.55531047681551
2.28832547530304
1.29907634636595
1.64877778862444
4.0878509397891
3.81675186021154
4.30484314307909
5.16713553880704
3.30634009629689
6.11652896464576
6.87171330266268
2.76309112412126
2.06177084322251
3.68812615621401
1.82585965735401
1.61948346244257
1.25388237963592
1.39598941731954
2.09577078915011
2.20492711012283
1.43277497283341
2.01141907236443
3.43518657482399
5.4055226377191
3.73564838377122
1.77038022632244
2.56594198894449
3.75820413518748
3.44567485986018
3.45445723082414
6.21762591404683
1.23197534582639
1.67939209174409
1.81616518130732
1.78316878017745
1.56155795425731
2.56835047760371
4.3694732573466
2.88398603138194
2.81720493330423
3.96520153875535
2.74016527895816
2.03496267272591
2.17901172619951
2.04937966024931
2.02758391832046
4.84062920412097
4.66196310814483
3.34210490613976
2.50114174858245
2.10619192581594
3.91064976410083
2.10815822483759
4.84898986827898
8.32908867448522
4.60259424397125
2.89629315993729
2.82403395941406
2.85363022841787
6.8603741986688
4.36472030354998
3.70635528416065
2.03559540348878
5.46060968050172
7.86757670321896
6.85395321008858
11.0226719219629
4.08420149438033
1.81429510208905
3.07737383254607
2.97499838198048
2.06639118604514
3.28714267113102
1.526332591865
1.57737316308551
1.65406523146414
1.68123061046462
2.48439680879101
3.10976038594006
2.30866156624179
1.20930896368345
1.43047108043413
1.99959364614713
2.51170385874755
5.48706985397825
5.88197315593214
2.22460773995055
2.28805187302669
2.38359701864395
2.75834219534296
2.56043813478668
2.09897395827675
2.57687742458411
4.52203319784877
2.57200615933662
1.9832984336639
2.758430698203
5.37157367018504
2.43370143165233
2.47379069633331
2.94879369393823
2.94043721804721
7.5122559998634
7.83579469352868
3.59877212208561
2.1044459525878
2.63415750566704
4.21631019580495
5.45973891429386
5.31698309970403
4.51379026858486
4.85650309663664
8.5489046572264
4.98986110568316
3.6141224976134
1.99509973836867
2.77168751153154
2.82277165048058
3.21938388239547
2.59836218232909
4.28509544084239
6.51810256298635
8.62555165414773
8.35044848439908
4.37968404109586
4.886113629438
4.27688390927827
6.65738557171027
12.542293007059
3.83574053656959
4.94466253671396
5.99075160313217
16.6102578243563
9.95709846912648
6.92309010760948
8.01821738255418
8.92020317514146
6.17670006825735
5.10345767637509
11.4501273545752
16.6499676696343
10.0435875722661
1.33175248071441
3.04298835349708
5.4596896027272
1.92253143706941
1.03895505391587
1.02961717954278
3.50699910219173
6.31306256401678
4.83689609054515
3.49029949674413
1.19414281646124
1.85461737835142
2.4616415353387
3.62134957535682
3.60403100272275
2.20624677370419
2.09387019884952
3.27095926537033
5.5607933096756
2.84115668009643
2.47215255618065
1.88952696942135
3.06551197931838
2.77770891962937
1.06368900504281
0.597385991970892
1.10070731936431
1.91730081717332
2.42589493235044
1.17492207974972
0.941008992069936
3.52671782842955
6.13112681941927
3.45093688356801
2.4894685891447
1.74195811425051
2.90404796666253
4.10690473966479
3.54957963601463
4.29635712578012
2.4857328087413
3.9999207213647
2.72843215839236
2.20011543299024
3.97646576143437
3.32227920435026
2.24486060586936
1.40780357346906
2.95602562651801
1.93027364793071
1.42848740165554
1.19514976384816
1.2896265099514
1.55181037448641
2.22052757982196
2.51430380406698
3.59488799056759
4.30096794898912
6.58960217221556
2.56091048006162
2.01718312494612
1.44658769789148
1.29614560072067
1.88256337280804
3.17895917146736
1.56273233296209
6.99588399269588
8.66872255413829
4.485919581661
3.80669084512365
2.7925354087933
2.20262322132113
3.34607178487783
1.55430636682835
5.11910264426468
6.86841890875874
9.68406689670068
8.79346890686628
4.07863033518445
4.82181538879188
6.70683318961023
3.9008460011869
14.4195920920528
13.9804689799493
5.22166786881533
2.20874813729959
0.472182343867645
0.484344906542853
1.57130974899148
1.82466529847786
1.50440512479586
1.94518896667043
1.2891743872706
1.03739785844045
1.12016893298071
2.17465206475582
2.96658146846816
3.23775772300401
2.81025215131386
2.61415980218299
1.73516468329286
1.66198866439947
1.79283900313814
2.61323304513675
4.97055182729998
6.07758523477585
3.01498899586386
1.47347672895646
2.09960565579565
2.38606261524336
2.04542667096493
1.42950923846205
1.55576945905106
1.13296451535009
1.68933668091455
1.5381454413438
3.46855269341739
3.85058538563464
1.50727511334178
2.49994841298225
3.6570557432971
4.33676604999304
2.36590127615948
1.09452883288985
1.90896196703312
2.07535359771562
2.58123097586714
3.19952906652804
2.21423047722904
1.28914398011786
1.03990175689311
1.24580876347701
1.34926042842809
3.70488416016753
4.19389246810475
2.93663213208688
2.52738613929417
3.12695304332151
2.26929922818514
1.57078532739853
3.82698852143863
2.8160749333891
0.787552309646665
1.14021667078218
1.66914706353095
2.721054148306
2.20482564522959
0.941752027677146
1.16996801127682
3.06448990260728
3.45133731554129
2.0227593547414
1.66354664099795
2.80219279198195
3.22799595096745
8.65323688147396
5.33197712095086
10.5648987400173
4.46768812759874
4.08607280480635
13.5461159510407
19.5590178738294
10.4804709591023
4.45153273397966
2.46298865332396
1.7457112181627
5.77777957912517
12.3432005326849
7.59411271791955
2.12510979074395
3.77666443097654
4.97573027820264
4.97486650650341
9.06945851454397
7.63326270487202
2.69964630713951
2.89759137867373
4.95884695860669
2.68313516177964
10.7040521926679
14.7675161291568
3.61914748523549
2.92936947360637
3.21591228400306
3.05661360948809
3.36938270244317
5.07895952486856
4.12072412733222
2.38391487586878
1.21137054752226
1.45599567034309
1.55962596302349
1.30324893400645
0.922510014383156
1.24629021491182
1.43023602035102
3.53301391213188
5.9847776221671
4.91581129960233
1.76419019181791
1.30657544971715
0.997918871843834
1.60935012305987
1.33442047860061
0.963820975508009
2.78404403581367
3.29260094801556
2.74339721339371
2.62133044837095
3.34602272183108
1.97446959021671
1.4516392340595
0.633640152029527
2.25122334300796
2.36769792556153
2.93509828552834
1.80829282436337
1.00966714791488
0.862789494095975
0.70625373735152
0.565128386377534
0.626690560484853
0.605853631885396
0.60992912673304
0.608228190573593
1.04097378628979
2.17241797757118
1.40665323440664
0.590013557487854
0.884651645224662
1.07348259668152
0.734010729046047
0.832035303916113
1.32509806910198
1.6000474996821
1.37353780672497
1.17899917245508
0.983730276598634
2.19960210932628
2.68806885301771
1.42549742633857
1.61369137201093
1.9710815496307
1.86807612135384
2.29335012061434
2.71676046206312
1.4180180135882
2.24702737121412
2.37896298167854
1.54632968744353
1.13084024036994
2.12419616855811
1.97829582543998
1.7999480054342
1.83309002203238
4.21617982411461
4.53375671446291
3.1404005475741
1.75995370337937
1.49221999426629
1.85738827128824
1.95387744286404
1.56233794010699
1.4231510258874
2.82380465808911
4.54786253613327
4.57943501761312
3.4391716552519
1.55033918977143
2.45050981767739
3.43961149610079
1.38453095007361
0.928183028673948
1.12631034804349
1.47133903282227
1.18959545541218
1.82499799640093
1.72025987017886
2.22988462775544
2.72384202839199
5.08175430123786
4.25715576338505
1.68503094524335
1.25742960513606
0.77387773059179
0.535517963404966
0.828684644743481
0.898311921556152
0.992590510625862
0.74999321296805
1.08105008193388
1.82010886634291
2.05668165131065
1.58954556120177
0.717744641037765
0.438437374180535
0.577705391379068
1.01186257316224
2.70216124230496
3.13966281747806
2.72987413565221
2.22556097380138
2.86796527161282
3.41584570091718
1.9824665545508
2.10788144541055
1.30302081964948
1.06298204844351
1.09244075794184
1.12010137541814
1.96535596699741
1.5250379397721
0.826817950858337
0.682483759653896
0.891773258522482
1.04409146866257
1.63210685051998
1.23653131210532
0.779741590178584
0.613734157133513
0.570825898336319
0.916985944049255
3.47061921164556
5.05333030390614
4.44577515355914
3.16951859815402
1.74914980602321
0.771498078781193
1.05702826838021
1.66688476802155
1.40590681190957
0.951561835149341
1.17843038115056
1.39312491692959
1.3949914695207
0.921527984604733
0.66540790119497
1.6483254822047
2.39173538530594
2.98899319335066
1.92295904932682
1.55162765697842
1.63620880820598
2.28307650453357
2.6835757825524
1.55460028775641
1.20437879714995
1.55584473114889
1.5610984915616
2.92525167430151
2.97744189865167
2.66017564295048
2.84017994451133
2.57310077464471
1.36281653091388
1.25947008981836
1.4455555698665
1.09977504732278
1.15870033708049
1.17026365446414
0.631536966668105
0.686982282212724
1.0901759784015
1.64753653531422
1.89395860560007
1.43010202985862
1.36651067359895
3.55229715549525
5.77312409426045
5.11914076555034
1.84557911794869
2.77385714157697
2.41360854961499
1.81348304707909
2.9620443747815
3.47240425364026
3.29632881512141
2.49794660952611
2.5356420842759
1.466414913222
1.99921243625236
1.61902516077398
0.77619619189694
0.865955469934364
2.29409317571088
1.68013601075341
1.20307686320422
1.29074420452696
1.12046609317532
1.28346566208674
4.09304461036521
2.28332207783649
1.14332054245986
0.948337827999452
0.755928312312478
0.669873181499656
0.94277605963106
0.941260091383479
0.816408110368172
2.2244796655432
5.48164972274876
4.82120243965316
1.35992585755908
0.847400705281661
1.33968667730479
1.52298812109372
1.02299213112831
1.03392849462162
0.843513404386099
0.708623404210339
2.42795092699629
4.23569988337959
4.11946177302248
3.85440090554959
4.03968760256981
3.83827473793981
1.80172738038745
1.34373852534611
2.4312255792016
1.17744008600252
1.64524172015085
2.37046692255311
0.832339921860072
0.655438806273324
0.909411484393169
2.0323350836095
3.26867125859747
6.93758277685041
2.17305554093937
1.30901428937919
1.5042544632761
1.42247382869518
3.11972750069732
1.21755040003616
1.12147585544632
0.988123018119921
1.10909762756202
0.928059258438466
0.945890014082585
1.52189105733887
1.91284756705507
0.978775692289595
1.56590833120567
1.5025132909306
0.739451650503003
1.59267043482719
2.17971349032947
2.73581122387409
1.93881400656144
1.43560580292094
0.984099295102836
0.77776903013772
1.03528810558712
0.985470032371768
1.09346134581585
1.5119640958342
2.38994248096248
2.31164553698562
0.928345980293964
1.2082740593056
2.80100863193147
2.78571342082784
4.71837341081219
3.6959379344772
1.48317896209415
1.07267570029966
2.14084336170843
2.04957417036755
1.82524857782183
2.28091796975146
1.70624403236445
1.26349594624819
1.42178785457645
1.55233959401578
1.04920393871213
1.12452660938821
1.12828602204339
0.687821283948412
0.462805725654413
0.529836091255385
0.814733082937866
1.69903244205323
3.6608111175869
3.57302834619327
1.74704085330714
1.06807558328755
0.587211739689785
0.610250740970354
0.437000714146899
0.492678938791386
0.379999097023123
0.756178961472586
1.06905134286886
1.41629651106783
1.06333963367552
0.472484785201955
0.974023866457537
1.43056685809087
1.33750164029346
1.15578266992418
0.79093705240732
0.748969540031349
0.749965749487484
0.631038993036801
0.90646962014114
0.816017603453652
0.763581671060735
1.54005823192697
1.49732346269664
0.749137650710717
0.768339617191621
0.747437875901647
1.25136216855341
2.15718002964784
1.4667558528006
0.820397875126914
1.00583068649889
1.48421567661003
1.41384614501028
0.77729203913957
1.04809183743635
1.40811730481247
1.48938905498423
1.32962946676826
0.454233231528563
0.581490035239293
0.411893222163897
0.5118366236319
0.801174639464738
0.851991720210693
0.795869535870676
0.846355628580664
0.66898184662701
1.16027846512638
1.84476758961342
2.00779582597056
1.74942736788082
1.65096664313377
2.24589579478134
1.70333079758335
0.609377620574236
0.569024289479074
0.513052220248266
0.949426577345102
1.00408676716301
0.950064247533252
0.946404063769294
0.694793606240954
1.14675829391358
0.998572969086162
0.943661758204047
1.52349763080684
0.938238840310486
0.909340712938317
1.26560730304785
0.943838805113871
0.903697086085165
2.57014574392517
2.39077662454832
2.3726697743903
2.45530775476504
1.55842946682893
1.39393747756691
0.647355460447714
0.858118904046477
1.21855878082772
1.89329822887918
1.73930841925461
0.825072588920934
0.798689406985861
0.85154076109022
1.23739630729183
1.07195341125151
0.708194467865569
1.48589619920419
1.12170524190018
0.870577714530067
1.55989043736509
1.33372980343134
1.10127163409878
1.29413764981379
1.57620221978296
1.42361016112623
1.09066662583861
2.39361030880464
1.62591863448879
1.02308487736938
0.57878951326036
0.937582117334201
1.33667310228372
1.25608720946306
0.975450814256323
1.63591045090941
2.9071550386774
2.480922741892
1.05673178283685
0.559830657516365
0.752289498588885
0.631597765811199
0.566400312115067
0.614454776772965
0.7039259638399
0.524673287064714
0.824525970283168
0.793238880984919
0.606610532528114
0.268184112886401
0.402002061447413
0.387276545745805
0.681254953687296
0.828258501294876
0.56531258513337
0.762877379577751
0.98010820213435
0.867323812633906
0.962261448728767
1.50660334783991
1.75867214185169
1.49986589706333
1.19645096039821
0.845255248538608
0.656175287073665
0.57995395831832
0.687890398334725
0.95740743919516
0.841969429556016
1.09709192810022
1.02064857873867
1.21120231517207
1.27223472159569
1.01831161826848
1.00112754497038
1.13587484180379
1.31441425326185
1.33443906846813
1.11093690186081
0.807869604919517
1.33980848023887
2.35347499638946
1.17762341912396
1.10612638357391
0.633577921769063
1.19678639492822
1.33230723172694
0.797582235393023
1.35902577437237
1.02136124227855
0.738286921707711
0.512147912045285
0.829171900669795
0.863725091390885
0.566121045239564
0.749868280132342
1.26506644073076
0.887078177651899
0.418003305353344
0.487218269815155
0.803902427573235
0.980250681464083
0.873126197126831
0.649454285527842
0.728275720391119
0.763146183790405
0.540252056672137
0.965114277502795
1.03223264061658
0.909777406951348
0.864967538302702
