0.012403265813071
0.0120800730603615
0.0139236346170148
0.0126432461090472
0.0125652302598675
0.0132749559765744
0.0134272998415013
0.0124858807795799
0.0135784206094787
0.0127628028547503
0.0118271000198908
0.0128541611165433
0.0122145508043142
0.0124970212159934
0.0120025861565765
0.0123893617398118
0.0122259162085386
0.0125944840803887
0.0127159925696257
0.0123413047257325
0.0130324227949314
0.0120958223987932
0.0122140979982413
0.0125034625987967
0.0120048310414799
0.0146686042879559
0.0119540604466655
0.0130573164302805
0.0120381688816508
0.0122943067031849
0.0120246606679558
0.0131463255700642
0.0119944899369537
0.0124212410656411
0.0117182844156163
0.012961409510191
0.0117503298539109
0.013838941237433
0.012456184930546
0.012775828695211
0.0127980445481771
0.012393015793995
0.0120397551043102
0.0135435431280685
0.0123314718050901
0.0130692281358729
0.0132308667952421
0.0127280804937445
0.0128034655020214
0.0137827834257485
0.0125531240095172
0.0122580154406892
0.0130420953294458
0.0121552588256234
0.0124837037769043
0.012147085589937
0.0124680701611826
0.0119278363251016
0.0125393355452896
0.0126488893386719
0.0123481042744148
0.0128229614099393
0.0121049190263032
0.0126907349304563
0.0120725685701627
0.012049612539687
0.0143762957318884
0.0119590857331966
0.0137386774859382
0.0121003555253562
0.0124282142586369
0.0120424653011284
0.013074431966223
0.0120551668118106
0.0126276652433821
0.01173763922467
0.0127028998623297
0.0118444642945975
0.0135685945753237
0.0120063555999924
0.0131500137819393
0.0128861466897242
0.0127353103503088
0.0122607359354656
0.0128753097811159
0.0121413090940927
0.0136611404521264
0.0128757237858896
0.0124770350583886
0.0131282485574522
0.0135758316820213
0.0123216913764426
0.0129401529837481
0.0130146503358929
0.0118767635383909
0.0126331376213928
0.0121215392970894
0.0125539084449061
0.0118423094025679
0.0124321071282553
0.0124679105442897
0.0124814707876302
0.012705396765869
0.0121561743245304
0.0129416849877728
0.0120069917922725
0.0119938054849927
0.0135436153592828
0.0120454050076583
0.0142592012559069
0.0120337641030928
0.0127168026395482
0.0120775487274494
0.0126962247282385
0.0120029007975609
0.0128882906323632
0.0118988296847492
0.012312898000546
0.0117595882376544
0.0133251072875185
0.0116436826465
0.0137386677122389
0.0128390312647654
0.0127002173857074
0.0124947035006613
0.012403265813071
0.0120800730603615
0.0139236346170148
0.0126432461090472
0.0125652302598675
0.0132749559765744
0.0134272998415013
0.0124858807795799
0.0135784206094787
0.0127628028547503
0.0118271000198908
0.0128541611165433
0.0122145508043142
0.0124970212159934
0.0120025861565765
0.0123893617398118
0.0122259162085386
0.0125944840803887
0.0127159925696257
0.0123413047257325
0.0130324227949314
0.0120958223987932
0.0122140979982413
0.0125034625987967
0.0120048310414799
0.0146686042879559
0.0119540604466655
0.0130573164302805
0.0120381688816508
0.0122943067031849
0.0120246606679558
0.0131463255700642
0.0119944899369537
0.0124212410656411
0.0117182844156163
0.012961409510191
0.0117503298539109
0.013838941237433
0.012456184930546
0.012775828695211
0.0127980445481771
0.012393015793995
0.0120397551043102
0.0135435431280685
0.0123314718050901
0.0130692281358729
0.0132308667952421
0.0127280804937445
0.0128034655020214
0.0137827834257485
0.0125531240095172
0.0122580154406892
0.0130420953294458
0.0121552588256234
0.0124837037769043
0.012147085589937
0.0124680701611826
0.0119278363251016
0.0125393355452896
0.0126488893386719
0.0123481042744148
0.0128229614099393
0.0121049190263032
0.0126907349304563
0.0120725685701627
0.012049612539687
0.0143762957318884
0.0119590857331966
0.0137386774859382
0.0121003555253562
0.0124282142586369
0.0120424653011284
0.013074431966223
0.0120551668118106
0.0126276652433821
0.01173763922467
0.0127028998623297
0.0118444642945975
0.0135685945753237
0.0120063555999924
0.0131500137819393
0.0128861466897242
0.0127353103503088
0.0122607359354656
0.0128753097811159
0.0121413090940927
0.0136611404521264
0.0128757237858896
0.0124770350583886
0.0131282485574522
0.0135758316820213
0.0123216913764426
0.0129401529837481
0.0130146503358929
0.0118767635383909
0.0126331376213928
0.0121215392970894
0.0125539084449061
0.0118423094025679
0.0124321071282553
0.0124679105442897
0.0124814707876302
0.012705396765869
0.0121561743245304
0.0129416849877728
0.0120069917922725
0.0119938054849927
0.0135436153592828
0.0120454050076583
0.0142592012559069
0.0120337641030928
0.0127168026395482
0.0120775487274494
0.0126962247282385
0.0120029007975609
0.0128882906323632
0.0118988296847492
0.012312898000546
0.0117595882376544
0.0133251072875185
0.0116436826465
0.0137386677122389
0.0128390312647654
0.0127002173857074
0.0124947035006613
0.012403265813071
0.0120800730603615
0.0139236346170148
0.0126432461090472
0.0125652302598675
0.0132749559765744
0.0134272998415013
0.0124858807795799
0.0135784206094787
0.0127628028547503
0.0118271000198908
0.0128541611165433
0.0122145508043142
0.0124970212159934
0.0120025861565765
0.0123893617398118
0.0122259162085386
0.0125944840803887
0.0127159925696257
0.0123413047257325
0.0130324227949314
0.0120958223987932
0.0122140979982413
0.0125034625987967
0.0120048310414799
0.0146686042879559
0.0119540604466655
0.0130573164302805
0.0120381688816508
0.0122943067031849
0.0120246606679558
0.0131463255700642
0.0119944899369537
0.0124212410656411
0.0117182844156163
0.012961409510191
0.0117503298539109
0.013838941237433
0.012456184930546
0.012775828695211
0.0127980445481771
0.012393015793995
0.0120397551043102
0.0135435431280685
0.0123314718050901
0.0130692281358729
0.0132308667952421
0.0127280804937445
0.0128034655020214
0.0137827834257485
0.0125531240095172
0.0122580154406892
0.0130420953294458
0.0121552588256234
0.0124837037769043
0.012147085589937
0.0124680701611826
0.0119278363251016
0.0125393355452896
0.0126488893386719
0.0123481042744148
0.0128229614099393
0.0121049190263032
0.0126907349304563
0.0120725685701627
0.012049612539687
0.0143762957318884
0.0119590857331966
0.0137386774859382
0.0121003555253562
0.0124282142586369
0.0120424653011284
0.013074431966223
0.0120551668118106
0.0126276652433821
0.01173763922467
0.0127028998623297
0.0118444642945975
0.0135685945753237
0.0120063555999924
0.0131500137819393
0.0128861466897242
0.0127353103503088
0.0122607359354656
0.0128753097811159
0.0121413090940927
0.0136611404521264
0.0128757237858896
0.0124770350583886
0.0131282485574522
0.0135758316820213
0.0123216913764426
0.0129401529837481
0.0130146503358929
0.0118767635383909
0.0126331376213928
0.0121215392970894
0.0125539084449061
0.0118423094025679
0.0124321071282553
0.0124679105442897
0.0124814707876302
0.012705396765869
0.0121561743245304
0.0129416849877728
0.0120069917922725
0.0119938054849927
0.0135436153592828
0.0120454050076583
0.0142592012559069
0.0120337641030928
0.0127168026395482
0.0120775487274494
0.0126962247282385
0.0120029007975609
0.0128882906323632
0.0118988296847492
0.012312898000546
0.0117595882376544
0.0133251072875185
0.0116436826465
0.0137386677122389
0.0128390312647654
0.0127002173857074
0.0124947035006613
0.012403265813071
0.0120800730603615
0.0139236346170148
0.0126432461090472
0.0125652302598675
0.0132749559765744
0.0134272998415013
0.0124858807795799
0.0135784206094787
0.0127628028547503
0.0118271000198908
0.0128541611165433
0.0122145508043142
0.0124970212159934
0.0120025861565765
0.0123893617398118
0.0122259162085386
0.0125944840803887
0.0127159925696257
0.0123413047257325
0.0130324227949314
0.0120958223987932
0.0122140979982413
0.0125034625987967
0.0120048310414799
0.0146686042879559
0.0119540604466655
0.0130573164302805
0.0120381688816508
0.0122943067031849
0.0120246606679558
0.0131463255700642
0.0119944899369537
0.0124212410656411
0.0117182844156163
0.012961409510191
0.0117503298539109
0.013838941237433
0.012456184930546
0.012775828695211
0.0127980445481771
0.012393015793995
0.0120397551043102
0.0135435431280685
0.0123314718050901
0.0130692281358729
0.0132308667952421
0.0127280804937445
0.0128034655020214
0.0137827834257485
0.0125531240095172
0.0122580154406892
0.0130420953294458
0.0121552588256234
0.0124837037769043
0.012147085589937
0.0124680701611826
0.0119278363251016
0.0125393355452896
0.0126488893386719
0.0123481042744148
0.0128229614099393
0.0121049190263032
0.0126907349304563
0.0120725685701627
0.012049612539687
0.0143762957318884
0.0119590857331966
0.0137386774859382
0.0121003555253562
0.0124282142586369
0.0120424653011284
0.013074431966223
0.0120551668118106
0.0126276652433821
0.01173763922467
0.0127028998623297
0.0118444642945975
0.0135685945753237
0.0120063555999924
0.0131500137819393
0.0128861466897242
0.0127353103503088
0.0122607359354656
0.0128753097811159
0.0121413090940927
0.0136611404521264
0.0128757237858896
0.0124770350583886
0.0131282485574522
0.0135758316820213
0.0123216913764426
0.0129401529837481
0.0130146503358929
0.0118767635383909
0.0126331376213928
0.0121215392970894
0.0125539084449061
0.0118423094025679
0.0124321071282553
0.0124679105442897
0.0124814707876302
0.012705396765869
0.0121561743245304
0.0129416849877728
0.0120069917922725
0.0119938054849927
0.0135436153592828
0.0120454050076583
0.0142592012559069
0.0120337641030928
0.0127168026395482
0.0120775487274494
0.0126962247282385
0.0120029007975609
0.0128882906323632
0.0118988296847492
0.012312898000546
0.0117595882376544
0.0133251072875185
0.0116436826465
0.0137386677122389
0.0128390312647654
0.0127002173857074
0.0124947035006613
0.012403265813071
0.0120800730603615
0.0139236346170148
0.0126432461090472
0.0125652302598675
0.0132749559765744
0.0134272998415013
0.0124858807795799
0.0135784206094787
0.0127628028547503
0.0118271000198908
0.0128541611165433
0.0122145508043142
0.0124970212159934
0.0120025861565765
0.0123893617398118
0.0122259162085386
0.0125944840803887
0.0127159925696257
0.0123413047257325
0.0130324227949314
0.0120958223987932
0.0122140979982413
0.0125034625987967
0.0120048310414799
0.0146686042879559
0.0119540604466655
0.0130573164302805
0.0120381688816508
0.0122943067031849
0.0120246606679558
0.0131463255700642
0.0119944899369537
0.0124212410656411
0.0117182844156163
0.012961409510191
0.0117503298539109
0.013838941237433
0.012456184930546
0.012775828695211
0.0127980445481771
0.012393015793995
0.0120397551043102
0.0135435431280685
0.0123314718050901
0.0130692281358729
0.0132308667952421
0.0127280804937445
0.0128034655020214
0.0137827834257485
0.0125531240095172
0.0122580154406892
0.0130420953294458
0.0121552588256234
0.0124837037769043
0.012147085589937
0.0124680701611826
0.0119278363251016
0.0125393355452896
0.0126488893386719
0.0123481042744148
0.0128229614099393
0.0121049190263032
0.0126907349304563
0.0120725685701627
0.012049612539687
0.0143762957318884
0.0119590857331966
0.0137386774859382
0.0121003555253562
0.0124282142586369
0.0120424653011284
0.013074431966223
0.0120551668118106
0.0126276652433821
0.01173763922467
0.0127028998623297
0.0118444642945975
0.0135685945753237
0.0120063555999924
0.0131500137819393
0.0128861466897242
0.0127353103503088
0.0122607359354656
0.0128753097811159
0.0121413090940927
0.0136611404521264
0.0128757237858896
0.0124770350583886
0.0131282485574522
0.0135758316820213
0.0123216913764426
0.0129401529837481
0.0130146503358929
0.0118767635383909
0.0126331376213928
0.0121215392970894
0.0125539084449061
0.0118423094025679
0.0124321071282553
0.0124679105442897
0.0124814707876302
0.012705396765869
0.0121561743245304
0.0129416849877728
0.0120069917922725
0.0119938054849927
0.0135436153592828
0.0120454050076583
0.0142592012559069
0.0120337641030928
0.0127168026395482
0.0120775487274494
0.0126962247282385
0.0120029007975609
0.0128882906323632
0.0118988296847492
0.012312898000546
0.0117595882376544
0.0133251072875185
0.0116436826465
0.0137386677122389
0.0128390312647654
0.0127002173857074
0.0124947035006613
0.012403265813071
0.0120800730603615
0.0139236346170148
0.0126432461090472
0.0125652302598675
0.0132749559765744
0.0134272998415013
0.0124858807795799
0.0135784206094787
0.0127628028547503
0.0118271000198908
0.0128541611165433
0.0122145508043142
0.0124970212159934
0.0120025861565765
0.0123893617398118
0.0122259162085386
0.0125944840803887
0.0127159925696257
0.0123413047257325
0.0130324227949314
0.0120958223987932
0.0122140979982413
0.0125034625987967
0.0120048310414799
0.0146686042879559
0.0119540604466655
0.0130573164302805
0.0120381688816508
0.0122943067031849
0.0120246606679558
0.0131463255700642
0.0119944899369537
0.0124212410656411
0.0117182844156163
0.012961409510191
0.0117503298539109
0.013838941237433
0.012456184930546
0.012775828695211
0.0127980445481771
0.012393015793995
0.0120397551043102
0.0135435431280685
0.0123314718050901
0.0130692281358729
0.0132308667952421
0.0127280804937445
0.0128034655020214
0.0137827834257485
0.0125531240095172
0.0122580154406892
0.0130420953294458
0.0121552588256234
0.0124837037769043
0.012147085589937
0.0124680701611826
0.0119278363251016
0.0125393355452896
0.0126488893386719
0.0123481042744148
0.0128229614099393
0.0121049190263032
0.0126907349304563
0.0120725685701627
0.012049612539687
0.0143762957318884
0.0119590857331966
0.0137386774859382
0.0121003555253562
0.0124282142586369
0.0120424653011284
0.013074431966223
0.0120551668118106
0.0126276652433821
0.01173763922467
0.0127028998623297
0.0118444642945975
0.0135685945753237
0.0120063555999924
0.0131500137819393
0.0128861466897242
0.0127353103503088
0.0122607359354656
0.0128753097811159
0.0121413090940927
0.0136611404521264
0.0128757237858896
0.0124770350583886
0.0131282485574522
0.0135758316820213
0.0123216913764426
0.0129401529837481
0.0130146503358929
0.0118767635383909
0.0126331376213928
0.0121215392970894
0.0125539084449061
0.0118423094025679
0.0124321071282553
0.0124679105442897
0.0124814707876302
0.012705396765869
0.0121561743245304
0.0129416849877728
0.0120069917922725
0.0119938054849927
0.0135436153592828
0.0120454050076583
0.0142592012559069
0.0120337641030928
0.0127168026395482
0.0120775487274494
0.0126962247282385
0.0120029007975609
0.0128882906323632
0.0118988296847492
0.012312898000546
0.0117595882376544
0.0133251072875185
0.0116436826465
0.0137386677122389
0.0128390312647654
0.0127002173857074
0.0124947035006613
0.012403265813071
0.0120800730603615
0.0139236346170148
0.0126432461090472
0.0125652302598675
0.0132749559765744
0.0134272998415013
0.0124858807795799
0.0135784206094787
0.0127628028547503
0.0118271000198908
0.0128541611165433
0.0122145508043142
0.0124970212159934
0.0120025861565765
0.0123893617398118
0.0122259162085386
0.0125944840803887
0.0127159925696257
0.0123413047257325
0.0130324227949314
0.0120958223987932
0.0122140979982413
0.0125034625987967
0.0120048310414799
0.0146686042879559
0.0119540604466655
0.0130573164302805
0.0120381688816508
0.0122943067031849
0.0120246606679558
