0.236692801301185
0.285355969255435
0.588561963487923
0.43099195101962
0.119162496553155
0.300465462623071
0.682771308947678
0.654794366875307
0.542812430666909
0.0871846530816298
0.590510301803734
0.556743935635231
0.0942174849886658
0.133275805110335
0.126807176577785
0.46880525049111
0.305994027989995
0.200999333971744
0.120472014391947
0.162332118213511
0.0971346077029462
0.443655957826011
0.564600518254394
0.0537170022733341
0.160193279305053
0.30317691854367
0.163379238330234
0.149937473091799
0.349720027156902
0.503793632072282
0.433699302197921
0.197569266738205
0.0500618393308315
0.0997115500130304
0.310220287191465
0.27250130214999
0.16706697602514
0.401996081915047
0.54740233309637
0.309632348357664
0.14004961473294
0.168784367915142
0.145400136961058
0.0616166279542258
0.279818717462147
0.683558178278263
1.03699282468674
0.55457439597529
0.480301892942484
0.26404225117272
0.0626131247612991
0.0633577156282619
0.182766958607453
0.203458088238279
0.433393687134212
0.642241262545968
1.12720079226671
0.814649325353935
1.1599984739709
1.37186758891541
0.086764502797364
0.159126235902148
0.236499254090422
0.152515820349836
0.360608182065842
1.20479264302885
1.21854934270544
0.574498825892914
0.161023298274961
0.466044243590662
1.32340750113159
0.190778047487671
1.36757607332862
1.63797800681844
1.05863521858244
0.864640316487758
0.240354271778855
0.289765638256347
0.310256130923382
0.290693868503437
0.246689882808266
0.309286134047646
0.239885267355189
0.208575343221219
0.300619242343656
0.3977664267164
0.572848667845404
0.711776302486457
0.483449648976566
0.484660756496194
0.499306602013281
0.34916633104117
0.405045500479255
0.653295828468817
0.411767668596985
0.206288498513448
0.202047442839476
1.4210259240257
0.709838836173756
0.368963007415727
1.0962219023422
1.31736307543916
0.348007104037676
0.447380380575916
0.711596569496712
0.699736173418152
0.164425002237221
0.0228905799994081
0.0157956638612278
0.0478636111994348
0.0599797658580666
0.0386390696908741
0.214595269980281
1.23354503306351
0.54219940604811
0.29814413249606
0.419417946876283
0.561012631741715
0.434959791382818
0.123975832483102
1.13614024642795
0.778227810042806
0.560878815000045
0.649169632967942
0.285401506003055
0.443989863139802
0.414271038089249
0.467341236737616
0.233071303516255
0.183045914799154
0.265400856693873
0.3121739972128
0.168683118947174
0.126458956586491
0.380537251130925
0.641293884459624
0.823754888107678
0.336198681748963
0.13382527647166
0.0583550907520119
0.297831736488929
0.528866625627388
0.0912614180603823
0.61143989094273
0.976704862939878
0.676662292135133
0.214805836062222
0.194159186676734
0.103560239302854
0.0477575388681685
0.0591843123137054
0.0822463697088916
0.116893434106424
0.321505040771738
0.447654051707386
0.142873968149028
0.192792073186798
0.302616651236583
0.148349867713589
0.0985218443351597
0.063679255489565
0.162489328398454
0.562762079048994
0.51200581816267
0.297849827011646
0.42438345698449
0.598019498767183
0.141265493853516
0.236792396586566
0.188224644733671
0.0855302047035439
0.383316823623834
0.410120271930903
0.0780870235174013
0.474233531974676
0.441367623082019
0.313164086623104
0.397634910902379
0.30362109545363
0.125284488078781
0.340954400557165
0.0919566373520509
0.0588778323827665
0.82469171689831
2.13726377037671
1.5872369568843
0.269221243781009
0.180696627564467
0.135792502353408
0.205894690470914
0.592543847065069
0.567745576468212
0.303685786913402
0.29028277083436
0.493456500934583
0.301631336721875
0.158867333385324
0.117214742181636
0.204984787434398
0.0919535005413804
0.346559943134763
0.375461963676095
0.670325970443301
0.436919347941963
0.130917420224385
0.0998626532176301
0.136217907502112
0.235000734318345
0.179792509777516
0.199895374502926
0.182906753251833
0.180041381543076
0.157614787150877
0.247782484650411
0.435586135569509
0.76224974891142
0.803611518287266
0.194986846914591
0.203966373323218
0.329485544504606
0.310776111376633
0.153338434233902
0.133731889254324
0.129952967306988
0.390321631107531
0.120532870262614
0.193972934508701
0.125247098214536
0.124677386067043
0.470723550409768
0.477045679012713
0.224156016667831
0.32862771180593
0.36169589552012
0.366407379271567
0.233668227976712
0.266702756022756
0.148979781563507
1.1861097109177
2.08973512292027
0.270798245590338
0.280086212858565
0.438085717700006
0.177153621425553
0.116621482338193
1.16435357750853
5.57940541433745
1.39210915922598
1.05225286094421
0.37656133673288
0.312116488525841
0.272559761570991
0.235117401467203
0.266429616147241
0.633747393748463
0.745939466847893
0.262072697472738
0.584719248634219
1.3000651393687
0.559344333693297
0.516297417069487
0.800677371963719
0.826464798171944
0.377488253314624
0.432426980881839
0.985285447371939
0.724543579701267
0.449823722720042
0.678975048148025
0.531735775864766
0.220428962593062
0.332336171599252
0.503945263689304
0.558315172246921
0.637863360407284
0.550755926702348
0.211346143135211
0.333020610138391
0.328012201777149
0.153734880045665
0.477976794981608
0.797768404357358
0.424034869636455
0.318272617020811
0.46169919224603
0.659366322380971
0.834438653018435
1.45476182425587
0.539157120975082
0.325147933752178
0.749232599069304
2.03754310741859
2.66742125911376
0.632727234476277
0.126861963471609
1.359440659101
2.19578955352732
0.717579236976726
1.14533986084715
1.37958705307661
0.533577847286945
