0.14744385901912
0.163167363630111
0.0492318684790633
0.148330117820175
0.137826757377405
0.0552516024073466
0.0717044702382668
0.106160979204492
0.0879703477110589
0.0460748166038871
0.0572581486111465
0.0415164636591701
0.0452298288510585
0.0435189724620502
0.158138224282328
0.167041657234863
0.0359011827321965
0.0437068474252674
0.0491275740223564
0.0473589595756352
0.0465410609395406
0.0411014915636356
0.0387919382221333
0.0915751303942608
0.105680535004442
0.0518204976351853
0.0376647088965048
0.059876357972093
0.0572417153929003
0.0655377856619493
0.0675466025566981
0.0461737519042436
0.0496802581373429
0.0466233784972825
0.0371549667360864
0.0285865698376531
0.026763667188189
0.0410784082703356
0.0415890468076187
0.0264506783140318
0.0344836839383256
0.105711721958301
0.139159379672403
0.0679177810043916
0.0390330150523469
0.031433720976165
0.0569256732877391
0.0734117465981589
0.063283783924626
0.0391441073009687
0.052159442689422
0.0506659908103099
0.0566886584428671
0.0660030164812648
0.0480218523466031
0.0678927526507144
0.0546748461825545
0.075636911613793
0.0602421984687643
0.062800503275646
0.0697782651906865
0.03206218658994
0.0400298811125958
0.0360662482782606
0.0485199797545355
0.132951617563301
0.188925245310392
0.363172453390373
0.538820964385439
0.493765875594287
0.324849807342338
0.0701138692566451
0.0694044216669041
0.0762881538412154
0.0606344515591304
0.0534984564572431
0.0348595661138286
0.0236356868491245
0.037975965343676
0.0492002959491518
0.0462271782339565
0.0454239547528618
0.040504725370268
0.0509845841669404
0.0615988309138383
0.0381360612740189
0.0496141171288488
0.0582147389837374
0.0548098784034557
0.0485057572816312
0.0353267192873738
0.0336812140506253
0.0601695008110567
0.0904613910298752
0.0820642986114567
0.0814465898556764
0.106978846792181
0.0729046153593097
0.0451099073767945
0.0416659785102265
0.0332397963260621
0.0315615689317807
0.0347964888075167
0.043020676765362
0.0345268615059277
0.100467596495997
0.123592958614512
0.0686619215657062
0.0464062101368924
0.0411357878711762
0.0379130464398966
0.0358563398566149
0.0336078349159673
0.029375526207811
0.0288265955464468
0.0319077661951122
0.0288244158436644
0.0500639699983313
0.0501943562285909
0.0281006909055233
0.0478710058410546
0.0483031124656812
0.032971192336763
0.0366855422845583
0.073498129085136
0.0750813954215555
0.0639057869829653
0.0732780306977752
0.0617640322006535
0.0415714954949
0.0401466099715959
0.0577714036417191
0.0765880425175368
0.068110527214656
0.0574313873600748
0.0893998327680447
0.0897890233017948
0.0388879401755003
0.0741169912951965
0.186859726606167
0.121660177929411
0.0310041317978675
0.162174517698858
0.224506516572958
0.116439287379283
0.0341812635560901
0.0802509231106225
0.0672730623985556
0.027549613349109
0.0540864163965719
0.0688023357086373
0.0347450881857331
0.117354754458444
0.120310650657726
0.0563148191960002
0.106718423270216
0.0871535331681237
0.0278135650397056
0.0406761661355937
0.0469494731546264
0.0410205033863315
0.0308668187630144
0.048833541480228
0.042627439763421
0.115805820969149
0.12942216417996
0.0577518270578608
0.0857934221453441
0.0879351493980088
0.0284025815913378
0.0298738533804536
0.056397859465519
0.0656102247659038
0.0636280800253154
0.0589734341643819
0.0371050378637866
0.0285413213373518
0.0266189935497272
0.0260691538817091
0.0344286974496845
0.0526376354300984
0.0513307549395608
0.0407288145937835
0.033884087426576
0.0554502886488695
0.061638266719344
0.0471158249710563
0.0633858980866301
0.0646446066970699
0.033778495108328
0.0393117667027735
0.0404860361335496
0.0319893384844847
0.0314460411741753
0.0490834148964202
0.0570153332416428
0.0524087793466234
0.0410655990016769
0.0336816319839123
0.0330363109840031
0.0439623159984244
0.0503731429578023
0.0371013313869087
0.0342666480724276
0.0440267592357304
0.10341524477206
0.151626262573507
0.100171232156777
0.116064795752405
0.137986351688436
0.225866549018132
0.169657123894153
0.0760125013604098
0.0850236331364121
0.0525751961403765
0.0365604701599644
0.0358547599919395
0.0352233191638393
0.0481708879974716
0.0516911905844539
0.0371894567057072
0.0373858040530378
0.049914715095853
0.0418484289638433
0.040134641263652
0.0434296321037811
0.0487988903754494
0.0465442529633362
0.0336504242656688
0.0330711273447796
0.0272106629552083
0.0322579281781653
0.04350564406696
0.0546248600439166
0.0771777232931571
0.0620883937893366
0.0283483880259359
0.0316608860287787
0.0345234737751287
0.0401029790070234
0.0398715663129461
0.0357999789826783
0.0738366767952763
0.074185125785003
0.0444752579541955
0.0453330006486058
0.0519588440672376
0.0380973886549305
0.048536030060566
0.0441500306576109
0.0248030883114391
0.0375902841180557
0.0468132668013296
0.0615640425938602
0.0638059137455241
0.0782709582466167
0.0453392591078773
0.0514330200302646
0.055743194637505
0.0634700850911967
0.0606671578090374
0.0481884003797139
0.0520028170301978
0.0648004510065461
0.136189328350652
0.197847346685614
0.327715756240483
0.463683597477416
0.391024455688066
0.497666127500409
0.47735889225476
0.214410062249416
0.169394065978778
0.154008752791234
0.141677846998441
0.178742396188791
0.166974755318898
0.136104277866909
0.107979622109909
0.0878048039845553
0.0990918655903562
0.100160859059099
0.0586323376771317
0.0377788703161828
0.0428821614221449
0.0528740548029513
0.064276370206922
0.063563726592847
0.0639696468389534
0.0591629149407484
0.051831065934368
0.0420931412328352
0.0409780169384627
0.0501698260710371
0.0558143630105494
0.0545142511457092
0.0533255682170846
0.0489927417489587
0.0446057611386
0.0717802288727824
0.0542061194885643
0.046654570236333
0.0950906547174626
0.140672061358202
0.0841906693597395
0.0581973754932036
0.0432841298185677
0.0391006279030505
0.0292955376523122
0.0482633466815751
0.0579718017922133
0.0604696160745506
0.0625194958589073
0.0501347440407363
0.0387162121689786
0.0368459116780139
0.0323538881278996
0.032687734178158
0.0519604853624957
0.059273720997775
0.0628501956723759
0.0593148277456038
0.0550000630393556
0.067862145231985
0.0712132817258943
0.0726556604388023
0.0766644850828526
0.0468425658883499
0.0370907194051566
0.0420802582583638
0.0562481186504591
0.0429019792908764
0.042276801971884
0.0376513786880595
0.0477108098848146
0.0720458324008418
0.0620634549232213
0.0472610861112948
0.0529066125054417
0.0505448197222078
0.0594044088341733
0.0536418918435332
0.0466664248101326
0.042255854037857
0.0588416078610562
0.0559385084167773
0.0390833125830528
0.038330536230544
0.0436052979961432
0.0476993653185483
0.0523992630839544
0.059785307198203
0.053416577832422
0.0465323768562534
0.0395326581947632
0.0375396786492447
0.0385812055610933
0.0253586833356433
0.0356203300676524
0.0407474860879715
0.0599761832544678
0.0788802857560622
0.082483230160336
0.0667020125382271
0.049954461295541
0.0492851712601313
0.0541697045997831
0.0549493161738363
0.0504054287084111
0.0439618728674714
0.0494325785653596
0.056611620678161
0.0525785386501877
0.0623312913559419
0.0715083914609776
0.066145050988233
0.0514118529393101
0.0602129625981762
0.059820021878529
0.0492611913128953
0.0421625763474391
0.0562834372014291
0.060063055611302
0.0517780212742525
0.0319800618701828
0.0449727133903302
0.0524529399628497
0.0485729083770786
0.0349162951554616
0.0383700536887541
0.0482285517146828
0.0435259978287874
0.054082792702969
0.0373613654413648
0.0366841702192642
0.0433390745938119
0.0520964762882239
0.0431390556693717
0.0350548062125025
0.0351145851165965
0.043828480771011
0.0419262495617416
0.0444154859525751
0.0340477005972753
0.0259277677061864
0.0291047435498962
0.0375004194988804
0.0399192457747685
0.0280632803799076
0.0191605987946415
0.0238021569401361
0.0343744940503494
0.0328189715580128
0.0494801355264533
0.0344518921923084
0.0398620068719135
0.0325445499173814
0.0363698622828776
0.0543135355365485
0.0648540179745928
0.0600634376520003
0.0583074413110912
0.0478262887700345
0.0359075986641085
0.0342003064099044
0.0336859450534862
0.0418601248995679
0.056188904119768
0.0598102234954435
0.0434771605709819
0.0349064237513121
0.0246410615125299
0.0281125735058628
0.0425282266071907
0.0443135484105995
0.0425508647857559
0.0492146224795075
0.0399973321876702
0.0587401941450207
0.0633781988400108
0.0388189243395943
0.0381351937836167
0.0444656027772937
0.03872811537437
0.0241555193832527
0.0252336159003107
0.0403874651426349
0.0567620623136944
0.0478268760494477
0.0276845520333737
0.0415335380595521
0.0341596896804566
0.0312929114090979
0.0404187719363255
0.0593190417255483
0.063113870853937
0.044016813339177
0.0367780377656928
0.0486645813027645
0.0507405412889092
0.0460984564561671
0.0352908805113721
0.0324967599887684
0.0428328339012477
0.0380351196495823
0.0318879678884801
0.0296068943306383
0.0471736182252483
0.0420808595869579
0.047090337355253
0.0531756834855431
0.0414479932033141
0.0379900446421794
0.0358615485843263
0.0358882297925061
0.0453041197610805
0.0553936239200742
0.0389810248734255
0.0376083281570788
0.0489026241644681
0.0564374308555243
0.0591896561137279
0.0491450977738987
0.0367559718288843
0.0712006281815662
0.0669478688364686
0.0755633745473303
0.0379064203999009
0.039652164791833
0.0502342576104025
0.0525454630344982
0.0442425072771935
0.0508574107103002
0.0409475075248352
0.0533072564138558
0.0470572027125086
0.0340064180644407
0.0430364416097168
0.0429793538598235
0.03230938637061
0.0355809262101001
0.0286380599168056
0.0301867539643189
0.0359724823437579
0.0331826906511395
0.0327969776473835
0.0353564318527462
0.0401520521557601
0.0417710005946629
0.0465421832049474
0.038990954508872
0.0309639975577168
0.0348769180008668
0.0301311465577488
0.0307025907212419
0.0432926467930611
0.0372598914973751
0.0241291401504572
0.0317500485595194
0.0343409148486895
0.0561748887536117
0.0835450074453696
0.0578882145154826
0.0357738934681319
0.0445800998519405
0.0458133857189535
0.0507941542462103
0.0397993349903456
0.0444055951111644
0.0574767037956446
0.0755453574426464
0.048314962050032
0.0481223695359388
0.0605385852364412
0.0428753210967922
0.0353785144004411
0.0332535078004745
0.0283499805464658
0.0252460551849328
0.0295467977148117
0.0392961525957999
0.0377862220801842
0.0452653603093258
0.0453516355024996
0.0362199208239847
0.0454822244653222
0.0299292740065753
0.0355019243446338
0.0384935487145508
0.0456655557487714
0.0473032964849959
0.0775342703531985
0.0546729461112456
0.0569274641455775
0.0550327362391211
0.0518058779996761
0.0336517300368643
0.0374934187119816
0.0511252508374433
0.0456263714123569
0.0405929177041381
0.0327295744830549
0.0248992936061463
0.0301506066266532
0.038742386493233
0.0561820633822056
0.0471962888703129
0.0484454164202027
0.0763363082709516
0.069697328747629
0.0401213321365891
0.0356813635634255
0.0459554517927099
0.0430126864901289
0.033761785737451
0.0391635767756383
0.0561143930152772
0.0746289347011086
0.0490739620100609
0.0562416940188234
0.0535997847411831
0.0718887618724013
0.0555751272426919
0.0448587294505145
0.0435366268235496
0.0383326900008321
0.0335749870110931
0.0217693003374669
0.0305646708265574
0.0394862426780273
0.0357872264184282
0.0283293907939646
0.0310435066693447
0.0350798012689665
0.0413299729300244
0.0302693763070292
0.028585767837599
0.0549474698848622
0.0570309133311467
0.0427047057312365
0.0394170229889184
0.0470859187240078
0.0636621150593558
0.0416602614901047
0.0328903006760981
0.049886033287986
0.049825287823227
0.0378132849091172
0.0351265175940801
0.0411314750084077
0.0357471654744942
0.0331084975192399
0.042093943110077
0.0376161589169452
0.0285520815657404
0.0422482627040656
0.0471619061872886
0.043427698584489
0.035998064391645
0.0420150425120893
0.0447104626117431
0.0382147309407298
0.0381106172881642
0.0426733177421903
0.0362062939128924
0.0321329192512735
0.0337694608394709
0.032438121371524
0.0315880697390988
0.0402169960104318
0.040113960822062
0.0310795412783377
0.0418560347658022
0.0448080179741208
0.0322140895735364
0.0426150406568844
0.0423517552928001
0.0535858522705966
0.0744744969803441
0.0927852205085768
0.0818116154287742
0.0545602678975094
0.0322708405542833
0.0342005686978958
0.0603960368890088
0.070254981000923
0.0499176478907641
0.0353681956686239
0.0288459733268352
0.0293473226572879
0.0360053780849457
0.0437765112176225
0.0702815738211939
0.0874012514327206
0.0478822302583059
0.0360606882309279
0.069485722410017
0.0769454970551072
0.0414992061210181
0.03964328321817
0.0349003372902333
0.0474118246068282
0.0592054740213501
0.0455749880267293
0.0296461330221266
0.0341065983324263
0.0322384042535298
0.0322002532224742
0.0394866447406931
0.0549356885163572
0.0585816829316917
0.0345384160794976
0.0302508778912334
0.0280589105015908
0.0267215297076434
0.0309288432780598
0.0350533406693801
0.0334896426239242
0.0434030462698987
0.0374908165202449
0.0296426581710914
0.0313463742256956
0.030365167920246
0.0302627749626651
0.0466641451469081
0.0439521502712922
0.0407002327959471
0.0362324536216197
0.0265654958197391
0.0270861684359754
0.0387733943279161
