0.0168407580142494
0.0177602017757953
0.0153865336017609
0.0174838566207918
0.0173119043641962
0.0173738505210057
0.0161649684341254
0.0154703121377663
0.01602838250908
0.0150412181153076
0.0189645465770966
0.0252867509905299
0.0179760940343478
0.0188454739727759
0.0217573149431655
0.0208944875687075
0.0206037094799371
0.0211663212291225
0.0219979118169354
0.0236290317713147
0.0241751184540508
0.021714813888522
0.0213191311634283
0.022706425624438
0.0197946559959629
0.0182315204856119
0.0186149766636892
0.0183050838343331
0.0185223667082181
0.0196974146811157
0.0177042309040534
0.0196833724647864
0.0192698965504399
0.0170529030127151
0.0179598002482625
0.0224466528449796
0.0205130702942757
0.0186462582900396
0.0188557914334371
0.0197583582441664
0.0202447121578722
0.0175150376496602
0.0154025011738622
0.0153828084006273
0.0168094599551095
0.0178075475399177
0.0226922857507829
0.0217343361290464
0.018942487923752
0.0186890801213788
0.0188414249015504
0.0186823396016171
0.0167267665282682
0.0166183646437575
0.0165474767972318
0.0169356641802629
0.0158787781591318
0.0166733889698175
0.0173264437456466
0.0156381712752308
0.016298875581912
0.0179199048303667
0.0178675472951999
0.0160792100914177
0.0140675155435581
0.00877617397944237
0.00678419409758887
0.00574818970490409
0.00407254256432434
0.00297763503497407
0.00351860476847307
0.00724420186339042
0.00894123701066772
0.00537699895534429
0.00436649027415529
0.00381450193763642
0.00292637524555309
0.00361305585854242
0.00378181303692896
0.00378110118029218
0.00440871989804155
0.00501915070278849
0.00629510216604558
0.00542014791004151
0.00814112390285114
0.0103824851168353
0.00849050320343147
0.0121637764284607
0.0104869864384505
0.0081686525723114
0.0069827079275424
0.00630726117291814
0.00668632522460564
0.00502024898223376
0.00481438569106266
0.0047905461310292
0.00512689672810657
0.00468876522787798
0.00441231535207367
0.00428192387800225
0.00430862985111434
0.00507819106413315
0.00547243420312657
0.00469609752478828
0.00436473166730734
0.00393797179517599
0.00429776390499388
0.00435449678276646
0.00394803574935151
0.00321536266402605
0.00352112811488241
0.00359478306212001
0.00343523471899563
0.00380688131989937
0.00346612755743907
0.00322031250502965
0.00328797086569574
0.00302274686512747
0.00287629365153954
0.00288681017196613
0.00301773703149243
0.0032009460602922
0.00347710126924733
0.00289898605819274
0.00314067227404426
0.00336414158249596
0.00336151953060316
0.00337525913719002
0.00343247879542185
0.00435940107411456
0.00409428619823089
0.00373328287680034
0.00389682637703806
0.00407444552695756
0.00435682593376054
0.0038094298553778
0.00377505792020851
0.00442387675531445
0.00986846917218959
0.0140895190455291
0.0150064318859819
0.0144437470002211
0.0132912365713924
0.0111565690761036
0.0127159049406516
0.0149497875162368
0.0100476155576413
0.00843005018024761
0.0103664044468973
0.00907463817199064
0.0078673921323961
0.00724323068784709
0.00616659775451108
0.00751712168408556
0.00652130023615824
0.00668396179381362
0.00453776055132071
0.00494756566984757
0.00678886978803151
0.00483333070247863
0.0045566487786317
0.00407230673838396
0.00340676999468947
0.0030956637306587
0.00385833285777232
0.00414410145634499
0.00330110607115341
0.00353303793594026
0.00350349307646707
0.00332439955227669
0.00328312036196327
0.0038965979309889
0.00342489370380118
0.00313260878379684
0.00321404390866677
0.00326298289788782
0.00289377863082275
0.00256237944545303
0.00281892566286239
0.00397229573536664
0.0033313434667863
0.00309891578585919
0.00311767064351944
0.00327300804636872
0.00329030989019003
0.002658414889949
0.00255176339034571
0.00341513507655694
0.00333741711250995
0.00373827710175059
0.00312970419709473
0.00288241672223976
0.0036230990931078
0.00354750499867719
0.0034405087245734
0.00445078505737968
0.00372236361762717
0.00524819094686559
0.0102462377811845
0.0151274695039786
0.00971674081893371
0.00884590210326801
0.0113758018845111
0.0113743232482022
0.0090924781085093
0.00865418265137245
0.00724866296669291
0.00750783684120995
0.00735140316661831
0.00630911098405239
0.00614121241206648
0.0059764596394544
0.00528545565495081
0.00495858726903571
0.00462230825821265
0.00420642770815988
0.00432793665191831
0.038938511429638
0.143160291552562
0.249918964232437
0.447420745564304
1.17464202948899
1.17601152391384
0.715447867608017
0.903574663247672
0.620664617417187
0.631080321837524
0.448246671518541
0.243665899372872
0.34032419866633
0.512115972046978
0.393063966048415
0.234597978193233
0.203096848205502
0.207448917329011
0.241782421442166
0.319087511869029
0.301781337824837
0.323936034411439
0.224232393533612
0.155219225419084
0.278544442680081
0.18948338520592
0.187924886668463
0.208278149781832
0.144227400269016
0.114517570372682
0.138713655386671
0.159314272760325
0.172128415654563
0.194385160700861
0.175143901423273
0.142816084983625
0.148640823924105
0.187623874364556
0.140228288356559
0.135884413861537
0.147913293317447
0.126102174010186
0.13492066848499
0.130415576812175
0.138031623069413
0.156362304619151
0.171065664171609
0.169295894074662
0.260330286449405
0.253293016028513
0.145270770046797
0.150025412220505
0.139670909726818
0.191829969200208
0.142215083971732
0.129070628320812
0.159303147603471
0.164960444228716
0.143705189639241
0.137825363132591
0.149983564298543
0.129712726760496
0.118750684520884
0.121286826516921
0.0983203254570646
0.124837336152973
0.141644721440789
0.115550273487216
0.119515915591723
0.129642457739433
0.14327883332029
0.13018611677773
0.0958872980984019
0.0971812227195895
0.128189890718043
0.145744434395444
0.128046565516939
0.11807118350486
0.130971403336259
0.132154193916124
0.11050785554943
0.125340841863668
0.108010101238367
0.117716092535523
0.143507180901371
0.12972217441257
0.127389854183772
0.134543307071621
0.128695426165565
0.135405046150974
0.123465033173295
0.127436867054118
0.139851625627988
0.150312955805706
0.139180035503006
0.124329702389619
0.117443687812332
0.125569282909026
0.152366989302466
0.153022559198909
0.146969882813955
0.130308607613539
0.128590470050371
0.151044330627864
0.137565503623441
0.122875090450901
0.119616156580862
0.124222013134546
0.1240203247717
0.111533791663094
0.105648528706621
0.0892314730037631
0.0748620219301658
0.0811367374422187
0.082722442669937
0.0507372740873149
0.0550992734363003
0.0863107303231627
0.106452276284495
0.116485923539738
0.13069202373205
0.132889247817736
0.151902156645295
0.123406926012435
0.135621407289931
0.137782782140587
0.131419562775165
0.122035699148654
0.130026405505014
0.135975448805624
0.120682795659996
0.104643711106226
0.118182624534975
0.145185287693042
0.120923579869308
0.101505695981288
0.136230164695397
0.133790119243295
0.113148514070893
0.134613910189098
0.142986519367712
0.133831230429753
0.1319711339895
0.125945401567482
0.105866195809786
0.11017893823899
0.105804844717712
0.107858226989788
0.117381678829749
0.0897920772925098
0.0457513853048936
0.0344836365903573
0.0396536338022904
0.0430122046161319
0.0429385937616837
0.0470553692784965
0.0573178747609235
0.0540772849330605
0.0413179679940383
0.0454449206881673
0.0469516280845522
0.0396694123778134
0.039190717021559
0.0420220120654965
0.0456409123388727
0.0439655814945198
0.0428936918984662
0.0440778206841383
0.0450954878493224
0.0452208438977024
0.0448253824732316
0.0466560298826715
0.044302661605068
0.0453321228100637
0.0397290079068154
0.0385870908508848
0.0397834582862556
0.0464314915447393
0.0439200598662534
0.0409968619935875
0.0390856977402934
0.0466807739170457
0.0529676626710863
0.050569647596022
0.0513450709195348
0.0535928785194847
0.0497396561948331
0.0482227640117062
0.0469775542522236
0.0444981550374584
0.0510255568537148
0.048643900972705
0.0416944443189758
0.0438845814391939
0.0449962681651838
0.0389540893856837
0.0381814901217334
0.035984878689783
0.0385547123119666
0.0379411304703456
0.0336271505394167
0.0292434118787334
0.0289400573397088
0.0287717972077218
0.027841345937102
0.0288765857408981
0.0355134682413066
0.0411685781813091
0.0405392774717114
0.0339627953721792
0.0322627420182399
0.032552607521531
0.0309834598253849
0.0327491913638263
0.03440242677894
0.03006394015483
0.0253849619264238
0.0246836984090057
0.0231102321326673
0.0227927519935632
0.0250982603394966
0.0299517542958074
0.0299960097400703
0.0296397508433681
0.0271834992115264
0.0281537798197017
0.0316922527219585
0.0331843620238086
0.0288729545466325
0.0272383663615836
0.0328040622107488
0.0330396124550883
0.0288518768127694
0.0279771381537997
0.0258046031154476
0.0280270674024882
0.0289926138035362
0.0258935755776059
0.0286109514209227
0.0290756568441192
0.0269351698650834
0.0234355892799905
0.0217787927407261
0.026797689705268
0.0304997896275922
0.0335393278563936
0.030156976656322
0.0355182868315084
0.033418805594599
0.0283794980701081
0.0247413376851715
0.0236188880140555
0.0272651506371152
0.0270952855639994
0.0254330775183645
0.0210886456195316
0.0255413484225158
0.0343610018513831
0.0331447140188283
0.028902382716966
0.0255130355341461
0.0254961608378998
0.0266768627488257
0.0303914502405753
0.0349411951116268
0.032209482726652
0.0311145643939568
0.0271219335612236
0.0261399434367095
0.0263700441388123
0.0238382651263888
0.0219778957443674
0.0196919044220581
0.0188555359154729
0.0215477387764128
0.0231752476598731
0.0249308754726548
0.0255582468784164
0.0273378166733729
0.0273505242085999
0.0299031953142037
0.0296494765332677
0.0279684355542797
0.0274183961409264
0.0267242807232457
0.024186297063965
0.0285033056090542
0.0330726731378271
0.0351138570830703
0.0315695415985919
0.0231515585411017
0.0229679504600801
0.0265452610740915
0.0237329363182627
0.0188635484346388
0.0170653820440933
0.016523175747494
0.014971226094145
0.0135504302152462
0.0149491659808388
0.0151656586424924
0.0120114040297816
0.0105852048488076
0.0113926240005672
0.017278596659608
0.0200606997007852
0.0176677195005983
0.0137924576624196
0.0128817462809063
0.0138491421735611
0.0133087153167062
0.0124865489858349
0.0152597761983271
0.0266687915904416
0.0233230108233791
0.014011724221004
0.0131592184694282
0.0145078725808333
0.0156377508718696
0.0176866183089886
0.0184799569971973
0.0136121825202965
0.0102631457783106
0.00876923933812313
0.00932077280413699
0.011686458389959
0.0106536747037266
0.00824631975830763
0.00864531748674736
0.00833964367658194
0.00680299023562383
0.00815646176569487
0.0141260191872825
0.0150282223860839
0.0130758552729153
0.0164630411851698
0.0172623552789571
0.0175215182703453
0.0157808343402065
0.0172605198349983
0.0172086049410134
0.0133381221524065
0.0149980889810591
0.0175261318472617
0.0214208608356432
0.0295369028888274
0.0296006151281223
0.0300010927166303
0.0294923205538065
0.0251407028703031
0.022602646711375
0.0249861860608433
0.0270759408043459
0.0230198238678987
0.0198652568804437
0.0198930612088299
0.0194902990801907
0.0169359301389211
0.0147863462295855
0.0136444387641729
0.0145988243401806
0.0149257386411009
0.0204606736214335
0.0150062873196152
0.0122931403392493
0.00977319474863448
0.0094330785902623
0.0174068334512985
0.0182012710122058
0.0109640857446075
0.0113831028188401
0.0113713420346686
0.0179263328821421
0.0203921476812362
0.0213921528031955
0.0185949954599134
0.018004682128037
0.0168002370229687
0.0139308024746538
0.0125286761904998
0.0121683979131662
0.0135113799133894
0.0145678306163299
0.0164938341028123
0.0189026936373527
0.0181876260048093
0.0136468820205594
0.01130624725755
0.0130811717443139
0.0213030984395434
0.0293220932282732
0.0274281732607547
0.0240616410203453
0.0187618122394119
0.0173211745970525
0.0158741701768104
0.017896335714231
0.0178165736792355
0.0173350146584656
0.017542830701335
0.0178144952351276
0.0166359783584439
0.0162024616439088
0.015216518144073
0.0155688731988619
0.0171279396946075
0.0155836010422019
0.0156755334065857
0.0147873878594355
0.0148951627660442
0.0146846703257746
0.0135170552079136
0.00928403127662841
0.00610984561794277
0.00688765693298778
0.00910330283741018
0.0114235036238986
0.0110985661275689
0.00797697345461279
0.00702411323831009
0.00731694946710661
0.00754934163067087
0.00752487856174182
0.00882854898866096
0.0104678940018138
0.00883470117001387
0.00617033645224923
0.0067440925215386
0.0097680812379842
0.0101570268240621
0.00599109155964248
0.00375124656094296
0.00328678574078348
0.00385588824077182
0.00521934044136004
0.00659209497300906
0.00782864810017236
0.00664138910949264
0.00451671162781389
0.00408994294915769
0.00355300676763427
0.00566475691719607
0.00507510717076553
0.00374849812587004
0.00417890166529226
0.0036957469998789
0.00368718760430181
0.0037769602822809
0.00360708216153893
0.00311565556208299
0.00319793319989037
0.00367202861014445
0.00411425736122651
0.00333430209036764
0.00351516269653179
0.00318099405838508
0.00277528946771374
0.00319386293768185
0.00777641819672612
0.00708221131211648
0.00530457729982863
0.00443618185996446
0.0046279618466804
0.00399882678834459
0.0030334972826432
0.00268265302898982
0.00315367966975707
0.00354069761149248
0.00376017607876104
0.00368205613269726
0.0031896119638597
0.00319752545340436
0.0031896060864137
0.00322861768844765
0.00322598556236894
0.00301854721372683
0.00347891368392231
0.00337516245202491
0.00287190914884705
0.0027807751699856
0.00311691264238303
0.00361023857444176
0.0032389342549707
0.0031731530899853
0.00336310706999955
0.00340144154187913
0.00358572201404237
0.00326418907060594
0.00297764154454547
0.00249080056876107
0.00245354090941313
0.0023977323121694
0.00316077092847614
0.00335933526137589
0.0030920363468887
0.00295210876804392
0.00310923418119985
0.00321464383347476
0.00283464130654864
0.00276728012784196
0.00261181178694224
0.00270112772876207
0.00399742069147425
0.004779133596747
0.00409085372807338
0.00688286857532778
0.00667546325552431
0.00328661747959609
0.0109054477826592
0.685168010286588
5.4586667858176
5.59402014396648
3.20291703095488
2.96019588291019
9.13196809839166
9.9474376873049
5.44125827423494
5.44870005848057
3.8760154741014
4.06915775683172
2.67152774681217
1.27867440441095
1.19564425997367
1.11682016860857
1.19932868247198
1.12293657021424
0.890352620737583
1.0901879208502
1.12220185253528
0.988732523911235
1.00634762039197
0.946712727592772
0.9680897839594
0.941769692157863
0.902569367392302
1.18004486770738
1.14803085107735
0.892741301197575
0.902487672380916
0.89913587785762
0.850468813999546
1.12728111363995
0.894746168678276
0.603737945107467
0.599249405869369
0.565245477599211
1.53574501740199
9.83851395048336
14.2310266238988
8.1784840158996
4.8524924985725
4.15825467787276
3.37294518855367
3.01967649353281
3.17696445284634
3.44328851834485
2.98367864265943
2.70456344871118
2.63303474618918
2.99897447608798
3.19370903875147
2.63646661770697
2.65440851063788
3.17299799179965
4.16642297857598
7.01260074924227
8.97290100893706
6.940724031306
3.68633901068397
3.15596333386523
3.02756840476754
2.76128406847991
6.87737950236268
12.6308169337304
9.61555071387507
4.95041096153078
4.00818550178432
3.67411474865448
2.9821510306819
2.67426213728135
2.94478063028547
2.73492515364955
2.95963372310706
3.26452930074449
3.24584536173548
2.80911764367175
2.78811022408926
2.83487016833027
2.97417574038681
2.88977259319362
2.69147418186926
2.62304464954943
2.34662364427759
2.67167894085476
2.70730082208532
2.58996886411645
2.72491781797068
2.49747951237375
2.51208716760194
2.94560842664256
2.92761435684994
2.68953346640287
2.10485273820606
1.61907542650522
1.51814615716815
1.513437612229
1.56620456728059
1.45237926405777
1.34655335598259
1.3901057696051
1.59233688260477
1.16134708336084
0.930430569775918
0.982920411823918
0.921424447828732
1.01111286039577
1.19392124174155
1.17394451991192
0.9856239840799
1.02247485067458
0.823194810456265
0.559026962869265
0.684223370395609
0.822985733139008
0.817004080234077
0.828084385741073
0.780605223324443
0.751682919856643
0.848146825923528
0.939712053283464
0.812361402129481
0.65076566488908
0.609076124872164
0.600718706476708
0.555563044937132
0.384842178245396
0.201939152190334
0.193199754380622
0.226855136847615
0.272960988489788
0.309469373998364
0.317594871796777
0.346615773948704
0.354883636218391
0.315248876915652
0.299282733468778
0.297430830235567
0.262038466492783
0.239377987384746
0.254161853732849
0.257092344721578
0.234455899503589
0.25177013876248
0.26173270622578
0.256663994514168
0.237922860817155
0.258266379007933
0.229018290154295
0.193641308173994
0.256236058512068
0.271526069364155
0.320400871391698
0.394422782026321
0.384744004832838
0.369716146143285
0.301464763342702
0.244888318887749
0.23710271169403
0.208684705997253
0.200249062671451
0.15811598100671
0.119016243675125
0.106891624879188
0.0877003368465901
0.0963559085844647
0.095523738049611
0.0593486975664289
0.0451411232902274
0.0512512530422574
0.0464759136868095
0.042091018474553
0.0494808688888055
0.0658571716742084
0.0716363146046927
0.0662494401623607
0.0675804297871382
0.081524082182611
0.0801657693922373
0.0774136876304948
0.0751038203152918
0.077350046057421
0.07002518993669
0.0532370804619559
0.0365301230083984
0.0348630002775903
0.0300604834358844
0.0274672893846092
0.0283068056105629
0.0322502556417142
0.0374700253762803
0.0470961288461072
0.0395809303117315
0.0365039255790503
0.0355637768042732
0.0415186773639357
0.0452451197516118
0.0362293023753074
0.025883351619183
0.0197021953499182
0.0167272141892512
0.0180414921180618
0.0325975877904851
0.0548598846379364
0.0560590579822238
0.0352319651906208
0.0334851675201675
0.0295220300747393
0.0280778520081965
0.0313179934505121
0.0266412066732812
0.0222663296232462
0.0307073138592651
0.0340763243375548
0.0302077904819997
0.0257860700723017
0.0221530952469676
0.019161847144942
0.0186387292198956
0.0190448095079214
0.0216211016228168
0.0255596274518738
0.0272078817089362
0.0321883036188039
0.0317844166960342
0.0201284219161825
0.0156999763594441
0.0190680588558902
0.0163686623392041
0.0150207705730805
0.0118361040297874
0.0162510586884065
0.0174285563198328
0.0130966697113147
0.0116749410820029
0.0105539089860289
0.00831754797892468
0.00838091464605236
0.00786213996430297
0.00568089904078552
0.00618819117488029
0.00916267191941948
0.00995857148791824
0.00924513809640261
0.0073059186666813
0.00551301759891245
0.00494304674321497
0.00391454314200561
0.00370704216755505
0.00451042112113932
0.00484470416656619
0.00960554901063822
0.0103388406521255
0.00555881120550363
0.00383082634724974
0.00405147357837616
0.00421515385349043
0.00381069194728444
0.00378568277971461
0.00319896817226529
0.00355924518447446
0.00387516012334305
0.00337624938228678
0.00352714110019184
0.00354913724769127
0.00430013020313639
0.00372293379313263
0.0037377051534778
0.00353270336659099
0.00366220893729923
0.00342471421767382
0.00313249611404391
0.0031938200289346
0.00294773935239964
0.00297044403294892
0.00461872952065898
0.00373135640024599
0.00473732937180751
0.00469994052026082
0.00517125248073147
0.0060425959345608
0.00700980955837445
0.0068957465078741
0.00578658770749304
0.0058140992700094
0.00492975380741661
0.00510468260585811
0.00475532478533987
0.0045568447399951
0.0043874771127509
0.00393403459752627
0.00360633145797911
0.00354194668718065
0.00345675749918063
0.00339215579722184
0.00344560081347286
0.00346539434591166
0.00297810313699373
0.00308895339229877
0.00334828604240987
0.00393321575238568
0.00355473914466751
0.00346616402967438
0.00351694646053862
0.00389392633246552
0.00374800925789422
0.00376479335925408
0.00391069263370438
0.00376499023855882
0.00364476264974108
0.00464353045721101
0.00555346669308489
0.00476031482760488
0.00384247078398022
0.00460798221037418
0.00518187915030151
0.00387927451953828
0.00319403481553255
0.00345683901058292
0.00367967369184159
0.00367937779860562
0.00380703167016033
0.00446074476557109
0.00420429493309614
0.00366105616579551
0.00336891619316823
0.00364038906947745
0.00353195229513758
0.00298987615568524
0.0029218180862724
0.00327759120380509
0.00336081621669205
0.00331366273990204
0.00384056201972107
0.00359446629718269
0.00391829662808548
0.00414476048432937
0.0034229247280844
0.00344457912436845
0.00321082406659857
0.00427866129046138
0.0038405207186343
0.00358397017727639
0.00305502457333603
0.00372184838332645
0.0039540106713032
0.00511842368575244
0.00535525950317723
0.00416544969588931
0.00371079588681414
0.00304439834784717
0.00335285925213312
0.00359106785044586
0.00423519176501471
0.00478108946165525
0.00415147328852625
0.00412345177579251
0.00376696712511875
0.0039263967791042
0.00383708618233213
0.00328129339682839
0.00348492051437178
0.0034601873195382
0.00333439389373193
0.0032984035377021
0.00404076043076412
0.00435112763915706
0.00421564938864997
0.00417566682217723
0.00271818510359527
0.00315597481937874
0.00308211705122504
0.00263335640381427
0.00284111394381531
0.00338888386950422
0.00336407477892685
0.00322160650626189
0.00305268211679893
0.00276786135220565
0.00336403562981146
0.00276178291206339
0.00252276950072537
0.00287272529570987
0.00381410209507219
0.00723094010965547
0.00976290529803114
0.0128556485757688
0.0149214221936847
0.0131059848142981
0.0148792318864782
0.0127838938928086
0.0115387319443933
0.00816460282977433
0.00579471268445917
0.00684749212263746
0.0105475511165773
0.00957984615957079
0.00797056605898123
0.00754539781098204
0.00795315665417209
0.00867046966290459
0.00555091097343838
0.00404153339846659
0.00269682911398995
0.0035282601286956
0.00322886866332203
0.00306811896339455
0.002882083906393
0.00311641320070926
0.00269124430733362
0.00321764134794044
0.00371397498712765
0.00316446150435645
0.00320973994891212
0.00328993651223253
0.00305587478134955
0.00336626855028442
0.00313524547331469
0.00300939132342419
0.00299630034270141
0.0028169417863952
0.0028972333326997
0.00321565970476808
0.00318885292826752
0.00307851580795549
0.0027618267345469
0.00294299445900515
0.00279758500273047
0.00390739112018872
0.00369362558115384
0.00284510993177012
0.0030280535777045
0.00317007073258678
0.00327650283156229
0.00293434696984853
0.0027854495080386
0.0032341351201558
0.00380334527730218
0.00327324082451244
0.00298445617732202
0.0033192685941987
0.00308283940146665
0.00308217378451311
0.00284544317822148
0.00267423456636805
0.00319934698728115
0.00398138131052169
0.00416212228321526
0.00366836400011222
0.00326770991506217
0.00321456871977338
0.00301607549225261
0.00309142491628332
0.0031822877065698
0.00273671282993353
0.00350593680074898
0.00370007465940743
0.00286651197569585
0.00274353295327784
0.00302338529788372
0.00332371867222651
0.00325603204380113
0.00278653882304294
0.00314184832479173
0.00506626039092748
0.00517539852263935
0.0045945337363068
0.003718878710525
0.00370522859758596
0.00332630932259063
0.00312122992486484
0.00267291946986802
0.00286578869292223
0.00322720259034826
0.00355482945328223
0.00335754091137225
0.00280707887113204
0.00282267767991727
0.00260413999596497
0.00295452581935354
0.00291860130860869
0.00345730282065682
0.00339157028764623
0.00310118092253771
0.0029759781368923
0.00313460022753369
0.00399565951589603
0.00388834339932733
0.00285046258352471
0.00332186702886355
0.00330421085283761
0.00297809062639176
0.00326013166896044
0.00340888683082377
0.00304817052885113
0.00304344670924182
0.00346553079672496
0.00446451394155385
0.00422491897763924
0.00341473212563535
0.00521503357254491
0.00977372876032831
0.0167022537173045
0.0274136740695624
0.0285985149174874
0.0173628397106947
0.00939617120108257
0.00801942599659823
0.00671117399872621
0.00606753175703504
0.00542150461011997
0.00481800179959338
0.00365212185710559
0.00291506010089924
0.00382347572290607
0.00363061299920277
0.00354413186574351
0.0032638245377635
0.00439697434569241
0.00474389401191748
0.00413615678593261
0.00365753338699932
0.00422966374671635
0.0044147999896571
0.00390893542617399
0.003703786707456
0.00317257264547687
0.00382253710355267
0.00668677701752467
0.00557716363645226
0.0033533298235922
0.00302636713815912
0.00278625434269678
0.00330582654264104
0.00375302168010412
0.00360667743954458
0.0029965166262563
0.00271256460898116
0.0028896165683147
0.00328930140296556
0.00355734659877769
0.00335302696437204
0.00306457918042544
0.00358904114030543
0.00283729204538572
0.00260209815728768
0.00263395284339764
0.00277755037295339
0.00305801076623343
0.0030755968735547
0.00429892513147432
0.0052857738566953
0.00452348191303546
0.00366990492467378
0.00331390213159404
0.00283523646966554
0.00292254305641383
0.00326958018412936
0.00343197706080085
0.00276561602783483
0.00276942827004709
0.00283701075016424
0.00291485659724697
0.00289947024088556
0.00282580193661841
0.00283307281033873
0.00284584361575827
0.00344248646390529
0.00297770957423963
0.00332501174194446
0.0035060160577268
0.00358212980610426
0.00333945795987392
0.00265044186903154
0.00438850576678791
0.00580156514286703
0.00468834702229056
0.00259449694552357
0.00278954284330493
0.0030850494037847
0.00304068244015366
0.0028258465342466
0.00262077816843768
0.00300773775094204
0.00341257364107574
0.00323157315546222
0.00280755969652123
0.0029071660222721
0.00380003043066402
0.00311286625040861
0.00311035935771143
0.00294624702886798
0.00313114236941739
0.00345228125755518
0.00333834955095456
0.00282708627966119
0.00233655007761343
0.00278321673961044
0.00366011130891342
0.00301372676854074
0.00278645632554034
0.00298535751556162
0.00432494493663522
0.00455608242935039
0.00346656533973272
0.00321716817442013
0.00308857624279025
0.00303116438170806
0.00297396447766839
0.00265191465227835
0.00343068683148373
0.00364986351305435
0.00300308942453707
0.00331075126371049
0.00372458526167013
0.00384885984177314
0.00394098444893133
0.00305170507275491
0.00337573447979131
0.00390626555058331
0.00356934057342979
0.00354701279524411
0.00309369325940939
0.00333531348805092
0.00431504234945719
