0.0462740502005607
0.0061244648375993
0.00696502290535184
0.00794010076788421
0.00402409891154589
0.00259035817690769
0.00780568901338594
0.0129551242079312
0.00621463485860054
0.00634673841489974
0.00810667402841531
0.0124666618003805
0.0142502571338687
0.0119967442960896
0.00869488437057896
0.0103227776351239
0.0493666889389048
0.127151629480297
0.112560266515086
0.075397273358798
0.0208857548835284
0.0148998714389854
0.0154261338089622
0.0100974058678733
0.00451085820089913
0.0363577110438313
0.03342317697234
0.00735658891405276
0.00273075110685717
0.00433962831322704
0.00661124767079812
0.0124554070774277
0.0126447968580511
0.00591080771930217
0.00467938184975987
0.0046774155519551
0.00631173649689408
0.0176121276471167
0.0342860070785276
0.0289716774241357
0.0352220662877071
0.0413976090671428
0.0292170478923182
0.0298510403096467
0.0791493246751289
0.11649253271818
0.0639872202324143
0.0124242149996648
0.0215789718405276
0.0377598524143001
0.00965895583025158
0.00154317009750983
0.00270562430924871
0.00246387612267437
0.00578032365930392
0.00629736595320029
0.0082462127125373
0.00673765782403855
0.00457924474006499
0.0103400960082478
0.00868340135071414
0.00638210136848427
0.00806475812512625
0.0175367319869459
0.0173605871588083
0.00991833172713143
0.0346388488610624
0.0836389090482814
0.0265131063343598
0.0140626443775223
0.0168691648440215
0.0094681785960228
0.01288300910366
0.0112842809948049
0.18855184627285
0.208402732904925
0.0139717448397404
0.00857111084432876
0.0117377666414406
0.00774632219956636
0.00489303801916878
0.00668689319117034
0.00638469395843473
0.0505893409932197
0.0477970307530832
0.00738215671184682
0.00943619845625982
0.00457179272918225
0.00819345563009027
0.00977371731210532
0.00691057878976935
0.00532888175786662
0.00249126440004159
0.00208901530881282
0.00415885662909807
0.00669830435347182
0.00339371535024396
0.00801493645091702
0.00698487217694478
0.00585186900541537
0.00607977158190954
0.00457695810734807
0.0149772646926219
0.0346848719608593
0.0431888932427498
0.0282589575497496
0.0204686453364028
0.0176523560338252
0.0130685741522588
0.0149694624870721
0.018051124748139
0.00324869367186495
0.008405147942224
0.0285260452950063
0.0755639750727502
0.0633875107240187
0.0478896389095256
0.0762587907697505
0.0263917414222801
0.0209862257918032
0.0151801421553364
0.2516980919074
0.516727124307068
0.121492134029776
0.0165565266284433
0.00685171736207856
0.00576270151206898
0.0263181754839615
0.027914524647808
0.00758284196863552
0.00751981146998204
0.00528020130871727
0.00564396539898453
0.0276127753513335
0.0259338185263636
0.00312600480965537
0.00368640341074624
0.00439764806422623
0.00417978528484467
0.00996239771283553
0.0271051057680182
0.016084676404328
0.00413317767718239
0.00701835338148624
0.0138244521265555
0.0202209452491773
0.0157366564372044
0.00868163459006022
0.00755039531262696
0.0510125316565323
0.0703016673822265
0.0410150029678725
0.0196027402484838
0.0103123335971703
0.0236626494460425
0.0226506551759533
0.00737579420093399
0.00490547431442342
0.008512928605498
0.427823492288913
0.361019181543682
0.0135290481984086
0.032077000175932
0.00986125670599917
0.00884825212048179
0.00489780163549012
0.0178058644384383
0.085249988220902
0.0513289779169876
0.00524246518863609
0.00808176583256548
0.0340126509343009
0.0329587844851213
0.0105694757427943
0.0200714619460328
0.0205233860718841
0.0139601874273006
0.0181602638955053
0.0185674753027289
0.161310471630779
0.150006685272173
0.00601606304111472
0.0161747275975892
0.0248770280287285
0.12913856305422
0.0455768368915935
0.0247320031341383
0.00558646241033423
0.00872988166390829
0.00273289285684053
0.00379102299338427
0.00443739610110738
0.00405512527303658
0.0101200866481947
0.00754065129602806
0.00384977052765034
0.00828020877409652
0.0237104839387928
0.0153734566956054
0.00779245149519359
0.00607728845195132
0.00485125971022723
0.00378408204275186
0.00523161756110369
0.00937041516016037
0.0149340913719117
0.0104950745643962
0.0133045978803584
0.00798673747199844
0.00407285508664909
0.00730010524383102
0.0101875903709059
0.00774284624733719
0.00307972812298361
0.00537980419299994
0.00542347556273113
0.00496625805938955
0.00534943246562005
0.00390790233220248
0.00694929437169729
0.00685693964130025
0.00960826457112103
0.0155687377036821
0.0194266227222408
0.0519696871941708
0.0166033767129581
0.0020991431285921
0.00205275256685712
0.00326710353465115
0.00526673917681492
0.00836564840103599
0.00327960255246631
0.010567968044799
0.00718512377497495
0.00488598719026811
0.00924298620472479
0.0129134103000813
0.00309593020423184
0.00798592974694189
0.00746229022708715
0.00514528362083817
0.00348117541250999
0.00887694322765254
0.0127554779497339
0.0549695267189303
0.13162529382122
0.0157160886468132
0.0434659577505084
0.00984949901866982
0.00282154154496197
0.00805723717577891
0.0107871991957214
0.0220079450754286
0.0247996920039311
0.00563395321298541
0.00580949765594993
0.0113767971361805
0.00469991274353821
0.00445562059767007
0.0136872091439968
0.00875248961605598
0.0031247567183719
0.0045392281461993
0.00929221127126243
0.013826520276426
0.00324941108007037
0.00355398250133288
0.00774934865137805
0.0032817855415682
0.00207561530375322
0.00714930981619478
0.0413392540069066
0.0272456325382842
0.00911140950581628
0.015460000872773
0.00809896414219491
0.00505370980990482
0.00245808125867671
0.0101952265872716
0.0122674144967743
0.0133433978385662
0.0102659485896609
0.00588237224436688
0.00453372424596947
0.00336328420745943
0.00445377835789047
0.0185849166458716
0.0262845298474429
0.0156830157727959
0.00305241788762838
0.0113960024716724
0.00682356143364953
0.00797111055288947
0.0101105554163974
0.0131604127576445
0.0154778582273335
0.0175509369825589
0.00699218735897453
0.0080841228615383
0.00512551729183818
0.00410883200117357
