0.00166890041464947
0.00221123857791361
0.00173086250095887
0.0032969905042611
0.00276227732461988
0.00312312983104098
0.00452579169684067
0.00595283830630316
0.0051527797608972
0.0037549030999877
0.00294551464982849
0.00178975639934516
0.0017965896101133
0.00206421271330307
0.00246565954083892
0.0031470942867262
0.00490924021866367
0.00418063911084024
0.00410231036288919
0.00387217644314541
0.00367833256635895
0.00340069097855189
0.00367115478683766
0.00378367209372648
0.00289726047434943
0.00202284049454649
0.00206666419105334
0.00218904409150761
0.00295853902207743
0.00348898213436569
0.0044666115465738
0.00432971344040257
0.00573836031921498
0.00454073201571968
0.00300243606708445
0.00331759383014149
0.00314519550564015
0.00365685373174172
0.00286072035945562
0.00293516908110014
0.00278030186396572
0.00295897907034515
0.00225481584106726
0.00244914141607485
0.00249067135041975
0.00285704999271712
0.00273296343801387
0.00266372588397622
0.00254235552391075
0.0023317303158955
0.00280540561428994
0.00203747105702075
0.00196324112346524
0.00223526334730837
0.00231796107972333
0.00274045402467204
0.00291806586518254
0.00403202193587941
0.00489484079622756
0.005649981557907
0.00233560890857648
0.00228624611760038
0.00267672765873331
0.00253827859725371
0.00218252039581164
0.00248583122594806
0.00212701652191516
0.0028912617290463
0.00223261413709515
0.00295693397072406
0.00308423139801791
0.0022779985915194
0.00194045938331239
0.00203553755626369
0.00252200625678724
0.00244716301159022
0.00217186463452703
0.0030973682892484
0.00334512797747887
0.00482492162133865
0.00224519896066514
0.00209364968935381
0.00351213469981348
0.0047509445897805
0.0042986249771982
0.00396855117793934
0.00489927709764779
0.00485077039947676
0.00357912011724347
0.00261841905790716
0.00298945226839216
0.00272509456513173
0.00268323588934622
0.00275816783559025
0.00307094803279394
0.00252128633084556
0.00350021313942562
0.00346943007565802
0.00376325482869773
0.00339876811603413
0.00305416962443564
0.00287031055599009
0.00323382175226891
0.00325275095005998
0.00216726081330586
0.00227922970807411
0.00191111029660832
0.0023349245688403
0.00227996091435386
0.00185892737748822
0.00253738726807088
0.00239364966224656
0.00225977823692899
0.00236711167232037
0.00271746796497237
0.00277831141894708
0.0026901522668461
0.00247078358847775
0.00217045124354293
0.00263181428295962
0.00249727723855343
0.00253136095815703
0.00240037560725158
0.00209807214813868
0.00210277784275954
0.00247161693597424
0.0023956066955476
0.00200584681290727
0.00203652114111315
0.00282471802595487
0.00252748024335992
0.00224031524740399
0.00261432409099138
0.00373742619274951
0.00258876272340593
0.00234933247757904
0.00267869626332664
0.00255484579422436
0.00243602266447325
0.00220394944508018
0.00296076446752775
0.0028742596044089
0.0024654202690954
0.00238231195782325
0.00325579236754527
0.00340419066678458
0.00262569219156855
0.00216745009836471
0.0020498780210286
0.00229958957090087
0.00213919543242794
0.00222823697405493
0.00229293006678222
0.00238673849448629
0.00213188469683032
0.00192444987455598
0.00394775585115447
0.00551945087855412
0.00370224700613572
0.00245865208538833
0.00201277769221764
0.00267261513744908
0.00813006227889078
0.0100628233534149
0.00608972919346177
0.00595721178994312
0.0051601251965287
0.00526832014178863
0.00766103121246648
0.00634335280004122
0.00226979984440516
0.00302397696347144
0.00298376179607788
0.00196978567982725
0.00153247966108083
0.0029259856658233
0.0052855829695112
0.0051757764208129
0.00350403968740435
0.00243868357271748
0.00286551670006697
0.00250866882433935
0.00203666702939816
0.00246454342554226
0.0024140268708382
0.347504698604052
0.305256524448952
0.0357124996144263
0.0154705825057575
0.0101422264358483
0.00226513305386458
0.00266830814841945
0.00347171838294203
0.00315555974778066
0.00296199096876463
0.00254936655463894
0.00285129324442857
0.00251768759433818
0.00229903084092892
0.00200193161920592
0.00182542662120847
0.001917967028303
0.00180286537215324
0.00153773961106587
0.00162855805431863
0.00162854595183631
0.001510063852515
0.0017427572386012
0.00139506289132733
0.00132208311813223
0.00146492640514701
0.00210201447307807
0.00192199752381387
0.00159497840270856
0.00168826465248317
0.00156227724053728
0.00146461432406851
0.00149729987618939
0.00178752529462317
0.0017730113010911
0.00202493377408343
0.00184756171894518
0.0043215760144838
0.00510987807491598
0.00548031436037728
0.0111076138964089
0.0108828144064126
0.00422217390609885
0.00463224538284616
0.00596177036271402
0.00327676233881267
0.00368319517800174
0.00294074340539778
0.00228455414554993
0.00325204070122361
0.0026392262442275
0.00196123110662239
0.00155195548286508
0.00214685419057222
0.00229190243486418
0.00197415621989461
0.00193414838173352
0.00151431214208066
0.00152910410851813
0.00160365034119486
0.00180111136958081
0.00163685702401297
0.00137700986631858
0.00149145089760351
0.00270754133187818
0.00759649562080626
0.00633791130848521
0.00441470993274099
0.00683357208340534
0.0070947811576208
0.00463917310631347
0.00472473144919447
0.00605855144991843
0.00421722065500485
0.0037537907929
0.0027587632926446
0.00214803565134212
0.00173615095168241
0.00239872400367773
0.00248257031520517
0.00159896338648716
0.00148998986612818
0.00167011564597747
0.00189710169839683
0.00271647651069536
0.00447554216673332
0.00602643165559942
0.00296448552190417
0.00270391689694878
0.00346360788303785
0.0019863458857439
0.00211622604712473
0.00201734023211155
0.00367415307559068
0.00358415277000616
0.00351596130584512
0.00511383425995217
0.00379338893244624
0.00326450862389584
0.00219819597951594
0.00292244540986521
0.00272250939581502
0.00269874494298171
0.00335196377659609
0.00375950005542913
0.00348228786045888
0.00280293539726419
0.00257664671756761
0.00240182779559757
0.0023420055379422
0.00264632406652698
0.00266630783413241
0.00253345557096311
0.00238305814219139
0.00221531205064969
0.00279016461504557
