0.018612547350273
0.0304595744211366
0.0323573234527644
0.0206327766972647
0.019772491676115
0.0175048517100643
0.0257046276353939
0.0291939196698145
0.0211686118494219
0.0361747229410895
0.0562659357685175
0.045784430493165
0.0318209382541455
0.0281736242840416
0.0289179023834225
0.0238707203923365
0.0235122687766442
0.0237469317333933
0.0195729843771233
0.016873237787677
0.0247309315722209
0.0285673911132194
0.0300488839979773
0.0283367445382693
0.0167537920897233
0.0213031491911656
0.0211477028964054
0.0241925233658933
0.0235745399122264
0.0324617995522151
0.0375618621118383
0.0206429449847902
0.0184864310731091
0.0214294701664076
0.0184763109467746
0.0241509773729109
0.0224972730759772
0.0197756462129035
0.0263953309841023
0.0256177817169501
0.0170214030254203
0.0226136407572798
0.0297308003829483
0.0223399588978377
0.0179942016340363
0.0259429614646187
0.0272111644368827
0.0181706774882257
0.0276201764590075
0.0518410030773938
0.0447436375491
0.0229216654840788
0.0219406351617761
0.0193249166368468
0.0167408558828776
0.0282494353164391
0.0420303300781646
0.069468015258633
0.0588565034303143
0.0369807618800235
0.0383701930891686
0.0373918131199815
0.0274046194936859
0.0209664919477092
0.0199214295550334
0.0197124126339152
0.0267306678044729
0.0220014825025169
0.0174268045190745
0.0193062083676961
0.01781399727616
0.0209040074362958
0.0208790537342418
0.0199589423802405
0.0203337640679474
0.0322045976106832
0.0348809381415254
0.0287255942395274
0.0228717745789689
0.0246446687921342
0.035467365662007
0.0252092012905155
0.0211304985483302
0.0273259636116876
0.0317175374383962
0.030580226089001
0.0292243969743334
0.0264853252274635
0.0181063381978088
0.0171294280319933
0.019138252680594
0.0176245520508202
0.0175403759319421
0.0218604082430681
0.0212473394326906
0.0140642573189268
0.01335898969977
0.025432870223575
0.026041085248481
0.0238681777284704
0.0218327890730791
0.0161679132856827
0.0149792142344298
0.014871853458642
0.0167886002571513
0.0184160222738035
0.0184801847935629
0.0180695005561247
0.0198497240973773
0.0286080955733908
0.0299692585539885
0.0334476503113058
0.0243189117286569
0.0161111199578945
0.0180013274259432
0.0194411596884858
0.0182559005368939
0.0208615259510778
0.0202184826782354
0.0172334400518218
0.0210780636698228
0.0226444286281098
0.0241230845497419
0.0247111796460153
0.0284341971316449
0.0425687472273395
0.0360855691559714
0.0255012620746953
0.0358106599434468
0.0823400718450606
0.0834537346821692
0.0568786915432183
0.0485094845095557
0.0695414356985295
0.0557257590287392
0.0270635417094911
0.025448909847569
0.0221700936014909
0.0221870006993789
0.0218466330392761
0.0232156987666453
0.0188005925104607
0.0332890038338799
0.0418715656000194
0.0204793707244429
0.0275622991601776
0.0323286709897026
0.0264648748627209
0.0264976157454798
0.0341426038353812
0.0319055193633314
0.0178836711519754
0.0191765504158293
0.0169010584153177
0.0255827528173197
0.0267660388169593
0.0203030006272964
0.0303012402050391
0.0386329968058376
0.0502386041506731
0.0441055962353809
0.0256695318596834
0.0192250148910841
0.0146630130995273
0.0222864324806474
0.0296814377637262
0.0235260965307665
0.0309905514048162
0.0238268708058036
0.0182890344549823
0.0208765848584111
0.0334158709209517
0.0344418919121822
0.0251176383168994
0.0283466564349995
0.03405592396415
0.0674966674220536
0.0819489023431609
0.110690883892303
0.174043527889747
0.107101749401583
0.0260974803098311
0.0239156961348653
0.0230163772791098
0.019750769241981
0.0228384023638426
0.0217179258999556
0.0191405244783824
0.0179966352978161
0.0180352869225499
0.0168829883085438
0.0150832229103829
0.0201327708565041
0.0238331260418289
0.0154876815252895
0.0174188336699746
0.0218402536246551
0.0296260767411417
0.0348650611567584
0.0270142884413959
0.0145748652250137
0.0149024070599712
0.0189842561700004
0.0510999632751803
0.0444278923570709
0.0136027160742958
0.0219957598267867
0.0227446591905685
0.0166141393865342
0.0277912949138318
0.0380675896184546
0.0280971215605562
0.0247433528238295
0.0233089983622932
0.0182619256333089
0.0330403123018214
0.0311033359656121
0.020981406065028
0.0215822250565022
0.0182496215859293
0.025476860079275
0.0239629792216908
0.0219258976122363
0.023939403704789
0.0222703484485272
0.0253191929435269
0.0231326848210695
0.0225050055422016
0.0157196789056855
0.0229718600483721
0.0259062945330313
0.0217511847115107
0.0327242338142215
0.0407934848498476
0.0331278882801861
0.0322265295449557
0.0327580614270837
0.0242662184545135
0.0181630531911306
0.0212526573523154
0.0224222576594827
0.0241526504774798
0.0183441793024063
0.01781354974401
0.0136082961505758
0.0154604411893436
0.0197404399333405
0.0180511366664743
0.0316860529201528
0.0472139102718417
0.0353080259663251
0.0517886426868884
0.0932250832169243
0.0683627259807826
0.0257988397482774
0.0284374345801067
0.0250794619937689
0.0267993335762403
0.0310395121845845
0.0319009971749615
0.0293454894596831
0.0194916429829462
0.0250696056232873
0.0230288027878091
0.017385573940144
0.016503248749429
0.0223730064870458
0.0207085585130789
0.0179709945342928
0.0246047584128371
0.0268971732996166
0.0193208602321374
0.0178249654685633
0.0222794300474616
0.0195989039802574
0.0283075750559766
0.0261706329704038
0.028203397286252
0.0323667084116618
0.0261675201067939
0.0229232678591834
0.0404184162469054
0.0479646080377071
0.0290075822415952
0.0181128181713646
0.016732602883445
0.0163710766975168
0.0182898283735965
0.0146812183182392
0.0128057077148626
0.0161590896244676
0.0160831360398017
0.0148379532716213
0.0259261843417815
0.0393061163006558
0.0300063269560771
0.0213949206026681
0.0334962609132502
0.035418845190556
0.0174851230459771
0.0194854449000781
0.0195159735536635
0.0184835095373641
0.0233070283647454
0.0222393520058337
0.0210685161630962
0.0210156185977293
0.0575962828538187
0.0738775490885437
0.0752388118599331
0.0684362425458573
0.045885024200894
0.0288620447279848
0.0237477743578153
0.032246188985425
0.0287863525546079
0.0176343208374122
0.0138909877594319
0.0156078781052056
0.0179710047384361
0.028534739627777
0.0281438714862529
0.019854595908899
0.0193249426901738
0.0185360467351969
0.0166244640524816
0.0225386297692053
0.021960723468561
0.0195417776126783
0.0280987895814568
0.024006541436362
0.0296062185868481
0.0543688564312277
0.0435869705547538
0.0301969163517237
0.0306303473137306
0.0324184617722919
0.0319336088149677
0.0255434330811229
0.0259548444780884
0.0205312645261792
0.0182147749698297
0.0182871326164661
0.0201700160374617
0.0199762346937994
0.0184672219046617
0.0187547006232534
0.0149902874913154
0.0161822342189423
0.0155409712573344
0.015749356879499
0.0170542208979701
0.0173125788670695
0.0177238034869264
0.0224885418581431
0.0230777424235172
0.0171422890088565
0.014808512786277
0.0159121109966189
0.0177761371132754
0.022547248653199
0.0225560409207374
0.0179570041369347
0.0178296034643073
0.0187908315742155
0.0226028667431985
0.021883307549727
0.0190011376343946
0.0246528902454051
0.0205789091536653
0.0223170035613489
0.0216869853499737
0.0215355705777461
0.0164939530657246
0.018914855681867
0.026843763666948
0.0197324278338081
0.0161479071376984
0.015078626115213
0.0152798357963203
0.0199091478648449
0.0250670067411486
0.0198803500386649
0.0229308887803392
0.0226194155807609
0.0196638180283576
0.0238599276965157
0.0338908558360033
0.0384980628963472
0.0249042850077094
0.0259216298126504
0.042465567922121
0.0335503886506468
0.0301546130652451
0.0335205207102373
0.0299935549179371
0.0312355332352364
0.0303833725874478
0.0350640858557655
0.0295074924539618
0.0314875061173453
0.0322029356080901
0.0235262296087382
0.0224347060612032
0.0273043495716112
0.0260631281722184
0.0204923910306946
0.0163788672874341
0.0171695634370776
0.0193395998373057
0.0221541167404187
0.0287412075174609
0.0243629225380478
0.0227397842000884
0.0202371154836875
0.0163194333928361
0.0156639868973754
0.0187863013203767
0.0206478953743362
0.0160646374983555
0.0181535588433771
0.0246585253764161
0.0290186593510545
0.0273901214460567
0.0277273677368864
0.0300151008572602
0.0262654634582135
0.0281796976383769
0.0264742929250039
0.0198230366065277
0.0208306167866546
0.0260279241750298
0.0288426791201911
0.0325903400484466
0.0281120114723048
0.0285606883993627
0.0200614679025257
0.0195278874853382
0.0194582976702507
0.01379922053598
0.0140946547162101
0.0166816290356217
0.0193585875878139
0.0222146133318746
0.0299921850670661
0.0353941290586893
0.0319244129661905
0.0185341546473161
0.0192217992739892
0.0227806059779463
0.0279959193893
0.0333112519844106
0.0310284233533998
0.0244986136017487
0.018700019465176
0.0328460618560045
0.0426609863517977
0.0341378006800601
0.0240070419431658
0.0460036088388142
0.0673641078427504
0.0596181470870797
0.0492799589065245
0.0263072468599872
0.0229715679826219
0.028475746858292
0.0371032185849214
0.05515267782664
0.0543617170924509
0.0517943620460237
0.032341620690454
0.0199994789802285
0.0279327882472063
0.0326045895401587
0.0461367871706763
0.0679026899153312
0.0502342782849891
0.0243778450806308
0.0170175234420841
0.0178352253209092
0.0200572402202324
0.0239596692241492
0.0220187924529598
0.0224518816302975
0.0211227986475981
0.0189843689306683
0.0178157715494881
0.0208699200618503
0.0261873520261903
0.0192809858542907
0.0131132437103939
0.0166494449336264
0.0309471455650294
0.0379313066965961
0.0243992305450129
0.0204953652403969
0.0297522546564075
0.0411909341481258
0.0302543877390032
0.0247840805811436
0.0286386407936524
0.0238742070900319
0.0189381599559097
0.0187851140483156
0.0195888387550064
0.0184950686438201
0.0146944278712177
0.0172975863921111
0.0187660089193772
0.017158439316983
0.0136912584751104
0.0204692933727804
0.0263184458896678
0.0203405047780595
0.0211166351701289
0.021985015618947
0.0173773833833298
0.016468658545624
0.0205769779379509
0.0200700581771066
0.0201937317721587
0.0177268102347873
0.0456014582473576
0.0646305299841637
0.0322204659049004
0.0227343826289648
0.0201823713328998
0.017952779820407
0.0229776624664957
0.0273895270849537
0.0217152822623739
0.0185426436184217
0.0213021084775646
0.0227098729696814
0.0195457512465085
0.020873766614755
0.022934384366696
0.0259132331383082
0.0259235529440715
0.025087321524754
0.016565919474135
0.0148461236656188
0.0139633482932641
0.0161046820818638
0.0179080766569862
0.0163220190338556
0.0183730662965629
0.0209992549487371
0.0285384458181008
0.0370939048368833
0.0357555469702694
0.0329656525181711
0.0346977077459542
0.0440660695653861
0.0484984696675047
0.0336907374894942
0.0248690902456144
0.0458509274878151
0.0410205844748731
0.0255642464191565
0.0191675865411897
0.0201443375137859
0.0188747201417924
0.0159837189630997
0.0182567924068046
0.0179518830180644
0.0180110177494504
0.0219251797762862
0.0260059087407945
0.021215449781035
0.0164476024866608
0.0174733474205548
0.0208001429169858
0.0233459204205486
0.0209361832404444
0.0190218452363224
0.0160523880875644
0.0207699810172133
0.0198040285422489
0.0152200408252339
0.0149642815169406
0.0146772973272841
0.0189481186374237
0.0224236370244383
0.0193051796196676
0.017252902641642
0.0176309385976425
0.0156425885799104
0.0116264659098546
0.0151391883229048
0.0161916432136281
0.0163615926646504
0.0182545868037308
0.0212908992266423
0.0197226417797694
0.0255494846718955
0.0183136573183823
0.0164708261909112
0.0176946161169313
0.0199615673056831
0.0211251569532525
0.0207299763291734
0.0215164837960275
0.0158714267056886
0.0140405762812605
0.0150532707917647
0.0144294796010591
0.0196381380961421
0.0189150234424395
0.0136513301293684
0.0170651343212944
0.0181795256078971
0.0150755510657493
0.0211596555234604
0.0215136083420988
0.0146174999084012
0.0166282803822819
0.0329944490568117
0.0352501978383586
0.019472319833663
0.0157723211376493
0.0244559061890976
0.025206576213446
0.0219975292983625
0.0342460590186434
0.039728265315279
0.0258604760804004
0.0229533535925467
0.0329202352638695
0.0279879176027901
0.0137556488651402
0.0237877519183173
0.0277900227442648
0.0223723745737382
0.0210732393551247
0.020286813809212
0.0203790014961031
0.0186338012901744
0.0131723341175827
0.0154399302737465
0.0269361752415028
0.0273622127549261
0.0338271108366074
0.0401690135797396
0.0257721005201774
0.023924559553236
0.0203746595375479
0.0212293169267939
0.0211725251002414
0.0297485873401615
0.0470571483347325
0.0400997200354496
0.024530123881759
0.0157192872643035
0.0164380864236449
0.0199974168610924
0.0171525221759993
0.0187961251393501
0.0208415445117793
0.0135074340733307
0.011713199603005
0.0147272748825292
0.024155635086202
0.0287095726007467
0.0319468690365143
0.0346442190498766
0.0304471682800697
0.0248239450847182
0.0225979738876597
0.0272891666788111
0.0360636630759527
0.0268948314537348
0.0173904591435203
0.0202883674209076
0.0191237136127385
0.0221579878912646
0.026307771720997
0.020908295167921
0.0213101085982478
0.02787715192841
0.0239298050116957
0.0238026969387308
0.0247437013024152
0.025515966345311
0.0183216249874906
0.0186075641031752
0.0271568857461906
0.0264540741545269
0.0205507446523198
0.0237092132868034
0.0242155409825195
0.0194105742233382
0.0208400924436872
0.0298784311190514
0.0404533253898875
0.032670212509746
0.019936245289614
0.0184620533688957
0.0185210741928212
0.024844132611904
0.0249615486088771
0.0163902037090396
0.0194828425844685
0.0217313080668995
0.0222671934577032
0.0222774812279653
0.0230283553941799
0.0561029278524453
0.0642813420080712
0.0291149220601503
0.0239845014878691
0.0235990517816999
0.018886172356289
0.0278507539449518
0.0275654266525429
0.0198981927026402
0.0202934360878458
0.0399778087566051
0.0521257224737953
0.0934307036055089
0.0962618686610754
0.0928415452943747
0.0855371970614484
0.0256784927200488
0.0237325295692797
0.0283020132213615
0.0259024950865529
0.0193581123307831
0.021072249167146
0.0218527050859738
0.0199351842846226
0.0207099426749398
0.0309313892823725
0.0420220674290336
0.0273150646933207
0.018631352433199
0.0176645256558435
0.0294452182959749
0.0288283528486514
0.0164477365685439
0.0162364282427181
0.0230993930976881
0.0267681982315602
0.0195504233267039
0.017181288644929
0.0216416773911228
0.0204000072408214
0.0200435874650642
0.0165202649373013
0.0214401260417172
0.0382987667892361
0.0377951283578531
0.0342071705023424
0.0542046212638947
0.0524664220406689
0.0275925075623308
0.0296805192400909
0.0264800898086246
0.0201634096281735
0.0178316184161376
0.0206440752071387
0.0259854742909314
0.0208049415932323
0.020240928937151
0.0227991912401857
0.0193560452524479
0.0177597569396928
0.0242077289644258
0.0210666351276964
0.0290298057165102
0.0291735757947221
0.0251996165776892
0.0505013890919348
0.0467246388762931
0.0433584261096501
0.0334146518820115
0.0373951268334548
0.0349132466310742
0.0215981788796086
0.0254982533030345
0.0192015058794147
0.0223104244861391
0.0252034834266027
0.0193536311923786
0.0242206645713805
0.0441468028228377
0.0506311866375683
0.0364042117240809
0.0231328903280221
0.0230847385677833
0.0246304890146256
0.0211810911101919
0.0177995528755356
0.0277336874293211
0.0273175186375066
0.0216320922760015
0.0216623475459894
0.0213820860104564
0.0212653081725458
0.0198475997177015
0.020565155969397
0.0166075483524779
0.0226463229221176
0.0211326764023025
0.0186799147082013
0.0221348288994038
0.0149565013812189
0.0170545451106825
0.0205934023540867
0.0187486733284607
0.0228214401883523
0.0163208945426902
0.0139572494172807
0.0167897036491458
0.0159662420153542
0.018062712160247
0.0210191244932617
0.0199109096879257
0.0189152451648112
0.0188710033917922
0.0280749989449996
0.0351548556464311
0.0226346288975007
0.0148060759374028
0.0201517752206185
0.0275072399867392
0.0259313054912536
0.02184905655307
0.0203454224361347
0.0228642943622899
0.0272538021555017
0.0225572104812514
0.0187776097271942
0.0223501667526495
0.0221448899739119
0.0235408731612718
0.0256552889582405
0.0269413193912742
0.0225286091054942
0.03047617791992
0.0365828202365147
0.0261423177257321
0.0209033040587889
0.018905925558446
0.0234856721947416
0.0279557833094136
0.0289904342436928
0.0280011048899404
0.0202423999357528
0.0232263861404734
0.0276704536968073
0.0433217676305412
0.0401969576456868
0.0165626518128241
0.0206791081001169
0.0229385890830397
0.0202759463391785
0.015040742737576
0.0215473483597117
0.02706339139461
0.0536495706176219
0.0548598459307778
0.021794125672219
0.0223455960551726
0.0205443389545091
0.0180114826411295
0.0196542606181386
0.0227293392135582
0.0231601146698859
0.0189290469422922
0.0164076537410839
0.016451050864681
0.0193217530792771
0.0187873421459074
0.0189114816762625
0.0220597052581278
0.0219726253224688
0.0277247551270621
0.0228328874330749
0.0187788574582913
0.0213647538346013
0.0256257033564201
0.0203045610836341
0.0258087080345966
0.0241228363254848
0.0177396054920016
0.0210833482667834
0.0215224952822107
0.0183859161955624
0.0144324055138629
0.0174727256678734
0.0195562780146195
0.0167121817379455
0.0180441746478325
0.0179724129593046
0.0174840678572054
0.0139934076300746
0.0169842830263926
0.0179434009401365
0.016304966388882
0.0206960025397086
0.0303132786224063
0.0266041934466949
0.0147541698949365
0.0110509782732777
0.0156895122059029
0.0203574676460152
0.0200780743004165
0.0177162561690413
0.019990984803697
0.021529231713316
0.0163073189776948
0.015915932895722
0.0183641069626538
0.0173856873157599
0.0221043046302137
0.020062676939838
0.0145692571738398
0.017702587659994
0.0166067164949266
0.0169850976935277
0.017179288528022
0.0147696624501498
0.0179666606708585
0.0206739558011674
0.0174207759019623
0.0166419870116936
0.0162927055404797
0.0152906529174487
0.0266448370863012
0.0348586732704032
