0.0592933868266832
0.024618695977076
0.0220444140003595
0.02543702569416
0.0215515877244654
0.0102344225293626
0.0314636393580859
0.0156526887923105
0.0316804052708835
0.0306980970695924
0.0619452723737027
0.0403780230700231
0.0120880867929027
0.0216489331832812
0.0488914784212078
0.0504866673905107
0.106610062595641
0.0293404651340463
0.0162944907881422
0.0209088003692269
0.0193865972770297
0.0273885552655594
0.0443326546793817
0.0417326787223602
0.120417501827632
0.0551562214220825
0.0173247315764816
0.0485724447597399
0.100734746896996
0.018334806224922
0.0117640900864156
0.0241143403931706
0.0771763291477454
0.0856145721155916
0.0325050028508796
0.0351142473784568
0.023888429334293
0.00751455708080558
0.0112341674368874
0.0897172050035575
0.124805956705452
0.0372878424438523
0.0213297125276166
0.0361915296081905
0.0593978412680023
0.0144026837368989
0.0172808742557193
0.0390312283483586
0.0775162892245263
0.0678914608022104
0.0176534173568919
0.016947616578768
0.0131298898192083
0.016004250392977
0.0154328195010462
0.0458186173976538
0.0441499804855418
0.0422352146952382
0.0327906003131486
0.0292008338102547
0.0151160555619822
0.0237872876702431
0.0257922495874008
0.0174859049471441
0.0318538322413738
0.00457523892421513
0.00880426106506268
0.015217210905305
0.0104505356005068
0.0245382352298311
0.0208312139129203
0.0147682810734569
0.0605764499806979
0.02865862538091
0.0293444399838768
0.0130870088514836
0.0141586898452398
0.0116468429132933
0.00684648522194507
0.030805239087855
0.00365839408059001
0.143660761509966
0.125915550538069
0.589110394365132
0.436632639385681
0.0161734632084937
0.0625852116782088
0.298469987513553
0.0115129025766923
0.109155239047553
0.0600061483813758
0.122235112653717
0.0232403352166118
0.0650837465834391
0.0131584909364523
0.0231832121130621
0.0279390588953152
0.0278361006601456
0.0164673344711753
0.0261660203873216
0.035447681868121
0.0256265136008575
0.0463581699389781
0.0693049183107871
0.0349080929895593
0.0280893708952586
0.0280897583089683
0.00669304247257515
0.00458921722422654
0.00751838779288918
0.465839517006551
1.59037861555361
0.0190500382689461
0.342507426385816
0.0350142449707825
0.0156294872369467
0.0252735981964855
0.0178892267548296
0.0120778423636852
0.0173407936527444
0.0308315176584856
0.0297390518057728
0.0315640644800781
0.0333573414166429
0.0107021646660885
0.0204097914204843
0.0243004599767516
0.0174944594623377
0.0387854269635425
0.0203115398955857
0.0155188028590633
0.0249420405274044
0.0685938931259166
0.0469196524986794
0.0271694570319603
0.0221061260529141
0.0078969204795378
0.0262437762205675
0.0214152518028827
0.0251545574412189
0.0124144433221376
0.0135528720941709
0.0169537636921955
0.0256462597966258
0.0534372893391858
0.0320286494346532
0.0104419117677261
0.0515462446280371
0.157118830833881
0.10138879393442
0.00691052168157363
0.0141907540875071
0.0216857700600297
0.020594536546477
0.0549545748516577
0.0582304258005593
0.015838622460039
0.00375729879966323
0.00762991532416159
0.0387299074054215
0.0173422784168164
0.0215368804638113
0.0292338274567417
0.0916998934624451
0.146784828228168
0.0503160267999489
0.0229939800095893
0.035879212465115
0.0504331432826555
0.0367378275850372
0.0239061338396336
0.0172715598206638
0.0426643388496938
0.257780987985493
0.0921904313264321
0.0598082146269641
0.254150120053511
1.04068638981747
1.49070000745398
0.373741579957684
0.0112556546934924
0.0269981753123444
0.0318054277485274
0.0548711992203635
0.019096342829079
0.0203005804553874
0.0151316547560233
0.0125758252300288
0.0164463152815907
0.0591226219802447
0.0831954064962799
0.0113825336648583
0.0151852896850915
0.0297008355577233
0.0122560145650203
0.0773773849077801
0.011100398878185
0.0342203164194309
0.0257103797477979
0.0231248076920112
0.0799548811917122
0.0936231760445975
0.0179608831144022
0.0203562223567957
0.0266784078682511
0.0187991936513564
0.0271856243877436
0.0180489064055017
0.0120469042791751
0.011391979439334
0.026564401785914
0.0231651206217317
0.0229082008101734
0.0268026938395983
0.0268797444046831
0.0377148560321809
0.0218446613251189
0.0305111775865199
0.0708961352374389
0.010329332226529
0.026965809616869
0.0175983154948656
0.0137558219538508
0.0254153438145753
0.0264749831266568
0.0189323676320159
0.0110815008769643
0.036139453274311
0.0842452119562542
0.0258764746612829
0.054956147982272
0.0847766802600504
0.0745908222534578
0.0293733268137462
0.0398990948140106
0.0959722900728919
0.258802459494221
0.156364810320393
0.035563223783972
0.0948193970003645
0.986124916327046
3.46983862100773
8.97551305678368
10.311415898901
0.198332365976575
0.405943517865467
0.213900140297773
0.261765204793815
1.74863752531346
0.23216219755882
0.394649648672539
0.137228752667139
0.189127530720932
0.0883328795471255
0.048756678470834
0.168149083364252
0.101148298606497
0.17440379506916
1.39811640042461
0.158766897173079
0.0384046902662206
0.0483886400207337
0.0367508717692258
0.0210096428343471
0.0244501830189621
0.0384205130884257
0.0212870200102398
0.0160433716955332
0.0347978975365692
0.0424415043187224
0.0454109808801241
0.00801964544914942
0.00971191541226113
0.0177587322924339
0.025719383895726
0.0595559019254061
0.245283533242533
0.568290897018106
0.0319095507414003
0.0827731675742449
0.0664992147327275
0.0104925885267166
0.0367587323376838
0.0148184508115545
0.0628796322709832
0.0146489022787267
0.030157492686119
0.0141312752755133
0.0151179576056936
0.0184152512514909
0.0461642947257497
0.368548162964375
0.0670891987553848
0.019097826232922
0.0208980460179749
0.050405225427338
0.0376175341386334
0.0451470748095444
0.0220511449322103
0.0254597321757531
0.0688752265768779
0.0194142413340331
0.0775084531899806
0.0265310944550221
0.00571255360863071
0.0214675465527467
0.0460198555911568
0.0137862019252068
0.0315658454503422
0.03046220947778
0.0440336351840689
0.0203341458241378
0.026054178947382
0.0678401614676228
0.0314724548601564
0.0131254629383291
0.0167122887446452
0.0241001365990673
0.00827916370694115
0.0119345200964955
0.0178374305305503
0.0380937107573992
0.0128493352784554
0.00861959307309531
0.0126236246629971
0.0246894397598211
0.0686812880714639
0.815061605798399
0.126503461393036
0.248756988106255
0.16169814593279
0.357376430204264
0.107740136716698
0.0599794337819766
0.0687400878378846
0.185545619362226
0.377591402980606
0.40417181201501
2.42400595299187
0.309094162955839
1.16703547134914
0.0885322257263147
0.235919736504685
0.347018179567375
1.88211188429397
8.15701756198328
1.94515902120213
10.4861178332896
17.818777386135
0.353707089660264
4.93093383712608
4.56960167285439
0.483047375478776
0.0540710986627161
0.0662538815407832
0.0135069751602555
0.015578269238429
0.0532102823043285
0.126322434915267
0.0795304784718071
0.596975075367967
0.524295211809949
0.0336531735163662
0.0723864478469194
0.025125605318022
0.0115725144385404
0.014042311311606
0.0223298071268722
0.0185576774540639
0.00899836901082655
0.0341514474130114
0.0288976921522005
0.0168468256183219
0.043471407364836
0.0301497995354288
0.0135921114423635
0.0170099781242869
0.03225220161278
0.0341708418487555
0.11428351945759
0.339453466636034
0.0168435801064697
0.115123198859594
0.0219846134954925
0.0225800907831886
0.019663583695785
0.0242199095399928
0.0298191475998505
0.0336484884206
0.0430875527285155
0.0335906978457443
0.0351052184404459
0.023418634069352
0.0139163323036386
0.0094667946399429
1.17935543112867
2.84952158744074
0.113135468766273
0.148315776572857
0.0576428550457673
0.182284511577677
0.328623489921119
0.0442939906811192
0.0390243723711863
0.010249142639938
0.0148375278284146
0.0295745147769836
0.0159716344624797
0.00796702913412854
0.0215819319798326
0.014929174065489
0.0164271573532502
0.0173385223856628
0.00927113098383251
0.0110259929129506
0.0124055630813908
0.0256389884054732
0.0209574308640462
0.01081424061717
0.0178262072898248
0.0784039257464977
0.137581916603318
0.0557588603291043
0.0392208772621895
0.00534667878159354
0.02498903772978
0.0591456231034422
0.0326214023852537
0.0618528153124471
0.0643287734119967
0.0272034759340489
0.0249316670572498
0.0167081671799736
0.0146107745300806
0.0332916676935443
0.0181420808422227
0.127406133833809
0.559447035472378
0.296824013520132
0.0883223961731722
0.0362907932083709
0.0456922015757863
0.0609563063681116
0.012998802630152
0.0065073059655995
0.0165384438428686
0.0124840802485498
0.0471793670659369
0.0188566964515439
0.0376681647174814
0.0166554714433168
0.0108228050113974
0.0341653272222083
0.0104330053597464
0.0116064340972524
0.0556820274955063
0.0557883877647959
0.0255104201975146
0.0548881737211251
0.142310856013084
0.200452134196935
0.0157271447401458
0.0631601545649534
0.274082896923126
0.0632728601832183
0.942952760884449
2.50914073182424
12.5621886139863
28.6583255252053
22.5762346672414
1.33925894924109
4.1933933152863
0.866722566360677
0.27139049308138
0.522647306317402
0.240889173127133
0.289891343096373
0.127244794200682
0.0146746377642258
0.0242670763523511
0.0108383109587548
0.00577142692407378
0.0345475338537053
0.0838570884271842
0.0231372183166418
0.0476540366649497
0.0715166069597664
2.6795964745079
3.93925551588418
2.90804613662983
0.346530435197053
0.429093059269578
0.109378542744098
0.0737218676844143
0.0302840768142891
0.0295377098761685
0.0110479428274148
0.0124666480206317
0.00879438950922239
0.00556412557414588
0.0105570676326695
0.0140074782527296
0.0212107610136421
0.0129992572722311
0.00828141102349696
0.0116848280004586
0.016814500722731
0.0230429298434157
0.0196961415089841
0.0231038345135236
0.0526181684502114
0.0249972421204945
0.020020691320571
0.14407972643608
1.19026560177557
0.366950164483549
1.77106075877865
0.95127540329743
0.871655254931054
0.0197136540174643
0.0506961133284386
0.0138341178182557
0.0213635692157039
0.0109269687876682
0.0123451616354779
0.0136200769223902
0.0122838463525961
0.0119691425520992
0.0106533001231913
0.00743796799591867
0.016965939470382
0.013499111012234
0.0177080894598546
0.0251954847064426
0.252567798404029
0.431072214262206
0.337675901326074
0.305842830780679
5.90897032117944
0.90245920274855
3.50655710753023
0.320540322099814
0.0269349633116464
0.0367266081204734
0.0192364159018767
0.0157119645794557
0.0416697186157869
0.0437043263597708
0.0141925360646851
0.0188186754398776
0.00697410719059859
0.0170849165168315
0.0139767581446721
0.0147451615922194
0.0149756762136643
0.0088986755706895
0.0175231627566127
0.0386945501143648
2.79386605288195
2.67060346166978
1.32170547278777
0.0885878894519661
0.0199887324325664
0.0360869111270998
0.0730220635739974
0.0281061994711735
0.0342092892284761
0.309771548287585
0.175297902515724
0.421981748377469
0.0315540092528131
0.116973262853295
4.71119567136847
13.3052492739987
1.69020918220312
0.0193304414713677
0.0638797183588666
0.0255135290369897
0.0126964299606243
0.0156529009517315
0.0293236562998887
0.0276406881175139
2.49960763776519
5.06925180860169
8.17665949191501
6.95270978133131
0.326079523452748
0.304289255601206
0.624016187728779
0.909068380373344
0.23976035838481
0.0158570831222591
0.027636258085043
0.0754719301054989
0.0380019043047741
0.0187770408060518
0.0249614226209987
0.0298183187151047
0.0335411549734304
0.138437768108254
0.0822069432255951
0.136342713609843
0.0211625703524163
0.0311388465759893
0.109491384400576
0.0236506066790794
0.0183419245706798
0.0601046865016935
0.0256210047790066
0.267862291719468
0.0162682669932997
0.0175544271098458
0.0192935970794842
0.105231244368109
0.26006127623451
0.692851793778155
0.308592742141994
0.0911278635936827
0.0634507575107507
0.573195430133677
1.79410334039097
0.365649179428403
0.103382481002102
2.26149992116669
2.64508164063026
0.0259490868091474
0.408183543115305
0.101229213207949
0.0891230279842199
0.00612626290756957
0.0161393944496185
0.0127125339868392
0.0423008072231423
0.0250554239671966
0.0258218910790739
0.0229971795422575
0.0161730834282661
0.0317643619185703
0.0394755349529325
0.0293766138967053
0.0301832569574099
0.0238949919759964
0.0227199403020007
0.224126707091465
0.880471441517466
0.147019939075843
0.0396338558581334
0.0569941580608531
0.0218614666156576
0.0195790788359593
0.0365427595571122
0.02141510694167
0.0396016028006425
0.0284067609163624
0.0107530291337303
0.0103010186274573
0.0219473514604406
0.0375297441498854
0.0221750412626123
0.0182786806105963
0.0109222069187473
