0.0350145379521671
0.098950883736076
0.0881130194555504
0.0468088158720081
0.0766337881906201
0.156301756728526
0.0727963785898613
0.112278110348055
0.165706050658278
0.0373195407651632
0.0513355147862037
0.0756998831179633
0.0268666927031021
0.0262350995729698
0.0729844546158334
0.0706700068870431
0.111978059492074
0.103607211749504
0.102859323976473
0.112926248695534
0.0880827075640762
0.111088520177989
0.103225463113281
0.0783341622927533
0.0352135121477714
0.0517819505098904
0.106561513425811
0.119782585260889
0.115023200257316
0.112768812461954
0.0808068327669263
0.0665688280966304
0.0564810334907605
0.127199813702006
0.0609354997740846
0.0521800066750336
0.0627435820482776
0.0805026934116372
0.0851782743577987
0.064080576044459
0.052794455915718
0.0615354001760661
0.0497904118064844
0.0709611388819788
0.0808862010593127
0.0888098551694897
0.11752399631356
0.088318504652929
0.103640878157957
0.0892843586544049
0.0835852998591135
0.0846909419826391
0.067033138751581
0.0544995779368191
0.0458204838157764
0.0553142840256846
0.0423297289894224
0.117313577678023
0.0867989414879651
0.106941474885794
0.0970029794205684
0.0603757580007886
0.0355399466077038
0.0432606769068364
0.0517702451791434
0.0345343155961392
0.0840952390620301
0.0516573501649105
0.0356465752108463
0.0333403312980301
0.0742333344002031
0.0790676528378604
0.0573677481882988
0.0582542737830528
0.0827207655583449
0.0536923849032831
0.0695236229593975
0.045127769099324
0.0298757911511366
0.0784025778588722
0.0553476320430289
0.0553330011361836
0.0855422019282647
0.0770335658170302
0.0622408358529738
0.0509089793591121
0.0486662965456967
0.0353000512910037
0.0636013015284461
0.0333159966212171
0.0496401706961417
0.0402503527403078
0.0416774803535997
0.0271482556537922
0.0448941398252957
0.054431781029892
0.0747096273903636
0.0742136707876799
0.0722086121547909
0.0607163853238141
0.0809622474038049
0.0720044054393212
0.027078082800207
0.0184372389531912
0.0651712523017521
0.0812644744326772
0.0992681617261602
0.0703148834949733
0.0252502487058179
0.0696561038991803
0.0526014339447953
0.065968715941505
0.0577857129979777
0.0662015529664103
0.0310647334344694
0.0533424933472655
0.0637423202802908
0.0870034025115015
0.0597890483240318
0.115335831685845
0.0745775329075918
0.112503332021325
0.100590072543062
0.153818083120101
0.142001049815176
0.0589002883581276
0.064315585694315
0.0502453095992389
0.109114164589442
0.0895311003451712
0.0772569914385994
0.0955815252162697
0.041328585305126
0.0740230524201293
0.0785799600412879
0.0383393226249917
0.0401517138993987
0.0640827657960306
0.0689344751107792
0.0744278972461675
0.0828307127928724
0.0759193595420263
0.0597258849136631
0.0743280650236725
0.0676691470622356
0.0877694200740205
0.0519569798289332
0.0601287828634548
0.0569849945298488
0.071607397771092
0.0875182635134783
0.0964257077036027
0.0898720172352888
0.0643552515173874
0.0629662437321687
0.0851755773065099
0.0645854560270203
0.0722608242335517
0.0686327706367036
0.0878623283009932
0.0963063341185737
0.0817255038302561
0.0669751954354166
0.0783605965388143
0.0537271992729933
0.0240636293199009
0.0342664697803232
0.0376346531318921
0.0484511570956193
0.0501128125712683
0.0325782911961874
0.0409995690974246
0.0379686761299031
0.0286316209818232
0.0358868906980003
0.0612561506345295
0.0735964341884322
0.0475206531117315
0.0518256950712828
0.0328775444132856
0.0222575942967333
0.0443507423532217
0.0450367741436448
0.0459553161524297
0.0832277296718027
97.5763795862041
13.6132283021335
3.55535405411832
0.108208619192362
0.0535330439550586
0.0408330770258738
0.0439856084513712
0.0455767689757258
0.0517930339594894
0.0450229076682677
0.0506273301777136
0.030903549972156
0.0287447571745077
0.0698835926100405
0.0664239862542997
0.0564298626861149
0.0409781510361465
0.0667363204624527
0.100430646135643
0.103129300409625
0.0612767289745562
0.0608546939636565
0.0554783149655885
0.0607804284939464
0.0618570400198481
0.0420768246686771
0.0625610373365749
0.0515118527546967
0.053130519658053
0.0352928787444252
0.0570706300637617
0.0441174846500167
0.0519505516125792
0.0508652400461299
0.0583212372854017
0.050340842494692
0.0372526609786994
0.0415912766766182
0.0398879971270051
0.0480332518778205
0.0602090786867415
0.0779837344374133
0.0731543468927024
0.05981549864902
0.056781568641366
0.0494379091830058
0.0403363629224697
0.0374297773967971
0.0285776397663028
0.0473567116729773
0.0488205395608351
0.0441766618704728
0.0422493120783757
0.0454104282679524
0.0361544366587203
0.043540886504937
0.0387452965164006
0.0279163664109665
0.0262265152219282
0.0505343922111729
0.0443692877124149
0.0545465771212816
0.0821204924807595
0.0766141780703462
0.0711381834651127
0.0537676641363615
0.0393535637080775
0.0326437429002777
0.0263495881505831
0.0384112639130261
0.0490970398177858
0.0500857457802593
0.0410430164350345
0.057924696066959
0.0495242241128931
0.0382420340476511
0.0341934140125975
0.0343983137473495
0.0348102899692751
0.0420796325540738
0.0314009187286425
0.0459056366229477
0.0396429377795428
0.0351376850075552
0.044431151206938
0.0635702418914214
0.0337011457450669
0.0332464881723502
0.0401951272495559
0.0465949252731215
0.0583277761320008
0.0571491526316362
0.0394849603439102
0.0363580297451022
0.0392079748359722
0.0310676586789801
0.0290420779712155
0.0435376284028697
0.0432981890139341
0.0354137549683366
0.0329845006147459
0.0389276900649095
0.0624657914529887
0.0221424001037763
0.0264289391731838
0.0415383041343802
0.0432895745481634
0.0373100431812077
0.0303954850625673
0.0366052931553818
0.0318449406947983
0.0366119572468024
0.0379052388342368
0.0254482098838361
0.0395459485601805
0.0664276794923738
