0.0120496351548312
0.013545158106574
0.01644903811351
0.0186425994386071
0.0154194856734692
0.0238244364062004
0.021213600391175
0.0205804302319929
0.0177262532594604
0.0166005712371635
0.0175547526460884
0.0207800724764313
0.0198925442226682
0.016509904911864
0.0134611029201542
0.0154803266943589
0.018046242743937
0.020108054258737
0.0182127856544264
0.0147672929738814
0.0148052403533149
0.0180728189242807
0.0184032978749552
0.0157976607077398
0.0197216262763091
0.0200032569467748
0.0297424331568576
0.0338563846520719
0.0191203522553158
0.0215606594580022
0.0171742559946736
0.015755967712572
0.015878147855009
0.0127947935672289
0.00982982763656404
0.0115030173818507
0.0127772241936031
0.0125206203509911
0.015762119410815
0.0161465327901279
0.0143684331585153
0.0118613127680886
0.0129187363012666
0.012826054938275
0.0137739596219116
0.015372233224537
0.013494546234968
0.0135099119511831
0.0151891172835119
0.0175916791969686
0.0207350747935179
0.0179461314911904
0.0122179110062738
0.0172266679446063
0.0178910992057714
0.0176057864668505
0.0212449522624887
0.018540007389151
0.0144185613672545
0.0117021927316232
0.0105899050741324
0.0117175362513727
0.0137958602657532
0.0146164379770099
0.0141275210070561
0.0142702399504632
0.0154850596609294
0.0170822335295234
0.0190062317572259
0.0143037221101247
0.0125154263117327
0.0145095227907297
0.0146147641771595
0.0160362588677031
0.015245758554011
0.0153801347003876
0.0146265649598727
0.0171583444571996
0.0174142133492691
0.0178095581642743
0.0190938179322507
0.0190713748757493
0.0180603079024172
0.0195092721630739
0.0175591123908814
0.0142997689572354
0.012590379753763
0.0129763352769833
0.0206544394240029
0.0238462714088445
0.0129806193738856
0.0130393872875045
0.0166384611883052
0.0225331340921047
0.0270753803657839
0.014928994335356
0.0105158867807321
0.0158045289226109
0.0209576992023616
0.0154810634001606
0.0199652021133918
0.0227574720293361
0.0186917591032752
0.0117278100539015
0.0156356521184857
0.0181356523493603
0.0203762513297528
0.018790662222057
0.0144798676454681
0.0123238481189687
0.0145310393397588
0.0174931722962925
0.0151864067328545
0.0126509343980424
0.0122264279105711
0.0165442529493475
0.0153186719856033
0.0206467683202217
0.0188086281608794
0.0139742798215671
0.0148034515684459
0.0163307697127783
0.0123095107429369
0.0161681994094528
0.0159782097145058
0.0176380003805416
0.0173243762560017
0.015376218248053
0.0148685216283572
0.0149499633053414
0.017633385126013
0.0190841881571993
0.0188038360354503
0.0204006974606183
0.0152089083244619
0.014023259201723
0.0183135552756215
0.0191259610546101
0.0163670691252968
0.020603820643791
0.0158232922335788
0.0104759752797071
0.0105170296988523
0.0122644925505282
0.0150722809976386
0.0124720019289694
0.0106305135552667
0.0157437436068496
0.016881687804555
0.0148754888652048
0.0167905356349822
0.0151759832507108
0.0124824607425893
0.01289115275003
0.0119582468063126
0.0131909478845236
0.0119471265104162
0.0119736376985548
0.0152534892045028
0.0150956166221352
0.0164890716022812
0.0170780324563995
0.0150996074040114
0.019976539455898
0.0198969432135484
0.0151471319114704
0.0173403164395854
0.0163790863734144
0.0138563940665639
0.0122199037845107
0.0162015469076504
0.0150492183734164
0.018160464947393
0.0167239294027438
0.0107798141865842
0.0339732891047374
0.0282633659182661
0.0107622277783712
0.0143718153572983
0.014375704245068
0.0159859033071401
0.0140844357084354
0.0155051742631066
0.0151363016932354
0.0137337482133575
0.0123439720484853
0.0157946669771421
0.016922905170557
0.0140887348430328
0.0147729993501908
0.0176964583783715
0.0166966731162551
0.0251559115105553
0.0181551934849289
0.0144483672219605
0.0197882158925678
0.0226037375223088
0.0209712632255168
0.0123325284826618
0.01216080694174
0.0141276303329032
0.0168317532959323
0.0148837006135112
0.0127181921824809
0.0159799657637622
0.0207056768177296
0.0158704041768136
0.0128857912857859
0.0116223796649463
0.0151685741089341
0.0192225817991639
0.0144176257806695
0.013741074810336
0.0164980223749497
0.0146303225280305
0.012531085382189
0.0171975353989227
0.0154743344913836
0.0136110272775354
0.0122463090544596
0.0183732345274407
0.0190053576061257
0.0191849664026784
0.0273232435322452
0.024014497697969
0.0164994643902418
0.0159907245124127
0.0199133944636257
0.0240387906587401
0.024274182375814
0.0187078429230462
0.0177850491800664
0.0211386614647248
0.0176151758964344
0.0172079632555472
0.012348510190764
0.011793084443167
0.0137001863266372
0.0128563778524531
0.0158475358934218
0.0160477091055222
0.0176964136742272
0.0161666287690858
0.0155481723555078
0.0123860297849872
0.0162888060526228
0.0157724098595974
0.0167962049735181
0.0148951262088491
0.0116125839006292
0.00919408602585549
0.0137791473092609
0.0148343888736219
0.0216743932228281
0.021878924850405
0.0163921848414985
0.0195271801339249
0.0234966507715505
0.0199059714572498
0.0156881647387569
0.0154900002700874
0.0264171132597815
0.0226520921751405
0.011540958774173
0.0153897224903646
0.0158908324522388
0.0158241162893203
0.0136966881386847
0.0131606580775422
0.0239188461068053
0.0303158845242027
0.0263647516629415
0.019668924274733
0.0258048590317091
0.0247148394310582
0.0250787974646182
0.0210611048856649
0.0143208004553239
0.0159287232400722
0.0136015998087633
0.0143383793515506
0.0101115288626725
0.0138141722278938
0.0129286116672227
0.016890098296546
0.0184708794163415
0.0167708265942867
0.0186835961902414
0.0224312381205223
0.0220406393169629
0.0155059802382491
0.0172437485524966
0.0161180239287986
0.0207033790936115
0.0180399813785539
0.0118652028665891
0.0161318999804294
0.0155925125943011
0.0132570683744253
0.0175574410416244
0.020004866532957
0.0171896697243872
0.0122817247277664
0.0163212020723826
0.0234779898302208
0.0171478117378186
0.0213826258540816
0.0269455163995148
0.0150058858641665
0.0144272711901794
0.0128259076245054
0.0128678009332393
0.0143589238083457
0.0149389480219386
0.0146044856898354
0.0146299534372906
0.0191962332436767
0.0162485239861502
0.0123574446932627
0.0189801970254871
0.0173193239660206
0.0226678613544377
0.0189430115867179
0.0320999241724736
0.0299649211803358
0.0222926130251415
0.0259763196821748
0.0305679018460061
0.0273828290065391
0.0320510277275407
0.0246861928812781
0.0215395488199047
0.0222417204043549
0.0256513223224289
0.0241703423728002
0.0289644828601297
0.0228030290530056
0.0220174852506651
0.0213859520675064
0.0210705819953602
0.0217334659563809
0.029996243559592
0.0318757041458558
0.040963429949965
0.0331056345562202
0.0265604688798483
0.0307871646386733
0.0345815644978847
0.026477493251171
0.016718507947269
0.0158832570762239
0.0138741712576824
0.0161206744631459
0.0188674127826964
0.0203400418159996
0.0181380132418883
0.0261653114736427
0.0230219769045353
0.0244019996119653
0.024784763237061
0.0275257906324519
0.0263381859581327
0.021200121040713
0.0214608649563817
0.0293210013360837
0.0334922081641848
0.0258156233149587
0.0276785489230701
0.020347429277952
0.01735673538583
0.0257631782444029
0.0689247507256798
0.0685940430911415
0.0218483455700715
0.0170785437592105
0.0255858998446876
0.0341320409968378
0.0357270582682928
0.0354123534946815
0.0442313672942152
0.0406754804386442
0.0240762793229159
0.022160146239528
0.0228864255713731
0.0216046779447165
0.0202442137686611
0.0289232849161295
0.0400860227220548
0.0315902792705103
0.0300902908795072
0.0269636463011876
0.0303112668781339
0.0280412542236828
0.0263527381945097
0.0349296423848604
0.0331519155020833
0.0242342007331409
0.0154431451627277
0.0279095640954198
0.0427883659763416
0.0666564664777825
0.0532457002399851
0.0481079189532623
0.0629800206529313
0.0923641595552474
0.0958979768270899
0.0604995233601755
0.0472854996724799
0.0404291610518498
0.0360406414952381
0.0212579402988168
0.0299140502466508
0.0410124558128586
0.0325689739141327
0.0333605350860814
0.0257022563893685
0.0413860774453235
0.0479695110175504
0.0513287370268655
0.0805666869193652
0.0701303018809075
0.0327895274173717
0.0344763135806355
0.0390459768492635
0.0359788884088907
0.0326114986071949
0.0718458868340659
0.111351983968179
0.0865651125836086
0.0590427960771502
0.110384738913082
0.12103702380652
0.113419880294725
0.103185567718248
0.0828612719139459
0.113555096039616
0.095305290548229
0.0470764901697818
0.0255982287632559
0.0305291526746283
0.0749224676633293
0.077468884464434
0.0409416352070412
0.0296981595732089
0.062532036251633
0.0657569982429819
0.0260208327632738
0.0209060872566622
0.0408033316033369
0.0470915669894343
0.0250317366925389
0.0374781729152169
0.0396551555267541
0.0249150293192494
0.0231929757409281
0.0365808962229731
0.0313876897334594
0.0269565684618073
0.0285443194278851
0.0283005661733507
0.0407309824554416
0.0369418522294485
0.0215396677908901
0.0339607735090779
0.0699575384249682
0.0515698294002864
0.0222531674438104
0.0239622467103167
0.0297743120832403
0.0237860351005241
0.0168424932607015
0.0134738855626976
0.0157516641996354
0.0232136988747449
0.0309068493511792
0.0320665541511436
0.0344413331617823
0.0414231506680908
0.0403106859355199
0.0358356033009205
0.0553411765720091
0.0498351386994879
0.0233049408287647
0.0285220352487994
0.0413453237005521
0.0651323679979588
0.0929148862369541
0.108344065909299
0.138744359470025
0.145257451509907
0.118112671580721
0.0725716493186417
0.0444864314448407
0.0278520848339915
0.0183873791138414
0.0142116694383595
0.0219090788733367
0.0224575864225414
0.0207136898344047
0.0203460415196615
0.0170958626249377
0.0197219070722054
0.0204098183259869
0.027776900939049
0.0280499453564197
0.0184348374594702
0.0294803179674311
0.0322382477965389
0.0320802308946106
0.0392478502297175
0.0369846961637605
0.0347325963055056
0.0288845100808047
0.0418040241430894
0.0465594658474332
0.0434351639362671
0.0449591307398642
0.035369870017472
0.0252026668164327
0.0357285827172787
0.0338747121897308
0.0314069951984922
0.039387713812565
0.0370334421160011
0.0241376371800486
0.0228565562847193
0.0459784136211511
0.0411131170670722
0.0351418173128527
0.0366140209184837
0.0204452004815641
0.0355439287685692
0.0311104985158502
0.0214752125372626
0.0256738292984045
0.0340256466673109
0.0173936306908158
0.0165448476934866
0.0234461294023408
0.0244150251530847
0.0405750096217803
0.0435500698237803
0.0306129887163861
0.0359797261511904
0.0380052016800214
0.0514977871628793
0.0534548149617775
0.0438571783166093
0.02993480553748
0.0210269912685146
0.0265342020119279
0.0297096942596117
0.0278226549904894
0.0251281657966968
0.0203460381516837
0.0217535198282624
0.0243234542937997
0.0237420393408766
0.025421123814264
0.0197165375564831
0.0177728924880542
0.0166373867791209
0.0142602325056637
0.0156591381405778
0.0189451373434176
0.0190320374641812
0.0167293246854767
0.0332170684683976
0.0399489463374185
0.0236630354647554
0.0279169160765033
0.0385870080042259
0.0234109413259821
0.0206614291407492
0.0279120729724164
0.0282897512165009
0.0192741523912027
0.0160880932861934
0.0172780963194087
0.0170640602224506
0.0206769612811805
0.0208791167169938
0.0179418632443157
0.025285461515739
0.0311141971844139
0.0426799791539361
0.0393304689460392
0.0251954734989784
0.0211577890924637
0.0150338579017531
0.0115728510727819
0.0174547523461175
0.0214689635858275
0.0190419590913744
0.0196286785056738
0.018068151837481
0.0277116559722493
0.0639016567841361
0.0519902340216407
0.0155933540489755
0.0163449760856313
0.0166592723564096
0.015281261327581
0.0184919039113019
0.0209286901902572
0.0211297619915035
0.0239181127813161
0.0264899020305217
0.0223110948205771
0.0180687233278596
0.0146013149267793
0.0368862401696912
0.0583469120785722
0.0396039436987499
0.0223195023124312
0.0251637511847269
0.0365335284876287
0.0411689507034291
0.0355430621067958
0.0279779201237522
0.0284386648952744
0.0362849042800346
0.0353575242844749
0.0201979690689674
0.0167813594331094
0.0189170616440612
0.0206881753711497
0.0204184248996583
0.0253268473210274
0.0839249447978268
0.0931331534823323
0.0477454582699109
0.0513061101735969
0.0581313988329886
0.0348431922726012
0.0346586946406912
0.0366590743307328
0.0414847443912901
0.0685507255866545
0.0646762530504297
0.0319934409758577
0.0272738569600396
0.037058331998556
0.0309387055794211
0.0166823878338223
0.0158545796948967
0.0261805701509895
0.0298222298167496
0.0204083693948585
0.0133002965051306
0.0294438495388243
0.0333046630723247
0.0192001822260639
0.0139171331272291
0.0147652483363622
0.0201639057777056
0.0353297347113654
0.0393496481081957
0.0236190612350229
0.0599732368455151
0.0863397168288493
