0.162536574679931
0.374659651035006
0.506809762619412
0.395035153013545
0.339209856952692
0.213050498222137
0.269959993193946
0.269897567553352
0.577220004927826
0.905335996200864
0.752265184724618
1.45426555811014
1.37073014088829
0.713122317351504
0.479779027510538
0.568096622410422
0.440527227626088
0.161449340055377
0.0717967463975352
0.309571375634818
0.582304692159187
0.375944508767671
0.58847180414679
0.616843290461035
0.503120683780404
1.09240061005009
1.0546816055888
0.563569114110496
0.490710203297568
0.295445950791527
0.273861112304106
0.236417130655268
0.274739669701981
0.394928735453424
0.394095354591114
0.461301176678404
0.277331768671295
0.279485069831176
0.299025187937535
0.320144325653654
0.224020438989415
1.05721292797722
1.99821831623713
1.01897423484997
0.864808972311545
0.700248534824665
0.366238138866968
0.559783124131185
0.212400170573161
0.274744534546849
0.312667062089381
0.350080351087404
0.85449604323099
0.694200713730231
0.291987729550024
0.607438138051882
0.54660159760678
1.18992663957906
0.707744448040924
0.857012683880086
1.35865869890252
1.61120818913035
0.999536041321263
0.254453854266513
0.169021228381051
0.266322988273952
0.369979970603489
0.357473014994896
0.211591687745743
0.535353568634291
0.926452541035118
0.850283345131913
0.37626850323738
0.475714452713549
0.299837659119396
0.407958668937113
0.412912342417038
0.320441664767224
0.249600174754689
0.475975272036462
0.522136203631279
0.224423491771019
0.473230121119629
0.611014220773694
0.44336929621207
0.988011640578604
1.40683667988254
0.611129821985828
0.468095492317999
1.34661721765908
2.89012860419352
1.642372189948
0.638145759664395
1.22221941000947
0.963768227137569
0.521485251118029
0.550267867894119
1.96351641713629
1.46940276511182
0.709570059756589
0.904630537440205
0.552079102163911
0.31846519942876
0.126840428991589
0.168555274483001
0.22105540202755
0.206269030376646
1.80072769542096
2.77276225723834
1.22037252844761
0.228641738852812
0.297041554166897
0.452327581477127
0.614340083528063
0.440538897048938
0.171241988831626
0.305774068443481
0.362009497228252
0.290348763851603
0.204584246086912
0.879226416208188
0.986426417000723
0.58065553208314
1.0592195855593
0.548703799670561
0.286476912803884
0.363530054057519
0.399806743079894
0.29031771667448
0.339427824421087
0.297843937903969
0.187705457658861
0.486282876885825
0.236793855642052
0.150187887938985
0.237861526789733
0.40384182053956
0.299217044596367
0.413681179422131
0.382016828387138
0.357090729228615
0.458620327778594
0.23396467988889
0.231551392002426
0.430668777207336
0.522484564903921
0.432034014957696
0.435214301034638
0.588191017054944
0.482766999612998
0.188098749432242
0.206744984251117
0.309128970819384
0.400331662594531
0.179374147594693
0.223630438131133
0.314509582765161
0.302447394304532
0.367461741355101
0.460899945927306
0.322614199769139
0.568239891670621
0.841202956863822
0.454179194870065
1.63142604314824
1.48827119294838
0.631674665230366
0.718451038267438
0.593751603715068
0.449701267125425
0.507152586149369
0.386362551797247
0.95799227275673
1.01435340231068
0.558634935211933
0.232911330315427
0.499404434002211
0.739300288811249
0.506502427651946
0.600936348168903
0.854216934197081
0.671891064565798
0.565746889018297
0.247438190788355
0.14465408184757
0.423634456767471
0.468893926999419
0.194521171368811
0.310889440070725
0.257162058428458
0.418809047370461
0.459496058154541
0.304178326745884
0.294102345174798
0.203026966181918
0.155848271779352
0.685387417727774
0.987219570821819
0.747916984006801
1.17035644904156
0.441763374384784
0.362006648877504
0.425925993994279
0.319881037349974
0.296020425938178
0.364795385932271
0.314405142653141
0.499919429710372
0.34031814007507
0.230879631715799
1.09541765599281
1.3385703805531
1.22389121960622
0.811815981369504
0.496160438745825
0.304250787467284
0.208845738349781
0.246798421533582
0.386265861254273
0.531035016837563
0.552536315433846
0.544121776078466
0.651248416259115
0.771845675008747
0.566690985230182
0.161513625877086
0.156666142285112
0.267904101291332
0.26393466801102
0.653741670772296
0.547982586695586
0.571190098886914
0.629717827369433
0.527822108513628
0.488397641060038
0.350478318171941
0.798457544011731
0.602843547874231
0.291001743306308
0.255331926685002
0.195637117409852
1.025527408247
2.05170825243098
1.1840272368904
0.535705848256779
0.447033408161091
0.728141830279636
0.853730847498635
0.76568189318399
0.481204668165228
0.53952867483231
1.10206537571223
0.513812388723918
0.71343463185309
0.867439922007627
1.02974701895556
0.755440555352132
0.782401415356891
0.87406291682909
0.687608579585555
0.426495919516594
0.358510926719938
0.574358891610642
0.584567320425303
0.630567884138543
0.600907738559004
0.746210566622862
0.686146299668629
0.46034836915985
1.05930322716999
1.52645235338801
0.825743577642098
0.537767808718832
0.703275914654476
1.08761680417315
0.955446890388377
2.0789763690093
1.59119624050326
0.899959331994548
0.902910525835111
0.244412312143725
0.206093875640637
0.436167442167376
0.903995369633041
1.15586727958466
0.599958199787765
0.971921030521968
1.91889610420839
5.35443290140174
3.70104694376182
1.51110739901171
0.764525982839489
0.557587310594837
0.570757672376164
0.631520323338831
0.468937084031835
1.07802980398564
0.549958803459542
0.491358688362504
0.652268799369355
0.535408714762693
