0.144167567990004
0.221161826715034
0.287755196094385
0.260523658751101
0.129708743907211
0.563041419155621
0.433979677938176
0.159915678572209
0.181261216218126
0.132969372637153
0.187827229593757
0.102541330124381
0.15814955623924
0.324706135306316
0.351247159774368
0.33255379038255
0.206634882572793
0.233826359870429
0.295192155730475
0.090235732722463
0.0778480640785092
0.197184463186332
0.345664419344284
0.200314941886251
0.207275971643154
0.824884064739415
1.560676091646
0.74194257283449
0.218989380095062
0.447628634132741
0.544767757093898
0.500730687231337
0.493889221614381
0.641657541236105
0.59729970906093
0.231455021709835
0.143703703528912
0.126210419304251
0.185510466081228
0.222444401076994
0.256341496640261
0.217100406066923
0.242421646952699
0.253417848759281
0.226982027519975
0.361798217822801
0.198254234267228
0.268244614017081
0.560949906765383
0.188843661768408
0.168412578172945
0.332438054180539
0.556208428925154
0.235039955121705
0.243080383150384
0.610946629931384
0.809653743998558
0.208346855680993
0.422553000061643
0.383297547814847
0.162376507552681
0.356676130091028
0.288221973685599
0.457335450024465
0.609412344926444
0.226374796518323
0.336627271485849
1.43659921568365
1.30523218878709
0.178893769091183
0.267655057083916
0.335653745948417
0.27917475799483
0.0752372570984515
0.165165781267532
0.423379471170953
0.416473788155422
0.371171521273298
0.332793347411816
0.284274390420516
0.725715062271504
0.402906160979593
0.594364014434866
0.570397739565505
0.230801818018141
0.313023207885351
0.630318671734281
0.609912695963413
0.172565359317266
0.336043376901781
0.538023111945285
0.375913567900081
0.189200512913676
0.375744169617458
0.212209879972826
0.206671416709228
0.192819462954537
0.21916676570253
0.530774879616385
0.248317839753882
0.384865196958527
0.782598335153607
0.678142307323747
0.121953206859242
0.142619387901982
0.127165406800689
0.159746004656496
0.221237605808475
0.169415270969169
0.228908494946434
0.212986612668121
0.183300369034046
0.288352144048155
0.229495374138352
0.262548362342865
0.408922740336408
0.410895235299498
0.347595080112566
0.337712602199895
0.656277367364259
0.694806570374988
0.363954758812544
0.139721542605972
0.0571250337063503
0.21368513737221
0.261956572415608
0.30370161432563
0.34764085433428
0.166841653390188
0.121992781751082
0.157912437339185
0.199807693181983
0.226575318299627
0.270841970637355
0.309481750915834
0.283554019608406
0.1615125055983
0.208338763625065
0.819344885235066
1.07763170487136
0.462695484383925
0.386208785981042
0.183048253228836
0.44504529866407
0.183731753879273
0.528539168853441
0.650031804028561
0.463476933432438
0.398231023031403
0.165811607645676
0.321890294557507
0.526318516320704
0.211220533600952
0.292312809375417
0.337113227177896
0.108072250781325
0.0498749980343726
0.28061106693047
0.578864330265135
0.185531856401062
0.107766313510995
0.126943549107823
0.473705873790289
0.484515026871412
0.458640320571032
0.397880469738542
0.186235241676115
0.170311047138235
0.269496211176036
0.318930127141558
0.209942757714132
0.357116568985297
0.500163361928856
0.231968155313377
0.0970579192330039
0.168226264870621
0.421590553081832
0.509352100930942
0.249023017788718
0.178546250574498
0.181012003676409
0.136267055127232
0.180555335260406
0.194069926492081
0.202961559992244
0.256824211397111
0.340585133059606
0.392842859061822
0.244221202993423
0.45379632369449
0.514560897204265
0.482089737768758
0.346162164502476
0.269874362340066
0.116195644798223
0.123396778485899
0.149871450861489
0.267847355128127
0.280666262884302
0.444946085117235
0.329044832042919
0.242878983761441
0.192411441335122
0.122779608162827
0.184582213447201
0.256697752893241
0.499471615934484
0.327499711866173
0.158366334628479
0.231138218897576
0.218977973700549
0.182184606787993
0.230467923502748
0.2950669647083
0.272646505244276
0.119156328194627
0.145504732698898
0.582436465533667
0.875533242495824
0.530794377069432
0.45880437726742
0.2352933843905
0.306966602164492
0.524730480409274
0.224431066817534
0.211458272509731
0.372240055850319
0.291746016830704
1.12909200331752
1.99051293060516
1.43187027684218
0.900473868849896
0.81195853914966
0.687518897292743
0.363041671552725
0.198815323304087
0.101582827412567
0.164472764765741
0.2728952016617
0.373268908666873
0.143993604949614
0.369129839350255
0.425756198176185
0.354640483186157
0.279928061929876
0.240719208034936
0.332174841075148
0.157588920723049
0.200115807081863
0.599469902940359
0.629767728719744
0.0979178535085254
0.147630003280524
1.019069121749
1.23999325442008
0.553259006000899
0.220553370252268
0.323001956158965
0.289560955022172
0.216266257136665
0.429140859120433
0.307201590707118
0.327342069954944
0.242397883931651
0.592793969835513
0.60565422981286
0.467484744355479
0.608472176471725
0.479641699414668
0.558373607212099
0.406861077766748
1.1747182119861
1.18874165927541
0.717647444858895
0.716094336651723
0.570506028903462
0.272881405530478
0.125863592560021
0.314648993185071
0.325127895579813
0.251154923722721
0.127749100132233
0.110836237847537
0.323973300667633
0.285310167607665
0.391424377652806
0.436228799795497
0.274902822340198
0.969857256095542
1.00455226073977
0.3315166941109
0.354521444703259
0.142964073157735
0.150602424624547
0.313623825332951
0.309284997451769
0.364159709777157
0.365196573280771
0.269142922842303
0.282648224515762
0.227701732313407
0.113220150667734
0.215741622009392
0.18949998595001
0.241193502942413
0.40252748531553
1.06987418650093
2.28429259882132
0.951498439627505
0.402120529171057
0.298311932188404
0.207927099465978
0.24243154388882
0.11786674818449
0.0341163479815257
0.363995921647641
0.438763734714244
0.397556809748896
0.278344224528269
0.366019706439614
0.258283241999925
0.377033600119011
0.568180938482156
0.232830789872053
0.223754129678815
0.305706539964418
0.0550447931965278
0.099113463177084
0.0437386229395509
0.0522138375205961
0.0813888215461319
0.0422921878844247
0.206870419500865
0.898383436153035
0.531535864216726
0.274633186846729
0.257146586461156
0.0455285999784586
0.0364476440976331
0.0269596844962417
0.0380006194515631
0.0159078173894996
0.0321365438379276
0.0355336492657181
0.0539107121805288
0.218021667710319
0.0463156750469284
0.0224676685361228
0.0435992062862715
0.0742308077651426
0.256444879514704
0.0493523074746545
0.0933462363864365
0.111742336670428
0.0445592303724683
0.0906577802155212
0.0344697090635322
0.0215433837810469
0.0605677072757894
0.075149654658736
0.0297027081094622
0.021017025465882
0.0168841575766872
0.0312388984885718
0.0282455066119652
0.191586768310877
0.0465227698451346
0.0577900677538038
0.0690534869725559
0.0328317980751681
0.0155761883839265
0.0255737041971916
0.029474797647537
0.155646518803888
0.140617306666682
0.210293720085819
0.146836266011512
0.169419027707086
0.304772956485098
0.655096785058267
0.170565874892237
0.0396687635624666
0.0939617125071213
0.210422632735263
0.142539640026893
0.179330060607587
0.111737715576608
0.0572404754587218
0.0304322750117046
0.112049871353113
0.193140865632386
0.0398390561193274
0.034872012177124
0.0195382158870333
0.0223889838297056
0.0132742578802961
0.0380485799761195
0.0376647011124737
0.0313327291916329
0.0170694726860527
0.0311739157255835
0.0588009285259701
0.0440236813584172
0.0198515734957658
0.0194621758443251
0.0216239631608544
0.0238587487167793
0.0307106188438574
0.0240868509189181
0.0288849374977967
0.0179492486485024
0.0415097170522604
0.054333368329141
0.0516439854060444
0.0292958681191777
0.0468898502725035
0.0497691109967982
0.029254268532965
0.0260771357223011
0.0461050201840491
0.0325224646656549
0.0183174421544577
0.0313666354390948
0.0143655888869976
0.0160548467821038
0.0195256394571683
0.033335309411346
0.0231107495288859
0.0240207048524321
0.0167727521982268
0.0350583738547386
0.0380186474793224
0.0252232426544578
0.02446383712427
0.0243073098267574
0.016297701791165
0.014076460458859
0.015403727163357
0.0324227921911975
0.110724058457938
0.0363249180943474
0.0200384851981477
0.0321414984316299
0.127999632772859
0.0637384675496291
0.0169163192228805
0.0120177952609673
0.0286146573732471
0.0386312041921885
0.0269450646497775
0.0515294911727989
0.0338919427169598
0.0392077132393859
0.0435219327761094
0.0319068365951145
0.0276378393502372
0.0129278708789528
0.0225957998369099
0.0414901413085052
0.0458142864360995
0.0409887134572036
0.0291849402644928
0.0288561965834616
0.049896379146578
0.0689678860506063
0.0443879404994147
0.0238059506516116
0.10449002153693
0.124615583585001
0.0174350499555093
0.0227503879889862
0.0577408131486177
0.0451635865004737
0.0966473909501193
0.142751124364366
0.120130463229347
0.383961614858277
0.165164700320603
0.0528899726244201
0.0341730851822667
0.0935175555128773
0.0613423005945338
0.0223992647411422
0.0776525550625825
0.153645014345114
0.0580645926035278
0.0391669684310428
0.0243430532293986
0.0209930106771503
0.0363991220050458
0.0469320135814149
0.0273254919253173
0.0164432171158933
0.0206950535435519
0.0155880947930821
0.0607708280777307
0.124113723135496
0.077524321280804
0.0315852412150631
0.113801298546899
0.175997965474668
0.0996194253001632
0.100279535288118
0.0311553663097588
0.0294905565933773
0.0177794721161465
0.0821556360084285
0.0727204494641507
0.0270367208931592
0.0520326347697512
0.0518044001563884
0.04240486608511
0.0578094158038485
0.0781506440940209
0.0744491754468822
0.0578039928393937
0.112098636945685
0.446762738116292
0.226307206597304
0.0466088344008549
0.0274949153517412
0.0662728172531559
0.0470528118712689
0.0529636882897549
0.0399302692833561
0.0797338234931854
0.0993926694741653
0.0523792308613173
0.0610507168477053
0.10345639744815
0.0749143646651104
0.0530430004345121
0.0559761901412525
0.0489771285873269
0.0540378715315081
0.0584722087480218
0.0624976070352368
0.0973940182963954
0.0509771123709874
0.0266447775521004
0.0249260257406927
0.0328138141465653
0.0277807712483667
0.0437076943435661
0.0234022199771902
0.0704548717583682
0.102274613483846
0.055184459530388
0.0266872834820286
0.0202374902526097
0.047035098791935
0.0556661912513479
0.0350220172546102
0.11485735154213
0.0260313550565992
0.0219906320415987
0.0497231151754793
0.0322622724378266
0.0833784390909409
0.0828372058818576
0.0909719506069788
0.0147207240066839
0.208108068613301
0.0165627734810168
0.031904991131741
0.058330682091302
0.0671854536794535
0.0220503289193647
0.0313421634079244
0.0326221485061494
0.0808690675829193
0.0291873055213652
0.0226611903419553
0.0233397628934566
0.0339956599603643
0.0199776156867561
0.0569464129775965
0.0974609816231774
0.211163384380049
0.178233568350238
0.0355152748595008
0.0279774945787184
0.150634074503016
0.0113470213361535
0.0353599668118315
0.0651473741693559
0.0282650085163139
0.0260666297265276
0.0616240288217467
0.0343087933691775
0.0382251061935671
0.0778640489384059
0.0334804717747357
0.0172844943920644
0.0229414764526573
0.0176931138287809
0.0169605284949327
0.0237784915100673
0.0291479851775042
0.0325380219532383
0.0614638633082391
0.0427707914911167
0.103631089386595
0.0729337636628235
0.164954364874782
0.289807043643066
0.0311005785747403
0.0289569506332557
0.0571533037603387
0.0619050935907236
0.0908392445310795
0.110706178288336
0.022984094942511
0.0174175995453328
0.0490050402809606
0.043031821992463
0.0215581435517372
0.0315972417874217
0.0251297823932042
0.0131173274556739
0.0193133708901852
0.034282396645873
0.037842782230238
0.045651599841583
0.0417830330443817
0.0182827741642198
0.0317665606942208
0.0736979745186618
0.0418684153982307
0.061253240176332
0.0908156143392711
0.0568892430264288
0.0316429379989224
0.0238092830070064
0.0166926077523182
0.0383809890334759
0.0382062573969602
0.0238073143723482
0.0163110838846593
0.0123078520787497
0.0385168622612824
0.0749258201508655
0.0641680161128542
0.140017756160485
0.0451851130682803
0.0267783555957551
0.0259839691002575
0.00860705397564679
0.00600482156706206
0.0243612987835763
0.0745043160270547
0.0828001623100003
0.0250415870717156
0.0267588238074708
0.032770769609098
0.0603911519120356
0.0387941996014828
0.0323263893355242
0.0284339519680711
0.0221808925199466
0.135666464921468
