0.0519201321154123
0.054686567470282
0.0749171060113635
0.101353844520236
0.132891627900058
0.172549238339758
0.108608344538839
0.395062086284033
0.363777462587109
0.16827272014668
0.0897595980613548
0.0860856623206503
0.0322022697161636
0.0611554326068974
0.055040281134506
0.0665372255715334
0.118039395557046
0.251528539606362
0.283849447910499
0.155722646392946
0.107634123154495
0.0778339954015055
0.0743255457449796
0.0595968272545112
0.0330690556618782
0.0371048713744927
0.067955932180801
0.0652999469323276
0.0616841379865764
0.0679887000632694
0.122649566541759
0.145430704722975
0.0626895366105674
0.084068645047182
0.106543044058183
0.0731791332861008
0.0568619763046323
0.0405319279157481
0.048788858937502
0.0472478826823264
0.0254034914620386
0.025123129454131
0.0275012597473463
0.0375590944000214
0.0489706237419061
0.0547006705141156
0.0631622034276506
0.0566247089432498
0.0531314396098916
0.0820875201674369
0.0964713106875958
0.0972397837044229
0.0819833252795318
0.0437845291161095
0.113678170422978
0.125934129988328
0.0899535732296417
0.237439194611887
0.102927926138457
0.0559023301240447
0.0677554691239933
0.0476264273705659
0.0325747689886979
0.0710095535997079
0.0938896419046656
0.051747997013861
0.10842092869478
0.0218085038911398
0.0333565736072375
0.0401903955511646
0.026101992254392
0.0297233677562434
0.0375831811888774
0.0232684160051012
0.0363369936435662
0.0393426102998158
0.0371803406624163
0.043532232037857
0.0541467868198915
0.0800712257187437
0.0718646668877008
0.139293105232076
0.0956752215912565
0.0449408773620223
0.0947351718266114
0.0866468135338329
0.096653658058382
0.110337710539149
0.0784539969225772
0.0318745455626942
0.0374113156773209
0.0398954740964644
0.0358891429566968
0.0292612638150294
0.0525596784559193
0.0697464996943383
0.0835616952292783
0.0454556405808083
0.0464778071814449
0.0351684665945833
0.0293009781581249
0.0309026243780638
0.0446426280986069
0.0311309002501069
0.0738694352557018
0.101955400575399
0.0860898990172033
0.075713746031953
0.0499529822613531
0.0239394249369113
0.0303067914116062
0.0333862238159427
0.0261384907925788
0.0237695443139723
0.0168781513150035
0.0430052956832596
0.049802350928815
0.0636957604595091
0.0865178522949859
0.0630412019553642
0.0605028571880811
0.0502490175127394
0.0990332116229095
0.153808958282054
0.0910734052595816
0.0536905243977427
0.0447116160355314
0.0375998743237992
0.0584978472602396
0.157813424331615
0.259455604592434
0.183927076009093
0.117262180323355
0.105117550632949
0.087216549560376
0.0489215270094145
0.0403813893047129
0.0431061757759503
0.0550255816254537
0.0505140404884155
0.0715917179828229
0.0711527062290647
0.0495685883320474
0.0596759687553778
0.076155022924158
0.0640114986014815
0.0576515101840962
0.0513857386296959
0.0384442764202855
0.0561850581460559
0.0621232259100163
0.0489517560469358
0.0663408758501679
0.0798155530338218
0.0881432716616731
0.11007180090202
0.15648179591288
0.106898865996671
0.075191054962789
0.118680315565352
0.111436739135145
0.125005550421458
0.125194245908854
0.107755645288938
0.106425166244344
0.157941302022615
0.0976722419271005
0.0756426389579281
0.08667447872742
0.0697848029825734
0.0450057827320941
0.057338718587552
0.0545933900978652
0.051339638309647
0.0433508388126468
0.0446218085666993
0.0762525104053575
0.110623289039747
0.045511278320137
0.054308077128971
0.0603510199310138
0.0555716751048236
0.0562645039927275
0.047334869577883
0.0447197785555807
0.212703799080047
0.848050172184419
0.828779653538426
0.0348075448985489
0.0306387984244674
0.0538937440819483
0.0575025033371809
0.0434832960866708
0.0512863081467993
0.0291377836409463
0.0351635519015207
0.0366876196093909
0.0393952604192791
0.0423227614345752
0.0552459792860275
0.0350749581278726
0.0288008465607658
0.0206892991443638
0.050992059428411
0.0496179857242105
0.0431740266711716
0.0445134039402982
0.0195108616436887
0.0301880202950982
0.0356296387751292
0.0292210487385174
0.030881860562023
0.0469324534245942
0.0438247420194695
0.0289937577481448
0.0294989890059795
0.0270937775156392
0.0199968239696992
0.0455824055092795
0.0472037857040461
0.0396002800352259
0.0447989990240173
0.050528854664785
0.0415124650250751
0.0389235603164562
0.0757608817339352
0.14654090228672
0.100822506607901
0.0769346716953636
0.159481825136517
0.0689889953541479
0.0401113727182023
0.0425270429665047
0.0614362600996963
0.0539831999406272
0.0373060624335591
0.0375173255048574
0.0295350434509107
0.0260957766941547
0.0315234027315169
0.035747680973595
0.0395683084135212
0.0288113631023664
0.0432118313193258
0.0497840395199869
0.0451345148914541
0.0217610185233103
0.0293849188473096
0.0343545768158372
0.0471033469657263
0.0368195100557297
0.0352078324740595
0.0561139011114666
0.0615698240475728
0.0523909268473209
0.0391401398111107
0.0195080214790813
0.0351546612802054
0.0238266024290318
0.021770505859936
0.0156466360046997
0.0348249064361108
0.0469908748510465
0.0226568789316048
0.0220584528489283
0.0258005835145124
0.0189035092644778
0.0182872264870074
0.0211246643666214
0.0165524551279275
0.0349035066078304
0.0482232749155086
0.0813081557109238
0.0927314899452791
0.0937342472824977
0.0170036392360132
0.0222389677110539
0.0312083559194288
0.0430450572307287
0.0288167732575699
0.0215116103729704
0.0375850586022032
0.0419268466829626
0.0369009833224309
0.0187586588005629
0.0259750963657047
0.0185663186066158
0.0206512891700533
0.0249787186538362
0.0262260317102869
0.0315367982831852
0.0301334394277712
0.027195984095662
0.0388200700671719
0.0462135418279644
0.0305824243593836
0.017302636704519
0.0187196942399076
0.021580304415748
0.0396234521385385
0.0479943003131983
