15.3906603334426
23.4403819602031
10.037875384572
12.0612786286463
6.856941106538
6.80658365765794
11.4656686324697
3.17831454639805
6.11511126848622
25.1765351471627
32.547019954169
13.9073723582173
11.3224763588252
11.7830494382781
6.86795395672566
5.67545838512531
9.47416832102593
10.1554930038036
9.18912414704225
30.6089594991752
53.8279183864159
37.8320351331609
15.6892230095588
4.18912019766876
5.08434785419312
7.70954989603275
7.76115603072432
13.6504686817831
19.3134236640256
21.1452308477983
18.5828232708384
19.2368969565857
66.8244739651018
35.4007787326958
46.0829607453862
27.9257844145124
10.8602409450913
8.53602595227853
4.82053299393163
13.9809763119238
15.2735282104146
11.1175415183185
28.6134517985319
45.3972493822327
61.1764294145017
27.7767092134807
21.0636479130269
8.46750140498434
17.7884838686377
16.187234450683
19.4312192007708
15.1082420463851
35.4558605852662
32.1178238365414
36.6520979289535
32.2481021213937
14.7938928975958
18.1155599259681
10.3133876156345
8.44432092535582
3.1343002986288
6.46876360945493
11.1869256422322
16.7760590007124
17.1900702764491
6.49218571631594
5.72052962103317
9.92477482514214
20.2438122599573
75.7944245107374
27.6167156418446
7.75513031242452
8.91890101695249
7.50924315543382
8.35015328830939
2.94248653469361
6.57836710410901
7.65446562711021
5.49449742480266
12.0844440533425
23.0722047397531
25.1040705757445
25.6285716250313
14.9543635035656
3.79927064351073
8.85468739661358
8.48517059190686
5.05725200351123
4.38607243242344
3.91342654155583
21.5999386886813
42.3113494045183
35.7679851303632
17.4499962562832
14.8290593138151
9.56219212529882
3.53654639148282
5.27205762962503
11.948644943688
5.84341457282427
6.21561209024894
10.8126738644679
8.8395859078605
9.83309309243822
4.12828322131801
5.63714898618413
12.786369379765
13.39487796506
7.95521798337008
4.45773207441672
4.6693577261551
7.52092723929838
3.11595165235831
10.8553284208368
34.8080447691348
14.7126498576186
3.49128245674047
9.0844973076586
11.3349498232144
4.10829762284335
4.76710567671232
19.4361751256804
86.997421435216
38.7443534425023
6.48133283467765
3.15303911413722
16.8627916992078
12.4564822144878
19.3686444532348
18.7182434794377
20.5275339328425
39.0862673435871
29.0784775978597
14.2642127143497
10.0137092338454
4.17019716614348
7.94988552973239
6.3219612095088
2.64211640695155
3.72200800990813
2.51577799445425
4.64364924843364
7.27567528978343
7.05614172182914
22.2054679820036
10.0581673678302
25.1336452558321
16.1688482049965
11.7662890282677
13.5152298973661
8.20607073744526
13.1453906676538
4.05775158050989
5.61373817090683
3.27385742491847
2.14948642536831
8.49269600136842
20.0774133602054
27.2088093097701
63.3104328301363
23.8434771051114
5.14946170511877
8.10647342273221
4.84000190243246
5.84066746152786
11.7638043603897
10.1994503347578
21.3551251324969
17.6759854297346
13.4483614525617
8.92963395562202
6.36257813494668
4.82106720151142
3.0242222922014
3.49244684918209
4.6569932619224
5.07272380140473
3.62749814947063
5.06475569303985
4.85279020995996
2.94721014705195
4.99635225826616
8.09449350674185
4.85285823610868
3.86428667572862
4.44157735641729
5.67540821734364
5.72215122056948
5.02797048493094
3.56324970834868
12.6154799038591
27.3407366746923
60.4154141576287
37.8013647219655
5.91246851246355
7.92900681873177
6.8889409374792
7.51096070308196
4.67605197722419
7.16790669582244
24.2597015593945
33.3814034224033
10.865683561024
10.7720120589344
6.96024656721658
2.94514591078189
8.32265240899297
10.8273294997494
8.53961221010431
3.78167030087396
3.44536025524939
6.72542214123501
11.343663378808
16.8363332279526
24.851271704792
29.0698872530894
20.1834797871703
8.44449101489894
17.7572401169653
28.009541518088
7.21870996046457
3.7932588834759
2.03365846691864
3.31169859252244
7.1327496256371
18.5368139961713
16.7702644295984
8.48606258113228
8.66053865792748
4.9954503167556
2.91952861004749
3.97610643791274
11.0534258264192
22.1008526030545
4.9978456431613
4.25547125387121
6.9739173028806
11.2227741188811
38.8221309764808
249.242937580363
58.5206178747693
15.6428302885817
4.63348390794496
0.980519117335972
2.21176336519707
3.05347318703213
3.72227153220655
3.41904093659575
4.942324484469
3.95880783408442
5.94525987860115
6.02754514346249
9.82722790164321
10.7069900051283
11.2686593997992
14.7291961238477
8.22782187817261
8.55951815095338
2.83358713966779
4.98097796723475
7.31203768564203
6.92251137228638
4.72276327533344
6.26372233162726
5.2702850835973
3.39389348912075
2.71362808667068
12.6199722938097
9.92462319898242
2.4099821723121
18.6756400440372
39.1238217978032
35.7074411810794
46.2155705495795
32.5695620895381
10.7112444095792
17.569318980652
10.188857848956
13.2123139804463
10.2125009305749
5.00630481100349
4.86440223669491
2.83565005922939
3.08608447730748
1.80965454670662
2.6920456983504
5.89013298027465
12.3103693700588
12.6089269797347
21.5068131065481
24.1273300270597
23.3318056930043
15.9425428240967
6.09473150657089
2.43133271594769
12.9320712120843
18.3256886765216
5.95689932690397
4.81867672892053
2.64957386992431
3.32776394220627
1.18729225187672
1.01439428190283
2.5647249398035
4.55554549304335
6.42465094573398
3.35233227344271
2.95405955980134
7.35468230853376
3.76183500989809
8.75144027482712
8.05955879900226
1.34051648131077
2.85722260876528
1.77280041169779
5.15156034883358
3.12335607805762
8.96913449539799
6.84177121427953
3.48045046587752
7.28857325848442
7.85453645172292
3.376315333122
5.03646804820088
12.6953454002832
15.2966103928967
16.7405175293222
32.4424028995207
40.8651556014599
23.7255753319461
6.75196925967571
6.02294549249586
5.65498563345895
6.24359538940996
14.2933515095685
20.7488399503944
11.8838356994775
5.30861287708318
3.16582288750015
2.21009313887485
1.91293870774579
7.28151038850648
7.80453668380031
5.06781501294853
7.88295097196104
0.955440750086938
1.46941318643747
1.65624522501583
1.85710606638181
1.9411832136968
7.70021016368497
10.8770972872759
6.50995448468366
17.6570585648502
20.8194094488909
4.26853875332384
70.5718441263435
185.09468985341
90.8051013727949
45.216561887653
2.45393997347328
11.3221703450215
2.80177936840922
0.89528564654075
1.50418446338974
4.15946762506926
13.1265093876054
18.8379034331178
2.46551025819302
1.98421508454254
2.72356191538684
3.17850436357243
2.3021055213639
5.03037289468649
1.65424422828773
18.5055692773688
57.1731392617684
26.9187942364074
51.0144025794825
35.8825193090445
2.66957449082289
9.99240792717577
3.24693505099795
2.01478942243949
3.01828450227848
11.351183049362
11.7223055828301
2.23472448294218
5.16182492005571
30.8425889515321
39.6855060686522
4.62705183210927
3.40826474120552
20.6484751977935
14.6902587013596
7.99447593012282
1.42576328475827
3.60250986549341
57.6564119071788
49.3914624362226
71.4981663388496
29.4269653125798
3.52237664040794
2.64464627582729
45.7709425434855
83.3568363576491
13.8079922597047
3.32818827979081
12.1845899774669
13.6473420227835
1.51882383523915
1.13227078209832
2.62706675114857
1.31272435000041
4.22371845253386
1.76326276781028
0.884393803237223
2.55063942311553
3.19540116596114
1.41565489303861
2.47400984610555
4.86462987621141
11.5999273010958
0.920706031763279
1.98202815801515
2.29571348343268
4.00692637258358
7.26645961716627
5.8837311489499
0.534113861609772
0.702275728003966
0.800893691865804
0.868527061831874
2.32597036527588
3.90563278549916
1.42868353486442
0.887284525361101
0.630829455118839
0.986600242577082
1.28832613994336
1.03190636885653
1.43069680046806
0.890898841469071
1.99935646732203
3.5652300325711
5.24352175180147
4.92870014856393
5.01613443189875
4.71257571886542
2.42472699092492
1.71012623079052
1.99402765776054
3.36769778012017
4.1580964641658
4.64310605983513
3.89806506092377
1.42471467606835
1.4182459308828
2.96339267026062
2.23819382455937
1.51498277462678
2.45454963648276
4.51687209788045
2.78403911827316
1.67548641057457
0.919307676054214
0.812949400345563
0.584758460842011
1.25996529562333
3.26727797107713
2.53828656860403
1.76290816093018
1.52903338495954
3.91363563424035
3.37197994570819
1.18933600906955
1.21017081385652
1.27122434966229
1.05615873572407
1.35146497673592
2.05201010994035
1.66534157187701
2.97145915535769
5.92325522439194
2.96130220157185
5.417889030523
8.31793022834447
2.22351470957037
1.64632499662134
2.03283353145548
3.43292900925765
3.46175073616416
3.68922306797614
2.51091287385706
3.75522664346021
9.42896803961704
6.35347439473424
7.5582976093359
9.75225127829832
45.4162254165891
34.727752099629
2.85350078635753
5.93043089214742
2.79342382503696
2.35159771362961
4.46692346038791
3.1432407256261
1.31917388632764
0.861336825491976
1.86519931995488
2.36760734744797
0.673867751607705
0.779567930741087
3.39629182557312
72.4561698416031
9.42770824281453
7.30549762067074
2.32333257574118
2.28608357454251
2.54209853525134
2.27531597628677
6.5413587886887
1.9578076459396
1.0792729834034
0.838208682335526
1.28579694708735
3.00945119015053
6.16678914042724
3.08508183015866
1.21129683661241
3.42979874034399
14.1855886640157
25.2166207486005
49.1913367551083
17.4883480031589
10.5629826082257
20.2728074516543
20.5032370419934
3.58632195195783
6.68743663155401
26.0915231417453
21.3943422699462
2.2494137208354
2.94919482533561
10.8873017818193
7.51441349157929
25.391213078733
23.3491362161645
4.63512917119851
5.83434850257636
61.3666328456758
26.5754318262176
5.51406073235141
5.88670180061822
9.84721643618357
35.8812373103496
6.66273746092046
31.9760149588854
19.7016336054657
1.97444005346528
1.05525287624576
1.46436180659572
5.33222207120654
3.70926872796995
8.46800720906073
8.59700207847464
0.502763950198584
0.727710411963374
0.631901500273249
3.63796420621753
7.3065626507065
1.65382593772177
0.64554955417565
1.10671813122665
1.06803534429342
3.01942002619656
1.18420016847319
0.916557606135232
2.65346138034273
1.07711093773248
0.877363575321128
0.484213396205954
0.418966202332581
1.24485857722639
0.722126966140249
2.63789737017478
2.98488693211067
1.81125732638336
4.29444945458941
0.827889173320598
1.11418430294517
1.24014831889336
1.10231314999212
0.456851783473219
1.22792857345041
2.2744051450657
2.29404305445931
1.8772841597865
2.73426436412797
2.00454297212884
1.04811345866184
1.86580620891425
1.96606271951346
1.4498158142202
1.64863234744529
1.63915877491228
1.62332310310735
2.46027476160054
5.09166703503051
6.4216027632329
5.68427789185669
2.12783455434619
1.55909156258403
4.47100971833909
6.32209938398692
3.71445120850443
3.41137381936853
5.84803256987734
8.26476490655215
4.15703299020402
3.35846266260896
20.5895245721707
13.6275891111625
1.32538169748356
3.99734870794637
7.70523072104049
5.60007900336798
1.45949170909634
8.5951657186117
8.17478806386032
16.3768755202998
3.81928188448015
2.38358972824087
17.4777989276343
18.2980851178054
1.60269687060049
3.39401883057937
3.02779677874406
2.64246590343207
1.61489948384586
1.55375644916957
2.74329422284847
3.84155112989957
4.00156738079647
3.74674336514221
1.05007026287029
1.86868185217473
1.3485142266051
1.05503640282241
2.02550588925101
2.1110655294438
0.962363678863403
1.7299627434011
1.09506214585183
0.879631000434148
0.904429937620132
2.2265060740442
2.00821694444829
1.1579608360774
2.46852348165175
2.14583887407121
1.42847458367772
7.07531321774097
7.68640107132056
1.43939055639892
2.2157640997504
3.8056422077741
2.15918809179136
1.1318490654667
3.80741428035383
7.62615831908869
1.87508787070533
1.77671847902054
0.487177073797205
0.717559757097417
1.52065881841024
1.12807218475416
1.81602407495689
1.61847504380749
1.69479761014134
4.02052244051686
1.63371763353466
1.93748490926606
2.48553658006705
1.60869153524875
3.61080354510181
3.73782983727772
1.61534510058607
2.15323291423306
1.50877115337169
1.21375179010508
