0.00902077839131175
0.0101810366904593
0.00884365473643672
0.0092076835979162
0.00937196293409473
0.0077951026376227
0.0139349880989942
0.0114951816855321
0.0072486984978863
0.00727319681166653
0.00655571439769028
0.0105907731170014
0.0095749364945233
0.00841996474345134
0.00784732540259286
0.00784372591240086
0.00886036943693677
0.00853748663126262
0.00486021860335093
0.0050341630056448
0.0070014773807387
0.00635810572923783
0.00649268441765079
0.00787417151269254
0.00824726028136068
0.00781239346365338
0.00887834615007254
0.00967619350029558
0.0097540463406273
0.0104078138162847
0.0083287647998458
0.00821092271993397
0.00808038723917418
0.00905869848718993
0.0082275084554184
0.00854078257091375
0.00748665715853327
0.0105533742111219
0.0115102858828081
0.00686102490395486
0.00686585042588762
0.0117203913714172
0.0123201232463486
0.00854693171230949
0.00690682242781253
0.00827206568277103
0.0086676091901611
0.00753022460514812
0.00917756213741648
0.010052158712759
0.00721676619577473
0.00875240186003425
0.00980157722883582
0.00751266460000174
0.00659550642593883
0.0127933956927784
0.0137936752374419
0.00906375592663246
0.00568750020026373
0.0108040617570679
0.00721666590942885
0.00600435516500305
0.0138270598112462
0.0168377393847447
0.0177141163479693
0.0295467301680258
0.0117120506957868
0.0130955025453226
0.00819440345135155
0.0081537582177626
0.0079830375685507
0.00741500277248326
0.00885198680667823
0.00728494501925306
0.00747019387538943
0.00529100375356904
0.00689373073778356
0.00919670653512782
0.00726483274704369
0.00605900846044067
0.00856449812515814
0.00715625868973845
0.0113327600738604
0.0112097739469747
0.00904950337637002
0.00865269138109466
0.00704323587316793
0.00782782785734195
0.00608341398175002
0.00650312457995274
0.00766263846885533
0.00832701778844143
0.00690892916004772
0.00805888791854773
0.00844335324355721
0.00819330493614775
0.00785184700596746
0.00731304943261299
0.00627235123801117
0.0064349639003979
0.0075037454326537
0.00665007683188666
0.00807992901762613
0.00900041754726107
0.0136719786985072
0.00947836241150693
0.0112726190664249
0.00798574220502579
0.00601224166440464
0.00474284798433478
0.0106210403616124
0.0130397218804101
0.0165289075449097
0.010462145992426
0.00957235789674289
0.00602033810643969
0.00575447044597497
0.00758262881167135
0.00884004420537144
0.00842359692384034
0.00855992822363034
0.00803057337640599
0.00605203922360233
0.00713573999731429
0.0076605980797618
0.00637668102348721
0.00765828443767068
0.00932202109312716
0.00759179473196716
0.00617353085876523
0.00612722393014617
0.0077804008002437
0.00821848958439919
0.0752741443203771
0.149107749070096
0.0734890144596776
0.0213688682222798
0.0164846629652904
0.0103956891571903
0.0055193723937113
0.00715101028958885
0.0084721238909613
0.00774263410149385
0.00667247047284678
0.00898815650931611
0.00753149992338393
0.00727681312704892
0.00847395687888131
0.00583559779119048
0.00894799329208603
0.0127829855367508
0.0111364797768076
0.0112380118062399
0.00839419598301806
0.0113241954351193
0.012878532405722
0.00990291365371827
0.00890593826533856
0.00729030932823634
0.011912431345691
0.010590212615125
0.00702043823789791
0.00620237891296473
0.00633181053506476
0.00660046417278618
0.00616073481294736
0.00860390467168882
0.0100958117947598
0.00708360586768166
0.00820589507763692
0.00638700125252586
0.00690455323187685
0.00433800486902305
0.00582507079564093
0.00744168046164236
0.00779133864704997
0.00682019036941016
0.0101865958534979
0.0109561526388664
0.00992396090614357
0.00931294874315792
0.00685596478126022
0.010541126403744
0.00727218016761993
0.255411281046176
0.274687120670466
0.0617376085730201
0.0254956223148001
0.0207744583272613
0.0221227436363635
0.0268499653873456
0.0282635077283988
0.0191245680966706
0.0157909981954186
0.0166442898778824
0.0184604541925399
0.0280771926847185
0.0244967286874599
0.0300540934563683
0.0310965499471597
0.0235562412285022
0.0143468343223101
0.0148877033359576
0.013990886320147
0.0136601108108807
0.0112394106948047
0.00767935699143851
0.00819139297448231
0.0119459505168408
0.0130082201956468
0.0160838978431164
0.0119531133550241
0.011624507692274
0.00935495494205086
0.00669460172214019
0.00705746767822961
0.0102366922097083
0.0101927829411695
0.00730659599447692
0.00841467143530424
0.00888829503925156
0.00781126405042523
0.00686721177847403
0.0139684547196772
0.00964169535950292
0.0101479887134772
0.00872902801804654
0.00901173293365249
0.00786756041973814
0.00645831987028771
0.0077205574705018
0.00766882322277102
0.00623929135521753
0.00718652827259346
0.00991750405471744
0.00941713411010111
0.0074197199460856
0.0108251384136332
0.0115123169824201
0.00685816999682605
0.00640530528320889
0.00732552470101948
0.00655612468359194
0.00703962964838785
0.00723845315405155
0.0106305531405439
0.0141096281750421
0.00670384621752939
0.00801400653728129
0.00914186810607822
0.0110930404286306
0.00861883286176068
0.00920997587308608
0.0131157773459839
0.0110393710972828
0.00863017538033352
0.00930923483170877
0.0158776434012494
0.00918417848341853
0.00957772610960327
0.00683062730527733
0.00781243236421734
0.00763450177210509
0.00846387957530126
0.00889593399997344
0.00595418328717821
0.011974788906637
0.0133367070989728
0.0144550897830731
0.00744764627119691
0.00877227495989977
0.0095405749860733
0.00751928990063128
0.00759163785726098
0.00674877710924964
0.00749577307078592
0.00820385404897578
0.00881345757650973
0.00985331168668392
0.00652436289400129
0.00659174913539952
0.00679488294272603
0.00881075246686735
0.0095446419368529
0.00906842561399571
0.00752060072536266
0.00652447501894888
0.00695338147498841
0.00808814058743642
0.00669855960171805
0.00607389502509904
0.00772898070141638
0.00875625673348466
0.00716680195790103
0.00583788299850111
0.00664898122540959
0.0118726037499208
0.0119900627661856
0.0102779780538192
0.0156121538948911
0.0269587576696597
0.0254923787648615
0.0103155524474894
0.0119262417534575
0.00665921401787782
0.00862328883788781
0.00826487830294838
0.0128874687700879
0.0110833574198293
0.0133546007320247
0.0301374462066506
0.0282574519568694
0.0125263737969781
0.00877052448833695
0.01283134708214
0.0131584997706135
0.0114539263017571
0.0108972327044192
0.0116127359035684
0.00934490215400524
0.00680213142770265
0.00833235958399306
0.00755182665293954
0.00754210150006036
0.00849127703356783
0.0104574627272761
0.00737728294918169
0.00794666833314302
0.0105271361282828
0.0126069442569118
0.00918949049859782
0.00698959238550084
0.00737589544004039
0.0111809123076906
0.0139356364062602
0.00875086338958198
0.00911025078627791
0.00944091000436831
0.00713564537849874
0.0106518970758189
0.0112616439933575
0.0194856423630348
0.0196026463074174
0.0104314466551352
0.010136982504532
0.00880188091744404
0.00825211597223608
0.0106571535966547
0.013366514962201
0.074025044681714
0.0810605486756044
0.023006438770754
0.016203404229684
0.0150907280769174
0.0140088398099902
0.0132526442770667
0.0131115955093201
0.0167485589757162
0.0167727922727112
0.0177835897886222
0.0168316785357458
0.0106231821830781
0.00964894678533922
0.00796914514520298
0.00730338167838968
0.00786764187750479
0.00858539860143318
0.00740382608258512
0.00929742145097677
0.0107263908307104
0.0326238084654117
0.0250142672537803
0.0137319568792827
0.0129292568318301
0.0104052999786095
0.0139056160311157
0.0229988003551729
0.021604332518935
0.0157700240363995
0.0142413748069431
0.0152298717946552
0.0137118421625976
0.010411231980201
0.0146775959783567
0.0123378710773972
0.0111132258722104
0.0134795426295517
0.0207291339695819
0.0191911877673994
0.01386689731982
0.0135404081651545
0.0153844572259583
0.0169357880349512
0.0122903909541857
0.00978541753634575
0.00926333008912099
0.014805729909904
0.0153589411366759
0.0105199988718424
0.0128467354655548
0.0128200776739753
0.0107935486667057
0.0110318483880505
0.0107010766401387
0.00913239236492651
0.0105127209816382
0.0107541449023725
0.0125450847973017
0.0168905592110275
0.0128674289547525
0.0124746610118533
0.0108622685701572
0.0106558944599087
0.0104363986826863
0.011752078977689
0.0121698804212292
0.00900841292462938
0.0115917434436195
0.0137222251267384
0.0143718642428452
0.0143651286897765
0.0227255779077881
0.0319837665693886
0.0227907038957137
0.0104956940764948
0.00806420232594935
0.0070320972583311
0.00868335176753529
0.010053225878865
0.011705393242622
0.00948013383607856
0.0141664657673994
0.00997229542625778
0.0133778198189577
0.0142152794966522
0.0129222561089011
0.0127906519978396
0.0174486744199175
0.0137039520549935
0.0152718166184067
0.0164937651925691
0.0105105560259592
0.0115441864473103
0.0139251555265835
0.0106064548984655
0.0119059261530605
0.0141638373724744
0.0210958887430099
0.0200259569673116
0.019016568314848
0.0261635348671868
0.029315559058169
0.0235958154559278
0.015191974586221
0.0117182169370389
0.0122724528381484
0.0133878741964416
0.0111669255674371
0.0102865102103258
0.00878959438931963
0.0123465683891647
0.0115771589864334
0.0109600548016212
0.0142522085642268
0.0282944119946199
0.0486271457305819
0.057774635148237
0.0442811299962788
0.0284718525737691
0.0311847356307863
0.0297593709980029
0.0268483461973605
0.0259958397217065
0.0297243529929546
0.0248276658672444
0.0299248710675831
0.0400114478669792
0.0396190857209798
0.0362683701627461
0.0390037836025645
0.0350433700483722
0.0212550847665089
0.0362214091520111
0.0354318433600007
0.0157705417664982
0.0134059410511146
0.0206116672933964
0.0350675019206489
0.0338016495740386
0.0362437794854359
0.0374424970609248
0.0251505991403501
0.0197373654397766
0.0133445138158425
0.0131738157471971
0.0169698754248878
0.0135255864827618
0.0117984058482988
0.0154112982310456
0.0224789816335746
0.0201159981600733
0.0172338830776872
0.0174051290625252
0.0164692562145902
0.0446040640788906
0.0457198047976805
0.0226955477654831
0.0167220711775869
0.0108078261528337
0.0240507684088079
0.0233142838303001
0.0167541485748945
0.0151798215934952
0.0106801204188871
0.026841814500652
0.0255343150134727
0.0227129769210168
0.0202050294001487
0.0136935965985976
0.0118878457117623
0.0136359498649769
0.0113939348133405
0.0107476858600878
0.00921735292122769
0.00898288191496534
0.0146016220731076
0.0321967745026049
0.0305012743408375
0.067836542041795
0.0771884402545858
0.0328474507025728
0.0284908794688728
0.0291250820009416
0.0235168843674467
0.0209857696633142
0.0181046020372656
0.0219622182662831
0.0170713426311638
0.0134541123583746
0.0130006266253292
0.0145848316123274
0.0206924775234103
0.0231195249647587
0.0237083200232537
0.0219875966703703
0.015451097560179
0.00977049507407182
0.00850624085170286
0.0119817008650024
0.0161221147561417
0.0274153270807431
0.049306499981068
0.0359016634738906
0.0177078299406376
0.023274909641717
0.0254162144000403
0.0203933792128406
0.0211838243101628
0.0122718599347861
0.00840743051474291
0.00878101718632486
0.0121933688956591
0.0339356245796614
0.0386451193249062
0.0115977194931827
0.0108184221554687
0.0314395789430775
0.0254514866351268
0.0138393016858285
0.0159274006224002
0.0169122131809161
0.0179236111247706
0.0337754531841163
0.0308441119034407
0.0143059204466405
0.0156706704628747
0.0162265673668415
0.019376702798988
0.0198639971303743
0.0196478099587788
0.0508351456702942
0.0679441299521218
0.0588765084035216
0.0259624880248071
0.0164030039722995
0.0201917838321274
0.0230477944359016
0.030296834403889
0.0208740539727389
0.0149922008450618
0.0357141948785456
0.0198239967771697
0.0162452548015509
0.0159768452053603
0.0265599347087968
0.0251079934309094
0.0336440014912912
0.0198968873978751
0.0146831997216175
0.0181206681073461
0.0172030032001182
0.0152608135179128
0.0200330715555158
0.0151191843905095
0.0137096862238114
0.013549951799017
0.00871682431071207
0.0201557453359634
0.0378786057620217
0.0343373617839944
0.0254239001652588
0.020446618752338
0.0154077802042441
0.0224091092963007
0.0207136521988248
0.0190371922523734
0.0206741494928631
0.0218453201655839
0.0164539680480268
0.0222946532984701
0.0359140196027724
0.0248976521627642
0.0170490334493329
0.0132495046845331
0.0156855564188188
0.0154444061174724
0.022160939824349
0.0422384623568006
0.0420768515370672
0.0249478742776661
0.0271405292804489
0.0175927435404463
0.0173331109437954
0.0150168350044601
0.0191457892688858
0.0183060935557638
0.015767752183292
0.0130303099843253
0.0108009579091746
0.0175552460162235
0.0165621131013457
0.0147784781305956
0.0147765336913745
0.0197260456619228
0.0203473559634208
0.0183781455170264
0.0134318108052912
0.0124687237840912
0.0124379119688866
0.0122138466298986
0.0132882167327887
0.0120918274090033
0.0101543038062941
0.0169234464974408
0.0148482161839758
0.0246100054504267
0.0252361097724564
0.0159768550750606
0.0140338862062697
0.0151326946271138
0.0161135372527704
