0.10766439063841
0.163445812008605
0.122892922278398
0.131829062629508
0.0643329900249199
0.158736202188477
0.283012073203622
0.238563283790567
0.232350678050965
0.180451167027414
0.0694601770449284
0.0649919438371744
0.100782880604119
0.173007118741866
0.121193540098417
0.0782579895580852
0.139265543327968
0.143288644543328
0.135737285901328
0.161428892819545
0.158258439864519
0.0555492565992364
0.158276748454446
0.247501464040385
0.0769996050780825
0.0386853761681771
0.0398331557751627
0.0584826035514486
0.263211660760462
0.233278759165003
0.152692692658293
0.283129172573962
0.34344563641508
0.24956255844019
0.0785000520603615
0.135927555829991
0.148924452983642
0.0624604026610093
0.106706123931921
0.361850471311751
0.258342245412455
0.0928130948313307
0.108490143682693
0.14040428489247
0.0809587177299032
0.069408463412817
0.0989837394353047
0.201453037960396
0.30872620783853
0.0784183330347162
0.181812893808549
0.119915785563382
0.15234694632033
0.468875086826307
0.34976300248114
0.0686032873993047
0.0592015440990545
0.0399023398403387
0.134080180496629
0.63348539997919
0.37172913228263
0.0487441149082202
0.0446496208322396
0.113407016950763
0.367704785993401
0.135211109877017
0.108164085031539
0.119650891903187
0.222066836776507
0.171276161155709
0.283262626009329
0.559873957086204
0.213575761795411
0.128459709581094
0.264226947456044
0.623513144021751
0.544700323214344
0.0946166453137958
0.108280865934717
0.168250382668092
1.58055249461004
1.7460793258503
0.185913258127911
0.0761446625720528
0.0764991787426901
0.0683637418365736
0.25115676390451
0.395242561090795
0.115821906599144
0.251456633354714
0.233099130942247
0.0417981575072264
0.136976183065083
0.124989703929892
0.0588353549288738
0.361109851684214
0.333074199612836
0.0512706083102464
0.0800993101843246
0.213034158825567
1.0767835067241
1.20979232373308
1.51927387134289
1.08600317145033
0.0673032349320292
0.0356616553745101
0.113088196647484
0.519595015416032
0.15457264556352
0.0795917965407743
0.0401228168385596
0.169416702014199
0.437677362615646
0.212865911871379
0.0733350171088006
0.0458334682892896
0.869038726742926
1.16999467560029
0.340878866392336
0.110978348449389
0.123045499336891
0.288047110177856
0.0952784176207546
0.0780130353679107
0.112600352171239
0.174805092235611
0.226010890010501
0.177845590895353
0.204340580632274
0.337745148049539
0.204338709583963
0.324097193432095
0.177979868029034
0.0877985201682491
0.128224324415843
0.11609016580091
0.0919065737776423
0.247821742559339
0.501246427288728
0.360752169608407
0.0631639635116682
0.0763202930579029
0.174099117604143
0.226059605945389
0.121852893359952
0.117715548172382
0.504889578117604
0.562125810267962
0.277090224559449
0.659530238318401
0.621115750874841
0.205193414515091
0.106958839514035
0.264080581233086
0.339475105861802
0.399868453258988
0.392788108191556
0.1972729311988
0.0512548550620886
0.0492737109751211
0.0491654338720009
0.101993002236223
0.112388517301454
0.0893111280429174
0.0873598531909262
0.114139536767202
0.0691192796618113
0.0589002049894998
0.231684987836177
0.0452564907668286
0.0908192817951832
0.0739726619264764
0.184966328088753
0.196317153369808
0.19094956583433
0.170975092244951
0.0701285399258965
0.121882353905812
0.0831020987162494
0.205997614720429
0.142284373294626
0.164485169631599
0.122317501395389
0.101836159865807
0.143110402645369
0.236640674430946
0.0721332670318846
0.281356562438341
0.249773795418612
0.0386450069359642
0.0903405740945988
0.0997819087505935
0.0778573589492325
0.0919926700884469
0.0696829672224606
0.0827794490040338
0.0792178639590257
0.0590849247433998
0.0944566259334619
0.0954734011901789
0.054210025322515
0.136199916970067
0.158602998061228
0.0632674903288607
0.0674661211832534
0.0482870801856804
0.0952124603355845
0.101646578964519
0.0905857957406153
0.155187436743396
0.404592491788456
0.36871663507485
0.0848815412550131
0.080191236974115
0.0891246855274791
0.0691651412461216
0.0576154675159532
0.0730289739459039
0.064941813592721
0.0603292161368169
0.0382083550200937
0.0822296699130703
0.158505311250907
0.098436550795626
0.158144568921575
0.11820842035407
0.0647342536385271
0.0881021570221458
0.173519687595933
0.141137674802917
0.103007318403293
0.0352010829436011
0.113836427954803
0.104067045344919
0.350293538792697
0.358418493667698
0.0725789911111095
0.125228166153034
0.173003009888485
0.0930873346182809
0.0413361595728509
0.146308307110994
0.152791039102349
0.292679628390277
0.222538564018848
0.0949050132893447
0.14202408213404
0.043196860221973
0.0452237404403856
0.195253271670732
0.0810506142865777
0.0878396736019135
0.0721089690521555
0.0653917323616726
0.3138863199881
0.250198831143443
0.0599473690644951
0.0840991676616217
0.251414878148374
0.183233630161965
0.43747578392557
0.578522492020108
0.302745105902094
2.52106422129067
3.23256728920743
0.314453021442304
1.63853798148614
2.64826781211569
0.684851088394606
0.877832121939007
0.177154054663037
