9.57416286261842
12.2749603748035
8.76270467923674
13.2680532706305
4.48931315698395
13.8316574340268
17.1050187257222
11.1631638426248
22.2962677183563
60.3896434874383
31.7289877937028
5.68652835315362
26.2539459596995
10.2037083635847
11.6845860584486
13.3668640532732
20.4725774252688
5.05927836378054
34.6375093461234
56.9992292495577
17.4440807440598
7.46160679731551
19.3550612782497
9.65857507807645
19.9662273559209
5.17110543849759
14.7039630572625
16.713608625595
17.7597059087888
32.2569792777917
42.9168151973664
51.9913250158874
35.6191270765657
19.8291431378733
24.6955679258412
12.5465052799205
5.3520879769373
12.1412213315959
13.0484912475726
16.6897652827234
15.1861342426389
34.4783069919311
17.9646809510905
25.3057844282514
27.9772825400517
18.1956323327542
12.8197884716095
5.77677649840907
28.9718429409144
32.7491629518829
6.47440926507346
19.771950407205
32.9353405413941
14.2968979621648
22.4796048187297
25.4068040807588
11.8178627091593
37.8606481573156
28.5185240011258
6.50734092240331
4.77970674694347
14.44604893195
10.6589663704606
50.8104132671766
32.9688002031892
9.14824299635417
3.26442975877235
3.67792023310156
26.6087274775236
53.8968013421723
64.1646552765641
51.2321147749527
7.81635055444531
13.7939509778598
14.965729861788
10.5365658203459
14.5126482820429
10.8505149130706
15.5513769362368
14.6710777052263
24.7242473359463
9.10028589814984
20.6601703001516
3.08548924642771
15.6615288617243
13.8243564161439
17.1316591881577
9.07481774437266
15.1841102555091
3.94303126466618
10.7404588499078
27.5885616127163
28.0553860160567
33.4015811792314
26.4339088159895
14.7605503751906
2.7269389994506
23.9552680666121
7.21107660315415
6.1880912402848
2.79249975706497
10.6299075842979
12.163139793022
14.503351060931
4.15985298359327
20.7551418749245
63.722576464099
23.9127355835923
10.1981882249734
6.34269314457689
7.08940560125451
11.9429028635044
2.36367652071617
13.806012066914
53.3692846057062
19.299060498064
8.26038263243526
23.1696757621663
22.2893072079485
15.4742274752388
15.14989121098
43.2788984100793
140.296097840603
171.92048946511
54.4213835274105
30.9384971471686
6.14114190685917
8.66031273894683
7.43510918829698
28.1098082263553
10.2328694207447
10.2101457377475
6.51784704121409
13.6159785897713
17.2881613986623
7.68161070792451
5.31971846108269
3.96166717911259
7.30907170062377
19.1018937838043
8.20798719927398
5.74121912065155
6.3813094692937
59.9584029226417
84.9640127041324
23.7681957643217
55.3545761677171
83.9355392400831
11.7613828246591
14.3054900246808
7.63348013762753
10.947171430116
2.49733057251461
3.21770373173189
3.18560047498306
9.36594084397973
13.6556728021187
19.9863266415421
27.4259839336978
90.9017163701346
97.8328347313968
3.90681444560939
3.5149607198342
14.8180195133716
15.0291647829499
12.3634824625994
10.9157609715958
14.4727332779459
8.00800506626298
8.61991455005653
11.7546357083205
3.40102083352856
13.4362810433285
7.71527933656172
3.20882528416043
3.40050719879719
7.59554033267688
11.6038437485047
3.18237314067389
10.0296378941064
12.0464171740474
2.88821962177296
13.9883625376199
35.1839100116997
7.28557383816845
13.9730080131373
20.0276214701098
6.68756484041043
9.77388206094681
13.2967685447693
15.2341062623051
7.67774323817096
19.8017014429884
14.9373497313856
2.4637381318646
4.36318647049616
9.3373123950161
14.4755659063446
11.821071611696
26.7138553084218
21.664349826827
17.8799791107318
25.7674439526014
15.1619182828911
34.0554905863864
62.0903136603715
19.2329533872491
7.38216405980381
3.41039129240161
19.9548281786037
4.39073537115315
3.56820042460067
10.6477331912083
13.5052964821713
11.0425528838787
24.1012280942375
25.0207309283802
10.0616862440529
14.7470462978354
19.6452964851838
18.4429780338603
3.33201945745076
20.3235298654545
6.32067042774878
6.82251218863352
1.86285848456263
10.2084001137768
9.02618749065363
6.30721905120466
6.96111508513797
9.00891336346865
2.10198307391044
7.89490231708534
23.0824562848046
2.72420941350338
2.55463515633148
24.9271406226443
22.5450205510957
187.569144508692
475.944599956951
50.6117712589584
17.8232609288256
12.1411620155028
3.0705382356974
8.86193842851925
10.1323241161566
8.08946793475178
6.68451283283628
6.48213009962868
9.45834613502271
16.0543112104284
7.30477608830936
9.5194612652897
3.672030584583
5.50520773832137
18.8444273899026
8.2688231604522
13.0253684068043
2.52427061044755
10.337263467275
8.60735307590692
30.6820631644158
24.541323225841
16.5690847775414
26.0634746242164
4.41548808530795
6.18020941557559
17.7752683710219
3.44996859046744
4.71978363200217
4.60923287198977
4.41800906585429
8.07610093742701
20.3402074828426
17.8777309718302
15.394404000183
9.93707312645742
7.69112506909261
8.00788584122752
10.8465489269191
22.0226875691188
7.76700516383538
7.17321995746366
6.65152187047273
10.2583134018774
4.29660746882182
12.1033812379833
7.64782486925936
22.6695582650232
33.3855535120127
20.7247763535169
31.7600397725463
48.6574664100461
29.2886561196933
20.9580493087252
178.771781903265
113.440845602366
71.3464092856919
3.85657075893115
1.66530419216723
2.86281013129449
2.20556609736856
1.83128703578396
6.58481025629973
4.48900721015337
10.2585973018934
5.74078147459641
10.3121044007337
4.94207532098541
2.25017901705223
11.9395591958306
9.10969684842812
4.51207949543033
18.7143376938896
9.68810926584888
4.47061763142352
4.34303511757954
9.41200356308562
29.871429241481
13.0228680451147
13.0742947132654
21.8357371616583
10.0485792744033
5.1848593817164
3.06323541035508
3.28002850288754
7.31686258760025
42.7673080858525
63.5491403423022
85.1068708380562
92.5597867420549
63.9861824460813
71.6136271154876
103.565635370588
220.476997160959
142.222996405645
50.0682486409436
16.2092723088076
67.0315579814754
175.430675240451
80.6881225329165
266.868729160944
376.025271513072
26.419661962599
67.3388978174739
30.6967449238866
8.68399519193084
39.2579788798692
32.9258397052954
76.3790007255693
87.5418048489422
568.762026530121
153.203820497149
306.407330258993
498.926287017273
47.4449640331291
2409.3504858357
7176.44787591228
2113.91939388255
2554.66478260942
309.089131590118
532.100861861306
257.398273312405
10.324084269627
96.0227251938193
472.636270822363
434.301238946292
1491.71259918401
77.8219845271076
32.3136209577231
14.9839528301917
3.86696310775931
23.1376068460619
65.4828182554826
27.8303652146393
800.611784044028
2399.78150516046
1615.13429854633
1325.4119884897
2252.21652829826
150.158594000608
586.95289891574
51.8634486668375
5.66738145471147
73.4308408027968
276.831135812558
243.908715765109
45.1319867083427
163.165809214139
130.044662933056
168.332506976692
163.720694049075
90.080172602978
380.37136062009
545.007071498703
143.494966439092
53.1412870254687
138.354692807065
3085.83906975372
5297.82424548147
606.655963007364
328.483971379186
102.843228915932
13.3406966473602
632.959722079527
1033.52805849987
267.503872237409
148.728228327192
101.488655394331
144.449289373495
32.2615669838756
12.6163441868912
4.17186177616099
4.83668061469387
2.62041760847112
0.832501647191506
1.97431856210425
0.942621284384105
8.13883165064252
9.9844517406282
1.03204223350417
37.7068386537996
236.041959675676
27.7689448972093
4.08955960018902
5.09333600676437
23.0448415086251
121.685487168145
28.8963196579651
14.3521085460059
85.9439356944459
11.1130117969185
3.76537432377618
7.1732318278337
8.95597494593265
1.6783813751352
2.72614493447567
15.5880994701482
38.5510440775216
5.62780783061741
2.78547874324163
23.3718796393095
9.45198703763839
3.51237322764378
9.55887046445504
4.70712119917478
7.29501551459822
3.05666810099892
2.50833584994814
7.61373620937619
2.22239596826002
8.42813774644115
10.2822935700479
3.91572083094793
1.76315832483988
5.36387167779641
5.49177952459846
1.19086386636189
22.3461176151977
53.3903396757596
16.0887475772033
70.0932107610159
54.2319788791983
67.5756669075174
6.27308196567788
3.64436346028919
4.23373979258127
0.75265482466099
1.71621072011104
2.56708344533574
1.90907119367001
4.27274356103435
2.78234951744361
3.12388470438192
1.69213782380261
1.55129915276304
11.8129688860462
11.1744962312387
0.64516112876532
1.342702913284
7.08406267693392
4.6871709438665
3.75099098859989
9.86625692131136
7.47212252221752
1.17837965088714
14.6414621875867
4.81979362076337
10.8430014279449
6.84624264910712
2.91379904365921
20.2346709956529
31.8320983347936
10.2214948396174
71.9183851697086
249.13782288169
220.027362941714
725.122319007183
869.146689697659
976.313840383094
1441.34361964639
13.6117800612962
46.3729850926795
7.2043201007857
6.58715173535866
13.0134930809849
5.55546964175205
2.65956996615993
1.00208949596413
0.930196842565481
3.82134058956933
3.58701050093286
20.3000164646647
138.955052584732
1016.42527806082
201.261772361793
414.730871746589
167.283137917282
12.1090425450198
40.0792375804047
19.7046634598017
129.649252598934
56.0247441102598
21.1787252239418
42.4131836542255
48.7694977385646
70.4283343422896
11.1164420857055
11.6306038654867
2.51931501304636
193.759843202701
380.300203973792
798.114364737581
1955.30254283876
510.440493881403
251.899469391858
150.617122940385
106.606731283549
12.2483965151298
253.707915854571
1217.47353882826
794.979649212703
102.169094633706
55.9119705089527
486.812302929524
166.124923277033
554.567307931606
1565.8007440844
211.852968988411
767.236503725421
1783.71985622819
540.368122748006
2.40614897525137
116.369782422557
296.265164116296
1400.08680004193
509.621497569415
998.109674696261
1935.75272869385
175.010180457514
5.31541662648203
118.921896168041
301.474597763527
135.175430080897
39.2147805590931
102.191084954388
28.0155985622098
5.39946267811161
3.94068905338935
9.59557126600545
70.9369561116181
22.4664151893258
3.23036178143121
44.5027275579842
17.4246320299986
12.4335765504097
11.4895313530325
7.25561758773639
10.0308961283014
1.92345786627759
9.64545008407637
1.22105712943182
13.154504594154
3.5858386088574
6.79938083561672
12.8219307324041
2.25171441252966
6.65243661079303
1.0755966646484
25.5119440041496
12.9404051473835
1.58353658615078
0.483362725167956
7.53385470929445
2.29834171933993
20.626132905777
23.538525049028
4.856593373024
0.961221894959253
1.85506242189746
8.34518125770551
10.7915205408892
3.47063279150759
2.7702677004068
4.13067476631492
2.18141322130486
1.13627032538328
9.06653549302078
5.84195170734729
1.81417523818989
7.79633773715885
3.8191733821145
1.9066973267277
3.70286115799566
24.1173772983282
65.1480389633806
15.3087061924778
9.6702094637716
6.62126620348497
11.4167605408653
56.0416904921067
807.318262277175
755.645841254451
20.361959804225
122.510101488805
21.5453269128986
11.6519823271079
5.6502693475787
147.216366975789
113.869658723593
87.2765322334165
30.0712141934379
12.1183127515501
156.381140814114
140.52487186145
3.89103488727986
7.97362066766115
7.32420491956872
18.7780622100247
21.7192939012827
12.8700241661536
88.9905443716941
99.9171029664089
15.714207317322
34.4965505825637
10.6875028674695
8.80557838471906
7.13230720721377
1.58590208644198
4.88986401239761
2.28868895411831
0.897607982103801
8.44952319815792
3.33345744517019
5.15896364787991
7.16821620607534
32.436604263852
23.2953621828786
13.6447356540882
2.3340427927454
2.73835255748126
2.12296901534833
9.77077912108895
15.864242236228
10.834874598752
2.15244415380996
7.62456847638736
7.24609601309556
38.5715910323833
15.6989228446273
86.1546430245711
30.3764128985167
52.3719434429341
87.7075972865874
8.8136069171326
0.940133000530743
4.84879629576497
9.19997597821306
1.8977731712081
12.3564837007664
4.6508394355381
15.0136130696613
9.25174989322733
4.68717501834106
3.49681283105971
6.74737371436325
23.570839525145
0.750609049019611
13.5944784619812
3.95804441081417
2.28611819423325
