0.100352410482818
0.0831957596729218
0.202482436092396
0.0861455197528705
0.0758517688939544
0.160317995096756
0.263909722088719
0.109988202311859
0.150191411330529
0.0513908502011583
0.0498854469503297
0.0749366605651299
0.113577760121381
0.215390375275196
0.341894226281547
0.0822954130573305
0.154703159101918
0.205833262287841
0.116760718758217
0.131922046051966
0.0608909085663225
0.0691152221534163
0.139807634551613
0.114258217142118
0.0412541404409944
0.119724969839769
0.0674347458320754
0.0792530528911299
0.153568522494931
0.196586609578639
0.149892973438604
0.15085065918328
0.150551424845493
0.171674615364002
0.0920699623283688
0.187330456623607
0.197536981849749
0.0829566819710828
0.0954292244837247
0.0634646302388069
0.0636632192656283
0.0718283168851921
0.252044206158544
0.298630403708539
0.0682365188650077
0.13934697323229
0.170358563303033
0.295681392293621
0.125042181401184
0.13531244780684
0.106562696821207
0.102313885277166
0.0757344292482279
0.191793308537747
0.148178878184371
0.0636377428806245
0.0726214010073867
0.0606193424523874
0.037091931657023
0.0809239846578584
0.122930306399322
0.0650675354277285
0.0803504563217624
0.0444591659111707
0.108231250552013
0.124736237511966
0.126795850392455
0.129612527385187
0.0743195713893947
0.0835173764837006
0.187006064892649
0.562244213300064
0.260957436010252
0.139070572653016
0.250769588598264
0.134946499528549
0.176080702778633
0.141431622664716
0.0687067507708742
0.140521847293671
0.444492907053695
0.434714887588819
0.0893688195263866
0.0635800311415578
0.0960051713928887
0.109275066525983
0.117180638117092
0.12932136349937
0.0875564309153807
0.188176636534373
0.156236800081182
0.0304429688418692
0.0832959138413038
0.0920544266385898
0.0342013479962954
0.0791764627804509
0.0722208720665466
0.046703197205815
0.0539171946801616
0.11244905973441
0.197532833571158
0.212567675135288
0.584173495280473
0.575092318024184
0.0905553328358394
0.0498510578291314
0.16786800516474
0.389060348920635
0.240541823494891
0.264984928542623
0.0830815393956598
0.128080743902849
0.292455395071743
0.247242021905573
0.13675118354437
0.0260863330761398
0.0958929758698673
0.114684639136554
0.121727800958963
0.168887447798078
0.140756260834353
0.0653276984692599
0.0678067932614147
0.157637716767245
0.191050540863114
0.166423436259268
0.183984332082872
0.114632051629036
0.146274206273096
0.195775690495858
0.100313607834799
0.172783376034035
0.21637601130177
0.100594258961628
0.102844184179376
0.0985319974754661
0.0688967217189372
0.0993874319719636
0.0964603816767563
0.115558264396264
0.118103982241308
0.0602423882328391
0.0689476994369962
0.0756308520972746
0.0759976500995094
0.0738792971674533
0.111430268995909
0.139990833617174
0.215858516398475
0.25504050255117
0.351053228250778
0.335798974910316
0.115921461234877
0.0724584933470354
0.927254705551988
1.44266193225977
0.224208521896665
0.0464748104404499
0.0435059435797556
0.0531990793337873
0.030010957001361
0.0262833191917164
0.0350754631784784
0.0705756489883225
0.0241927677501192
0.0225568617026443
0.028628762545883
0.0549742656435351
0.153832692361414
0.0943088568597772
0.0521544127191595
0.112627367030439
0.231161058315188
0.220052653264613
0.144274578276738
0.0542627537277687
0.0449705491971486
0.0411368059023717
0.0706510093469387
0.116940598248757
0.0757500735056934
0.110013924184097
0.114701615909833
0.169571143677334
0.279550984863681
0.0904260964262514
0.0888500103432563
0.310414822715307
0.191298736497588
0.0428386679427905
0.0441843393968822
0.0242113038064966
0.0643289623869598
0.0933142063019627
0.0601267993288933
0.0583859222729877
0.104582549450514
0.069491225099203
0.10536389981952
0.144672493969704
0.0612263498778674
0.121799197631361
0.164124670603492
0.0701323314656031
0.0533854558590003
0.0556193433353215
0.0718651329174572
0.0653980189427199
0.0511704077293098
0.0742750917724464
0.314381042776211
0.261607691107117
0.0409238118621904
0.0524870545881135
0.0831362170734034
0.0864225814358167
0.0525858400946231
0.0883807570847319
0.0749074104049091
0.0341024456366984
0.0362843989917575
0.0569902092984879
0.0773978194010383
0.0557969239782898
0.114781417464488
0.0788343264162236
0.0496037025110293
0.0714869741120219
0.098486767040179
0.119186075682488
0.0877604568495791
0.102976714252711
0.128568359207804
0.0628619719798749
0.140106890106112
0.103089252538057
0.0890454432664456
0.21758186583068
0.0712259250179531
0.0636499816586481
0.0646625085325287
0.166838965257919
0.10732822660015
0.0990202098489526
0.29295998020131
0.182186841776139
0.0945699035384637
0.0636110634032359
0.0699455059719953
0.0557043307511232
0.104598008631446
0.0749573229478565
0.0468476910107926
0.0619753673686627
0.125994893021558
0.134316100764315
0.101703580157927
0.0995490275283577
0.126426054976414
0.140686191184684
0.287932253089394
0.0871019773960767
0.159260939787655
0.318478036684418
0.154402063932242
0.178595345849155
0.73316816337945
0.241978846459295
0.0555333242272581
0.162454722999716
0.155451010482305
