0.742910986835504
0.860228762483736
1.70659230448658
1.83617874344555
0.742234893217812
0.691878030611004
0.437381121269279
0.591135532352384
0.702222100482572
0.377811879125624
0.389225748831962
0.405785582903308
0.342701846778042
0.308784304168736
0.253002583403682
0.616858635141538
0.732644344969157
0.823275040173678
1.16001264714898
0.650986073688733
1.36685511401845
1.79687242218673
0.853659823377763
0.853276310740814
0.730922644967291
0.611893354385827
0.628669749713438
1.22863521720529
1.55657779771041
1.20585443599762
1.03510472743129
0.770722305115677
0.400633287122161
0.458963822732199
0.547835498244954
0.739346846410354
1.10213862232236
1.16461306697264
0.614957285255182
1.09415809920114
1.13478558375012
0.4874072080666
0.353143463244927
0.391331557942587
0.492215012325812
0.761402399119013
0.75655639940615
0.585251597440243
0.865515339267422
1.04956931293886
0.741968186403777
0.499573766224752
0.43529618459966
0.383741488031173
0.398770868202208
0.354729651910315
0.316370147366455
0.255145813580243
0.272392547649725
0.403373047609754
0.359192192134399
0.366006465579709
0.63317468157185
0.645889628428326
0.353829617548143
0.486617185775245
0.579237013588322
0.452434576802741
0.321401655827824
0.256307944695926
0.299191402528185
0.351618678559877
0.351656112184483
0.330366850152048
0.390244888481821
0.450687634552669
0.400329121033829
0.517785646842819
0.456294610903708
0.388077768241379
0.796208408114286
0.54074285527546
1.34557827375794
2.04223714666979
1.52710727087952
1.07144274565044
1.12182190236954
0.994376965987673
1.16791665546105
1.87249235936272
2.27381886683171
1.94478603456377
1.69916223537182
1.45384939199046
0.827084333236184
0.418574142820332
0.817650708307809
0.77983602364454
0.255276862242285
0.318708602078365
0.52549891458841
0.960994261074594
1.05308644076237
1.04785765188769
0.721643416996538
0.717965545450655
0.966152340689912
0.930402560069399
1.34995703020633
1.46047960612562
0.512105711300006
0.617453965599223
0.614390639755045
0.504816756560463
0.505932832350229
0.464623088987916
0.424428105557825
0.629654424443944
0.877037817231285
0.764231052948813
0.374003474433299
0.671026862967283
0.572093520708705
0.760578884083922
0.717355792998886
0.5718109696617
0.575521675422445
0.660615381946109
0.653198068726442
0.857285529468597
0.818037217917234
0.457310667015481
1.01662419965271
1.04501078296472
0.924773156451694
1.2839475061195
0.906657805667407
0.417027021621735
0.415545652558534
0.383990985017608
1.31177802977619
2.49057111137976
1.32531004493561
0.298582944524365
0.318980976386219
0.310887195373344
0.291851852091355
0.619698276047291
0.93267772129179
0.605275822639923
0.449763168381423
1.11045891407046
0.809064240032919
0.333582972246969
0.688422000302611
0.544832485330568
0.324572817914768
0.374226614089614
0.481873716332574
0.493919996788159
0.328115972703526
0.409298624635401
0.603804437303694
0.624089596047334
0.562168786634416
0.627835604400121
0.46716665358459
0.435397146742822
1.02207027242094
1.07104751458447
0.386009119209532
0.241649318088185
0.268251110865494
0.298602807064846
0.277736954871564
0.585238329234366
0.988631732913385
0.876233289124096
0.454684779940263
0.326840171746225
0.641342417578238
0.569812065756232
0.287257173954141
0.32788347507292
0.940567911536361
1.37914910583083
1.82273430733091
1.88194556839099
1.14060925107218
0.778714446911205
0.756320051180247
0.550119469520336
0.470313575804967
0.632757427960244
0.722441569049846
0.58033632120422
0.639235843456885
1.12507796639979
1.08501672166907
0.525847616225635
0.861674974464885
0.783231046688246
0.176189062367281
0.308536006688739
0.569157692829055
0.796164095234833
0.481622200868345
0.277459605915075
0.456926639618343
0.388883950173195
0.483447526032876
0.473912433486807
0.474199977143953
0.946946950368714
1.36743244078087
0.805720320010111
0.238995834369525
0.318437031620111
0.47915991574307
0.597149512466213
0.498133603894034
0.405589057564243
0.419975035297363
0.333591046303583
0.702546721429249
0.895224042166512
0.461444190671902
0.216826881980857
0.178117365864471
0.336870853385648
0.487311250438363
0.287670824137379
0.264912629374097
0.335851757275601
0.636484830778112
0.583812644786344
0.370577349769087
0.410075054194608
0.429027235085079
0.427979343025139
0.380584885362742
0.365859125068516
0.443427953769972
0.434245417768845
0.432786659384836
0.359377135511173
0.381483837607877
0.38651645853266
0.194675804603932
0.199211639585904
0.291989655379258
0.548723816061212
0.744457423659422
0.622856461405409
0.472969161968857
0.473655156592798
0.465139427144527
0.338686457336731
0.307007252198195
0.201540094160006
0.219950778503949
0.421133020156446
0.411236894430466
0.282696771807697
0.366544384018058
0.393711658833316
0.408819749985569
0.554854136861753
0.622038775221064
0.331733287800833
0.241463081069873
0.629897380950017
0.560080927882125
0.420260552070949
0.487443137122251
0.522347798373146
0.628227426133102
0.484517419231083
0.358274473652273
0.416634895343244
0.418528162007686
0.486915909673299
0.411323792415111
0.342221839877347
0.2776724488287
0.503927199054028
0.387568849341451
0.291830800923591
0.758864856606436
0.813825852218662
0.319606934308994
0.180525265136227
0.547677883916488
1.56194549193521
1.18833754109803
0.377253449973249
0.496227608284821
0.539305038895259
0.415964501792419
0.49172390508322
0.389705410737654
0.302111983129661
0.293262745357809
0.372219951035828
0.245782537962956
0.31237243682499
0.503478949966096
0.552057803245764
0.444321935305781
0.212159508652797
0.197654398711517
0.207694711967055
0.318149557656948
0.360783521936425
0.331530759788264
0.318769190619656
0.223991097293722
0.554145678361802
0.442917932378017
0.607545816683696
0.43417105111988
0.54815238513288
1.22820535915267
0.85106347168673
0.482797954038462
0.386631423436491
0.449735745564821
0.517620666518615
0.46998822436687
0.335996153193248
0.395387164984477
0.494989559162955
0.429927536641966
0.352993606061005
0.3898660175592
0.392883946213743
0.410109339019742
0.396297793661648
0.488083577880596
0.501345882847646
0.395693359085274
0.182859557573833
0.29715874557172
0.488424593978234
0.417099692943867
0.349764762417875
0.459054774101184
0.418045048906569
0.274461548768164
0.244807883029935
0.384334600982601
0.538741038455294
0.471052457406155
0.215874674315245
0.245074381715028
0.353947908169409
0.313966368510323
0.38294941305079
0.471405327416108
0.56480922905129
0.553186157601979
0.39171945823521
0.524602453934391
0.439179466808849
0.325773020213103
0.504501432597256
0.806138813626834
0.722001300632073
0.645075836450373
0.564675344812135
0.380205451563185
0.312549218059721
0.49998917880118
0.632216244726275
0.485340724374696
0.518502800169725
0.386657516216474
0.256656541450905
0.330437627966099
0.356326727829468
0.246357297289228
0.224155110528816
0.267332396230688
0.375041273690427
0.317332801752508
0.226061281794811
0.20021342666862
0.266133498138782
0.502394616324887
0.683277898024896
0.38001626226526
0.337238555811589
0.303437484902271
0.312099435534504
0.444508352548179
0.42616375735572
0.362703865727252
0.468758171119574
0.834052502940929
0.837196279794011
0.518419854098139
0.35954095840778
0.272384842994843
0.373854071671365
0.48812688157477
0.425373493028411
0.39757416274161
0.441076536555195
0.620065484908661
0.648509773584626
0.727504213329279
1.37968537473741
1.02415390623216
0.5162356234918
0.535259781885067
0.548569118951674
0.426534103528705
0.332247408505655
0.339730435149951
0.291891000043154
0.292684903398207
0.309941707455613
0.413902063331256
0.380097114801799
0.476499241116241
0.552235735029996
0.493197860639739
0.865595267078142
0.856062453404426
0.348152387003484
0.27118293123196
0.492156583438048
0.526317387415402
0.321336468594584
0.381613388209717
0.356257135453109
0.326214565269333
0.371958779750399
0.412031202532989
0.739910456280889
0.695734340289228
0.269249655779431
0.386869076795538
1.44939385896682
1.59787789161705
0.469404723000867
0.215437439914488
0.447725124357206
0.517396735023819
0.37094091424834
0.257054841808065
0.253210554572008
0.269192589183893
0.368842452500053
0.410705746158234
0.283199588246563
0.198943858179542
0.196753944958609
0.33339193190969
0.28399000316749
0.241657826907149
0.42499208606121
0.470181469860469
0.217508111053783
0.254051301512074
0.494989229786363
0.683567000436827
0.705744479205536
0.50470412438535
0.305521528899058
0.246089063578145
0.294086109431513
0.400003090799948
0.353701109513348
0.320369060402556
0.197467730546095
0.258450647390548
0.256848903735613
0.245880088297923
0.351663930456224
0.727934255002737
0.928215034942794
0.648586068905412
0.546992694454192
0.443215733139467
0.587249969451283
1.41508952468417
2.02524189196616
1.1826273509222
0.629864793113558
0.619088161745106
0.748265219550817
0.850170393337292
0.575317693945059
0.353292744052904
0.392363323028856
0.329602535199643
0.458753361806912
0.332115122338392
0.379267864235823
0.634174866195505
0.607462706708744
0.366472593400116
0.359914614938465
0.379858165209322
0.531640863709843
0.456173407718138
0.473149365059412
0.500402009547012
0.513942184920326
0.626832538912013
0.606624177301164
0.437446992206897
0.457033660269393
0.441454369041569
0.286208237576917
0.335399221304231
0.554725139446755
0.47391344443245
0.348882673837653
0.3978266926166
0.2461896982473
0.273034376047203
0.327743224395022
0.332038520022096
0.245230840204412
0.306867321714069
0.412269044873733
0.351330635927394
0.323009432353703
0.3773733763615
0.286812146749135
0.351144070353113
0.713550718741492
0.651740677627946
0.254581343390868
0.238926519617309
0.336466489454469
0.446356767678931
0.291876059938168
0.315053994428556
0.501723684561824
0.507722418889289
0.525223473386287
0.41881202243189
0.390902489173989
0.40682016511457
0.537638881468676
0.723317645581011
0.641984907798752
0.435206369162968
0.499228224333698
0.63191564844987
0.5506291631943
0.650633188359501
0.806028047121555
0.756062356615871
0.826983870316401
0.575480087921641
0.397527858481034
0.317390042440568
0.509642020085789
0.55258987857699
0.515690999289008
0.605072923135039
0.635431489812722
0.712898289181732
1.65967859408575
2.24762829198062
1.24560289871204
0.489094935361894
0.581056600070134
0.459798183869504
0.738169570968703
0.964123441569883
0.804553482902814
0.512299255112337
0.453774052097596
0.432719929216225
0.797702482656171
0.76928308337408
0.374294400121102
0.67074935573663
0.869385716629287
0.545905258830901
0.564914866628332
0.501485312204729
0.452335648143992
0.460084151024102
0.436705268778816
0.499951646770174
0.542610066317188
0.54737018420299
0.423412039456561
0.327442753634682
0.445485570149538
0.408029712797581
0.402219344923046
0.655092575375384
0.535739344117069
0.593028594200192
0.480439597112136
0.356425676289727
0.240975057661295
0.230010113295534
0.21488021761674
0.372893023403172
0.386343653673718
0.304861228734724
0.30853519194058
0.507558909696234
0.518274828432274
0.288198013312871
0.312187404874182
0.410402316471003
0.58088313266109
0.492571875742869
0.381180869214793
0.292795831250412
0.225596076596831
0.268120755348393
0.34505065365358
0.39456001017421
0.277994309425676
0.294307372710703
0.306685184363476
0.360020765079006
0.383268912940579
0.380307607199306
0.58353207928348
0.761310729639651
1.42136702346266
1.32872541882093
0.862432893549053
0.356146752935587
0.902766729678614
1.24560225756157
0.993859994332243
1.10348980366175
0.987381566647195
0.531265272138639
0.481798134472496
0.580634137622955
0.875692998848621
0.94567139970118
0.84207809976894
0.623397211799312
0.454606985545956
0.388930391089358
0.367919047387984
0.363398479007671
0.253880962208387
0.404957203339422
0.512752714168864
0.652800463684055
0.720397253949758
0.468424388270183
0.785238980421853
1.03089727140962
0.410782308235324
0.372447016372488
0.669252122882437
0.731821185859805
0.444826068029945
0.319218960947605
0.213450796406924
0.321644506636038
0.361523420574129
0.21469240426039
0.303630349179538
0.314989889675602
0.817129605289551
0.864232269420048
0.409170716746222
0.341406845912274
0.510322121413649
0.679989188054848
0.810034368339538
0.719697119979255
0.34949715416619
0.290438173948827
0.340557890978814
0.376384048011356
0.451648898102585
0.38758734763441
0.61880376016652
0.892988626821548
0.909040362318803
0.735302096263929
0.624409726633373
0.761252750315248
0.889417643587954
0.549117362787017
0.403556149418936
0.539407937046612
0.682715107659416
0.545632949929799
0.582438490238853
0.66810501235651
0.410338206490599
0.295258204192493
0.299785753680094
0.405965535051933
0.356972096239998
0.253893040588975
0.353153777290639
0.314949859595961
0.313672211891039
0.434189311864572
0.392684211033799
0.245723418572674
0.253800365193687
0.229593982516586
0.340744611899079
0.738848921341241
0.642990128313643
0.411387006710879
0.44993505015397
0.356360879810514
0.380843161440477
0.362026188699921
0.562760826749383
0.490486524166401
0.326896431399209
0.3904062104712
0.541018563856895
0.408202450740696
0.260245177389566
0.342629567075423
0.387857217033162
0.675597276166369
0.924790838791116
0.684913396798881
0.608065240715261
0.488073100211398
0.411156647980402
0.386395406740677
0.908649066281522
1.05589252933541
0.689005675641204
0.487015206416105
0.610200571291753
0.853108562775701
0.559351782477215
0.299476327620384
0.278480777467156
0.69522868759453
1.33597124635126
1.05512337582969
0.354772566642367
0.43162110567152
0.645100354235804
0.467831482023947
0.360074052980774
0.439529898973194
0.490387723661248
0.772433009075532
0.623904798698041
0.364113601997118
0.311991728893546
0.553769010229224
1.17327226477867
0.738616370278653
0.420173012422299
0.267633294184309
0.337992375604164
0.503821018363956
0.563025310552991
0.911884252482801
1.08437442539883
0.562131545206798
0.358752391563594
0.29551178434389
0.291160866171921
0.401576808900003
0.703584489006926
1.18369298386774
1.16868166048844
1.1751740011709
0.980363058052371
0.732795130250048
0.763157297274516
1.57277359782904
1.43897956975441
0.620400510976089
0.808649915818881
1.03991836083622
0.725972052436682
0.702017605381757
0.618647812325171
0.520496355495543
0.746096942686996
0.503457173082267
0.378472230362862
0.332392230505799
0.307944416829563
0.455854646406305
0.417971319500238
0.274806583260866
0.284882501951205
0.242850129523937
0.333974129693252
0.317609929734039
0.234928382581616
0.29759493454356
0.430273623426386
0.571631130868104
0.4831049657345
0.452300534457637
0.377679239877596
0.264227949603307
0.350616487152751
0.471233805708601
0.340389142524321
0.370234921650679
0.412623899759755
0.694056283724974
0.889424401735824
1.24482624099526
0.996171541762266
0.663437863500951
0.682306286739735
0.702507055939228
0.671166117086368
0.551537726722457
0.718469331670321
0.950727065820776
1.11425611362972
1.02594052333819
0.746025751657606
0.543882854912299
0.886154939505034
1.30064681205554
1.06221610166686
0.554885785996072
0.548841514137414
1.08814736347042
2.32206236459459
1.70460050545948
0.315388760033638
0.30522963483478
0.234375190679736
0.287712213814184
0.415045364769118
0.614036932973919
0.509487624097634
0.536460525584118
0.407318637196025
0.516291907609811
0.280293437447948
1.12348880161077
1.09163606217878
0.58678026029097
0.646687668384124
0.935128930339613
1.04521410644113
0.60791586943576
0.896757240638973
1.25556876457255
0.890518045791548
0.354168862424386
0.367575424295176
0.368744571542192
0.190418847335995
0.23288190431775
0.25400045575425
0.361205771765676
0.265671922079514
0.344733150772822
0.319726756230338
0.310606277222572
0.629338401381902
0.759973671382936
0.590709876492553
0.565095783410962
0.294280198829752
0.243605723685509
0.282328574718952
0.332617968733487
0.369943901907748
0.308821591116905
0.532295181461893
0.562608617769008
0.37129226616447
0.337654541182344
0.442064748709313
0.385935991561996
0.221612081792572
0.252260508007441
0.386839102862172
0.462040365917804
0.59759883256622
0.518319751403596
0.856406293548585
1.01985218890104
0.555756519508254
0.337588346681211
0.636289734962341
0.600695244356451
0.400616562312131
0.31649055064719
0.302707297722288
0.539929671107358
0.690998298157685
0.597613330137059
0.678042254846403
0.536630795144926
0.569323834846745
0.884297250393723
0.831147475735751
0.414243366024617
0.236592200154382
0.293109515932407
0.338635200613844
0.296628165695191
0.50266824547643
0.62589859765763
0.552153327227651
0.778239096833721
0.590428707362007
0.631656872404321
0.570542118314507
0.893478862594989
0.978824225589652
0.578526088971769
0.889852262783001
0.917740260215205
0.530534372641224
0.456167245772723
0.417247775600091
0.371845368097332
0.275212782604381
0.380292810471667
0.608594800699314
1.98128765974226
2.22758036292589
0.693545958588977
0.7620364727931
0.719689880075039
0.54158477554628
1.16670179332405
0.972201400748649
0.416004331635566
0.873352665778354
0.930153387929457
0.475208473453455
0.993427061079293
1.1345382203592
0.442129495213394
0.160583214048455
0.194977151041874
0.231319121693798
0.316105249938261
0.390364968967939
0.60996919390328
1.00440367871738
0.680157378603844
0.708620339662937
0.480939078620708
0.509505038123727
0.74973399140721
0.543661005998288
0.332447892903422
0.353385452655253
0.465606015749144
0.537037181204891
1.0005655719706
2.03415526362771
1.63725251176518
0.520646115351836
0.593140981372817
0.559295136257028
0.533789453885603
0.246881605031746
0.333318556409635
0.590750513376075
1.31496819014763
0.495885667073653
1.13536217646037
0.813306157663004
0.414905502908236
0.258540595434244
0.234764049611782
0.221232335458966
0.287195631930747
0.369557681135795
0.524698153478647
0.433630132511766
0.456322056031894
0.495508415311414
0.373733543557975
0.336844300308774
0.324413337617125
0.251154181244255
0.372146038914133
0.427695993299473
0.431718337091207
0.715988132505412
1.21055209308141
1.08152213079083
0.573788331955227
0.78656157335232
0.572942183775923
0.8126995668271
0.597438837914813
1.24564198196134
0.712079532254122
0.264337443046442
0.277719118039422
0.244499171139658
0.212759315797718
0.294527019576498
0.352944942696991
0.519416083418189
0.68524211333827
0.659941958576634
0.731102435802271
0.961952341653066
1.06295225949086
0.890260670139565
0.72970996057721
0.905093260690725
0.696479965930744
0.629950630584959
1.21068341079313
0.974143190141753
0.479863082324572
0.3423680578391
0.304861084825034
0.419764573938967
0.438379205844316
0.958899084626724
1.43326440611271
0.937457721897811
0.432499894880814
0.325678446165703
0.278722418312909
0.251216561137366
0.380052303850791
1.15473425873024
2.85900294182161
1.95049694080016
0.513908321982554
0.434023625096698
0.374015492766739
0.485472382092629
0.675121167514633
0.535077833878378
0.436216991418499
0.327077953894378
0.354379023119267
0.347493924056413
0.333784788561107
0.460368873168223
0.725125160276766
0.571407669158225
0.30237152030824
0.276801923905514
0.312833908872396
0.275491263338966
0.315607927754258
0.335472750246075
0.214377423352704
0.355207771755948
0.486813384624321
0.688228594696822
1.51275620230248
1.67584936685787
0.784476796777342
0.77525462720826
1.08055770622776
1.36005083031379
0.982479900179189
0.419428508200161
0.528385167056331
0.226004598448483
0.375330779039576
0.344152202587387
0.49041896823885
0.388350460213158
0.584763903626742
0.462157312812336
1.04855973225122
2.56379731449544
2.66099343431915
0.588019323610618
0.910283880414213
0.69839448173626
0.718781115011867
0.706312631442969
0.432732574108798
0.697899788984676
1.67150696298623
1.17426932821793
0.42067964458948
0.418511400120327
0.425111259353788
0.450292276292249
0.37310336848514
0.467994558241746
1.18282859784628
1.80322872542332
0.894042504220163
0.605523745454446
0.470806713635894
0.322488488311763
0.354469562912766
0.301208864662437
0.284604151879384
0.901758916267152
1.00713185136642
0.488593243294421
0.447014311329872
0.313610783266752
0.242565614244272
0.307825617304353
0.207596307962513
0.158077978909914
0.206070909251065
0.20279063537424
0.233171479623923
0.254552487473199
0.335494899675521
0.47210930814022
0.513701140901002
0.272203214722239
0.565476730340233
1.32638543633017
1.39977582222185
0.71301955780863
0.400669591413675
0.420338195430613
0.460369240616515
0.363811214926995
0.548502481053162
0.558811960328749
0.306194816972401
0.433024526791564
0.333394006192792
0.364183057053425
0.462442330797531
0.383733109835682
0.245118973659502
0.290303545508698
0.318063790485731
0.323501843485478
0.325942704788968
0.552699416975333
0.707292277275377
0.45867944972016
0.273381196827418
0.196745259450767
0.362385417355485
1.42173778619343
1.32760001358251
0.629425432117917
0.721901339795726
0.55091983193771
0.395212949171964
0.394890058261224
0.422824991330829
0.460619289676849
0.382491076984793
0.248938511578289
0.183205395867101
0.228683911495457
0.19468814244519
0.264044804786308
0.251524928088365
0.228820253879309
0.261834686721066
0.330585798148966
0.327973150855409
0.366751301508445
0.392365885877212
0.325676442017121
0.323537325488488
0.601596510460121
0.725620425072674
0.603557897867897
0.933843414748669
1.24741011088545
1.14757266380252
0.914613380885126
0.660045623114222
0.557619380250504
0.446652595793126
0.361925799184504
0.289744824132148
0.322547081182121
0.454308804906588
0.36614298921427
0.27288392430305
0.311962264105316
0.376008294426237
0.408824752837598
0.594822179308844
1.31995989098482
1.01027164721673
0.346829844042081
0.394594350664032
0.923624642355909
1.06242404503924
0.260262498645681
0.210405300137582
0.367685587368882
0.343465712888895
0.340726233497794
0.769732031922343
0.951388621551745
0.548178901969137
0.452727180945227
0.446693798077709
0.320582345800594
0.633983783582427
1.27537187711529
1.06223007820031
0.816567501265065
0.781452974146285
0.59940280087597
0.656401765636422
0.686585642367252
0.397150004437255
0.272285142484288
0.429610846299233
0.414539145897709
0.251632332459653
0.276733522693673
0.297399686710239
0.319377247151885
0.292535194036655
0.402021227196465
0.369309860904801
0.343656875769952
0.537435846791489
0.380078191713465
0.25073220383135
0.266538708614154
0.619116397614782
0.675100546808808
0.661614570619886
1.19720242972993
0.931468584344242
0.476427764883688
0.39983711436785
0.382690726520654
0.682595169550529
0.806731288158702
0.323399888621395
0.274012261779655
0.299453262785585
0.265959486826838
0.245666496154367
0.256015039966266
0.236639155544917
0.506289102990731
0.924103477504735
0.687942284581299
0.547079640150082
0.660289639174301
0.485804235738442
0.474079619178513
1.08198185527463
1.17107884754789
0.62390725018098
0.549536142938361
0.746313717121923
0.795817358410872
0.533733141980591
0.359197123836045
0.431553751458586
0.333238462934789
0.307623169543144
0.262583441491517
0.406338832345504
0.486331144047332
0.354553035950186
0.363123788035917
0.367019466658545
0.453621876369789
0.523799669341351
0.817150980274213
0.972184596200451
0.709557409584357
0.577877399887083
0.650320948915684
1.14117204111661
1.3706301332147
0.951016798040318
0.533208813547424
0.620585600237931
0.664731160372022
0.657698975186415
0.632783124692876
0.218365706425027
0.508737770897637
0.581157608311607
0.537640426443813
0.47447364654786
0.347188524527876
0.359031568274532
0.328549552648825
0.309870761967327
0.295071265902876
0.336444719313938
0.392200588711399
0.713455281294355
0.790364308285821
0.776628603681884
1.96553909420844
1.66360794442805
0.372364291628379
0.357840688574455
0.564691815874716
0.767726057653348
0.645529447797254
0.570122835224875
0.505553032398921
0.484287909304918
0.760014813197632
0.540476743005721
0.277341474727847
0.556748944854749
1.0227416403847
1.71000410975027
1.23957250917452
0.500086822928019
0.358090434652793
0.305060922960639
0.375165471093296
0.455717474074449
0.407370892225436
0.339440108114134
0.574511121691028
0.778313294159069
0.550008293813203
0.74907494156428
1.18995146613674
1.146707970869
0.43956783848795
0.513405456799029
0.495309568641076
0.33163262626087
0.633439554372015
0.807698005405343
0.522628303987175
0.508575512074315
0.364712883615542
0.513149904417258
0.502961780165491
0.347807555250478
0.372098871988884
0.371523857606605
0.613690405452267
1.00845531726727
0.968871987749208
0.774688617469682
0.712120411884318
0.499136024043266
0.746952906286997
0.80584363018435
0.612676203209657
0.700700081175607
1.05845494894673
1.10026808290711
0.685135953220639
0.588263597190104
0.686670567164294
0.6026918326863
0.603807373059566
0.537200531445208
0.24810522226299
0.33555067353534
0.565955921332299
0.506246085734531
0.375515924608562
0.487533394059727
0.541895485955381
0.459808632488143
0.536664545337345
0.5006709296545
0.386472214092334
0.550936688490312
0.694086038889069
0.642528993574713
0.941012969232374
0.741526587955626
0.403945188090269
0.462411097563604
1.10680549257057
0.994578695281393
0.544627960886525
0.608881362110423
0.597102217880384
1.41808484484824
1.7894511179819
0.948298070387469
0.441799855332629
0.361008655450999
0.246686357774766
0.271379495506624
0.324541720957922
0.442148011765558
0.602743327979202
0.543785332462878
0.328059806828049
0.459818816566741
0.506145127984678
0.274382573272637
0.524883831929085
0.627087918311523
0.446618570950464
0.439339831911145
0.420885481109206
0.460813363381126
0.615773872940105
0.429122451639725
0.338441923647671
0.349368475773742
0.472424435499372
0.680423405376933
1.17844459647574
1.88063574831831
1.25088357011233
0.6251685833407
0.426175666875935
0.379142625787248
0.983710580975176
0.928484450901591
0.553773996003788
0.541171097300554
0.781407833168009
1.8341498317018
1.46318852171072
0.449263915350393
0.354470764448667
0.321304380777187
0.522328492353845
0.558303267202622
0.386497044643788
0.457970221866918
0.38142257533688
0.617371407234674
0.923015383443896
0.631566305139775
0.407980314329834
0.331674958630438
0.849706290406704
1.91945073101487
1.42093916989986
0.784887957614135
0.807293495919139
0.584316782371804
0.610138048867197
0.522718602267482
0.431944812282632
0.724317341767801
0.899464362713756
0.619334264093917
0.453309012186493
0.641137949906754
0.645994091862763
0.890622527365506
0.806094662501417
0.737317890822687
0.67056701634293
0.437132363193373
0.332318356044517
0.45912391056435
0.339754334646691
0.578159556970629
1.000834395399
0.558232814650286
0.319226464204601
0.474981937311977
0.54699856776022
0.55817575010541
0.565195814823582
0.800218854630451
1.48842759072659
0.970912318845236
0.430966848411305
0.466286956405999
0.723982148655661
1.4160601584067
1.1616534619338
0.578252603809808
0.423821690608926
0.259639570350938
0.36149113525604
0.502155648643603
0.477161746225851
0.682357139203386
0.759421770732317
0.685851927280659
0.650473928702679
0.535313726622236
0.54784751208673
0.50950037591125
0.682908091993104
0.871414991449126
1.07193765159011
1.17809586205193
1.46381134703615
1.29886824073332
1.11068141148646
0.929848290769626
0.669779024464186
0.883925195606953
0.608378920326394
0.43964473820702
1.41967711791424
0.751568528167525
0.866709292009368
0.5656662276164
0.286564947941668
0.703392620249451
0.955318165659583
0.768579220395821
0.578366988766497
0.440861899750989
0.378612839258909
0.414976127949053
0.445024629027728
0.387386748478766
0.363285240481439
0.297888329988171
0.371280098637954
0.408402768845138
0.415384840213602
0.436081808227876
0.608679032951267
0.934494449422691
0.720058808468795
0.448106693487993
0.319099775215399
0.292595641512203
0.305086799957009
0.426637988998005
0.468852020811447
0.285056184676014
0.269859707530045
0.31761899051695
0.346048609486769
0.839585479460954
1.08339936857426
0.579781892936156
0.367807607621104
0.390011000117856
0.510848704240175
0.41293346754784
0.482051209863513
1.5018521408237
1.48781863364182
0.592601597166742
0.538252588667982
0.527173296158966
0.748381320100706
1.67809388670222
2.02846288917361
1.25388441894409
0.820383370949861
0.591367789333242
0.315957864333307
0.322220491906071
0.377879301078746
0.293925420660709
0.328516345491114
0.374244385062108
0.462027883104788
0.505533336307187
0.9813288445388
0.905872934713054
0.654030033684921
0.969253100983762
0.680239443431797
0.459063388745187
0.33273064120079
0.331268634880833
0.250319013864231
0.267790166123157
0.282809587147684
0.319353348454813
0.317220166871854
0.612373512710158
0.502760966955133
0.312434937843678
0.451507989282511
0.520673439654446
0.737494377861009
1.09195391230378
0.844944493194037
0.392549668272414
0.294959749947314
0.369903021709191
0.636178638396309
1.50028304978152
1.56175148206711
0.676087299265583
0.397268810978899
0.332271298219759
0.394814194034002
0.598893833755062
0.44338975503557
0.361968933334473
0.381706150273402
0.369778959218411
0.710125563988347
0.702124483132881
0.39285676496562
0.29843542686368
0.263981127560204
0.368292189894668
0.658200987785966
0.588265846620601
0.333552103138016
0.424992349851763
1.12444033302638
1.24270588661997
0.674683820863662
0.558256476166668
0.45500436697118
0.351421559588852
0.418258823867204
0.719108969736788
0.991918920222379
0.959319397049297
1.13412891088261
0.865892363648854
0.637027191329117
0.981944076654373
1.55754203328186
1.71526647451527
1.2189380394052
0.799619698201998
0.451716043873341
0.262071066702674
0.329645665336082
0.368007571471919
0.554591580744035
0.77095770558898
0.754065957606078
0.691490303943989
0.635242254815419
0.28988730509163
0.339445413238001
0.440311713054146
0.5085425290032
0.439488724802133
0.355002633441054
0.521571595779845
0.610735559318029
0.747370346895459
1.06409228990094
0.70769375863684
0.468365613833841
1.09110985747564
1.19594743390791
0.715494262406558
0.553823752651721
0.375066286300158
0.425281792133146
0.816445254928613
0.73294864828257
0.315688082538763
0.326187839650806
0.403664205933613
0.44442990029372
0.346588822678556
0.262821626240709
0.315664450896947
0.925465248585915
1.25001431029072
0.746297042424805
0.251663227984015
0.297172437843499
0.345268909459945
0.458189872515096
0.505807042860896
0.423806758284946
0.425464499365231
0.951189157537969
1.92342525211193
1.73830764613605
0.689382962300256
0.399990458306782
0.378596756215671
0.375711489807577
0.483566757988602
0.778046801386488
0.625338116841584
0.42314499572018
0.84022873295088
0.772218935809383
0.818423053925377
0.99290217294822
0.699037728675401
0.558786003223918
0.422096258230782
0.48535850446335
1.06243646880785
1.09946863464256
0.822478976630255
0.579782037845281
0.477286460448388
0.69692193195604
0.714198511306585
0.563716886816139
0.746588691323844
0.925181054841902
0.731867047898291
0.560685208486584
1.34928908950629
2.03747789085986
1.47754476215188
0.469816927638675
0.568597012795876
0.512781962452992
0.443023288119955
0.624594055681784
0.75165817042473
0.589401648546959
0.359471360379003
0.458355220249259
0.471362716823216
0.470557281803369
0.466557760767296
0.402398431464722
0.322460845645137
0.327969940771223
0.732405609282218
1.14573646497984
0.617597287758374
0.304073146117358
0.469750431323606
0.506496766134027
0.290047185743295
0.364896929823949
0.455318557669635
0.471807880755773
0.753948793689607
0.582064706487077
0.436488659710231
0.528971819639551
0.460878047415274
0.561718284102146
0.55519294280581
0.513318665314101
0.494895910175723
0.523843698181361
0.701997278688977
0.551921168615089
0.342527617132352
0.35286085239452
0.465046024327112
0.697508804188995
0.771184017607151
0.568249679609913
0.47934232287623
0.370190713198392
0.39744036401001
0.472567506537885
0.624050750399958
0.616576291375672
0.892485925698759
0.920928182695724
1.03836825086871
1.12594003747242
0.668211152424621
0.524464009172832
0.468365776665182
0.537539590323969
0.435300018177675
0.51948593738207
0.736666117289533
0.544137162900888
0.473240480627912
0.708371255085875
0.784586317367374
0.615199410912213
0.42946436499735
0.424006240771146
0.341213052434502
0.467392552543008
0.405024729679471
0.305860065773782
0.486467513626994
0.618740196520309
0.671958849550843
0.508193325040612
0.774305759293121
0.934579986718264
0.605434010142141
0.490707879982648
0.487930696642234
1.17357563511392
1.3291233071121
0.713647576431264
0.460792294734972
0.503983005360089
0.707220146299933
0.842299760855352
0.809467328228819
0.524763084455704
0.694048139354603
0.94174508656545
0.540454272725269
0.808590267952798
0.846808728340461
0.451774274827019
0.294435263581864
0.476283488220763
0.510987951143874
0.481186512297001
0.586857966842843
0.841507071919608
1.02381243628139
0.89582657662845
0.757107309659774
0.579115760713723
0.341574811907079
0.351561989710075
0.877818675742084
0.979491425294518
0.351978783806977
0.420264463997833
0.624456328516965
1.15518158294305
1.09445157609336
0.596711213058532
0.652614180990894
0.610524977633023
0.557202760336934
1.01017171226601
1.0504791890537
0.61224993911643
0.452301635477542
0.436219893741336
0.432885094453223
0.56153085080491
0.565004093950977
0.465441686827207
1.08593462635663
1.20260017752522
0.868443766412938
0.477047608272931
0.572932360243382
0.838699175309335
0.613492557664757
0.547477099596581
0.720961745505067
0.556598692827563
0.553606344515001
0.492734094755564
0.701748022893208
0.800430144952513
0.689045737934251
0.678946005340268
0.550761262805413
0.437868741848495
0.581402642952931
0.715349444622716
0.639629535484235
0.599865931160064
0.81941898128051
0.831285367665183
0.820757843045959
1.94655555457497
1.33112716650795
0.314942260258554
0.61871737490789
0.520088229739916
0.466221171448077
0.452987027214895
0.473234070582754
0.522418397019971
0.520318546988127
0.523576128246358
0.982526645531927
1.10280571887026
0.791804209652985
0.424164280773806
0.375725698833787
0.474438915346318
0.575167185408078
0.68929249979196
1.71437878710995
1.57518824445345
1.17091224123697
1.62334872352516
1.26663254896507
0.679797994518325
0.434531712438797
0.562116954467963
1.26031309795767
1.49561549462465
0.953871304050803
0.862792977212078
0.846978739939763
0.571535590912662
0.420188634613043
0.440398674857513
0.32973971544171
0.312993289107233
0.40863109967494
0.661670102273559
0.809460478697101
0.603294173249088
0.449261192410167
0.426514828302126
0.337501831797011
0.434732527979333
0.436417247682395
0.608310541060159
0.837768824720927
1.00659036599381
1.12776635718745
1.41242136105378
1.28685727899525
0.978738503004408
0.759795668664404
0.979017540673656
1.41919667352917
1.08416271549641
1.28403023861303
1.54852225334045
0.673753033440922
0.346406513636641
0.472861395913224
0.305560001973676
0.323642891762775
0.473350882906662
0.359684882173144
0.288654332049581
0.243106516452284
0.299392538883202
0.337057086328728
0.88338815912802
1.59075741809117
1.32843942269424
0.845962986185354
0.663023957080258
0.625443624859777
0.967731195406253
0.758100997478768
0.448129093537612
0.401684962619379
0.417002382233545
0.649481611966992
0.755485353284018
0.486312493913878
0.712032251885305
0.885733160748331
0.768023295948962
0.578946768772281
0.367942635350719
0.32872606299749
0.249779725487418
0.21617025702686
0.220058195575043
0.304844175063846
1.13024723624755
1.27107616215125
0.49090500512758
0.306535107548301
0.335344823579502
0.460819474001378
0.525550976235085
0.544964881563965
0.562250784860421
0.564039052779849
0.548044112031475
0.956874087182081
1.02312862126514
0.742251101347095
0.858550136667815
0.649202028531536
0.339474370914613
0.298356414078664
0.534805424085014
0.534393518259896
0.790459840402104
1.15562599918608
0.797826700753513
0.559348141508301
0.603989110814329
0.610465698758584
0.41557788366023
0.387124504866852
0.387868453788752
0.350666182497963
0.26551349782825
0.605268138736839
0.688899204370296
0.814029789226977
0.515653566024907
0.46795335857898
0.522851719353508
0.388898505045834
0.216125328819951
0.373911653889292
0.464026354831227
0.63352018574632
0.509757020693943
0.437397890084296
0.523023974527944
0.412728417726979
0.401708397967697
0.33741236890331
0.361332371606889
0.486342166732107
0.56836009202064
0.789024044632679
0.569748301832942
0.399616571280836
0.332111903777441
0.387460716831889
0.512358345806453
0.594813639819192
0.634029305306774
0.448155870154739
0.611367270589047
0.804249539888984
0.80714902538956
0.6011704703601
0.407883286180831
0.421660468319366
0.738467407849679
1.04299072786387
1.14060617696969
1.05086047693003
0.723497478159293
0.386298234556853
0.478786764370356
0.441430627333934
0.386889618724479
0.922136535601881
1.0926902729296
0.736832624927559
0.583382283980074
0.447919941828145
0.411551814555406
0.473116811211111
0.789011953728075
0.777611457676371
0.322175957710835
0.416315271673476
0.384349293210331
0.466504049341415
0.455820865908702
0.36698922200362
0.424563782149739
0.637372140935894
0.683928936518538
0.846491300286132
0.697570926958712
0.359512013137684
0.251901137522721
0.377623361471787
0.658801323628372
1.13714620618541
1.13074887953945
0.54898732545346
1.20979535529333
1.8417052184725
1.15970767863947
0.532175983653845
0.584981824420647
0.663055404032028
1.11181580390722
0.838106608304559
0.252501580314634
0.567778438020178
0.986874687496676
0.878114002361745
0.795974574681971
0.662655939815895
0.568786922089634
0.636089553042145
0.404553182382513
0.460554831655393
0.414889189584918
0.350973006612098
0.532845943775735
0.591208156808346
0.342844969907511
0.329728855880425
1.18119946969833
1.37689883346763
0.59454066188117
0.666349085297553
0.697519679304209
0.71222579812628
0.532315902047698
0.530258884852426
0.406533257115837
0.298910093972064
0.47152184501674
0.583118372811184
0.938204593408909
0.66527540667988
0.355821834192817
0.385356793621484
0.330223381259846
0.554526870794437
0.713674958924168
0.44875763104072
0.322855344984634
0.311134158181144
0.285976234118779
0.340406032944749
0.400020920594562
0.373616042771148
0.262520446649823
0.34170113480374
0.740704437502421
0.879121237406709
0.603951569585
0.331297666512602
0.427041258245126
1.70804556445164
1.6406325398704
0.446880275340137
0.359696758742142
0.549152151601431
0.441349141215023
0.330764846777486
0.61596376749823
0.909472538168523
0.803821148960179
0.636917419621371
0.795634390238225
1.33041223981083
1.96070213919539
1.99222269055164
2.29400911837443
1.57985459972346
0.68466541053374
0.598540250241068
0.842857841809029
1.07432603750992
1.03683721962384
0.991422357248845
0.754406310864058
0.61443002036579
0.845351739848423
0.626143590725836
0.461715345640488
0.417272080858047
0.275091583148665
0.331586077845018
0.538067898764263
1.70187395521603
1.6685141018327
0.47131809829166
0.280287181185913
0.534485266424857
0.987439734218262
0.944073192359145
0.636428895474651
0.616627311795631
0.579925309118803
0.777678957699754
1.79862051428349
1.50079626386217
0.392392045334708
0.594885604145025
0.908882110508376
0.833966733871864
0.682260549853708
0.56625577996353
0.887861480960701
1.02025272364787
0.937718599606887
0.616257364338346
0.445660954838173
0.369871960229056
0.42679042505645
0.478610796837746
0.460849401230886
0.374091074730588
0.384797852395918
0.71157245979705
0.626999295073127
0.797019451596497
0.915021145579864
0.630134053912525
0.863481529031062
1.62466715881439
1.47593163415709
0.758395954856759
0.817344809338364
0.967759945816496
0.749446969582319
0.741847296281968
0.58813155795225
0.563776969262547
1.81953079865655
2.4224643933739
1.56578670716482
0.869572993376394
1.04875711233305
1.50173241033175
0.976531316306465
0.532987805686056
0.473934644358326
0.586768400217561
0.530868555614998
0.410339970866003
0.258457096902094
0.281697196650158
0.360546859551083
0.272750760692147
0.359588027023745
0.792244420118569
0.475093792550078
0.453827643803135
0.563615844990529
0.74101257885118
0.596645282870575
0.853110724793923
1.13540710608126
0.624154439247507
0.3020915416015
0.232716189252194
0.313033681610419
0.363670743524226
0.486401843357721
0.453907509958835
0.509125898868692
0.533368020257704
0.578259308868509
0.512018274423141
0.477007748839913
0.444004655382468
0.390718984215575
0.763740853000024
1.16406329945794
1.18075175024908
1.17625403667592
1.03535025846473
1.21921239450089
0.969018298218599
0.528807421913057
0.727561722960073
0.581812232036874
0.310557678672248
0.301706375595441
0.519587984656778
0.954143059151813
0.769105631690513
0.414502720425145
0.404042442631513
0.506090695536375
0.444452665439581
0.46834093694108
0.499443688565026
0.445511314105161
0.545727123666664
0.868375216797203
0.580493936258797
0.606760237739242
0.611910830300758
0.584644390397732
0.586257666104022
0.919306269820232
1.06472821168465
0.777483219702253
0.654922956277908
1.21419386979743
1.68509689478289
1.12246723499504
0.514208610301612
0.395256629527503
0.337087614356763
0.506411000101324
1.20025641317445
1.05642819549419
0.485213064192966
0.530743989184959
0.445166894068799
0.879112376974082
1.11872514507279
0.892381514922162
0.773358609336722
0.602610078307544
0.545816557886423
0.385026211552142
0.435548791297638
0.674652889501349
0.803167045557546
0.821154059871035
0.674451612957544
0.531455180628509
0.720441223279609
0.70184913025634
0.552447039066923
0.409079521806931
0.415126796316048
1.13550553841065
1.38724951828522
0.698141946146385
0.512886749787733
1.31794966198813
1.53616650155384
0.63269707831994
0.418690463956832
0.41044320622265
0.490111718464525
0.631834471824739
0.893267514637896
0.833405783686361
0.561598955844803
0.658749820814718
0.642137130735621
0.324237380530466
0.350135045473752
0.798935450098067
0.786526111682234
0.708582465336097
0.729125125286729
0.426274234825649
0.74707228210844
0.874704809251631
0.607115089630147
0.578162801378072
0.526314641377751
0.604299511909941
0.899596248485668
1.08262681717307
0.90068876101162
0.745031645847072
0.567103482790031
1.00409663564308
1.31555963949333
0.963898221267251
0.672830770140741
1.20077058384306
1.56004845115148
1.28418853836731
0.636272809969097
0.626127763235057
1.17691176368906
1.64244639984824
1.12329463347348
0.877008009112306
0.979726256905045
0.727974773789692
0.696743173073176
0.956931178897233
0.996797912637252
0.741976868887553
0.440926407302329
0.472252145637995
0.815183059429996
1.12384704488823
1.02685180037131
0.739181906630905
0.883607990059846
0.92191793299915
1.74732510909705
1.55246057026334
0.567347672299422
0.588979869246454
0.420877938313232
0.694464812544538
0.779058742786659
0.568385590124021
0.613529556182375
0.958156446003717
1.13703350920864
0.943002840073699
0.558415734478776
0.529176933815752
0.683203410631926
0.717227964338437
0.701708432478608
0.510991588183753
0.379053614166087
0.522468739642103
0.476625855947752
0.57175322332965
0.688735317837964
0.489053935765017
0.656331466611194
0.685329625539015
0.741719371793694
0.607590776970745
0.5419682341571
1.08855790411804
1.41300228436585
0.970356755361533
0.548812787873396
0.355715976536544
0.470325475013764
0.536683435401277
0.618671693256693
0.671410017594696
0.789358011714039
0.668565852421728
0.540419160156284
0.439603627739639
0.503792760595324
0.512536295036779
0.587089954587304
0.475158915961458
0.543472827933202
0.631303380275306
0.505051609854911
0.432342584338062
0.470313813976916
0.390760726060453
0.414484046806876
0.474621525436697
0.513045458866695
0.429864554470765
0.399634461601581
0.502519158880435
0.573110995157071
0.754405211163489
0.806832972015401
0.52179176218277
0.567409318905099
0.603572730512861
0.550102273557623
0.582743487975671
0.95103810043534
0.931122434351731
1.0625986678888
0.907123676996338
0.632212512921754
0.706091413872799
2.26090516661449
2.76659839399761
0.96070471229951
0.519812754628143
0.858342652074946
0.763359465014017
0.50000925265508
0.589716953336264
0.891121398470977
1.33153263855866
0.958260628166536
0.718874258360825
1.49079788955138
2.08851732133304
1.35410994988953
0.507774138859517
0.341160103110175
0.329860815483492
0.504627203185553
0.552442687373136
0.715620627331718
1.25930550763515
1.09733830391963
0.656420561873436
0.567673846589664
0.658385667444385
0.671447785926343
0.577014300999244
1.15408640358521
1.27381098881505
0.672866569997624
0.430459937802586
0.834925357309781
0.791347218045963
0.506732774805726
0.515560567479727
0.877491603401758
0.964192635398482
0.931268469756728
0.779257805818172
0.309042812479217
0.301001244526761
0.450681774414069
0.42456088227324
0.86286792743697
1.04514403597767
0.666488027463803
0.728714957849342
0.842605786808022
1.17725437086001
1.03469405006469
0.361336078466813
0.398664138767373
0.510718212960363
1.85098761366929
1.46087415164747
0.452588739320334
0.484468787438667
1.88915567131575
1.83958702522628
0.667877301855492
0.519510067592389
0.365738080611203
0.652358640411797
0.564683823488751
0.470850582289354
0.521939353905342
0.811000805625027
0.844052821743593
0.545392882448674
0.639233792793807
0.582887484609118
0.576934892651393
0.56956953924217
0.535107960855885
0.588196198754588
0.534388230485869
0.523031023521134
0.481491778590289
0.293451945555872
0.491351824967377
0.495630167441214
0.232274751808828
0.350689049961657
0.506953534794869
0.474830395309766
0.445223244631124
0.544877442906365
0.581640102015311
0.607266508552362
0.657157325313749
0.451728253503725
0.676612963474181
0.653151483982384
0.686256115717542
0.742415277521532
0.579424946901468
0.601712437345791
0.538690961947949
0.491620975725331
0.520362871831538
0.704117741176224
0.680727098896903
0.667009560229313
0.787239885316094
0.765286889558689
0.722970148039277
0.420059508123336
0.861338731751807
0.725582107940693
0.559717724583978
0.767018800294027
0.890459624986898
0.987801994997971
0.709819439314893
0.421027561907293
0.531857711891416
0.552907108757311
0.884053961064506
1.72336017677756
1.20818415404362
0.390160833287317
0.495250611230051
0.360229421951865
0.390687102519709
0.684659307433733
1.03173135713318
1.06912848207015
1.06474778212358
1.12288252771479
0.61667073978199
0.369651897285086
0.592413698479966
1.14471866155964
1.14310254928165
0.615860603242136
0.847726995935871
1.2342796192988
1.00378774618746
0.729770110418618
1.56971140346571
1.40428906990235
0.529595844071903
0.83653779382703
1.18168472956276
0.823771060878981
0.83468799887583
0.880638641628907
1.00571360385389
0.837587119127884
0.274495311321724
0.419930966211463
0.516260987147352
0.481789274872818
0.698298559058514
0.763851101064212
0.683992152752089
0.418889143582812
0.479583230603029
0.491014342255928
0.799714741196182
1.1029702481646
1.08497952860289
0.837133720380195
0.691587875306963
0.942878023013845
0.804282217880984
0.564043825490776
0.477150743900156
1.05002094503196
1.32863453151904
0.642321681534524
0.335678474105272
0.617310806981161
0.631846207792507
1.12950323925191
1.32520487670953
1.15409878293728
0.87859119718369
0.706671797932606
1.22000880049147
1.12651488570677
0.778556420112595
0.604041242189851
1.02288095984652
1.33851522529543
1.16179048665182
0.787183231662044
0.774653796514241
0.48132092940524
0.402453479768038
0.406297465375459
0.363375750469802
0.431098737839327
0.54162788450435
0.495909302347023
0.537948670600199
1.12172184712166
1.02183785230901
0.643561121881107
0.594302528246235
0.651555772853825
0.644191169011584
0.922211098355925
0.920822854111738
0.400520299971207
0.77707061869628
1.05297375759098
0.848043462289821
0.627770952495501
0.652261182957091
0.425941979898891
0.298804143519617
0.569847107688035
0.951351072753998
0.875447408919104
0.443862711611567
1.00872200347402
0.972229765710111
0.495529718241437
0.968084740110728
2.16232277913286
1.75902273736287
0.794712851945237
0.570447862421651
0.516105256247425
0.879682123955395
0.993322652544133
0.602404176797231
0.599069559772186
0.79024906435426
0.696093916407337
0.659835369646677
0.591322465779328
0.595796247550714
0.664489462997108
0.771054495372806
0.740692881648025
0.879207824870013
0.746960444373342
0.452797950171794
0.424474385372683
0.540410885393456
0.622186290670399
0.511039903631876
0.5414770693367
0.888715019170761
0.924933336162788
0.444236607282893
0.510938376258589
0.726450090773895
0.64735828578849
0.546495690881764
0.547412456699541
0.448850256885052
0.399688452144964
0.211614421547308
0.325732690337121
0.479954688277013
0.420618980131778
0.460037073449912
0.643912504503007
0.53755708307487
0.588129523717258
0.509785613087059
0.354677900586461
0.436607364310759
0.369034735332083
0.33647357348413
0.405765799062468
0.714131777228011
0.8004813390729
0.521884882370668
0.72266501402955
1.05888793867397
1.17091593504314
0.423030774920326
0.615905204763292
0.604257506885878
0.489850935049631
0.530207480025104
0.497341485807686
0.414389874062118
0.514825160608763
0.46288309529065
0.508394381418194
0.459023112356122
0.490528298625024
0.511096303244247
0.386838194354219
0.43271933338121
0.776272916520499
1.0815999711617
0.64272032488729
0.607003829197271
1.1096823847631
0.931022967159353
0.421676787960615
0.342178540176641
0.543743999103845
0.557121159997282
0.346558187252794
0.373976051627275
0.464976049915464
0.497613463438082
0.946280718463257
1.02672865084195
0.930510910497795
0.788731261596513
0.693639480937847
0.40640900109621
0.357582463358141
0.676080854410062
0.733133242910413
0.483750266944538
0.474491701600318
0.433597183611685
0.619761112890485
0.972797250763806
0.745462254083545
0.735507688163595
0.921818275598103
1.14608883746996
0.907240641721216
0.373408169332211
0.593137652288954
0.730552971933857
0.820456002396314
0.746032912464011
0.54537379910049
0.426233948394643
0.578685155849206
0.708115628022542
0.57036153706553
0.525170036631414
0.571806793586329
0.931880370724956
0.925209975475566
0.998610663453544
0.987519250251268
0.749340928872935
0.438554734615332
0.666609282774019
1.74834422870388
1.70978506279731
0.290891156463324
0.489738724569384
0.504641908940385
0.556412696679007
0.716713607508983
0.569382054447499
0.57125230124832
0.509874548342964
0.546678667479928
0.60823391777757
0.773297449168279
0.723281355367903
0.765575864855784
0.748149132006673
0.622458295406537
0.705179571786692
1.20264718538706
0.757401237200686
0.407205468768559
0.418305048366489
0.495888911195797
0.380287004322443
0.74860448098754
0.516113115047548
0.31749396029813
0.318534643959844
0.46134226512383
0.559419322276662
0.917847789370474
1.55020217804699
1.38785622716543
0.51070581917216
0.661863626847916
0.672362893118374
0.373098522471862
0.251454649288017
0.277131849347225
0.340324416922035
0.524420773350438
0.676376685174539
0.570849683106697
0.343951934614572
0.473283085501989
0.394860599349813
0.478527285094098
1.16316332840711
1.17704802772097
0.572498274477509
1.76616891198179
1.67266050480155
0.610556770614844
0.562467530459375
0.448918767124364
0.62832360260672
0.563392177089456
0.675253317289154
0.689258663410256
0.851058858416611
0.840316422829529
0.726350946617193
0.760219575576082
0.669538690454121
1.2655557305874
0.824852603001675
0.41114724558083
0.416718129498704
0.497948070075103
0.668454483099317
0.71744452196579
0.480116174355943
0.536593530657679
0.99677480336041
1.15131363464042
0.818724202424809
0.55935196240533
0.644004649683565
0.812276853003507
0.638932465155366
0.620881621714048
0.498840222323023
1.61131029389739
1.57566658589571
0.713483544212005
0.644590432904898
0.560062613812468
0.660984647786866
1.14638242319532
1.24497317295679
0.907829442696522
0.73910043191992
0.503324912174919
0.495936655568102
0.974157875889435
1.23803320858379
0.627001522637396
0.424847717648159
1.03338070947723
1.1862655192714
0.897745676524455
0.779936317218746
0.9724107249199
0.993727649274109
0.57965149320267
0.566089499586269
0.521902600068162
0.691893965491467
0.755545008886132
1.07585181996775
0.823021054819366
0.459007772961084
0.873901095976357
0.902242032534067
0.517963914566755
0.433279632537713
0.551254177973907
0.800523972078918
0.862725255751014
0.682996268831197
0.765709469005438
0.569022932711202
0.793929151979261
0.495912684362437
0.411117651611008
0.356359288333511
0.373676073894496
0.504108029209091
0.313083057823251
0.486185663965962
0.616110047293016
0.803028282510452
0.996682079904629
1.26725868044309
1.24395479103408
0.725721327188441
0.591454878848678
0.591232321112732
0.44504399151841
0.383378927543975
0.478538585064743
0.929696910428294
1.09295543297731
1.01701592350637
0.490544946431471
0.398993219110797
0.375123006038474
0.369715760432958
0.401147487821746
0.583759148906559
0.508600463916676
0.830168067032244
0.954095957528132
0.681630138541536
0.657360484103156
1.13181170992308
1.03655453598233
0.561600967880348
0.468919394487059
0.447585622306232
0.893235308825621
1.04907692859208
0.577295124444744
0.51794141624234
0.448718530076892
0.538949297776722
0.884474512265877
1.11824378065993
0.754088443255537
0.651013988291359
0.520492946643526
0.875505346235689
0.735620342430565
0.502606372970198
0.473988121625496
0.801193519376327
0.602856380616558
0.38992125312855
0.511255907876377
0.751414490640973
0.707718829624865
0.498772921141045
0.556206535885917
0.605627774528582
0.560757714984233
0.685895687447474
0.696759490620851
0.44929863178712
0.350908295403914
0.526105126931108
0.370061465219265
0.562037339425373
0.798224482899064
0.717501255399062
0.684850371720486
0.6701015512432
0.670934796611987
0.742074544409265
0.747479117232247
0.729338017355868
0.514307087958714
0.991220465315513
1.00500706065062
0.407746896224367
0.346020438767126
0.569038735769747
0.550991042500511
0.636976106051074
1.19572172254191
1.23101416206182
0.587803773965904
0.776861410883525
0.892386788571071
0.412228954451995
0.456185099014416
0.906210841200325
0.528748798041662
0.309824463910485
0.358213308799549
0.480572917383636
0.79528175144121
0.897389075265856
0.824037657162153
0.70200359391291
0.59513009981633
0.593487085743052
0.524998160753306
0.563173775569818
0.486210041415445
0.359439653100061
0.526168343618736
0.755324420163769
0.654492759192765
0.727285506719353
0.46082571679349
0.241663796308275
0.336180232254012
0.442827678292396
0.491224763705339
0.52745323656274
0.447369746932835
0.462570165445347
0.834995867656645
0.85035931406231
1.15539973395213
1.09272464780275
0.879454124432283
0.494861468815771
0.653879557726316
0.719581271292953
0.40117467833425
0.400619790420773
0.431319861036028
0.382128212115235
0.70833859044862
0.688282420433975
0.541932117085573
0.386948262070848
0.523726276866203
0.684924332798642
0.443674719088119
0.708307973262709
0.712914643382084
0.380887868979444
0.53617917751766
0.985984928431775
1.05162623038586
1.02277791042506
0.58741286776456
0.552792380842116
0.564671416914984
0.499447826113765
0.517812427922703
0.798652650713501
0.46570320351019
0.29560064603966
0.729014196900173
0.63024674395264
0.404244904065355
0.641511072447069
1.13649974941787
0.725056616941131
0.290305586501288
0.678159536479518
1.06274901156101
1.05583539241227
0.887186381734614
0.652964665694462
0.400696961402009
0.341096024598827
0.387077182130638
0.42745921740334
0.669424933750229
0.746046220583497
0.713316628446996
0.921246873101568
0.821457503497925
0.734959651211908
0.925205123589232
0.765098139711936
0.509720382609702
1.95863573146025
1.90571387725314
0.957459552624655
0.631916805600656
0.853082085736605
0.50902459331792
0.591455805768474
0.849252447803096
0.472208571054844
0.452915890734866
0.591717750986978
0.443571918319072
0.465263077167497
0.58734218182
1.0477003037199
1.05562961696556
1.08879418617846
0.786853749301771
0.538238832784575
0.529060847643057
0.761628163044063
1.05877027504355
1.170063626604
1.00582956676229
0.886372803509169
0.729001283833182
0.754403066134508
0.755224753904851
0.799671061815819
0.796322327774759
0.87250392735044
0.622776343906765
0.386663854851258
0.324588337702504
0.317475679564659
0.354851392573689
0.190672530465666
0.180892919985803
0.302579073687098
1.16482190676408
1.42736572947001
0.816181883885274
1.14513903716174
1.25598162470867
0.74277288579747
0.578812321248593
0.520643004199417
0.503974763322976
0.312144823593249
0.613140156981434
0.459442194242402
0.657479711035357
0.606063465297154
0.76442980208381
1.55467907677268
2.69962893574223
2.07174865333323
0.807819478281138
0.626761773613088
0.498374757887642
0.599652081610944
0.598621100196522
0.505363781205417
0.510381258802432
0.208271040719476
0.148871334044575
0.243461700974988
0.25636799200995
0.222263796588664
0.332427288041895
0.396942137018797
0.248862989076912
0.285151231693473
0.51277547254597
0.4687580661804
0.310354720791135
0.365484428980908
0.617957538721086
0.941204829703074
1.27660143574641
0.794539059128287
0.469984806722814
0.46983280706865
0.513001474955273
0.491397396538385
0.261945798222854
0.281397630377657
0.415866222897142
0.532408241941665
0.553449254943722
0.306134600486812
0.295020149926685
0.247674823986535
0.44211151947057
1.07005665985843
0.937467383428756
0.537892437113739
0.592767280850904
0.400196655469347
0.411788398379604
0.325163123296
0.245408037302179
0.27435152853469
0.254452265013839
0.321230421592569
0.687383918990049
0.864506841092889
0.588744941101131
0.514953216569221
0.636931304810889
0.984587138096486
0.686438757068376
0.554583561345696
1.13540258760597
1.19758146920699
0.704694520070817
0.50352275676409
0.41619907798162
0.289185473512748
0.333252674479859
0.291009529036885
0.280070926165384
0.342678457628273
0.3079277774086
0.32144908926731
0.356712157204399
0.4238232141342
0.32579795821654
0.437266985793195
0.744215961739476
0.782739115458581
0.68525948510641
0.49352125477217
0.471866760560864
0.554692575260987
0.592692256749801
1.33727254452302
1.37987194982273
0.583197906018926
0.498181605691314
0.386311910101938
0.419546933775093
0.452493629954864
0.431824833857141
0.499773401021136
0.517944729144603
0.479680353326692
0.387600080604689
1.07792647821061
1.08129617490712
0.690469369664224
0.581829153518704
0.549989271313881
0.469651423929354
0.246372846674378
0.323299123814933
0.394980619026356
0.440037404087144
0.522896362522324
0.558709497561178
0.316163957281896
0.38584242643645
0.681091298014623
0.730315791208016
0.627858946108129
0.374564264632218
0.331475042625138
0.435344754211371
0.569152745323212
0.340087878753281
0.369251533442862
0.353283578910441
0.419550742894226
0.380395604120946
0.308569518426222
0.325275919273971
0.369778159042601
0.381542447587258
0.276688841363365
0.325726343239202
0.423971665093351
0.548243689192354
0.454291345663931
0.583396434948246
1.21112948440779
1.13158171631398
0.468411456275032
0.380913724168564
0.374307920741004
1.19974495088689
2.28204628472729
1.13476898622835
0.579229933780195
0.4072204529738
0.234895830957463
0.157911504854684
0.215451954296191
1.525769646601
1.97434763805712
0.897802610206006
1.01017697253786
1.19312626078881
0.793448311119494
1.00310212034385
0.689047130380878
0.431817600830567
0.450736408017993
0.513029680257662
0.368713875095126
0.214584894737349
0.37242909097233
0.353492097673226
0.334074681237172
0.322972206638468
0.262059215252846
0.303118703011532
0.323120981421638
0.307727982487882
0.292312745584206
0.294490184799555
0.346528027927135
0.361697034759953
0.455644252508415
0.503884600907526
0.660297692690437
0.49582916984718
0.553810403248898
0.363346408957157
0.539333838666343
0.73298320006308
0.614213921889015
0.360863765603284
0.798562448112584
1.08809152825
0.649002630880024
0.392905069632697
0.411283221986774
1.08426292131798
1.48739911283466
0.657842660403572
0.477670192268022
0.307620247058078
0.228252265395435
0.240123519285496
0.301723636083267
0.318137775376864
0.341354138919612
0.353033507356783
0.385997745256908
0.402863068279708
0.421989377455521
0.547213905067071
0.394169947147804
0.247586553675529
0.33560580412431
0.93652364673569
1.26325512969863
0.667898619242581
0.331095960192664
0.358702235907318
0.872879524317106
0.887538587217087
0.368257588361553
0.433135585471592
0.674763830367163
0.555443133346235
0.492124353345036
0.407566240610509
0.41512909512234
0.369012791795207
0.571269509328283
0.709473128331392
0.881037508094348
0.927681353531647
0.648954868581167
0.522486467031592
0.618053558920956
0.653165040381433
0.699766016664145
0.519303364707694
0.311583650446639
0.39212211593361
0.41946059382868
0.280749028516067
0.299939279754345
0.252078511251692
0.296156347154183
0.286472495305614
0.274102793873264
0.361568312753137
0.444262399674744
0.438172120370316
0.335895890558997
0.244407303915555
0.239224705372625
0.294680865170019
0.356364315275144
0.418085899442544
0.845404600032383
0.715352985493826
0.379125789655267
0.377554722169352
0.438317450794484
0.564762624638282
0.868770919818892
0.98703158105337
0.644562306945124
0.554395176490296
0.457597000897821
0.404419834145825
0.411437503654091
0.337151140810011
0.421401636457729
0.451703848010507
0.351285197015206
0.564706408435143
0.798991821739767
0.747046007950846
0.48289506767247
0.566870387501219
0.727594811772718
0.781871423624523
0.629025741676307
0.838066538506717
0.983862838995169
0.623822718019618
0.572003199751113
0.406596836555036
0.32990877013361
0.348042831891229
0.31126408026954
0.369152503141594
0.395684644841291
0.42411413922938
0.49572260193582
0.419108252609766
0.510534363650938
0.500555504757565
0.347462399724283
0.489884424763653
0.527219475675948
0.27593890618364
0.413011066446146
0.410989591774363
0.444599777593403
1.40174413502436
1.36271500679438
0.470421378355552
0.585171622626665
0.636854860436331
0.331802591558126
0.333145654698102
0.417017611428112
0.54395745352394
0.507103010748251
1.28488880687111
1.81883418997496
0.89259033261772
0.586847480432478
0.543052800511541
1.47026929210086
1.64428901294023
0.549108115137216
0.385589378571605
0.555786772396651
0.973911070559793
0.90352616393255
0.569295736663788
0.400642782200698
0.267485904195031
0.438126355394537
0.677958323437633
0.537848290532272
0.372940754990173
0.370123717333429
0.371655859256076
0.39943428159794
0.37398140423358
0.461808591697549
0.476512687516289
0.445849137425806
0.359250032656755
0.382586451316718
0.492189560547007
0.499208866321825
0.698441140554839
0.977585089064554
0.839069177969348
0.490635928603565
0.504121241412925
0.842816895408353
0.75425680341771
0.496827805841404
0.589552610702593
0.541615354567176
0.3467151367072
0.492103583031217
1.32150865711992
1.79900437351332
1.33183708591157
1.15978692919292
1.8825612572604
1.32480689608004
0.482387830628001
0.522280045713787
0.509175222838927
0.3544895416955
0.464273640518343
0.495148550273356
0.379196802933696
0.420456544822731
0.549707235744834
1.14242260353462
1.14785090941937
0.60126564029541
0.576346641584424
0.51562418960805
0.33082254107193
0.36180821970326
0.367691525883763
0.905766499253214
1.32626397971433
0.897139991136927
0.559493143696966
0.520848376271241
0.544718067327236
0.802381769211886
0.768813772222613
0.555545924966906
0.450890815687443
0.394186835252101
0.427542076704087
0.658196367526438
0.608026329012845
0.438673353262096
0.490537849220141
0.403312164456268
0.36611261388755
0.474551831127635
0.433553482416815
0.287499706129255
0.302913422365727
0.318951430146841
0.522352184262875
0.636236916146183
0.580868116126251
1.19187957272626
1.44391190194677
1.50046672556844
1.20420519661059
0.546193972598488
0.442955539039699
0.360062943093466
0.295256850569841
0.285469202894464
0.334281706007218
0.352663627592978
0.619213519171327
0.38879605366012
0.386003824545169
0.414866094079956
0.317954589437417
0.38291660156105
0.433222332287107
0.382727808499247
0.329865225482883
0.91835721357948
1.39749184673844
0.933093299276166
0.817563006697812
0.55231912851251
0.415317478270084
0.540336790059811
0.486561275481474
0.419665753092853
0.403778129020549
0.782855762850821
0.853430121228773
0.309605042557702
0.36953453284441
0.472653719790251
0.514892468945988
0.639012346754198
0.518831384792003
0.413904980717566
0.470795937326086
0.238459702208224
0.273128752647967
0.811332239276399
0.910300307181286
0.437664364930333
0.413157946404599
0.456780253350807
0.459040322711651
0.650239911436074
0.935971030825836
0.628170840381467
0.692053060617366
0.480077002300778
1.06790372836675
1.5045149389762
0.519590560069512
0.267260183525914
0.224703963971392
0.218205275245194
0.253386596523241
0.596211579120791
0.770694873297578
0.556026019784959
1.19968720103987
1.41208283612282
0.771953916163449
0.557357511758018
0.643533295892388
0.861246091847416
0.797828018369234
0.604152537574574
0.450350961984249
0.477878760827868
0.678092985581401
0.626700411272438
0.320816792643869
0.233844041090872
0.254414838830864
0.341277551951198
0.379794792781613
0.499995264284346
0.573838479501648
0.545523756338889
0.604048005090695
0.590060389554689
0.493090058542398
0.632060156671191
1.06818412083807
0.746872501267099
0.419878332450635
0.546603167114634
1.36770493261403
1.24104396249824
0.466500188818525
0.571711919152776
0.411346374742455
0.623016778812564
0.777444443820225
0.500296306395119
0.539249741098366
0.509793644096475
0.651468701178671
0.843303288228626
0.775624635642374
0.450236506807473
0.405290497702485
0.491755995090818
0.602448698054374
0.56828845454113
0.298590278800806
0.352158117536578
0.470789048949607
0.740518304029695
0.869296660337995
1.04451146791721
1.03802721999941
1.04072290058527
0.677483475840598
0.422841825700171
0.295184162417372
0.363165231056833
0.382268595630767
0.362169304024742
0.31408264447319
0.361980491130176
0.434880574012901
0.292189990982115
0.239933988462745
0.414825000912337
0.57569457268306
0.457955990668359
0.251202599119165
0.277897890600922
0.307844935684941
0.246706536368345
0.541628987725833
0.610627009517778
0.641702359562776
0.711451491646382
0.939937158686754
1.32119003927376
0.884851130100105
0.476316898334537
0.305224545688209
0.338047800677761
0.501966527028004
0.326078610527978
0.330671975089088
0.516832656800025
0.552979460405765
0.562377655441178
0.531735838069818
0.379971618723305
0.373092211954115
0.617557545096949
0.861476467469853
0.665803407992972
0.661595454015771
1.05688156661791
1.78115015511356
1.3939729219631
0.793655255569083
1.16303795837733
1.309095111698
1.42256384476053
0.750392710109124
0.449774545928903
0.367012444939353
0.313153663744288
0.439318636295458
0.426659771569377
0.349360894022653
0.310420272910277
0.327750622709664
0.483142796413939
0.494639399665862
0.447121546320713
0.304602485831819
0.260394590071622
0.498807656201565
0.409379031462516
1.163319004423
1.53300885847799
1.2821671261044
1.37781210536405
0.770434750647768
0.625925581582522
0.462109065687777
0.274730825585152
0.280237852354971
0.483755942251123
0.69810055995424
0.713949102320264
0.403100905766923
0.718774428186799
0.799908795107873
0.430451002074091
0.511294414581478
0.423630717026976
0.338904313153166
0.3016750751982
0.328317842717522
0.47626869358408
1.26358075892651
1.1339489040707
0.458498087056993
0.680800365517162
0.856699990833333
0.935394226464762
2.31129266745107
1.77519286315834
0.605177023000975
0.613154285295534
0.346768646921519
0.36650120977316
0.341674696468567
0.309354639077217
0.317706993323925
0.329234087202006
0.365411220212629
0.34751794499866
0.390505690613138
0.558775871481005
0.490233424348243
0.500175570213349
0.956803524322661
1.10068621110672
0.809296959820492
0.65096924904917
0.418755860424757
0.365564530842737
0.412802034290795
0.733404526982641
0.923042052766692
1.00445233232249
1.20593810926602
1.71832491018575
0.917131531912741
0.504533822564155
0.766121744555867
0.7157857079658
0.347565085161865
0.264590549595414
0.360718703357269
0.45971661936133
0.414689726814055
1.05114090088227
1.3571864357421
1.04964324231323
0.640515967336369
0.385919260403611
0.628558186241806
0.631917823324951
0.786358843250112
0.728750305527547
0.908284972259887
1.47200802690432
1.30197420711907
1.2870377694361
1.20166971557481
0.478382031667026
0.686271704866134
0.766856575355381
0.429255327814619
0.509597326992296
0.450632970488178
0.389615645078705
0.615508388641803
1.17577651210956
1.3263569213591
0.547532739449321
0.686967172776999
0.671098565445328
0.384633027670908
0.408737812506434
0.549963935469994
0.481456866870445
0.422936398539237
0.571871162003846
0.578594043954548
0.551283423942951
0.857126105185164
0.761130483749718
0.39931262297933
0.622035179293603
1.48565870703217
1.75175705029044
1.00035204536545
0.823135144019707
0.790103227777307
0.636945596728946
0.816830862785863
1.05318378877647
0.787640590368166
0.617828293550977
0.548992355243396
0.763277466201962
0.465131366746944
0.445430613437249
0.690500814641284
0.652041773366406
0.50012858659659
0.475049881962087
0.581342697624245
0.41530937623111
0.879961559737081
2.09010456045967
1.61565268819327
0.531623324521562
0.397408022185051
0.440319420649363
0.391504940367588
0.493632871426556
0.640253135185694
1.01460421285063
0.869908654974017
0.495842469737013
0.644228315859687
0.797904108218595
0.975849294488949
0.770489819246379
0.61018469616189
0.536428252357253
0.391447153055798
0.327405137344361
0.38132519824857
0.508743490179762
0.345671135915048
0.682907581517233
0.902492339958439
0.543760601420527
0.628758709517634
0.681678064318778
1.27465130578086
1.06216455975812
0.425326910838955
0.393552826325726
0.474994061545176
1.79400463571754
2.30087523422899
1.02143739118508
0.508446863630905
0.594320140876269
1.25060593695516
1.49574553345092
0.742554860155502
0.451267287983798
0.399181335438194
0.535755365048384
0.510773834408011
0.391551009887526
0.454606253707586
0.546728435032835
0.492874901085636
0.580791125097552
0.755052042370123
0.471250003978578
0.299419979381642
0.752551237063081
0.867790055307725
0.468208992095777
0.410234255371464
0.446844334175794
0.631632808666849
1.57458786888949
1.72295658756806
0.9233107077035
0.674465011975615
0.904481127278117
1.35394499513361
1.24794823674925
0.899443791288308
0.769660901231085
0.409570682660623
0.356501924504362
0.323570793978353
0.629740693533794
0.589793439560683
0.475399818206993
0.444565482175802
0.434233727129286
0.462212066921874
0.664504048707255
0.784829800020266
0.58305833677899
0.475262729784774
0.549333414382838
0.530077216807737
0.632290427836489
0.838157057429452
0.695354310591092
0.554631599579176
0.462374281295634
0.651568847073924
0.873179438066847
2.21905200414913
2.42935737922531
0.608410332352073
0.58291708404635
0.616373076610791
0.722182922489452
0.698529991962685
1.39022860111442
1.18845401529527
0.48303067732625
0.633411094853749
1.6396570468487
1.93935936090051
0.776996063893715
0.869385271887923
1.20223711311421
0.770977291822202
0.38367389095854
0.64912406352781
1.22994452559167
1.12950761844334
0.964415535011434
0.564788412659379
0.456162814362629
0.459909876559589
0.399189652353191
0.558333188094424
1.0229760442757
1.00285907849466
0.437614945818748
0.451609891882679
0.521369240341288
0.436940577019828
0.32022335433241
0.389856518529771
0.416855299777022
0.529341979134809
0.494969561571877
0.449352447766857
0.469225956155514
0.56196627937134
0.633439895140043
0.816411596707604
0.984068117486623
0.738058463141163
0.380452824322692
0.379694627469117
0.515395833105507
0.749999256984329
0.714417383393237
0.472021072801566
0.469910574566932
0.62204317312088
0.616547050907105
0.547450137082797
0.906629294456155
0.915273410043038
0.508902351508881
0.386083686219886
0.419040418356385
0.399840221889957
0.60169747464207
0.592584290675835
0.312818039901603
0.335969082017569
0.391137545172049
0.598423395050662
0.611609534806263
0.690025864990182
0.980302209390586
0.849761745711479
0.695636674268268
0.647588892652632
0.567606965801097
0.712033910095574
0.72289230020819
0.497173773295219
0.486428683516035
0.444622413220045
0.362691416531295
0.479375535778754
0.452214402705797
0.679927737474852
1.26029183130149
1.08250360520391
0.439498270171538
0.649008914359437
0.620784531904982
0.480612886347494
1.01055630790645
1.22848693315521
0.679302624218817
0.549525611877636
1.04282722889567
0.825790520841839
0.620906084913551
0.731150951975331
0.866349211979964
1.12222982221588
1.09000358719013
0.795262603922527
0.324046481935128
0.736521047041242
0.898778100543133
0.774499730183954
0.607704452004946
0.658364453543356
0.423383717911982
0.368011757307393
0.659541912320754
0.66718690465028
0.559465561881052
0.440380314148199
0.670241149850511
1.0931563783223
1.04755873450167
0.863643711458028
0.632227700069626
0.492345518502768
0.654429135375025
0.919435964437231
0.829288738423978
0.647077519087896
0.504538020628282
0.488306206380907
0.55525439740699
0.476611140382988
1.00198969477262
1.50492320726186
1.10261804944139
0.694200156111865
0.606611291926165
0.682655273592006
1.06594563623417
0.670684841435122
0.532147038102996
0.304538946230246
0.594090452345728
0.842964068630962
0.649609784929604
0.384176407008883
0.436343570208333
0.403803682756145
0.428120503913393
0.455702763056451
0.45421950915087
0.68120437304073
0.530219019725317
0.554783055467486
0.481875687497086
0.350986522080832
0.409699925084941
0.540047784348525
0.632918628859215
0.810637529648094
0.704210656324685
0.455244472624162
0.665178999468756
0.829217088419917
0.823063630861887
0.92017030311911
0.80024166340759
0.599553610267711
1.01269626686354
1.39625216926458
1.21661530113606
0.437447772901177
0.564544428911489
0.308424234957762
0.339823401540249
0.268645558920868
0.364181115805695
0.418964859111184
0.774601780606477
1.23610242159344
0.93390337159216
0.517984974294421
0.328101729059093
0.342075918171759
0.512868635015562
0.479097631214107
0.37595340254438
0.363018364525955
0.333458106302889
0.346067149161176
0.602935986541013
0.517328051891207
0.46016991056469
0.570855844714582
0.762327779897137
0.991058727187929
0.920441612935367
2.15391593023516
2.58380248470046
0.590942943422341
0.767773848943688
0.705962186959075
0.948224536166491
0.994962280093468
0.611180244497057
0.412208530239102
0.361625447049495
0.63384093857566
0.710830934997011
0.367484329209926
0.413779797985225
0.739270477003816
0.708175228272894
0.932462684332653
1.0642551229991
1.1183813519187
1.32662736585607
1.11368591801681
0.849605351721756
0.302643530282885
1.03644010307891
1.13794131736385
0.579883017380564
0.5132436527795
1.01553701325047
1.25451154647088
0.446982048316965
0.680073173400594
0.725108701356591
0.761748436849722
0.608256588946568
0.524647336987419
0.480458107297037
0.8137498795373
0.986653611616732
0.823669232791313
0.631114115113645
0.684395602972783
0.550342381965131
0.473311424309392
0.835910644946923
0.954068249329991
0.335671962581555
0.818528680692789
1.44634734429968
1.44641014527066
0.876631641587591
0.42560686026642
0.384017863734303
0.676480216211261
0.707194183091922
0.65298629985225
0.715937717506336
0.737788096375741
0.663951247768613
0.67433734537639
1.13036421794787
1.83293595460764
1.01971276086142
0.561561189638068
1.00667886347931
1.419415840524
1.37727166611797
0.716667997808704
0.43882724473974
0.278009850751865
0.543410577545687
0.877019705639255
0.990410624776712
1.00802006895673
1.03856568306449
0.871907787524735
0.905801063950528
0.994352648933566
0.788757160638067
0.841845227422909
1.01884667904383
0.656093076837966
0.362273512560236
0.483221783302262
0.525890458760569
0.888503788832301
0.866014555761031
0.38720844782265
0.412214674819189
0.354849839701196
0.380544365369439
0.313901650394043
0.461031572384294
0.351405571982455
0.451222216503178
0.487114257494871
0.489759086509371
0.561355005668565
0.483193461071064
0.276824588221139
0.397980716116743
0.622602522594341
0.634599212718613
0.360881606671296
0.419891420097409
0.562071961358378
0.533704938108962
0.267085828884623
0.446235466351644
0.80987824143091
0.797120226603752
0.811035618512264
1.33106450046508
0.858699812617884
0.457045275599122
0.400661043972378
0.577199008195972
0.412822298188573
0.397012111486798
0.526010950163209
0.634482405914862
0.843403438839183
1.14167325530652
1.45415091955186
0.891984790636739
0.608834915145283
0.714302404073942
0.500198583601408
0.311013245710918
0.272730142245094
0.879889673610093
1.21406173657565
0.993723819504322
0.653820845407957
0.47626776654395
0.598603173041921
0.567837672242519
0.491403154089815
0.85778520007354
0.708857523139107
0.690258739791935
0.670247129067981
0.827720609741139
1.01546493602673
0.741670289047308
0.497912274482134
0.432562308222982
0.996166101589077
1.08924068811306
0.471444842211044
0.773959792606184
0.828711110052566
1.34141285165683
1.03796959759626
0.476740400183797
0.410642583543099
0.394110560472603
0.501076608248014
0.434571319033397
0.611523194330201
0.806938032623896
1.09656939338642
1.65443856041322
1.09123561073478
0.942204384563819
1.15702958417518
0.702710286087018
0.464597825107704
0.530585180972535
0.504502145852377
0.408641339945412
0.396631441760553
0.453425683210003
0.6994495574109
0.926175307643372
1.06125973059265
0.910405352078585
0.410398062907137
0.42956346270845
0.446826572341706
0.449098822001103
0.530417433155341
0.497832542970567
0.710428248726707
1.18695585391518
0.869212110541648
0.574827422737058
0.738237250626757
0.499544365454196
0.48555208749221
0.449762258136148
0.450530151701301
1.1491752290483
1.01911244289611
0.648279669901129
0.874766035343927
1.79239504251367
1.8125090650812
0.807082378169801
0.630830967417865
0.403344405206362
0.514328880027555
1.80862922414669
1.4452832501728
0.422798206729699
0.804878275768423
0.868109482459946
1.89211700266369
1.66762378463073
0.6649243575358
0.776011676974573
0.578587551838796
1.09608827768501
1.32112242846944
0.354766972266555
0.265949912162122
1.0177832747169
1.19246683365866
0.574994850466928
0.284450419405115
0.339514608658974
0.59674025318611
0.608499085489417
0.955276261575218
0.931336692239493
0.763437608624402
0.990350432840642
0.938573711342851
0.601592741516179
0.475658974488267
0.512989072185658
0.444627414161288
0.541187172588586
0.736775298856113
0.564031402123921
0.87897750305384
0.828828323201659
0.694277868420104
0.606761179154188
0.41250255136851
0.635192249682226
0.765484312274266
0.872350928836528
0.821597358857018
0.714594877325548
0.615766171107813
0.586832431978759
0.595614861195795
0.69130722458294
1.03677221323859
1.28499904625262
0.937770219476487
0.941554433818763
0.534072549938264
0.688346984689082
0.621068005075595
0.598200705083932
0.871232260399919
0.501265506947809
0.276539786773366
0.339997253321446
0.388224920498715
0.757739665646787
0.932550203403725
0.751501446056531
1.02097207186005
0.695133472548656
0.396676311280005
0.632434565092811
0.796823016668674
1.44380332563051
1.35099176178403
0.46985478639575
0.501393299363191
0.500719574930298
0.822986235561958
0.967063010998848
0.784703975489496
0.623370615205516
0.597898967302695
0.640624632948469
0.613544938867919
0.642366051589361
0.591685602880877
0.558341735868892
0.446161638736667
0.650924422774964
0.702461622382617
0.668176454132999
0.60889437738832
1.44950217228611
1.78424092363797
0.826599957891806
0.400349295947306
0.664533645075463
0.508410262009081
0.451636570033854
0.594118061642208
0.581383801325914
0.529019458388703
0.686515089326236
0.550566987441317
0.397576174655713
0.556750608200783
0.374055059220023
0.286151591177685
0.409175578268665
1.13706557503768
1.05899067617008
0.884936443901139
0.725153347339831
0.780786568455534
1.02257438076317
1.20030661920297
0.393305238324511
0.468795050414746
0.535924156090899
0.329187930917274
0.369379257024599
0.378768608663389
0.688484889209322
0.829238635411378
0.642176928938701
0.903883829603257
0.84193612304447
0.553622498477581
0.523130607259856
0.454284246850232
0.970322369958798
1.18668757613572
0.620326834345171
0.373983656944876
0.663760999781493
0.728656048149235
1.29759331646575
0.742872994308756
0.321468861712216
1.03961901021002
1.02977435015856
1.20391389063799
1.17695737631376
0.783852405784649
0.652048773343637
0.512953736149107
0.638868205425461
0.851971795650505
0.697638598317052
0.542276100025004
0.828584396855535
1.08132410920347
0.65953371550821
0.686614177048318
0.652700025818657
0.450990648241734
0.490104324836056
0.637908682733797
0.813831498768754
0.575540838925994
0.234569820495233
0.288806557432889
0.42533951336569
0.379970179685047
0.624351883462449
0.608092556238437
0.806366974321001
0.872451992854156
0.879284636316719
0.643665314106715
0.511127912413962
0.59405466180943
0.524891171118825
0.497953124166372
0.650627127959186
0.643003665044136
0.428432935162463
0.723501167484596
0.630825966747137
0.364350637888544
0.641300965025683
0.546041809708032
0.294147735436842
0.399806161053009
0.754492004723665
0.38466816755883
0.270901092597696
0.542502181939358
0.716257443830707
0.312902536976436
0.629052520729838
0.714064253836915
0.794064532381765
0.936962995974387
0.799980293625332
0.393801640404252
0.727369215338041
0.783156960995753
0.746936670896438
1.07774178590855
1.20222201796317
0.531607802932027
0.380761419137976
0.433929252137505
0.430600851267272
0.433797768154833
0.497133661635757
0.733385993892133
0.7373387743388
1.18895838993938
2.10114391926522
1.56125306027469
0.746156310922671
0.561481081133247
0.56617505827724
1.2378904555866
0.500354180816591
0.393940423454433
0.381500736367574
0.664925228166324
0.731432674175852
0.729613184891557
1.03677705119867
1.17000526373267
0.990949525602348
0.800464093748476
1.12312515459951
0.927877800681099
0.539190148589665
0.43032470007501
0.441777675733494
0.515327996882944
0.44849269100637
0.482413684343439
0.498432595423069
0.493859370265135
0.639146182974406
0.799508965470619
0.573146535791137
0.751299939529049
0.738150857483866
0.734887343616214
0.858977502470383
0.911026807880265
0.743587138385248
0.454803906321707
0.309620643703646
0.72715187752839
0.770907496728613
0.758629731882376
0.794536200757135
0.713202613815409
0.985308179751509
0.689980865407308
0.602101057861024
0.443581497447635
0.503993493133824
0.780391440797285
1.18907884157798
1.26997102864061
0.872709366214313
0.594582819305723
1.34359581859739
1.5094450485329
0.886838786959536
0.786767512478202
1.56564508248213
1.29755066009704
0.448939704473616
0.379755582134232
0.358100482794306
0.619318141973355
0.469253130893378
0.415497991162304
0.615341265547427
0.53420659780999
0.508369553502753
0.861534032667467
1.3575348364151
0.746677213973917
0.597055198435628
0.411649607113953
0.36264613861904
0.377605393449446
0.441847820389817
0.65436462684378
0.521279188145076
0.653112870621616
0.950165903733205
0.643640955977142
0.423191609249361
0.581519579488192
0.573953781023057
0.51668445939064
0.701924628213126
0.62288982379831
0.739963618905818
0.476614603745063
0.454638572599494
0.371009470515129
0.406444155975764
1.26168585021008
1.29517711122213
0.721990286362902
0.53616852292281
1.07983171707056
1.21363701103086
0.979105099252345
1.03262623716198
2.02407031888251
1.15674075539446
0.609740886434263
0.476816259674795
0.715978476155708
0.578964756956201
0.299998810298295
0.351333409480395
0.325931598653494
0.388247056497408
0.341911350654199
0.414182271262321
0.315061419960542
0.277559677107325
0.468721844260025
0.611402341069482
0.467756147354013
0.298099661804539
0.301123317858093
0.56593555464935
1.20308078165768
1.09901098769395
0.856062044584338
0.587087145177055
0.528827892850324
0.552534982015278
0.880591704522059
1.39636078232109
0.600438371624914
0.486728074211853
0.665097268187865
0.686868478758188
0.700060449268989
0.835376169174109
0.915501701091558
0.560279966590392
0.236424791021476
0.446264967865625
0.503402827863028
0.367672628076461
0.74640591515307
0.710881367879373
0.421253258799816
0.531267447650482
0.738671762957218
0.587557120037635
0.401268531863423
0.923764291521243
1.01794170192532
0.603592877628723
0.937142820380746
1.26555922714096
0.739939939775638
0.653836283474751
0.639758967030833
0.82120463407007
0.961752648483779
0.869233845874399
0.552244195937447
0.370332797714441
0.455891609826761
0.490888193638784
0.50969527862058
0.752766759528385
1.0502461726641
1.151805185186
0.879012823489437
1.03433357788775
1.30234600860218
0.841779587191936
0.611056713685396
0.527621377964295
0.397731466113844
0.914363078967547
1.18188161272875
0.507064082953026
0.62177155622026
0.793665351086265
0.57583562797243
0.842459380320522
0.850423398664498
0.47614943389028
0.537832209304871
0.353210415204897
0.272327530565673
0.319068466663512
0.479895508745091
0.323288764349629
0.489341343823559
0.595890647937429
0.322118633565912
0.308110947065626
0.253648124388831
0.353148764220473
0.391566759820865
0.467505590542401
0.320277662984746
0.728278473334514
0.435186027929247
0.269468788821586
0.396833643838424
0.630347424522081
0.410503985665523
0.444584398528261
0.662358546617666
0.676652429978292
0.61552634393015
0.561869203383394
0.407603991884784
0.715934174316071
0.615268537664486
0.383094337764251
1.07140344467506
1.05175771782824
0.736628388327862
0.703652874186378
1.31057012070938
1.42753695291225
0.478555703070379
0.599146491462705
0.311893031682372
0.224935428397484
0.470755592036483
0.641646234011189
0.495041104793959
0.633403762777285
1.01773054820851
0.942842192589054
0.588500174993653
0.570012981045158
0.412146585418052
0.609892875833673
0.433454267937719
0.690220265747684
0.696353162287822
0.383974229199925
0.388824940280819
0.922778157189628
0.676883629764288
0.261187653646547
0.582657352569939
0.518314014378061
0.464654341285677
0.557589810277443
0.701001597955099
0.599767566719705
0.386560024375744
0.621830191823336
0.926620372112848
0.98803013654738
0.57909090797326
0.387810102853395
0.534370273730719
0.468002070950575
0.811577526819598
1.08173935781063
0.687319046925663
0.481329765623861
0.560885896427826
0.687126052882466
0.596562990756401
0.631935527285058
0.680708691001317
0.790252135519492
0.636246610302324
0.89447998391437
1.1528749836971
1.6928732758438
1.41114291985589
0.477612874248548
0.427793166727085
0.507238884574747
0.764594369125599
1.18537962327542
0.603790124492943
0.52098560688249
0.914987864174309
0.751356731040304
0.377901401470651
0.402024681726451
0.646917318713783
0.786214767589548
0.777284381523448
0.668128534995171
0.469687072643617
0.720220588543592
0.8617289098774
0.764712870860924
0.965665302400963
0.879205536823415
0.739098748778881
1.30017163217765
0.6457660313709
0.744530660373407
0.999629336902567
0.600559559974174
0.138838309551766
0.340673916660576
0.325358929351234
0.26202612160596
0.36136151933475
0.351716858597937
0.32297501682149
0.340781311907682
0.716956722936703
0.871488183270654
0.722487105776374
0.712075461935359
0.959280257064128
0.820304155956318
0.614273721964931
0.823258547929805
0.836219501097993
0.491172053396522
0.858024406218705
1.15442970300093
0.619428290630571
0.425528786731435
0.803744351456642
0.818954101685819
0.74329834458131
0.410552517423071
0.575843903544847
0.632561863475798
0.59744959146287
0.520554216050938
0.914021741011822
0.942149884368089
0.710935863233442
0.443143316441683
0.9115197571604
1.04759968616317
0.706733597842497
0.783999311100235
1.16526718137485
1.15431711936393
0.577185995307739
0.802362974298071
0.675098473464189
0.414279257497556
0.670795016901733
0.937914250725711
1.2915250115866
1.19868782192417
0.58865940680313
0.493281922120378
0.518675701406364
0.509415418364696
0.30258980134959
0.227896309094038
0.424198684878884
0.422204856406517
0.451365603012036
0.563590057924587
0.710361992968545
0.479285417660949
0.606429156520403
0.566653278430097
0.245812063442098
0.451878205297574
0.842605547867006
0.355693484339139
0.261285444907378
0.463981251570454
0.665487981048562
0.6425570387712
0.518092606276823
0.309526532765062
0.368509712585709
0.381854115089769
0.453766342293806
0.551070683552986
0.511057682794437
0.568358304122151
0.588257441247189
0.913874227004462
1.97594561044924
1.45941242734449
0.642375393722447
0.746849059684682
0.913313365815438
0.592516740616609
0.672675587981496
0.685580021547309
0.749166900645289
1.15833115648209
0.767994626356162
0.898144842280044
1.00810615004567
1.03070173119378
1.10411697848128
0.649345556802455
0.401337606365259
0.353686199670893
0.525746053336855
1.13347690122416
0.968314484354539
0.45338729523059
0.736511471565075
0.754607585307459
0.483680892463149
0.563747024465438
0.754526250213355
0.678417226221944
0.356551292795157
0.920642860622656
1.09841156687858
0.320234226277856
0.392807756474547
0.376502451162334
0.440002088085973
0.421523455865512
0.676615008018858
0.849970037380131
0.721050992059902
0.580174447630767
0.812979026644458
0.775452316130764
0.636227171400011
0.784108408083565
0.685124832196161
0.906926530512199
1.17140924841143
1.06801377887522
0.672676228987852
1.43835410956485
0.786530686161525
0.491057859820604
0.511541826524222
0.675259977058876
0.550201763187619
0.533810504845691
0.805032397992805
0.847052989025202
0.320714089402485
0.472813305357908
0.778517863151862
0.575823193013468
0.867145882797571
0.816913437319389
0.694513821316784
0.883320963492245
0.908175950284929
0.670874038264176
0.619052533316728
0.597670954546743
0.713707866266834
1.07514579046962
1.02129735672693
0.736212518185132
0.208194634978601
0.355272818111348
0.434127186846058
0.26137423942878
0.191752227833947
0.275007266556095
0.322995174500383
0.381466580887482
0.557367690932468
0.841172753402502
0.550940468007641
0.541293566952556
0.52692105881067
0.670333497100296
0.78766265151205
0.929624127066178
1.09441812080198
0.906709031835913
0.968030431220646
0.740707311599672
0.720245620067669
0.78502784762186
0.438206951646532
0.326241830391977
0.262877868215132
0.685815232062615
0.806120123768514
0.508864150587845
0.259655400312541
0.415340325634408
0.446875104432782
0.331312330222208
0.382223313495185
0.464901318191124
0.832081768326428
0.726213376069663
0.617190438592927
0.716295112236567
0.754096769562442
0.434339806833752
0.490811417006994
0.470421016236318
0.450037535297979
0.545491557604681
0.776660663986057
0.937589493787346
1.21840186642565
0.977265723308017
0.745364641735771
0.842548441954424
0.822107995710152
1.26113309684355
1.21714139267701
0.379407280241131
0.707276097898179
0.375753060260536
0.642155254368726
0.749169722980843
0.435187658498234
0.418479500516392
0.325439836434065
0.606953631576935
1.08095564306147
1.1995424600277
0.540226792115045
0.475081171526239
0.661184285888675
0.737007949032851
0.688839701144095
0.809557011450169
0.52958069419255
0.698917490023049
0.995943073349374
0.4863853770754
1.1743809553691
1.22190753944083
0.666762750168395
0.45447529661276
0.518454886019615
0.58876717133974
0.793510342045102
0.782394076623653
0.542017343985285
0.914534649188337
0.914024274598901
0.86226579233787
0.74658729934311
0.783425104434204
1.17844124985595
1.04315177371509
0.824677940424287
0.390737435951777
0.497132552067463
0.756925390982307
0.549189258533513
0.3858434910148
0.609301462158809
0.325554456318771
0.252353469915737
0.607837058769498
0.414417865498306
0.69021397875469
0.407429281560975
1.84185323733062
2.67341526955313
1.32749886314206
0.92257038784399
0.744983826158649
0.589861755998603
0.54862729918104
0.433430943368326
0.444865342053772
0.407267689200536
0.534336836711633
2.11923131802226
3.07868562329775
1.31536712039125
0.769877585933884
0.473052027949435
0.440682051989616
0.699963222152621
0.709963574307168
0.568966719969524
0.667977824662844
0.511134742105659
1.25488857132226
1.51655914276217
1.2874692057464
0.667085307602994
0.369759871847385
0.347367773472515
0.778833817671993
0.727520641080788
0.393424278742879
0.496347810735825
0.54489645469071
0.486983694625018
0.405578277505679
0.426658322961844
0.318884017729432
0.264533691619395
0.35105783242745
0.401360458854512
0.588328807164054
0.999086933696748
0.729490559402069
0.394353063495231
0.397242104915885
0.412724226616731
0.401991850971379
0.560713806188354
0.694913493161846
0.55973593291547
0.605162115949745
0.63335078749239
0.507975856263205
1.3446131447029
1.61707981761869
0.834810723223988
0.793982477849624
1.45721201259251
1.96842938580565
1.7361297302632
0.982273698301447
0.804086493062549
2.23264920165778
2.23343658436965
0.734786300180251
0.63956085670336
0.600579096104358
0.813838504003587
1.12887843394163
1.17821962088869
1.84156187524147
1.43524442035937
0.445956554107089
0.608194968584431
1.0424746432202
0.959309768669792
0.70581571985471
0.630809167083959
0.636848715452943
1.18633790909283
1.91996363180951
1.89837395994888
1.23117215493359
0.697261136211044
0.503351033271071
0.591362393211399
0.43920646969541
0.461448970187903
0.705563651915394
0.879110161490644
0.523955605357705
0.359502875069541
0.710817381811173
0.901331841115604
0.790166773747399
1.10022815877256
1.12526466276372
0.69041292587437
0.552669712002356
0.422791795240651
0.403530646851064
0.448807378034599
0.380595903666854
0.360342836177123
0.406742725990244
0.539078991638788
1.09812524679944
1.24804967739602
0.657966904317068
0.323661212514139
0.230528962237952
0.425922091122508
0.489750534360061
1.05629779542163
1.20332438796762
1.09257430930577
1.0542624344085
1.44483247940509
1.55423329699963
1.14398801797768
1.04116280686301
0.694154915234334
0.554729963974919
0.502122807064297
0.849525487210374
1.18397691325113
0.734525618040002
0.295902943534378
0.389533333361584
0.508624786250551
0.849162112542667
1.01137925921576
0.675755175040762
0.404701659456353
0.31744086302948
0.439741371201412
0.568708574705686
0.844329949063836
1.3634935224527
1.90705239828277
1.4458481967904
0.514537543021717
0.387614876263914
0.606458950576401
0.738035750869739
0.533957077047944
0.495234458736844
0.525219591984092
0.535077481499788
0.684106505493466
0.407992902250102
0.340432740511648
0.727611413797739
1.48402553139505
1.26860784272869
0.587259171566281
0.64124134963735
0.844110289906477
0.752387700971959
1.07436054182142
0.874367575497422
0.403477279482663
0.671956683428042
0.740869378480678
0.408687583862868
0.569062841794363
0.298251842187542
0.300074374193568
0.393405582607117
0.502632562679882
0.467685293927346
0.694528979484243
0.60971839486109
0.53266934947809
0.506214805116043
0.286404541555215
0.323840029063644
0.315544969172598
0.420334512252797
0.504313658266448
0.472945022742886
0.455771481614488
0.899042654519853
0.89671829311972
0.554138445209564
0.878929353485948
0.787795483043714
0.829288515137444
0.868211884161189
1.86840260758817
2.57850234886763
1.67319415544207
0.967977308778155
0.74229037311313
0.871089492822033
0.760665492086489
0.523880840733839
0.40072955743424
0.552842777060619
1.58686370309357
1.45272521248256
0.455245605348543
0.425547496618738
0.403256780799174
0.854286626897279
0.729475450070589
0.716953525222585
0.559627391969981
0.491250847935069
0.409574242012758
0.412583335852053
0.499066708659846
0.462752840232341
0.41213700244807
1.0086346178066
1.33734199016633
0.83667833621164
0.519966875296313
0.415062188426744
0.626986661533262
0.551191893602797
0.3843081394858
0.439324544683312
0.314523276691115
0.234465497519692
0.426341652775816
0.862979064578945
1.70775267430338
1.66769833259421
1.06358177349468
0.641158531270085
0.418670753596959
0.684384515860333
1.06869741921708
0.631167182465767
0.152879797054632
0.158209800405038
0.409992890127872
0.394255556044731
0.332325035523703
0.177067031907551
0.706569424267369
0.738014099233188
0.820492359733566
0.527155971147894
0.509940330603178
0.699274566818267
0.756265752080174
0.673144562135922
0.566136490491708
0.450952982894321
0.385192515998708
0.32905414108178
0.338633193692391
0.7575412452344
0.887163783363098
0.671458142110137
1.22438449826682
1.03513788948095
0.343156713244193
0.621328343914557
0.883482429143765
1.33780749165725
1.23100440227979
0.654092140356717
0.507071472629404
0.298461758170839
0.385764632233327
0.438566482683049
0.529068486719437
0.618148728882838
0.702381641117355
0.834413588182066
0.470130501459803
0.459774774659766
0.528911553129327
2.40619042466206
2.98317178953127
0.756316159931389
0.610169318465646
0.700264277632523
1.08884884595008
1.12767108289937
0.983194595960943
1.02962259389349
0.734708512137853
0.838234521980576
1.01738964512319
0.848135434300615
0.54992195914498
0.565804716931869
0.532241918182546
0.35531551494207
0.408642479056188
0.471200658063254
0.452855946806052
1.29276623155877
2.04935043169576
1.07776158116223
0.644019452327587
0.471013293413598
0.310971944227471
0.237699871032814
0.1851878181291
0.212810914721827
0.20405468729373
0.303560825323909
0.426091078935375
0.419542139285413
0.344704258918695
0.215027091290133
0.48790350193846
0.687297520745608
0.640662450685513
0.640758827729277
0.390346917073919
0.317785528222968
0.291975019568847
0.243669278598281
0.334331931759668
0.404627488320947
0.426365643549024
0.774306365092262
0.828248691829773
0.404936692827775
0.35681518208312
0.387705035341371
0.528877658074461
0.660618448281292
0.474052219789596
0.354460228393794
0.411936934771233
0.665736138134608
0.697752829854742
0.377233708393345
0.367098793817789
0.366169914858098
0.573537451801245
0.389207534184643
0.274881550538466
0.173627668589913
0.253265442504396
0.289323614247651
0.260751268302747
0.322636149290636
0.271195497038909
0.157461925386728
0.308961486089556
0.443091604988784
0.301904696376466
0.422882373651086
0.662046965922585
0.566645024707393
0.594406782687139
0.557579591310932
0.310344780034345
0.236427009083734
0.148818426307725
0.248796344241582
0.222038135009231
0.319387034556166
0.38970935086972
0.364307874398887
0.46875063390598
0.364482546053276
0.337941990263781
0.449985017648929
0.41404311936997
0.423419593176288
0.40534379010438
0.345378356135657
0.335909466076528
0.864017342121413
0.833334417863188
0.570117540709504
0.600354013595102
0.630226099487036
0.606932152182247
0.278512804582909
0.32711946776288
0.458533531571943
0.70485614405234
0.652789463818175
0.438002113384666
0.415027670989592
0.385417684754048
0.286020331947288
0.256575792293575
0.343119572037978
0.462056445050194
0.348753042452643
0.341906074786509
0.466536433581675
0.529647864699884
0.523587422450256
0.443637140203668
0.44798366778068
0.471172201401934
0.643165919117988
0.839043275733324
0.714382151612019
0.535064074151444
0.351396291277057
0.460120358339726
0.596098749719705
0.574542636640696
0.628871056012363
0.861847629540835
1.40092431166238
1.16928174034653
0.50163412845877
0.257856008626367
0.353850356905296
0.384066232472448
0.353600561883224
0.295234652563382
0.33770569184931
0.289126466996606
0.400609967601964
0.410114217405336
0.32124216867456
0.139909169465349
0.209217153225311
0.234922387969323
0.236635151748588
0.333792183985244
0.266313147449499
0.333635429352219
0.359632164332264
0.388641712147031
0.412297182461657
0.774741916063839
0.882067952258852
0.71547612778514
0.562728250490558
0.420955988639017
0.302452436108185
0.233639521628872
0.291056484657319
0.467002220300145
0.499650861991786
0.544752392766636
0.454871814789703
0.531154885311225
0.509845255664765
0.4894600891965
0.481615154717416
0.538038830578115
0.664772717006789
0.611128272100284
0.49379336634365
0.325538276189984
0.552015117423098
0.887747664795672
0.621712904638586
0.615463803687079
0.42688338979327
0.694246247013043
0.603390904453359
0.376783737347875
0.332405064742965
0.422084638517655
0.373918552143182
0.261892661237961
0.373482428475843
0.369653587031851
0.201932129332008
0.333092493665596
0.608746066804136
0.398569610489158
0.210675006104256
0.251144867094135
0.359147612908565
0.402056666917947
0.348029011505432
0.340284074167529
0.342001326120309
0.280096671914164
0.247216453123309
0.361200614671787
0.440666701665503
0.438831990684146
0.398311658802682
