0.00221192620402515
0.00202973429526654
0.00213080873423467
0.00194709386651565
0.00295849969700149
0.00334671217839067
0.0028514345472047
0.00205354392040793
0.00281451459463291
0.00252848771140607
0.00212733775375698
0.00292481964971202
0.00203089541179177
0.00180298384393184
0.00166083428731359
0.00181450010747837
0.00203702195757514
0.00135839030737827
0.00150551398361273
0.00214623607113538
0.0019149348559396
0.00348078677551454
0.00270342348506805
0.00188365731899546
0.0016478414700579
0.00213876220431875
0.00255611634598599
0.00260140998057538
0.00179081431011192
0.00146385100367145
0.00255286730571365
0.00318388726071968
0.00304728186598934
0.00216272757754955
0.0024605897838567
0.00213647490692464
0.00155573434034099
0.00198649766024743
0.0026012025907234
0.00319911464119982
0.00281626404086082
0.0023817930393951
0.0017672641569598
0.00216880911986984
0.00268922485587762
0.0017423476659652
0.00157604788136215
0.00208350852488091
0.00386849514186056
0.00201499955477671
0.00199115958105046
0.00269177770364616
0.00285733980295874
0.00253739845356142
0.00208070909237765
0.00214688124978249
0.00171801287891169
0.00177686947829815
0.00222341755223999
0.00160373231099544
0.00200582240045551
0.00236253574449447
0.00181091757896378
0.00202933558069861
0.00193655022624602
0.00201330325697099
0.0021705169912474
0.00196555174257211
0.0015540972251799
0.00184201196637537
0.00248078075065995
0.00164350011029834
0.00216080651137696
0.00248343271449249
0.00221458676671169
0.0026205913357762
0.00351320527202275
0.00306925174114034
0.0033799764671433
0.00347877194733822
0.00307715949337254
0.00240747801304012
0.0032756664149825
0.00300392285215804
0.00193089208928714
0.00169718966255914
0.00200252417945577
0.00213699585797774
0.00450514268428105
0.00514920598786031
0.00399951411661111
0.00287942443121478
0.00265054737979443
0.00232250733538949
0.00231112899930677
0.00198249053751403
0.00203739596696586
0.00231648367009632
0.00245986352095577
0.00218582122427205
0.00149829028974206
0.00193684465025443
0.00193709197703423
0.00214975698604651
0.00167400985408069
0.0015080312575862
0.0017130662119866
0.00163506920670626
0.00211314233492158
0.0027284093941875
0.00207177515846165
0.00196602315555527
0.00312058620648138
0.00337731642784167
0.00164190161976441
0.00254301041365915
0.00395501437325886
0.00345998461496248
0.00327381184794666
0.00290111444094787
0.00180683000731718
0.00135285797763958
0.00200002997412037
0.00267091045836835
0.00241627527543561
0.00170957996890327
0.00140755527813331
0.00220848892817157
0.00300828275838569
0.00219568162298689
0.0018429720976589
0.00244191751406531
0.00277269478308857
0.00302500531622957
0.00204536384335633
0.0016697298438746
0.00237783860634607
0.00204620367779683
0.00264271427368085
0.00303950628709195
0.00293025210003882
0.00215399162320898
0.0018970379155928
0.00225264052808446
0.00259077958680777
0.00274217723722877
0.00250056730650807
0.00279122122023851
0.00232998127506655
0.0021657021366425
0.002041359702642
0.00397740173721756
0.00258114263982137
0.00242148203601961
0.00198007074828995
0.00198248651191285
0.00213127330868968
0.00157556380428077
0.00141920694796306
0.00275117900349862
0.00221966769730932
0.00282460287051468
0.0028708713530529
0.00212041737184981
0.00373707964359898
0.00243326425668668
0.00199484724952036
0.00272793933943574
0.00247880109427511
0.00229121523542787
0.00302526504777078
0.00240949231079316
0.00162394017143329
0.00201736940892816
0.00182628191558199
0.00165427685694871
0.00319494176164764
0.00284575394115143
0.00237171135978734
0.00182478470749258
0.00915891633867884
0.0097416197268064
0.00228235640816061
0.00213290638910942
0.00241532879394836
0.00202959400210544
0.00223157005529924
0.00286209953131024
0.00294483411946418
0.00366765707763668
0.002604305720572
0.00223625213998511
0.00167373083222284
0.00236129324770226
0.00242147201412083
0.00200276478381862
0.0016681536226486
0.00167153941994313
0.00185614303979719
0.0024278330068823
0.0019905497699657
0.00151320033854153
0.00190357678751731
0.00241287332206299
0.00256010531926061
0.00315962826973151
0.00313566380808729
0.00192487422129955
0.0025059301230779
0.00341722732303987
0.00292103694644818
0.00221304438086033
0.00191655252365921
0.00211322279642658
0.00255550105119522
0.00208830971244868
0.00242241614636791
0.00238180665425298
0.00237742987726131
0.00203014188938532
0.00293290378507163
0.00166702994497444
0.00211736153833911
0.00241009808974326
0.0024224445051942
0.00170284399958857
0.0018987168879888
0.00171069591227882
0.00176609217802002
0.00175028361103559
0.00285961679301259
0.00316977662598402
0.00179101261464583
0.00172826163594001
0.00178389177755046
0.00173314575951078
0.00194760483106391
0.00254157249838667
0.00249437293714047
0.00190409197667556
0.00212582248351096
0.00378902916179946
0.00253997833876198
0.0026738458599791
0.00206282622133044
0.00173990240913159
0.00159852408118914
0.00115633072868754
0.00167992061263487
0.00187594156788378
0.00152202331454084
0.00234405674941309
0.00205214327109643
0.0021519516650825
0.00189365442882417
0.00133760257427617
0.00127126195699539
0.00269416987344385
0.00264990438045988
0.00195862734752266
0.00204185885192344
0.00196893873894215
0.00204064098408408
0.00206010242184567
0.00234245446353647
0.00202520927313338
0.00181301575290281
0.00186602208751219
0.00212542867952981
0.00218214912201411
0.00350452807014871
0.00308341475946112
0.0025152110977949
0.00284068958709463
0.00203573831219202
0.00222918677909679
0.00214516989016508
0.00263152490702095
0.00151967002396198
0.00153308499312049
0.00192101562823652
0.00213202666203325
0.00196010114723705
0.00208058768579939
0.00160365796208265
0.00377130033239253
0.00377688776594001
0.00209311836636768
0.00139739828888281
0.00137711402819985
0.00421547525284758
0.0049691804962698
0.00252010677578795
0.00276266267619843
0.00474627542397307
0.0042102454671632
0.00286216908818398
0.0032327070902532
0.00193186362624691
0.00165016359919593
0.00156344885092556
