0.108310936544181
0.143596898866886
0.204150536341666
0.0638916957753301
0.0546507186650652
0.0832431739061358
0.102127115789174
0.0716249824791344
0.0911522992877525
0.602723422174397
0.919198040310342
0.70401432267534
0.996169780423297
0.948048594582108
1.49494239748245
0.673741661707611
0.0852698959145605
0.231097004527436
0.256141436065967
0.119590091750241
0.0693716989888243
0.0806485587697705
0.213659477329676
0.188109048084706
0.124494676870217
0.085696331202594
0.0822822807113651
0.0513745793530878
0.0249118258905485
0.0573949833465514
0.131104377567826
0.108681547928518
0.0402592796222638
0.0331756897745326
0.0499772125792044
0.0657079996244207
0.131893574009782
0.214634319686706
0.0963819353562608
0.0514084426441775
0.107321835989537
0.15615982023819
0.111308758879906
0.226092328227487
0.397176680723713
0.157096578275123
0.104896842568518
0.111447811937375
0.126582787847986
0.0698079170908125
0.0581642047803318
0.0431782846565234
0.0720121743516863
0.274165686980929
0.294132874764054
0.183840574132939
0.129702763025113
0.0990768182569228
0.118661107468313
0.32117522779034
0.208953927312569
0.151445784662267
0.0875872342732704
0.10845290611413
0.134973069236593
0.492357998438012
0.553383310512704
0.140402853062895
0.102304132644921
0.0729598207650135
0.0951516391529561
0.0871050416039685
0.110553897171506
0.218951888710871
0.221510577218432
0.161898778949876
0.106958892770418
0.287328231660549
0.362873811470327
0.223508546082817
0.14850561710588
0.0939637198234969
0.0963470126806405
0.17518977197197
0.281092611454273
0.140348464567197
0.12097415850532
0.12437274203395
0.284445115379584
0.0945792637840045
0.0621060909920473
0.0536133330292017
0.138157683429337
0.197907247958364
0.120595943845805
0.0601194617546333
0.125088789489211
0.27545142494994
0.144846826436417
0.0499789941354011
0.132330618297827
0.188831150691302
0.0962069766651533
0.0987406833975939
0.127044199888593
0.0554756499245168
0.242980059067879
0.486077807350491
0.435344951854085
0.250180168965584
0.456751057635378
0.245874112987976
0.0681725242466532
0.233198285984804
0.569239119845248
0.533861947147266
0.221901675515152
0.244384440333193
0.315250026833817
0.269184314555836
0.253871000370442
0.136072964452347
0.0686429403950246
0.0513550784180468
0.0343234828528939
0.0765291665032199
0.0921306008037166
0.0538941187900024
0.0912389640308246
0.095620587778815
0.174789316878592
0.100722568749017
0.428555311789265
0.265153228048797
0.210302489606569
0.217259221788989
0.233731580198357
0.377650609919664
0.347485732956909
0.124305656321326
0.0770979212286121
0.0681915026172551
0.108342669529505
0.0892372815319998
0.0737505235900194
0.077763065528388
0.0831921664996628
0.0978794195421354
0.11478772941242
0.13601844846961
0.101476871627688
0.0785121439161084
0.0983519352315608
0.153608529070442
0.178109558093634
0.114058327258397
0.0491132276167776
0.0519122222257838
0.0994381169196328
0.213028757139046
0.305290308958264
0.393172407314138
0.198100855299036
0.0656753744663799
0.102121921400294
0.132144836074942
0.0890014845779487
0.198390531550349
0.265940099147821
0.174287492245882
0.122328979870847
0.161373400373517
0.518770025239034
0.576206575821722
0.154302186327326
0.102974062699784
0.143480066929321
0.146223657993587
0.227401514845
0.0816492821947605
0.148750057952143
0.111816949715006
0.0872534844497563
0.0580031061121911
0.121247884627771
0.13606121033944
0.0810334936363081
0.0359427040551655
0.0684406867735304
0.355184943548563
0.754403072457639
0.452752613135355
0.218442811971649
0.0877894808528971
0.209484810402898
0.491090220128559
0.174024619262996
0.167759602077148
0.233455208818534
0.33418253149841
0.170146098215284
0.0761788361791109
0.094098594209882
0.16514464853347
0.435459384039486
0.123442668201611
0.0402798708286436
0.0669045130150853
0.157330393379343
0.0902942373564701
0.0547033527640232
0.0648875074699753
0.0651099817559622
0.0446374250266934
0.0664042132881058
0.112807552449805
0.1130970300235
0.142745721166085
0.076165304367194
0.112924284492309
0.149498158255346
0.0964650191150033
0.0618899500251369
0.121401678865169
0.0562206467231282
0.0290639127789059
0.0510205143521367
0.0904986375934098
0.0613853664837104
0.133352449605643
0.133288242766087
0.11334926199681
0.0958692504101849
0.0835411604571289
0.0747728366487242
0.0494650435837773
0.113446497225742
0.173617871681366
0.199996857901527
0.24879181037841
0.25041629595336
0.186951121101155
0.0999776400800457
0.0884269550069417
0.0524406300064065
0.0198428853515175
0.0254869955351669
0.0356790073028475
0.0280019851850446
0.0503274608580766
0.0396785796665347
0.0334395279780481
0.0305616576351417
0.0541428770846545
0.0294506332997942
0.0494328513042339
0.0431355810299126
0.0224759419902003
0.14829692687326
0.230422160811358
0.137197338233564
0.0737907988007704
0.188556428425255
0.0889810060299471
0.116983226128773
0.139713776335279
0.195104662116256
0.186146279287084
0.0829300668833833
0.192622004823219
0.0222065225311323
0.419706573301021
0.613106616817044
0.302518709519931
0.302332504247507
0.0334581171981225
0.0534333974078238
0.173864729191213
0.310194827191587
0.31247386760959
0.108755047461109
0.0458369939583012
0.0472427009560296
0.0588713332257232
0.018996465720759
0.0267621233600796
0.0327569075444354
0.0758084967136748
0.0863384730221658
0.12850849897553
0.141891115098402
0.0872020365753092
0.0977444157176272
0.073322883758155
0.0937110178484385
0.0618221498841397
0.034875519615607
0.02673592721207
0.0373175113392446
0.0965605861383775
0.0566675243845528
0.0387692226669391
0.0308124684588004
0.0344186748580892
0.0300630738768868
0.0307298892217117
0.0498243213502634
0.125663189919406
0.139050606147473
0.0601232848364262
0.0905998276473539
0.0691353473984767
0.0922113500883527
0.0867366267797505
0.0357336570070589
0.0395836254762749
0.033038442730715
0.0137371671056026
0.0483288923371486
0.0618719481782738
0.0829330561999387
0.0577088024301142
0.0193755982427466
0.0365435965879605
0.0786059839583099
0.103548037972177
0.0870706236077634
0.0698575948296759
0.0788203024133157
0.0465017807302659
0.024781668181225
0.0479665302280993
0.0423884271022102
0.0301389482117311
0.0177940584690197
0.021702036130378
0.0365114056233674
0.0358273910002411
0.0403692458274903
0.0391298095056719
0.0181164662062577
0.0533485371490343
0.0625566540497142
0.0265589455564952
0.0255752431498062
0.056899792431819
0.0293512917144269
0.052072050861612
0.0506643558004792
0.0491119825335485
0.0456793436606778
0.0363447534998364
0.0370977996238836
0.0386734433041339
0.0370947076717644
0.0290524901150268
0.0311988382838184
0.0286450130290632
0.0299080688433728
0.0265150584164929
0.0167328027642546
0.0235929059999096
0.0206684016980859
0.00839311145345486
0.014107334655072
0.02362293090497
0.0212599267484632
0.0353973091529962
0.0246704295016619
0.0404035131454056
0.114248390585133
0.0856962629840654
0.0316665497608357
0.0356062219387601
0.0294767976009514
0.0329876250277044
0.0233676027008963
0.0310310468049266
0.0646697066370133
0.0466691490814096
0.0192422986934999
0.0395584502024993
0.0506869266410987
0.0250544556625233
0.0246886975613591
0.0120172381550512
0.0175767716286787
0.0322070524226969
0.0180933898285957
0.0395643463147073
0.0452416908083464
0.0245273148701287
0.034340785679053
0.0592528294874888
0.0806707530085924
0.0664846422977854
0.0359216718068719
0.0499013646532175
0.0576945474094774
0.073951705702097
0.0402655341600937
0.0244188536289094
0.0322280407064108
0.0227663433296338
0.0255755722031275
0.0330041100369209
0.0329463153274896
0.0415391295169337
0.0101943454686458
0.0118349857081929
0.017015284004365
0.0410712888976778
0.0362887662861944
0.0223059675054347
0.0327601761375002
0.0402012181081044
0.0333831878098397
0.0155091701783081
0.042326707680412
0.0959446337127913
0.0886727702240272
0.0912125255975542
0.0694890318061525
0.0474826338141602
0.038079952000952
0.0405298164403951
0.0458651217121946
0.0703421384163528
0.0550197414205342
0.0435502895613192
0.0475645465960227
0.032547566675094
0.0320298508207897
0.0503128226609461
0.0604885551027263
0.0730264237248723
0.0489485680916973
0.0540972027169998
0.0329058032916006
0.0307913953761687
0.0382922002702457
0.0156996733595122
0.02319185449765
0.0233953131048951
0.0198413979508914
0.0221048805584296
0.0457434535567614
0.0858183119009668
0.047627610880825
0.0286554982621938
0.0387011414092004
0.075343308248215
0.0554630794926818
0.0329421943911378
0.0167085162544693
0.0272452185495871
0.0854825683274155
0.130325030607697
0.110414271477122
0.0611399316538515
0.0525959485441205
0.0361996938012188
0.0240668500072406
0.0119374042621279
0.0219803688913722
0.0317112590412046
0.0315657440374796
0.0429223868081451
0.0322738384193533
0.0196136702145485
0.027951045021248
0.0113870506497185
0.015534592455132
0.0191639388404472
0.0154564109162329
0.0219703963051163
0.016243476198008
0.0195447372767799
0.0487325990068534
0.0241197045610076
0.0659543243618277
0.0352120858189489
0.0682517680266512
0.105000203114961
0.104018052452722
0.105048004585272
0.0708184965242212
0.0546779653856727
0.0317210150921912
0.0735907113878722
0.0949820488967741
0.0311712379722817
0.025764878213155
0.0203848636232597
0.0130147269063102
0.0219443982100353
0.0177532170270796
0.024771955110227
0.0372183924681035
0.0248151181396275
0.0302993649278883
0.038890183112523
0.0174112326294156
0.0175749266630523
0.0255789423284449
0.0264493515443453
0.0374263946715056
0.0245858677088618
0.012104281863044
0.0104083403238619
0.0199936892118292
0.0422331552530457
0.040250410303256
0.0782820699186086
0.0691757684499114
0.0230523638445358
0.0183760850468152
0.0288995738600277
0.0349470326856546
0.0132192506850506
0.0146347328415034
0.0194102827832959
0.016552756486888
0.0119982383291553
0.0163420371974644
0.0215395590089168
0.0227632846947875
0.039229962937289
0.0633100893174107
0.06436804198182
0.0414147536770494
0.0292998854335982
0.0258369477509013
0.0314569052329546
0.0310723513051048
0.0381562201841612
0.0480218874317411
0.0451391488643713
0.0155783800235159
0.0156132374009651
0.0178792492405796
0.0219449469842647
0.0313200687153202
0.0189877146712777
0.0151786362642657
0.0259146302193374
0.0150030315184255
0.0315768045211484
0.0318926416616583
0.0250934830611961
0.0192452135159714
0.0375091556023991
0.0764027521235305
0.156738125387993
0.133658458103999
0.086625803626881
0.0787665691508236
0.0409315557708339
0.0891050216694147
0.163589256897291
0.130208253686952
0.0965271339216185
0.0363117583931937
0.0265994369305695
0.0151035778263973
0.0127849507978208
0.0168648955240136
0.0264794701140386
0.0140960284408606
0.0215767458732825
0.0277682748774353
0.035241331966347
0.0353569388117909
0.0309996694475556
0.0241264849961644
0.0170000806244728
0.0386363633066543
0.0358594007517645
0.026538071784585
0.0182962352759084
0.0248894753486604
0.013684941627107
0.0324576569203843
0.0457609597570792
0.0843732885778841
0.0752152805193518
0.0375682641055184
0.0590552787755323
0.0268328313672656
0.0374981108099413
0.02472136379086
0.0144635741895855
0.0304936773292554
0.0523164386963087
0.115929108479465
0.058927516550516
0.056346176146112
0.0420093036976747
0.0371964154119871
0.0355098182028169
0.0290819981537305
0.0218521675952968
0.0209781425535729
0.041696292339861
0.0644684241991957
0.037219476899432
0.0379799470076854
0.0295043661036934
0.0200358992585032
0.0249564436553999
0.0512348842396352
0.0320689112838262
0.0392670976203337
0.0230161236947111
0.0305475911056276
0.0151559394171756
0.0315812726526363
0.0262408052266564
0.022647080986426
0.0224316903051454
0.0275773193688156
0.0327262669639057
0.0289852657998053
0.0158754094147991
0.0265485805721725
0.0273262573012895
0.0235188763427668
0.0450664024267505
0.0494490762982519
0.0772463050222343
0.0690052708000518
0.0531786817927576
0.0384621982918941
0.0458676499005738
0.0277498459908401
0.0234944165458798
0.0218959240217461
0.0369053396133087
0.0311866994520351
0.0235197533166563
0.0411886835606486
0.0474298145389476
0.0505704873738104
0.0701731974549412
0.0347893057152699
0.0257902817136234
0.031157210766047
0.0327996468103941
0.0357735097577873
0.0443596335611342
0.080223665643313
0.0977242834785371
0.10209372078416
0.0922456595136072
0.0903557753818889
0.0580111416242721
0.0230205519173995
0.0164055709648057
0.0126980170311051
0.0164372694283404
0.0501600860505248
0.0955729804330376
0.0761909794638276
0.0683194883997828
0.103239513100903
0.0927426025861822
0.0491303807711903
0.0481274155312305
0.0169354361483846
0.0140558124652974
0.0117445194214456
0.0190771062553166
0.0290391344763436
0.0159346150367458
0.0190246197172376
0.0377554002550339
0.018980155392129
0.0171578474975687
0.00912492065289248
0.0100261554426082
0.0471813114680062
0.0645221258909056
0.0263807632194957
0.030277667621183
0.0207387122651728
0.0201890689652259
0.0159951708492404
0.014070642184745
0.0126696017619673
0.012275715138107
0.0147155588976794
0.0165020513168457
0.0354981080477855
0.0316464962364336
0.0403882328846143
0.0149962502738449
0.0208823739570262
0.0299198590869267
0.0350754320303791
0.0506015079022237
0.0758441375826276
0.0516631482927404
0.0764096327911388
0.0693067430335029
0.0308279279821862
0.0183525915573215
0.0161137382684603
0.0200648402624488
0.0294082196614984
0.0271850909272077
0.0301772084854683
0.0277251659712856
0.0180406544527169
0.0201739814727177
0.016207679006504
0.0405260915580795
0.0582425261519518
0.0234070776436363
0.0283662914034024
0.0154418762377737
0.0327954196544822
0.0389315432187609
0.0502594102183084
0.0556240619358293
0.0701010793577742
0.100652427789252
0.0711515805673238
0.039921026888217
0.0264307701724185
0.0522893323275186
0.045018052858513
0.0333303039105634
0.0231965842050261
0.0229042482128264
0.0309378630232373
0.0231411812934151
0.0288009527044378
0.0420110531057441
0.0819480497163986
0.0653991795119732
0.038008733958624
0.0984972692408337
0.0869172447372498
0.0836484741170903
0.0607922587698745
0.0383657463525848
0.037122679991925
0.0247173662867395
0.0381681410089245
0.0590398189805803
0.0570024406163003
0.0244343830564826
0.0133410804023753
0.0115554188630752
0.0127543423282685
0.0179350836434113
0.0217127000227236
0.0273986235442856
0.03032691781135
0.0225628615288879
0.0214225985140823
0.0258409020741791
0.0171980827184174
0.0238301128042767
0.029336009390201
0.0690502606903096
0.116327797056223
0.082607631270249
0.0526194783218339
0.0369385048504386
0.0566892614163844
0.0668498827285973
0.0479557566882951
0.0243372077793706
0.0438152044268783
0.0295479677665465
0.0296752535175637
0.0508165266400817
0.0304190264934994
0.0240768150567093
0.0189505100688642
0.0167211782277056
0.0213814067115866
0.050194951704496
0.030170807811844
0.0229480249867842
0.0414241104032347
0.0292364498155751
0.0236471447321732
0.0298861565333529
0.0309689377765703
0.0190673228945475
0.0235945826947265
0.0281846611509828
0.019528465486793
0.0216135035909257
0.0170050985407866
0.0150807381720074
0.074432353945759
0.0518697155698419
0.0233227673174376
0.0521051854227829
0.0519167665733537
0.0686880163908353
0.0884458479000673
0.053650992270548
0.0296599476079875
0.0215597603122578
0.0367735819585703
0.0277515614360505
0.0399691441537544
0.042910986484565
0.0479817316199305
0.0143738191960975
0.024058854310719
0.0259182266132921
0.0201774761295815
0.012455005526379
0.0177588143404036
0.018514532082611
0.0221679577950864
0.0228044956636585
0.0187659900185661
0.0138415832650701
0.0219505778676284
0.0553658832934709
0.0774932394035873
0.0854561829267201
0.0559625989826354
0.112674902728232
0.0914709016949799
0.0318158252936641
0.0261630046028899
0.0261681842828423
0.0253431963632883
0.0228118172771637
0.0137744481863253
0.0310030053877825
0.0350317451560977
0.0241564487775904
0.04813387795048
0.0438991452960578
0.0407224362690352
0.0484455833966266
0.0506347420251072
0.0158741239420705
0.0293974913301202
0.0465737000787739
0.0288154723398402
0.0214529551574915
0.0183629340832334
0.0121453068028175
0.021631418684115
0.0181036409996431
0.0270886672173535
0.0121281418777384
0.0176050801860851
0.0176404380260107
0.0166942596971222
0.0168932999513777
0.0170384365360197
0.031101303119058
0.0345347226468553
0.0293814700262356
0.0208146243469731
0.014374798678
0.00794034194680145
0.0296501820109603
0.0494986582513224
0.0235364328880943
0.0428278830602647
0.0263411918467823
0.0575067732205259
0.0924733916273932
0.113054011816282
0.0675249098896146
0.0492709093388956
0.0418283505413895
0.0518763762382392
0.0709826770717963
0.0402623340366802
0.01922154521475
0.0202142879364527
0.020937243325162
0.0196882314692956
0.0284573391492082
0.0353808293485792
0.0126254914203433
0.0202794948202748
0.0379949670199016
0.0668635855346826
0.0640807932701921
0.0597143254731324
0.0547511473255995
0.0555564745715978
0.0247626629982876
0.0127779433452176
0.0438482257632099
0.0419781964045795
0.0292143893108621
0.0282991729649436
0.0253119544100897
0.0237195325206271
0.0292478275260128
0.0389825414130266
0.0771309139523667
0.0428998129478739
0.0455367747760626
0.0253108574591996
0.010330165889114
0.0168275928146218
0.0232849172296731
0.0257709024161089
0.0191818825180977
0.0207328280159232
0.0664949802714451
0.0711726130188806
0.0459083595942301
0.0315439926443592
0.0395002345112923
0.046797111928242
0.0801811419586218
0.0673584827587082
0.02403446962978
0.0362067075327575
0.0397076341973638
0.0305279573361604
0.0387431238520079
0.0271609909527561
0.0227036400726654
0.00739379569577761
0.0158418851602638
0.0206069838516507
0.0379622134146296
0.015945996327691
0.00546899341537596
0.0143331819241332
0.0111333731437389
0.0213926087496964
0.0340665425683413
0.0422887168705657
0.0331851323543186
0.0220718052451668
0.0227608837291561
0.0237391199536332
0.0230687233321935
0.029194708417982
0.0515627464182702
0.0644598558300906
0.0517826693278098
0.0797226562050792
0.0901126156465702
0.0937325103658216
0.132424940978311
0.0903363997397919
0.105666076246035
0.0485211907791728
0.0189045359378798
0.0213636555082804
0.0899781867296668
0.112316214323287
0.0779096256320369
0.0316071435953573
0.0143506677292208
0.0144861374466711
0.008107112267125
0.0061660734686387
0.00961197765466788
0.0253376566177603
0.0284932695313621
0.0242697736338976
0.0242014313645766
0.0236899437259072
0.0222908890949036
0.0206147621537103
0.016943075151933
0.0138307678641933
0.0429094696693098
0.0216895935262475
0.0414482293918093
0.0601257796287875
0.0670179470922143
0.0935413665813196
0.0453504774351324
0.0616894766787726
0.0717620180788331
0.0714735931102573
0.0805404091862961
0.0773990128928507
0.0476176753892462
0.017101199106611
0.0134782595938329
0.0106097498596189
0.0310831749672142
0.0348100817510513
0.0525460668529956
0.0464393783117904
0.0203815782028663
0.0567646417697269
0.0554264230989095
0.0201008471553352
0.0321421208624674
0.0220984912094646
0.013409266811506
0.00860224506643906
0.0137845144534654
0.0249168734593608
0.0151344410371905
0.0307962590993516
0.0348283188701432
0.0211301664398975
0.0181924404588924
0.0314331487961787
0.025740658983342
0.0377627300493159
0.027252564161718
0.0167478159322327
0.04130736305229
0.0567444404502587
0.0524427889291654
0.0423434378210873
0.0684478506648259
0.103695502799383
0.0574632584268339
0.0258684349766358
0.0737504448870791
0.072015696147214
0.0273482509974978
0.0246205710447381
0.0148604105426954
0.0182721734531588
0.0144611183472336
0.0111118199719299
0.0233334068764647
0.0268388110636456
0.00740418614647198
0.00704909790042119
0.0278769167508903
0.0334137659946214
0.0403113670209594
0.0253634455096025
0.00909633615987386
0.0400609555734189
0.052840339650641
0.0231322091902212
0.0116173899434728
0.0174485799483083
0.0270047293580524
0.0227577724149359
0.013537393454702
0.0117007144478347
0.0236883481106269
0.0203378059239456
0.011715739440114
0.0215951156999536
0.0249090934508176
0.0176667940202974
0.0100636405322019
0.0243269285497251
0.017279135665783
0.0209621629869596
0.0225273990965988
0.020091004867846
0.0202582776349076
0.0199836442028939
0.0376486835442854
0.0295308442643163
0.0136185471739291
0.0161437845211065
0.020521577676262
0.0139931278222236
0.0157762372674843
0.0341856296107858
0.0418368867632771
0.0311726139809852
0.0191094455278254
0.0229048234090711
0.0209812747445928
0.0270758899962031
0.019486523893985
0.0211728683046425
0.0358017506209226
0.0733101807833371
0.0661145639260364
0.0585669796124338
0.0295604781192928
0.0283416547824744
0.0266427543232917
0.0370115442367547
0.0611559007716513
0.0353709415240321
0.0280359692335785
0.0266032667078353
0.0319786097301726
0.0482259788250682
0.0374389069147584
0.0236964147819092
0.0264445938614474
0.027488776819881
0.0283911259465897
0.0359534523624818
0.0194891781705709
0.0299367168260544
0.0207098143477874
0.022128468052818
0.0172697012242186
0.0514331432664142
0.0263917814005031
0.0277392897646436
0.0333559658496179
0.0444851828114871
0.0830153850174795
0.110537073468084
0.119513484786856
0.0647018813485334
0.027808279870874
0.0399448650417634
0.0362151509733916
0.035661449357732
0.0165154702931778
0.0218502875785458
0.031238106972111
0.0359090399231992
0.0175700787387759
0.0288690756052972
0.0286490519614005
0.0201987091579795
0.016256982066726
0.0316004266049249
0.0332336065425642
0.0359343781176725
0.025097912940992
0.0490844583801569
0.0373995703584445
0.013161657227004
0.0232616616398716
0.0201257185458323
0.0115788161536395
0.0199675456062243
0.0341497138964676
0.0436973437415809
0.0693231155333839
0.0544072604640059
0.0380190890033007
0.0399873143594601
0.0354199984080836
0.0172418041461936
0.0315120596085436
0.0554713099872308
0.0667401731113035
0.0546749107930449
0.0324085605043558
0.0529998003100857
0.0755301355351505
0.0561848912801604
0.0260415786752387
0.0181508610775881
0.0238493409286123
0.0240112868815207
0.0201116192279708
0.0160360421060648
0.0118763799683527
0.0221783649265302
0.031950516440612
13.5844509884349
15.6304453101345
1.86233518913043
0.248074804422139
0.221346608002364
0.0646421708509179
0.0554278416748007
0.0253628436005662
0.0247435668637733
0.0342288938492618
0.0284835314380338
0.0304221944038338
0.0261181258993683
0.0188105316607026
0.0376729475321831
0.0629434992101955
0.012140198985772
0.0126629518531348
0.0304325517492365
0.0314035406421916
0.0162399467304809
0.0278751015243741
0.0530976353376543
0.0818956331882712
0.0759025357842621
0.0341923246327752
0.0427544775283594
0.0370346232529897
0.0351304842178244
0.0468044831692436
0.050270353469471
0.0269625766428544
0.029821954282475
0.0267747079925
0.0210047144544973
0.0100176195738953
0.0166363746626749
0.0199549373407535
0.0302398997984529
0.0253065712938754
0.0161657771770955
0.0192625254773312
0.0306392405158383
0.00703052335266267
0.00782041584816399
0.0251332649209731
0.0230416828301244
0.0168804245814937
0.0376340053184979
0.0736052219725776
0.0348781003735932
0.0359556419445349
0.0325129836136032
0.0156645478916194
0.0183727744307479
0.0169659669265281
0.023345844852211
0.02511909340775
0.0395653079266407
0.0296010356311716
0.0303114438154241
0.0468566681392596
0.0353895765538073
0.0521382367049481
0.0604177466741992
0.0839020124383918
0.0747740569584545
0.011536230079692
0.0251846297988973
0.0353101823094866
0.0144355730270516
0.0218103096449598
0.0341722977916423
0.0323225865901275
0.0503468879340306
0.0972960502729252
0.0969005171288614
0.0275285945550608
0.0162579855368617
0.0373480773272533
0.0315549486919389
0.0271387864966034
0.026973468902707
0.0205120397881929
0.0268896764440121
0.0246641777103045
0.0436868727778763
0.0594598557036741
0.0331920111287255
0.0173582080998714
0.0179271672723362
0.0365724893943071
0.0566629810427675
0.0163431335522802
0.0181183602835182
0.0245997873164573
0.0169924672187664
0.019359280502524
0.0159553818722248
0.0251191793935326
0.0397239210626964
0.0651822729295977
0.0465922176393208
0.0317746268723637
0.0487414225225376
0.0441816036302765
0.022849391256573
0.0387620868210107
0.0323135267554668
0.0464391277773919
0.0237872253162224
0.00725524198204079
0.0172647934382198
0.0178276423272126
0.0278132312965179
0.0455532443492903
0.0621163635401145
0.105351495403416
0.118390661130313
0.0355137089691901
0.0275548129312903
0.0338911633426343
0.0219961672048282
0.0278734049147864
0.024740693664184
0.0261916451191997
0.0133648179008319
0.0106598611510244
0.024014611476505
0.0245861480083838
0.0295315322137114
0.0309489845823271
0.0467107481314822
0.0439143741718958
0.0255503117173889
0.0166857836727437
0.0147423785993228
0.0141058567743075
0.0109304311504099
0.0124354848185476
0.0185564800269115
0.0198208019334853
0.0838029841100288
0.0455394688755192
0.0778617067501109
0.108833873874604
0.107315129068757
0.0408301081586862
0.0375230710977751
0.0538275762757256
0.0417568502060354
0.0334314720397713
0.0313877430706006
0.0365635467046278
0.0491964692279481
0.0219592553160995
0.0133773151419399
0.0104236384927688
0.0190358355665627
0.0515917240859153
0.0531646866944335
0.0236472734154196
0.0334599641807105
0.0598505259559836
0.0449043873975226
0.0295663493730176
0.0365670540928023
0.0420143462372138
0.0409469135124469
0.0358985207844622
0.0314424407636879
0.0396346052693217
0.0326471174617564
0.0187719899543532
0.0102195928280486
0.0173349146986829
0.02552464705267
0.0324035825671568
0.0300023340737327
0.0167234905297003
0.0229145152228627
0.0212176460470513
0.0190384807348502
0.0320089851760896
0.0788625828205426
0.0427669931125141
0.109269825774553
