0.0357745108601921
0.0592441268861648
0.119065660691107
0.105224214367944
0.0628988960490585
0.0968399479539848
0.159197100688014
0.0919316683064775
0.124834478202789
0.176608051995086
0.158035096868308
0.0506031397275262
0.110602794362774
0.237272525629238
0.194201047968479
0.107726374478653
0.207624512870871
0.281616630574366
0.0854734273179619
0.0320798768990863
0.0248533332155307
0.0246201378477418
0.068187868349367
0.192291113484414
0.341701566100165
0.0388235991087128
0.0506953696750576
0.0242494425042065
0.0985739144554964
0.0644483171485072
0.0374762153797275
0.207293028157275
0.273627125337854
0.105788754424832
0.025785525887866
0.0385003294826092
0.067374355023426
0.0901166705300286
0.086232709278501
0.0634986799337785
0.065084532126392
0.0262595992616232
0.293217718956388
0.389653970200599
0.0374739182899434
0.0244796216076088
0.0468665649832553
0.20120373083511
0.0519607521029947
0.0521294672727838
0.0364861126267346
0.0305851636739471
0.0429808538152918
0.174184018445772
0.148589373143811
0.153234050934049
0.163434233942459
0.0611042857078078
0.0427675005563097
0.140097984920055
0.0959753732581391
0.0241142279353458
0.053945409466318
0.0389451058105029
0.0787990683247177
0.0721069995927516
0.0365564091564289
0.0172967324072085
0.0869033145702206
0.13362608906367
0.146258642906612
0.779834720041278
0.405515334467968
0.0430957703757962
0.20154520746668
0.444348390205835
0.266637908518694
0.0434534477814906
0.0332758929663283
0.179591413265087
0.66125254706478
0.658026503347079
0.0369007838171229
0.0725354328340937
0.237191775937782
0.18920509369851
0.143938213768307
0.130201750185141
0.0200548674146418
0.066227822432313
0.0951710800489146
0.0338750372004311
0.26792989045352
0.252558363720895
0.0293058319132026
0.0855354168041834
0.113311247087774
0.027398918888043
0.0161059220597337
0.0952353310683601
0.425278400326688
0.23073609228905
0.434651910812423
0.46852896389867
0.108955077689104
0.07816473191223
0.119250086943346
0.215809572868017
0.158927126404247
0.171299592455278
0.0912949083609575
0.173170744141148
1.5044063145749
1.3806524775497
0.0358856666916487
0.0271939660366566
0.124554094825333
0.177397855240821
0.0842933635240289
0.03771959793343
0.0370697464025865
0.0467401139251608
0.0310802456421962
0.0295276417242248
0.0265669772897396
0.315722015706137
0.537321269447363
0.201765753422937
0.216217926494737
0.464231412746212
0.248141827631708
0.0646622516681484
0.102451076238427
0.035086493389024
0.0561789720501697
0.0973355640158944
0.117903903256961
0.0903717447853912
0.445149238267205
0.319899141358717
0.0342229566781698
0.0214381271372743
0.0319046798140169
0.0244155009339745
0.0252283992023968
0.0201234205463482
0.388711109149293
0.514268041178798
0.0707988898211937
0.57603423324863
0.567234644434357
0.109903574293774
0.158831678187434
0.100379803558378
32.8538801691902
65.4049653031055
35.514643011346
1.48919544634719
0.262985460803038
0.123749432128325
0.0403569769076538
0.0200576061024794
0.0647346734170634
0.0497274832364599
0.0512531439288939
0.0940401090686774
0.0759803751012576
0.0368372658508673
0.0201165932005995
0.0185369003453941
0.0212019251799363
0.0438024513926454
0.0780348057151748
0.124567827054936
0.188278513395079
0.0547712754180183
0.0743320731762095
0.0532212082124491
0.02148061031655
0.0433428321528921
0.0467222803945437
0.0710089103390249
0.0742941312617251
0.145895628550163
0.192967974261571
0.17076742195831
0.0477009672293368
0.585372383622447
0.560881099300914
0.0243662649976576
0.178590165733827
0.154998506359929
0.16809921464289
0.151165172276348
0.104107328141751
0.0727536241036795
0.159521033611494
0.103848391568069
0.0601762191449786
0.110468765260508
0.162921623323353
0.0353805301596369
0.0729617234709435
0.0512376723785167
0.0375440325061401
0.0712786266808961
0.162764557711862
0.0739828746226707
0.0444285616340224
0.0518758818457575
0.402036042525443
0.340584677284463
0.0415359131260016
0.0272887825406697
0.020836373564579
0.0179659943518747
0.0166941810500861
0.121121782569107
0.0450323858778692
0.026975151028557
0.0116455259120565
0.0829703809572927
0.110309620035714
0.0749547282988349
0.0944775446649001
0.0832565338937568
0.0421128923127159
0.0569628607742296
0.0462177680809143
0.0409845875000381
0.0312058870047129
0.0731908335043531
0.0924511304788797
0.1442417853979
0.158063805494491
0.074052779975507
0.0449536254776647
0.147642569845998
0.180295493198545
0.25950472965052
0.139011647176957
0.149798812645854
0.0697602665161759
0.0459216596480048
0.106340285423705
0.0967314944880121
0.0288744438942465
0.0536893889353871
0.0176036471800462
0.0425193426762717
0.12768001401184
0.0679025275072976
0.0360071326573937
0.0632264288223384
0.0945620377478183
0.142298307743191
0.0597655986210635
0.184072550831388
0.118238844543644
2.81217805481246
17.6509708411635
15.1616202470599
1.5401680045242
48.79237964139
55.0044259309948
2.24761917378095
18.1122869521152
8.95786556103448
9.26126667729503
15.5302466602972
2.59980607988676
