0.000260346019445371
0.000292182634213257
0.000362836886497594
0.000528217473181373
0.000363120650005829
0.000379406513994409
0.000667516579524179
0.000341386673560222
0.000119239375581454
0.000197940366174552
0.000193159303123241
0.000246116818274465
0.000192673493943426
0.000228449788986487
0.000329913256243542
0.000180486202368902
0.000123233887244005
0.000157474293351682
0.00020716132781165
0.000208594114108965
0.000167563322637236
0.000301493253162072
0.00131926521776045
0.00161451380688654
0.000481278822899757
0.000306321690828593
0.000292140218071306
0.000280370118192873
0.000324206453911486
0.000254270117555811
0.000197355633782673
0.000308797192618519
0.000297815685495791
0.000180090432941837
0.00020948118783114
0.000220493344735021
0.000231559885112992
0.000189923584703388
0.000193220601848704
0.000244142812229959
0.000333653775714713
0.000309039377087067
0.000384057263262306
0.00108185090536881
0.00208602221078155
0.00183994646369612
0.00764085592435005
0.00708681910201087
0.00228228674307766
0.089879615340803
0.100618980101869
0.00134447028364555
0.00652507489502251
0.0174854945157796
0.00909141248417372
0.00721337420501408
0.00657777718520902
0.000265310056844113
0.000334182436043131
0.000284455045754637
0.00014518140877482
0.000220666768833144
0.000324848576748135
0.000337013884439067
0.000447979760761848
0.00038564218230091
0.000477767910696953
0.000379609407572007
0.000527554483886468
0.000336793671403973
0.000221184912536767
0.000194600138122986
0.000140010317721041
0.000258819057121705
0.000284384283877335
0.00031603079212985
0.000234824738997984
0.000268103365547178
0.000362603360169829
0.000385600198052954
0.000299498550543006
0.000306041494605187
0.000219599924720027
0.00019666126480688
0.00022178375728496
0.000327614564316138
0.000328599563626452
0.000253334824055212
0.000427957334315943
0.000452979634671134
0.000407483285137315
0.000357897098287117
0.000537445931325161
0.000722430967561568
0.000480885424949922
0.000380778066428247
0.000284704108346708
0.000220779153001093
0.000317029356382991
0.000516664725273118
0.000350661146681004
0.000197687722570353
0.000268576080211472
0.000267949108623842
0.000193316634974669
0.00024405157383083
0.000307448867209592
0.000868220559157684
0.00183222520676399
0.00092839623981075
0.000530767265099426
0.000381021395189326
0.000429501713699705
0.000340120271585101
0.00019500812627966
0.000266484822921218
0.000312855996870509
0.000346373161581312
0.000279743840151636
0.000320483120932908
0.000345972223935912
0.000476343738340057
0.000722336960007086
0.000549981739102573
0.000338396681308729
0.000482936806161027
0.00042425267779263
0.000332507955976829
0.000358272592248783
0.00030004155621642
0.000273851594749954
0.000336966626199373
0.000310615667672252
0.000224432962106675
0.000243584911797425
0.000271726844773011
0.000286052330785757
0.00027372040151776
0.000412186965508196
0.000519759612446569
0.000386934457992015
0.000470309875935094
0.000297083585339767
0.00035017352160021
0.000380526311530046
0.000265132757683954
0.000308022480785423
0.000201207010496098
0.000209930458452101
0.000326151201509533
0.000316136040565492
0.000255673550637537
0.000238776887094645
0.000198057322259124
0.000157010377621523
0.000222536793407159
0.000256474267546657
0.000349647440074122
0.000577167134922941
0.000972888066967384
0.000782349067417307
0.000516917195049069
0.000392939469213281
0.000321394749825453
0.000240782041670603
0.000645020354470163
0.000670493531604985
0.000245134523040457
0.0161867981571374
0.0164716254672534
0.0033264395743782
0.00190512800603541
0.000717723133319555
0.000611800512359307
0.000371811399514528
0.000382987802464237
0.000419175594830654
0.000466828845855516
0.000550956341439725
0.000363718700308053
0.00024298346320096
0.000303358576229236
0.000344497115235737
0.000591527278743478
0.000762285574658364
0.000682226111455994
0.000370664113600283
0.000209689528919673
0.000224518795513983
0.000343252676408808
0.000266197382571786
0.000203004371965878
0.000226001280415482
0.000309742198346853
0.000367764137828279
0.000412303450025128
0.000740383069031356
0.000577275411123845
0.000240703365033973
0.000383448990202225
0.000462096086912796
0.000669357994915592
0.000586321826556126
0.000378190164640111
0.000313141378152097
0.000467269611084242
0.000982232117263657
0.0010016207584016
0.00370902418374009
0.00391381029106138
0.000810287497144334
0.00157718914616155
0.00169359705034572
0.000449829830787385
0.000526114400248629
0.000376036625899642
0.000310176568323522
0.000300567456131414
0.000356675874863132
0.000323790847599921
0.000422747841322768
0.000411452403990889
0.000307978682037754
0.000397561530328235
0.000450447049583254
0.000656601374508291
0.000551871908568785
0.00042183840756299
0.00043558659405921
0.00041661981553772
0.0205380997009418
0.0209560068425514
0.000306445092781964
0.000387684566223377
0.000667875351902884
0.000377401092588173
0.000297316313021648
0.000431486483406093
0.000393622733113234
0.000447638844180407
0.000377557771137252
0.000379208083075298
0.000366829814555966
0.000252677568128648
0.000498191015101648
0.000509700437388921
0.000276152473298117
0.000235408821270228
0.000159589574221021
0.000146515661485428
0.00029546237188077
0.000439047914689631
0.000315512514891703
0.000562062639625123
0.000966733511232725
0.000867531823154682
0.000516213149122549
0.000305715087849674
0.000300646791670533
0.000284185048212788
0.000294133938145937
0.000266342248232878
0.000314802336068324
0.000255281226409986
0.000182595879711614
0.000368283658743515
0.000460218569493551
0.000384010172263752
0.000231694936601068
0.000221609841398634
0.000301974579017087
0.000323698496778221
0.000346341932772987
0.000596196880109084
0.000443691392126482
0.00047670476316768
0.00126466598168821
0.000693472719621891
0.000233707222962903
0.000166871593564531
0.000309528245824342
0.000401208895313166
0.000253839011018646
0.000289271206901186
0.000358198399469049
0.000715926502715331
0.000872543688248094
0.00073333787348655
0.000476576405113559
0.000285954202677988
0.000547189943236594
0.000562373799460264
0.000374018041971646
0.000340694115692186
0.000256526247233287
0.000245655174617561
0.000302462872154117
0.000259575408121938
0.000209816648167692
0.000332242155259203
0.000334171758606593
0.000449099458891341
0.00105900272048017
0.000847584563240569
0.000756372838693387
0.00038718331079289
0.000314906790306351
0.000651936289097727
0.000754979552665959
0.000536124659150043
0.000539076679249803
0.000529194829412053
0.000341390470834171
0.000500928671880278
0.000605056046132857
0.000394370994126713
0.000489937293458985
0.000418295061777289
0.000372852797746317
0.000314707495543522
0.000569193500771545
0.000777080618787553
0.000225833345490033
0.000252021472433592
0.000405387650915379
0.000458508698424999
0.000436756503758286
0.000714890489767027
0.000397812993905691
0.000325055270268578
0.000443897480221481
0.000333366749293352
0.000223604434094677
0.000286973980767924
0.000426707334931166
0.000703296740188296
0.000438588239683852
0.000574577049734758
0.000808401943684413
0.000868938158713514
0.000584091107893238
0.000244596620966539
0.000460310892914211
0.000520518660261549
0.000439436657135447
0.000422405319979989
0.000303016218614408
0.000347706350601012
0.000799610038983384
0.000769184105560739
0.000391223216334231
0.000433193273110551
0.000370956798830437
0.000420580688384779
0.00041078426962482
0.000229539436242749
0.000182216133618462
0.000253654765166529
0.000254017400351388
0.000281159412270492
0.000408360386854828
0.000310158334714199
0.000233045467602582
0.000407573347129979
0.000749891526683673
0.000492313487390265
0.000730170827995684
0.000752203614205686
0.000839764235932465
0.000829946780954317
0.00101386504259402
0.00188573824694079
0.00133435683982953
0.000545777558693839
0.000524753360955917
0.00053305312899036
0.000865760879306992
0.000495518069809389
0.00066216368358192
0.000723825968832345
0.000313126251572403
0.00024565800366311
0.000223483867147628
0.0105659846702189
0.0263987587487995
0.0166159275166156
0.000704645271195735
0.00048092986160408
0.000505568210406998
0.000610042971985292
0.000519385701582197
0.000730853313824715
0.00071732529338832
0.000397652904889461
0.000512226279834094
0.000402954969572695
0.000259979110610924
0.000251119718437257
0.000345906268076802
0.000542252906021963
0.000858893923634224
0.002280842515191
0.00240425273754207
0.000374088973845273
0.00103265691634736
0.00148651389172949
0.00137452413730936
0.00260448534423652
0.00288035114359005
0.000621239955947581
0.0011234920588012
0.000985957080498174
0.000652289434732694
0.000702906779486586
0.000630093595243148
0.00161022863315501
0.00170731314184596
0.000738555496835391
0.000514719399332436
0.000500824047541019
0.000479961615151188
0.000915593233574041
0.000788814105730024
0.00043330137958165
0.000544875302846705
0.00115014034763732
0.000581125579837844
0.000423723816136256
0.000457469590707665
0.000584367930644244
0.000587205771759048
0.000739169073787658
0.00161880163230137
0.00174547666565531
0.000906677876175204
0.000822893451548601
0.000424909430587758
0.000659973812044767
0.000523984369083972
0.000467981880524043
0.000747353599906135
0.000743925429757262
0.00068461410145729
0.000448575733840131
0.000369528266260727
0.000712816414191826
0.000894865998392343
0.00519628323672832
0.00555387327327914
0.00219364479264556
0.0027642327300427
0.00269400086967574
0.0020428040948416
0.00237400208436678
0.00178494856480665
0.000683116321904166
0.00144352050405798
0.00230811974060395
0.0023317409076245
0.000951198964188778
0.000532127500321104
0.00206573422156244
0.00172120091118755
0.000805417590332542
0.0006117994151018
0.000646012777036454
0.000649097439342485
0.000604626288745659
0.000515333614456454
0.00199577325218252
0.00107548638844319
0.000327187300413958
0.000510810248433648
0.000770761478848799
0.000622918850633041
0.000666787787636985
0.000670232806887195
0.000753929929394864
0.000787752468284862
0.000588088864580694
0.00056280436665837
0.000967856162552875
0.00147684783609802
0.00120043935985652
0.0011296999255708
0.00122664600419313
0.00104524143442215
0.000966567516022107
0.00100399966386104
0.000891266089549779
0.000680319730961626
0.00105754711223955
0.000648395447315791
0.000766045485318359
0.000828525505503659
0.000569074433750642
0.00065708972429789
0.00107314593818398
0.000738714499106698
0.000497272350448556
0.000679510394783859
0.000689599531080056
0.000638805778309772
0.00061193647857483
0.00068082711207331
0.000636792549998392
0.000542076430667393
0.000619341186614549
0.000745277702310947
0.000759988991158814
0.000585845648647026
0.000606732989837832
0.000673686945788324
0.000641805583403358
0.000558481394246166
0.00131992791582595
0.00146733570145194
0.00108737842612802
0.000603211114087671
0.00109065528444077
0.00100318268938416
0.00112466242901404
0.000808492570257142
0.000838328650259606
0.000795616264970497
0.00134753040052256
0.00270368227104035
0.00294153143255477
0.00108193648454511
0.00111295505225437
0.00111192997410706
0.00239147109372283
0.00119465897806175
0.0014808370050485
0.000673517071387063
0.000606498937602877
0.000577206317994903
0.000496384460756853
0.000540481567569658
0.00116140156288768
0.00067733851067713
0.000353723466294946
0.000601206599053065
0.00132774791860729
0.00110048060453514
0.000896461835356438
0.00125046207627787
0.00100271206780216
0.000708840648184697
0.00106754540809859
0.00112347884795976
0.000674223476913543
0.000579878992637666
0.000727615655736869
0.000732915146531899
0.000542741636891653
0.000444479334412951
0.000633440288591231
0.000686405800709418
0.000658107443948282
0.000783020396165545
0.000665174103229736
0.000743083313120429
0.00103921144800341
0.000886223445091362
0.000700559154095556
0.000481513876846689
0.000632487119133408
0.000797382480110424
0.000649669973963825
0.000766944420281058
0.000758356192572236
0.000735027307948968
0.000646606697796972
0.000740278012023877
0.000948722569279002
0.000777951495744105
0.000655798258467047
0.000864544617511857
0.000857025146497815
0.000706870713177413
0.000662205252382014
0.000864213411545197
0.001040429778691
0.000826404068380871
0.00073810164491749
0.000770367261574254
0.000667726850855824
0.00055544959673241
0.000559587989860451
0.0011599457056363
0.00105159491055972
0.000624237558790084
0.000672040726921675
0.00119246172289816
0.00214396304780365
0.00181145670719168
0.00149992704152589
0.00162883331887247
0.00104522747073797
0.000614220629944611
0.000512960704992453
0.000656585612683017
0.000812554544451954
0.00104700257063892
0.00148070827452147
0.000993175739508001
0.00101016571303267
0.000965572572086804
0.000683694400095817
0.000725247687418789
0.00122643559767622
0.00127834118488727
0.000755932813352256
0.000986857088943163
0.0012911463551057
0.000835623448611788
0.000827614806297904
0.00132256408836525
0.00118683005958428
0.000555504941774856
0.00070423035850602
0.000753427128517465
0.000871717368251685
0.000896019076257078
0.000529005188241784
0.000415310756289769
0.000765993456863755
0.00117935976441888
0.0011968186229504
0.00131349015387454
0.00125641278375092
0.00147201595635036
0.00115356222089964
0.000408447840880039
0.00280526239664438
0.00291051430963043
0.00132550537949087
0.00112075799649866
0.000979302698648659
0.000942363354023808
0.000795608657055651
0.000741654593124193
0.00140487703053807
0.00133598027292656
0.000865113665112854
0.000823870497089398
0.000711391892967849
0.000816802663096964
0.000787518797453548
0.000713438250584983
0.000753269388897329
0.000741780860107435
0.000816641997668285
0.000808092782180371
0.000761424081440115
0.000579992586461865
0.00062656235187054
0.00086851810870376
0.000956170135699264
0.000933902875764704
0.000813088362864252
0.000720422021243833
0.000871536677629915
0.00119617044752408
0.000917830694453177
0.000784536179965596
0.0007782903029161
0.00085326384946648
0.00115328550607929
0.000865075805457172
0.000414692087747816
0.000600637225470187
0.000704591413932874
0.000662929823913469
0.000556926505417294
0.000606404986359541
0.000712123686247921
0.000593918958988715
0.000563281952103457
0.000932497999904785
0.00102555226320984
0.000675015935887843
0.000606118077132188
0.000793745587200272
0.000726900194299231
0.00107072843980866
0.00148304843303891
0.00160216625829467
0.00232999362502034
0.00225482674942961
0.000990703122827423
0.00183198267423814
0.0016538948254051
0.000707745080852382
0.000820627279282083
0.000943554991614653
0.000830391853792016
0.000712055688636853
0.000672789187719206
0.000701781315774512
0.000543341152067865
0.00050387828755496
0.000721418041655022
0.00134413774999579
0.000715201807914121
0.000753713039883029
0.000878899119210054
0.00115608107149247
0.00108414318281544
0.00141998804003943
0.000990030175352186
0.000685858646913967
0.00074978962386874
0.000806905128614217
0.000759685004010714
0.000564750945488367
0.000601759278836947
0.000780905621409007
0.000638690589805126
0.000675859289251935
0.000779916661167073
0.000806605551108035
0.00122968015201999
0.00133785458036849
0.00111787812300658
0.00136486988264078
0.000987242670824184
0.000699687974199358
0.000845461341329407
0.000760805585837201
0.000667909787644588
0.000553830237464161
0.000562745254575099
0.00216057122940522
0.00582853495678622
0.0011134324145111
0.000938121015740996
0.000808214273971265
0.000778003399028092
0.00190010050188992
0.00180705566118593
0.00104751734080788
0.000890021317582877
0.000896110118306656
0.000804952186926287
0.000671543486623863
0.000568414679949333
0.000668953580890954
0.000700927418056759
0.000739609037742852
0.00116274204691314
0.00112203752097144
0.000717926819692418
0.000531835162838895
0.00056644333774295
0.00098033749456694
0.000966052542960407
0.000678961268504714
0.000828120961252236
0.000821742427606254
0.000673692515868725
0.000760321596531014
0.000821902495809059
0.000701446691364913
0.000631036615747598
0.000720823910049393
0.000751962796536263
0.00081368504756684
0.00087685128468977
0.00140559727796874
0.00217249437718938
0.00156659953594892
0.000770061311624111
0.000826998243505035
0.000953118746783483
0.0011163070310931
0.000836633360730914
0.000726023506331911
0.000762882962628695
0.000607360452008422
