0.000508522185001311
0.000514440393380266
0.000707543611058948
0.000545629853385149
0.000471567030614346
0.000616688884538841
0.000941587622692087
0.000682492510789179
0.000493929177972255
0.000566343235621657
0.000513599299138412
0.000509297889573967
0.000495538108099893
0.000518342290265175
0.000561475106778144
0.000549084627506907
0.00065666878986982
0.000549399191308964
0.000463114963809752
0.000539168037858579
0.000450294064907385
0.00037401735286197
0.000408412237281549
0.000506211074181146
0.000474455576339958
0.000439214617826955
0.000492341693307245
0.000441554364258711
0.000463966252050934
0.000533319676894696
0.000618386357292825
0.000451065592261163
0.000436268405120196
0.000460493441572384
0.000490183835459802
0.000468009804211976
0.000409094124098114
0.00038724630185126
0.000448767089964838
0.000433491782067789
0.000433996071186865
0.000474156319189656
0.000468299997276886
0.000525018760845275
0.000397099662022544
0.000425434861910489
0.000429609904109487
0.00040043630839364
0.000373833411638162
0.000516575248064627
0.000449165185448314
0.000412161907460764
0.000395403815901733
0.000449214864393317
0.00045452407454167
0.000466391216384211
0.000462739975612966
0.00062649509081294
0.000490507157483956
0.000504055273095952
0.000453500251315912
0.000397528703712461
0.000710957218753068
0.000478325577298595
0.000474371827308439
0.000481007506898461
0.000758556749359421
0.00040745948373771
0.000611502009504051
0.000440043319614152
0.000418607575895899
0.000392023360544423
0.000463246901286855
0.000477982786726067
0.00048574341900176
0.000435260249967836
0.000441303753123687
0.000422873613696053
0.000437002227831378
0.000916350415030556
0.000441256151381576
0.000798916337133971
0.000416604335861034
0.000528615158421024
0.000539239396915134
0.00044992981666377
0.00057061188585565
0.00057579403629042
0.000426841447122957
0.000462104122442196
0.000444252404380381
0.000421019194542398
0.000433953158714677
0.000434712771035599
0.000441553173094195
0.000435764878187867
0.00032626906611325
0.000335928453335852
0.000389355069632252
0.000437021339317403
0.000447360021640225
0.000456552560152282
0.000452532460010099
0.000397236439284907
0.000508375140664911
0.000499963828146102
0.000387770795954029
0.000487392127805606
0.000384543594210525
0.000447670021057136
0.00044087453069447
0.000418883287458283
0.000398949252910421
0.000390362529181928
0.000496266312360134
0.000482924868596177
0.00041787781080178
0.000422468646322326
0.000456983607466085
0.000452045050647154
0.000464342290475563
0.000545177157262293
0.000525337910488662
0.00046766317048324
0.000487996706227176
0.000429630300600032
0.000423513413849932
0.000433022527772449
0.000420601648881705
0.000521360433787028
0.000416114210177854
0.000390012183152313
0.000418020646480523
0.000525304853506862
0.000474835871470162
0.000434086516679894
0.000365851065885761
0.000495473689993077
0.000558366067741847
0.000498955734176566
0.000484162253501009
0.000476699220187109
0.000413747690195275
0.000431927543534242
0.0004309303936907
0.000429129377972258
0.00051773919983497
0.000453115436500624
0.00046332285563047
0.000466746883314696
0.000470028611435614
0.000484715201624374
0.000421046438672921
0.000363842328060608
0.000372031703270739
0.000413855552272537
0.000456562333776526
0.00128753689467866
0.000769258732976558
0.000495229809697071
0.000480889275469751
0.000479549598836613
0.000678974714189342
0.000710492906834191
0.00137548799128788
0.000778428283586655
0.000737777248243472
0.000626778798200673
0.000629187699099877
0.000674150826696731
0.000435757830389025
0.000556440333163433
0.000425659407605014
0.000416204337267375
0.000458392053067464
0.000563761893490471
0.000768910267716406
0.000765414888719284
0.000857270094293275
0.000608871876550281
0.000430668256610033
0.000467500752747093
0.000511603285202114
0.000453713755344536
0.000440914651462946
0.600722974822521
0.070937584950818
0.143645881911511
0.00222372080983989
0.000513832205018868
0.000455837921633833
0.000417715970347736
0.000545532199629379
0.000472227450035918
0.000449109612449744
0.000450179282029422
0.000460324013204403
0.000431153014684024
0.000478544907611381
0.00046277180459787
0.000377367045005901
0.000454885926276659
0.000446800939870652
0.00051479325403611
0.000488124982974569
0.000478051573784531
0.000436142258853806
0.000402355513797041
0.00048354524807829
0.000480261253311643
0.000479280696129762
0.000463245646939799
0.000419323969835009
0.000364856465619878
0.000393451256137968
0.00051852796263625
0.000517045808218284
0.000380052779667314
0.000386592428126111
0.000401860897399866
0.000429858647908362
0.000427988842772738
0.00063629556565476
0.000567102093354316
0.000581188217680731
0.000648745276139495
0.000546334081273769
0.000489074681206672
0.000495756850124895
0.00106569511789716
0.000510529596109205
0.000688077634516637
0.000761341138499548
0.000424608647682904
0.000457788345576845
0.000444633623903651
0.000460766551900177
0.00046416117065877
0.000419570680723482
0.000473907796026558
0.000441304333719884
0.000433376127995451
0.000389253378831525
0.000440289455667789
0.000445091824479582
0.000446564194397496
0.000547412600998927
0.00050567923840918
0.000455099086379316
0.00045251595750039
0.000947243172298166
0.00054858917550187
0.000690373031128185
0.00196840590600028
0.00071738795787812
0.00053697704775461
0.000550533518592042
0.000790152448666244
0.000506997108963323
0.000491150065451294
0.000492282831523456
0.000402176843272394
0.00045268047528209
0.000444963094296543
0.000443690253721433
0.000466749406899451
0.000463259995585018
0.000398505864697209
0.000397299346761592
0.000450205160116582
0.000416139091898848
0.000646475472237007
0.000344144472781667
0.000348411598467783
0.000331810698833534
0.00040019655336868
0.000347719353574503
0.000385298961968022
0.000433483913511466
0.000409713910368866
0.000493391072762456
0.000528353994030311
0.000513134433298763
0.000485582436002825
0.000416047534505556
0.000441166543723923
0.0004619114454779
0.000474193346712187
0.000485641841949006
0.000587433166402833
0.000495608259871593
0.000438204366438203
0.000465244245107444
0.000426011909118032
0.00045511463798743
0.000431187985069605
0.000485567875872607
0.000358613239725076
0.000364016703318544
0.000419079012585156
0.000482497908966062
