0.432595480514481
0.407910430619268
0.339200567193901
1.20628855013731
1.19468279729058
0.465738754982109
0.372005719346294
0.631076472609911
1.45671026379623
1.42939313469744
1.07106279482794
1.45069339305953
1.62187279414268
2.10324711084404
1.323241594829
0.603431332129055
0.785372353011014
0.603787962321479
0.335032261838913
0.367277310010072
0.444901985755687
0.607083253680303
0.832372889538149
0.726338266675769
0.584912524561888
0.83202974411402
0.830354032311387
0.645747424768478
0.491399195999049
0.584560409625867
0.520739183371138
0.374715270182123
0.329662552819568
0.488229697071473
0.864672348133262
0.879742166380259
0.64498201462414
0.422187946794243
0.541641933328845
0.572954034716393
0.630949924110157
1.19008527179079
1.92761887348703
1.22238277020464
1.20490975424358
0.739137366752418
0.356947962605877
0.292884915709319
0.464821029858869
1.18608977286256
0.857942346959197
0.556747560779239
0.886506812866602
0.696951044027576
0.672218021476955
0.971842298023482
0.93882382093105
0.991467323440272
0.673669646690587
1.02090391272466
1.713812387454
1.95785892201537
1.92847830850585
1.14490327726532
0.461486446393712
0.416504036693566
0.651885123428128
0.755162838175839
1.17927311046894
1.40299628113734
1.38763094538594
1.04357843431918
0.231559023420116
0.498050756599157
0.823998835316526
0.841680271774984
0.663993637264003
0.300565690282327
0.131240255885109
0.206550620239216
0.208165980504516
0.208289541361729
0.524332815757262
0.875467720761698
0.989171930602916
0.835108762096114
1.09639851185777
0.698462215464063
0.499026753872247
1.17229830585818
2.02130172457075
1.91842142841332
1.15251667353467
1.79535940508308
1.237197068869
0.25898340921328
0.992535479635705
1.58434754878551
1.08719551556701
0.940938686076051
1.08524825274871
0.4561353142386
0.375159057226244
0.268414922187783
0.339022100406678
0.442714582474833
0.331804599455421
0.3066649173694
2.37122179890273
3.81185042432316
1.91481680143013
1.13809131447093
1.03353704327751
0.653496868463634
0.449883175026838
0.332007220020131
0.453067854975
0.334987995959445
0.353289212120315
0.365794057682655
0.820551571201301
0.732997354437382
0.861214498255044
0.872428022736835
0.481558902257899
0.289084595475609
0.48281232473398
0.646752410115856
0.535459370706694
0.395806580764383
0.364843961257355
0.339034734599168
0.391353365974981
0.440830236089215
0.365330601229542
0.235986507838597
0.25591167804858
0.302308719036847
0.230047271126885
0.651066042829259
1.05083545172157
0.733571290939727
0.28994304657154
0.160500448938771
0.342943717631363
0.367745809029544
0.394528200470285
0.549478788675755
0.807188180920164
1.36864060637753
0.782784710906173
0.304308046951953
0.347278335380347
0.300264618985036
0.246266230155514
0.245029757482024
0.181082559151466
0.465502601279422
0.570891444665018
0.49664601411289
0.452958537311182
0.567165155200537
0.731285490409326
0.863085598782622
2.04395423684571
1.91210915115795
0.709660961093845
1.07626843524156
0.965861789963881
0.286500143857831
0.468617744950477
0.361171112799104
0.977632647397578
1.26770901790047
0.58947582937385
0.337248070694629
0.271222493501634
0.311233999933984
0.62951197398012
1.13950387366555
1.10490310134857
1.12736232791624
0.756399607304756
0.293096996559248
0.274748269326021
0.472903072816812
0.584437189397736
0.570008098209944
1.05520704687738
0.977724935392575
1.15963290024264
0.906707678797716
0.397481030256892
0.570856651244877
0.547150319991034
0.381369248269595
0.353966771238
0.707984354552057
1.26308650961603
1.50703784363639
1.20738073726595
1.01564463012515
0.848755249234335
1.39390031464048
1.39110449792542
0.693291194215983
0.728960915578044
0.716357993312645
0.432693147482854
0.515235928041499
1.5631440009401
2.25868433476558
1.78230476414178
1.31174421138599
0.560424572874475
0.389799786074618
0.392513228175023
0.39166057152369
0.697155858912469
1.15741107975202
0.939964722750892
0.591027941916246
0.850945079900411
1.11256409802989
0.746157098530398
0.513052298383947
0.41658754970705
0.338934035143849
0.488886329696456
1.34267378582554
1.13308944219421
0.886323161154589
0.774888710785922
0.498862473583769
0.713847141075096
0.867225947724239
0.745226817504813
0.584837581302597
0.242087149529592
0.242549671737902
0.687052914986032
1.75933580003907
1.88655148306067
0.84181989939634
0.73305327876773
0.425315930115458
0.611791933619924
0.854187589994337
1.06616477032249
1.09551673245185
1.84786797241917
1.60969407263748
0.804491770317727
0.708421375614463
1.18957511851348
1.40828351495927
1.12139023811304
1.2747909233273
1.27936454492957
1.28790817055389
0.889426952377054
0.514409382074801
0.575495510208365
0.83867838432134
1.65771221310057
1.6840053206209
1.28920148188214
1.35511708146167
1.03492193904586
1.01558727791127
0.930340210194803
0.718024529845727
0.550383337764085
1.07622463159832
1.05526077606563
0.646545305442513
1.39119713219505
1.23335085232359
1.17199043014973
1.36619555104009
0.536996220991084
0.305451234469226
1.64042691969129
2.19307752559748
1.99999230463281
1.88182120215195
1.36778117288354
1.56122347401977
0.953311828188418
1.55564229438099
1.51561374644543
0.891116236222974
0.915606231745621
1.77989962584604
4.20616325744939
3.09610128033862
0.760694492574354
1.04031007273655
1.07211861622344
0.89620171517523
1.08276352407944
