0.162152228729133
0.0357390220334483
0.0127967680176719
0.0090910422234733
0.0123140071084392
0.0197301672333813
0.0307290965315877
0.0431947782886869
0.0388419627034575
0.0405875271769691
0.0263789584605663
0.0212473327982806
0.026997941509573
0.0289759582606489
0.0249967799461416
0.0168950384860941
0.0615923207652109
0.120330797606925
0.178341984673935
0.372327257550365
0.232640127284966
0.0267187006577522
0.0110819267098519
0.0152706035885978
0.0151125611020721
0.028311073355504
0.0518598037500525
0.0338422314879725
0.013960216585948
0.0176445323789486
0.027687760168426
0.0150865312215547
0.0148493355418427
0.0334396458998288
0.0337729768978124
0.0200584336220147
0.0280016221036931
0.0596791219946215
0.0712492175990319
0.0323556086950589
0.0631612080462708
0.0786070209867555
0.0331524129867692
0.0234032070959054
0.104780369358286
0.119416011844616
0.0414512979963813
0.0096170954716153
0.00662741301966444
0.00597406629458779
0.00582885616820933
0.00368875742046148
0.00320199476740592
0.0395483877088973
0.0343816019120719
0.0133119588706359
0.0307618810624443
0.034168916337361
0.0142482022320574
0.0162309955742113
0.0138499801017167
0.020219017707963
0.0255941057205347
0.0351206270482073
0.0401414384119746
0.0300089170148776
0.155848814925312
0.290589679631116
0.0415787296832852
0.0269857282045203
0.0476809423941967
0.0181135969119094
0.0753035027159322
0.0631784869842869
0.170511117678081
0.182872830422684
0.0535955394627098
0.0214151908975466
0.0120699686131079
0.0142143951428942
0.0151255759445876
0.0213906464089181
0.0116407387678463
0.0131011489082621
0.0275095436708757
0.0166103816637306
0.0112385007713774
0.0192928847164537
0.0223187760421193
0.0346104450976956
0.0245828580173974
0.0156637528865357
0.00627505423013952
0.00728756248522432
0.0155411675161335
0.0141851509906856
0.0227236800944246
0.0760452128269115
0.0915838798671403
0.0121037194064654
0.0106670771578585
0.00941724466543543
0.0216283219044565
0.0422958411711217
0.032447630089617
0.0142091092155287
0.0167616840683649
0.020672361355399
0.0270174402241073
0.159928297390876
0.182142785439228
0.0245330483114144
0.0204176060074124
0.069053432864147
0.0922755149693087
0.170644130526301
0.404647636787543
0.232246598389498
0.0234615566622823
0.0314458601971945
0.0180244319370768
0.112544155626359
0.403721666466355
0.329238340142326
0.0716806455153816
0.0251731847535781
0.0162978173634765
0.0234987725315347
0.0380708267862768
0.0218360270388543
0.0213012963980135
0.0258700285853531
0.0324084444592823
0.034034724066563
0.0188636360718562
0.0104775499937416
0.0133380481095663
0.0190674318307727
0.0133800952974416
0.0192343974245468
0.0112731219322411
0.0234213014653522
0.04397977074
0.02809661384139
0.0350575178888878
0.0960157654556443
0.0985456624110442
0.0237456326195344
0.0256452612759701
0.0694340944601238
0.34041318903404
0.357261911033452
0.0386253500960216
0.0317697868796967
0.0275055336352181
0.0305097866954163
0.0436335448868067
0.0184036427600056
0.0441286983991634
0.35154758787325
0.417685744646893
0.04190203928998
0.03617189014811
0.0348349332260837
0.0185971715709651
0.0142114485639543
0.0168140572518866
0.0347967433487418
0.0449314578346771
0.0259705378677467
0.022473455135757
0.0288087776026048
0.0287634443614423
0.0337088631037101
0.0446096713654409
0.0340816604349579
0.0264480175980484
0.0131971483338093
0.00649327460446728
0.00713719251521787
0.0124269473357893
0.0107408846333185
0.00916182540859018
0.0379450481246107
0.368372611993971
0.0275261925665574
0.137154430121828
0.023230313130566
0.0155144140888837
0.0102989664798197
0.00681133068482804
0.00675239521680778
0.0107098984491519
0.0138489260964834
0.0101891080270722
0.0118682877155326
0.0212480380670776
0.0123847755553722
0.00773976802706741
0.00882033774405494
0.0164539155164577
0.00988407054916249
0.00619749711215764
0.00414996094068426
0.00644290715156928
0.0696664918297428
0.217630164229077
0.0882650058436901
0.011324441246864
0.0172531411904475
0.0177666072227767
0.0283663368460487
0.00951276583288053
0.00856477524461537
0.00515418407110767
0.0132253920057074
0.015063267566535
0.0129267567298185
0.00692289883198373
0.0130793407539949
0.019502485328991
0.0168561264522605
0.0112272952904162
0.0183120604065484
0.0339838887217854
0.0187772942859093
0.00548855988640702
0.00175874152105451
0.00430766637945217
0.00830158721180927
0.0542841907932749
0.0519114451365987
0.0135468267943819
0.0146527282569733
0.0197221116045305
0.0132761287573926
0.00725526268774591
0.0137645021320452
0.017474784568137
0.0133106424918249
0.00484918650618239
0.0162100763492621
0.0177647786583295
0.0126189959305837
0.0127838072345686
0.0144430904575837
0.0291699733962202
0.0260466870939416
0.00528110210725431
0.00437396327727971
0.0124165846117589
0.0142510599533132
0.0255723645464733
0.0279534655030739
0.0103834478137518
0.0164423025821124
0.0126818159205358
0.0111984802938525
0.0168477230483163
0.0242657841726675
0.0109481595021922
0.00786847638987593
0.00819842322904077
0.010484814913805
0.0257058187349217
0.0453074090831449
0.0171473638163226
0.0105811296043951
0.00914922416563568
0.0112658144444319
0.0163824445899353
0.110406531464736
0.130967960280266
0.0551501309394197
0.0283029079501399
0.0571395170056624
0.0398397741891784
0.0108137780257928
0.010002765318563
0.0093514331239596
0.0172478134779249
0.019411732049387
0.0257920080092486
0.0150347249802485
0.00889750987776501
0.0106723858150343
0.0194492049628421
0.0312800577216221
0.00702851901360193
0.0138102461619526
0.00813223522059641
0.014332409336443
0.0513827458170649
0.0309064819052127
0.0200779669033693
0.0146227195545005
0.0309144398363736
0.0206008487198952
0.0110812178381226
0.0149763919107644
0.0107081670927344
