0.0133371547733389
0.014620456434733
0.0170730085051127
0.015928976670982
0.0173196382731558
0.0174240460695047
0.0174811249862153
0.0133457821188985
0.0149482823548713
0.0179762383493491
0.0176739275668141
0.0184660071190936
0.0211295519599903
0.0257657541595883
0.0229616162639813
0.022270356130794
0.0208133851613347
0.0212621204050238
0.0171278013038546
0.0161493920642133
0.0152663586336474
0.0163877633489152
0.0181055874702176
0.0153415161475393
0.015161739637107
0.0182560183586466
0.0377437584283318
0.0391943691465917
0.0238737974000149
0.0185155764879308
0.0222594253015973
0.0187323200524002
0.0169278123561478
0.014624295878375
0.014733413603413
0.0181673774575364
0.0195664213759881
0.0170087391119542
0.0120119620309174
0.0112207273072612
0.0133339228640528
0.0140893260669064
0.0182063175574996
0.017692312240619
0.0213256792568595
0.0204356975370504
0.0179566653678994
0.0184824630615501
0.0150166156459775
0.0141816513128532
0.0210625559143583
0.0250563826465294
0.0207858209904023
0.0133858486478099
0.011710087539328
0.0194543036993327
0.021189318738522
0.0121939050283616
0.0161967421068664
0.0177290090046926
0.0159474663292431
0.0171014023121856
0.0203648996695386
0.0217587883785998
0.0139061749623122
0.0138337951782715
0.0137362878264199
0.0178708881238405
0.0222156892543908
0.0149782732198054
0.0179112065758141
0.0180480910218213
0.0162934096803991
0.0148522232395802
0.0128818343655416
0.0134137950839345
0.0153229534882047
0.016149604202859
0.0142891529752981
0.0140881587136358
0.0188060603532409
0.0232452908667772
0.0218002468339063
0.0229655196505886
0.0197311637688245
0.0159114695825363
0.0234751532805485
0.0188344207020413
0.0259023810515513
0.032965338873387
0.027288861721639
0.0223980480711481
0.0160824396017363
0.0192286642555788
0.0182103389695653
0.0140207401196049
0.0259647878528163
0.0239573399996832
0.0201417045611831
0.0139722167310779
0.0170229799109114
0.022012311290733
0.018310754383398
0.0154536633379794
0.01852315007434
0.0161567759084356
0.0150363563410029
0.0143588940743496
0.0136485375699478
0.0152174040605414
0.018181506908039
0.0189017653037129
0.018349429178003
0.0142211077084533
0.0135011469374402
0.0163988586554689
0.0185494972258423
0.022149311762705
0.0206888629828197
0.0175639516323723
0.0216336683070558
0.0260978580080884
0.0256972630259545
0.0171396624139467
0.0186121497580234
0.0173015220270307
0.0115469567531236
0.0119502800403184
0.0134722727554451
0.0143964726616309
0.0171396667054074
0.0226037778014332
0.0213317221396286
0.0171401921073975
0.0199194369872901
0.0175524820603058
0.0172873726428882
0.0298150086964155
0.0239204796918202
0.0192256100740258
0.0188065803645804
0.0155801615171688
0.0136995056702676
0.014409580750334
0.0154998416012508
0.015742924739986
0.015067188846671
0.0173435100725524
0.0142970223927005
0.019016034733229
0.0169870544004118
0.0160747191697542
0.0132306906162956
0.0154033838650408
0.0157355437995596
0.0139211392852013
0.0164939672335651
0.0220495552417331
0.0202961318066074
0.0129367676733903
0.0157755550153589
0.0155411847659946
0.0129086646986012
0.0168988655088104
0.0192740593251378
0.0166438529498954
0.0163088062600976
0.0160068281061713
0.016708370151997
0.0140510206762677
0.0138607637488425
0.0157041293339198
0.0221164543366778
0.0172245087501999
0.0129610088350123
0.0182283849967249
0.0236993221405509
0.0168363973417832
0.0133011978338304
0.0163969146007902
0.0172748982093322
0.0184177481426746
0.0181041286726335
0.0169333300906586
0.0162121284225297
0.0165461200789929
0.018032746549887
0.0182927612792215
0.0206462852859672
0.0194811048054791
0.013874109970538
0.0129643979255103
0.0144576069197318
0.0117235824845297
0.014917920323246
0.0175625172528636
0.0223811639232355
0.0238719207072928
0.020295489729745
0.0259155030742298
0.0164116812781402
0.0132910371308719
0.0149574822673973
0.0184063343948392
0.0241448448653107
0.0242236674627896
0.0225327245227542
0.0200870230729142
0.0120514277084324
0.0141632166484253
0.0187211059137265
0.0212908000489959
0.01791084947571
0.0152196548508239
0.0143154972869649
0.0181963490900828
0.0186662170560043
0.0154270974958142
0.0124040293432353
0.0142122114769632
0.0169694841037618
0.0166746035131461
0.0177316850980328
0.0240661216030921
0.0230030580688646
0.017037434434397
0.0193848854689062
0.0243654843366144
0.0330089426153759
0.0340712252234092
0.0201605574816302
0.0157252716551981
0.0146533936045368
0.0186015987340272
0.0178353223572044
0.0168000584986003
0.0179358889112785
0.0144435729709235
0.0142177767055302
0.0168289939483309
0.0210367798194225
0.0156965822490149
0.0194334465608721
0.0185894287251719
0.0142695713531176
0.0148073170614457
0.0166523536345993
0.0186953558041082
0.0154373717953757
0.0127384258161217
0.00979159329571061
0.010165959270191
0.0108965344360022
0.0475361357634211
0.0474720868471679
0.019713430505565
0.0149829971820707
0.020455854607282
0.0218523232683908
0.0161602391987576
0.0179712449896498
0.0230155436458635
0.0205710659129452
0.0155079281776146
0.0144735637535534
0.0171657535352237
0.0183815059547796
0.0123245740567978
0.0144368107917635
0.0197611094836902
0.045313030887555
0.0428623064445963
0.0228348283177304
0.024166032816405
0.0215150280314578
0.0211461581422828
0.0240690500941988
0.0176598883199112
0.0201815518631079
0.0196766344576232
0.0172521990434867
0.0172003431657208
0.0184568798056206
0.027107068243904
0.0302573318413814
0.0227363496485474
0.016725163830446
0.0179705334070717
0.023855726688419
0.0305951154443768
0.0302672004413365
0.0262651352734911
0.013887012815422
0.0283127829685316
0.0282156140917867
0.0141057536082063
0.014651656005067
0.0173915997975979
0.0161364918956419
0.0171314683670037
0.0165033418741918
0.0172821438425798
0.018066790844965
0.0173743999766436
0.0203791153739852
0.0168780956275185
0.0134196730119068
0.0168353362864867
0.0132800203485544
0.0137871983159774
0.0171076160107406
0.0147620483903325
0.01674037133611
0.0142874995523885
0.0220008675518952
0.0248606940376654
0.0216108607575298
0.0228768419075003
0.0180924617584226
0.0239734059043286
0.0279379612554402
0.0469876092892841
0.0495289119257378
0.0306104081762233
0.0270790740240442
0.0353252493640934
0.0417268049711955
0.0578302149717918
0.0713430586383158
0.0840408720889124
0.0786709792189279
0.0543391749711134
0.0387351833153133
0.0395431778887577
0.0425190556854778
0.0278503778741145
0.0349082364460783
0.0433181847104049
0.0287183437327426
0.019712958767327
0.0263946875415665
0.039326850424618
0.0410118311491921
0.0450172888167013
0.0516146304932197
0.0585534098610186
0.0405878292676059
0.0465576870115209
0.0271362136953884
0.0259072747336385
0.0346927152406025
0.0246064746506097
0.0288487233169246
0.0378760516094892
0.0433195551921846
0.0301790873521964
0.0329168027205085
0.0340150987229462
0.0383132279168843
0.029517257171822
0.0248839673387438
0.0227870907337563
0.0285645445523531
0.0335062869021178
0.0305919017299441
0.025194349902332
0.0278212507602913
0.0355415772306217
0.0363276209220393
0.0268265005324097
0.0340689526896715
0.0677279631519048
0.0558236655641994
0.0287987366411386
0.0349197916398752
0.0302444382326204
0.0352990647284953
0.0315383704620417
0.0401829955388858
0.0452290964980043
0.054141275262564
0.0389845832038993
0.0353436158891607
0.0396893883098638
0.0290968405189604
0.0328362888137714
0.0357515318591444
0.0337969003065686
0.0259948129404237
0.0205863367362198
0.0191202415787926
0.0230099778224992
0.0288749742114931
0.0273767964641102
0.0224288993707879
0.0272056226732272
0.0280827787036067
0.0234839185634329
0.0251311338533027
0.0501181916365754
0.0712572365088492
0.0913236476542921
0.0810193481592846
0.0751474982071558
0.107574054831349
0.111138788506849
0.0667216415486915
0.0384678720964749
0.0425605826628172
0.0546491671177172
0.0475342356189028
0.0497153174998382
0.0697722614468632
0.0553701736313001
0.0277698167252532
0.0240886287129701
0.0388028920703769
0.0406831949035962
0.0381787756069592
0.0431647294545518
0.0616571946166655
0.0566649893170545
0.0387429698710514
0.0323764703990395
0.035569635502085
0.0363690481619661
0.0589116738075259
0.111359364329467
0.0994436831370407
0.091306080647052
0.123932356010797
0.108426820015744
0.074127026015432
0.0929960807343624
0.0996615423913616
0.0692038666253749
0.0684125170901021
0.0673809487041734
0.0359926453158583
0.0301588131440964
0.0359063593312388
0.0531562840386956
0.0330541813859439
0.0274828255983154
0.051292618935267
0.0616368414809821
0.0365816635709574
0.030010439076441
0.0474420891805771
0.0576302280132701
0.0263677186545757
0.0311035052169437
0.043140839776821
0.0324294603832585
0.0247532762491481
0.0313103093707554
0.0236776434370205
0.0310474427032575
0.0590272289404543
0.0395122594518949
0.0242185580832688
0.033844037088875
0.0347518483035399
0.0352722246609684
0.0597071578454611
0.0569556143392389
0.030471508457688
0.024607135892571
0.0267692311389861
0.0269769576057224
0.026652369463256
0.0215063145686335
0.0198499418389399
0.0262299611486029
0.0290401924503293
0.0405132215156154
0.0558758301997546
0.0487910011276336
0.0692050770086502
0.0578586562496625
0.055335348611237
0.0736230131893225
0.0451396516872506
0.0702052407754642
0.076661721634164
0.0931973639748108
0.109873156638539
0.111299822309161
0.0981063082885691
0.153964378277439
0.144069138157138
0.0855308957895782
0.0642666326207281
0.042203339194312
0.0200184274082009
0.0242666450729663
0.0389159510984979
0.0316526017879419
0.0344565630444323
0.0354835437640486
0.0315874959587542
0.0281508303495564
0.0220406428034157
0.0309015062087657
0.0298361682660126
0.0260155661527477
0.0292402463542273
0.0250806661361277
0.0286117088175943
0.0316348329283231
0.0343277328470386
0.0332680415015714
0.0221923915220803
0.068700622949423
0.0775382825005342
0.0354251261207892
0.0447696502731685
0.0656124467102488
0.0501420196078715
0.0326350801473494
0.0417358538067976
0.0578074679347367
0.0502101763037093
0.0323508160300051
0.0213762997564151
0.0227831184996308
0.035018462782032
0.044451829600554
0.0341743653942377
0.0290366323819558
0.0353904806146839
0.0591298245136085
0.0521996537924973
0.0319798063849849
0.0450755856470264
0.041619307806105
0.0321400889193238
0.036170449152308
0.0320784609726455
0.0331911267961903
0.0443824260120039
0.0368721054702849
0.0248296488452112
0.0369707041338404
0.0408705365614579
0.0574954064782184
0.0588282629250349
0.0717747736052644
0.0618580538611893
0.0290851217817693
0.0552006931064018
0.0572184417263297
0.0413767645613086
0.0302304362206989
0.0332181784432387
0.0452844231202724
0.0480022378202556
0.0348324911031941
0.0497681537282832
0.0900450406850181
0.0594356849704649
0.0211527442308194
0.0228762726089219
0.0214055933646225
0.0357190469750462
0.0270423572072115
0.0250071029108697
0.0536281353064448
0.0601266488187796
0.0336318896068341
0.03391448174794
0.0295777285294805
0.0250183618950927
0.0299216578436186
0.0256382651911103
0.0295764364007672
0.0302677052602873
0.026390178517932
0.0377086805169154
0.0355594350155808
0.0412852055037009
0.0319038753990821
0.031658766677686
0.0286102735930314
0.0265520304872788
0.0310031500586185
0.0355788808186046
0.0357427673997171
0.0360514295869086
0.0273891205615175
0.0315745272432593
0.0349491177141881
0.0278795694095107
0.027019022702981
0.0252231279872821
0.0247705387028335
0.0255274803901667
0.0460283625201572
0.0456508776858204
0.0216859186548343
0.0151211697792412
0.0303623990769847
0.0394510503663506
0.0325026748271917
0.0298203383317552
0.0380353210821406
0.0371064284420319
0.0237929266596791
0.0262116024539944
0.021402748714252
0.0313423809919969
0.0486219876584833
0.0442922388210017
0.0399147903694452
0.0309839242445199
0.0357210652589124
0.0411725657762561
0.0322103740633813
0.0299560424956955
0.0372082254890063
0.0343791842962179
0.045133822483678
0.0494946282705929
0.0259300002180742
0.0225997800856192
0.0254697016647348
0.0244372458742779
0.0234573190116715
0.025093814680057
0.050570806815221
0.0953394016007034
0.0685336443389564
0.0340956917170172
0.0562288028010319
0.0414892537144568
0.0430253286390389
0.053646656308556
0.0687324789318391
0.0865306373500625
0.0563290725184471
0.0269963192800466
0.031506153501909
0.0367414918304187
0.0340693999186942
0.022593849087776
0.0216402346845823
0.0253881033872427
0.0337015429477825
0.0279683532468047
0.0194192715396735
0.0283869231887613
0.0289065603946227
0.0239470565505857
0.023920813823365
0.0243815875509376
0.0223917086671973
0.0350623181002667
0.0338934314468046
0.029376569959769
0.0348632336885533
0.0511284664916441
