0.106009829032248
0.119951002132609
0.106528438004476
0.102170954942767
0.0688459093949397
0.0500984315668054
0.0638768710022565
0.0755472785594041
0.0687163524858621
0.0553158501721371
0.0631296270444863
0.0667569006959484
0.0578042459768273
0.0673277735328991
0.085681305332031
0.0777480289642778
0.0625644911462776
0.0645811333063697
0.064750829900031
0.0564768186382314
0.0585700029282383
0.0582727121723853
0.0628088109960418
0.0541732210457203
0.0652809795103972
0.0908207077124648
0.0894568289473117
0.0820773116658606
0.0783568236412851
0.0735778870430075
0.135535121256333
0.13089343400177
0.0686138042669524
0.0916259316187384
0.0816780590554691
0.0651226224010728
0.0623212789920803
0.0468967111761333
0.0413441313682748
0.047987247970534
0.0794390211446412
0.0782292897820935
0.0533856506305697
0.064544399013208
0.0509146519806145
0.046460123809735
0.0534560409545158
0.0673170511465693
0.0633654145620581
0.0375611231586024
0.0360683378978806
0.0418552866807941
0.0392850627671342
0.0828960125813435
0.0962493178708734
0.0582125425383799
0.0529976673373458
0.0792259092565899
0.0934011417019497
0.0930204325041876
0.0856748900913328
0.0781982976182489
0.0480082415931632
0.0430546354201461
0.0417155747937242
0.0587908754050414
0.0690631269033068
0.0567563562176763
0.0754641163800526
0.0822954328879542
0.0656607209214809
0.0487961245584461
0.117306078249237
0.0986859572426594
0.0440050321731719
0.0558520103405199
0.0585904269263274
0.0489667727680514
0.0422398825129063
0.0350383299097578
0.0391523975402074
0.0434960116703874
0.0355319435266485
0.0440301484718416
0.0768938846415761
0.0781406033403303
0.0540468664531519
0.0601689375022672
0.0607582048396828
0.0522844422488524
0.0402904037735088
0.038296412794114
0.0468294561085611
0.0589645749575576
0.0592667917316221
0.0626307906151229
0.051563046498065
0.0433575506542545
0.0509109390737316
0.0547909500546078
0.112157010378035
0.174527227034515
0.117836551838723
0.0709029981736778
0.0610986405004892
0.0560152058096186
0.0576787404408623
0.0706601139154131
0.0825647971861863
0.101575474980254
0.0812355271472804
0.0606863836077126
0.0600832687835615
0.0498528543448839
0.0521163562120593
0.0551819221791317
0.0460478822967832
0.0667537710731154
0.0931093448535263
0.0621284052765216
0.0519601634976653
0.0829570401749669
0.0934742925835723
0.0690810334876975
0.0767711226250318
0.0536919142027781
0.0419309954609127
0.0331497280008417
0.037901055620229
0.0408050673519912
0.0531097441874228
0.0631479448949431
0.0825048613597157
0.0700663812942508
0.0336527563926773
0.0771467492984802
0.111725113250436
0.0790337467821712
0.052002666238365
0.0322128069437985
0.0313518362767223
0.0421999280619468
0.0554884446968525
0.0588410968510303
0.0517389037286351
0.0588660626055394
0.0758924745565674
0.0626133488905402
0.0381237166558143
0.0643281657814151
0.0698274352259297
0.0650818472226766
0.0654383530168914
0.0620217291407881
0.0504142448610871
0.0481065715815409
0.0421721577292466
0.0517891940612671
0.0704389766642538
0.0619362451602594
0.0500363248255707
0.0553202966825007
0.0721617394396372
0.0881887825198641
0.0960147700368897
0.0517139494705252
0.0344629188293061
0.058171406613077
0.0524490095650358
0.0728948311848403
0.0589206481394144
0.0449860049419728
0.0492977880430638
0.0611581606996209
0.0668332606413114
0.054043407058378
0.0455070869040757
0.0861691169014705
0.092847002107397
0.105646446624993
0.0875925415879374
0.151549558969649
0.156137704831844
0.0693895540679291
0.0670938864518528
0.0869965877955238
0.0820527699511852
0.0532042393729636
0.0447140753888942
0.0536918975293554
0.0498253712588513
0.0497693270692427
0.0467674017916532
0.0462187996761007
0.0727309464448165
0.0977873806310911
0.0982490132912229
0.089875809177891
0.110153428615115
0.0953909925826158
0.0627898087643785
0.0701764594335281
0.102517266624049
0.0827389803311537
0.047252129422504
0.0567469813291722
0.0524295316110169
0.0606511012393123
0.0553453735306776
0.043505191260115
0.0283643775107964
0.0306744326097788
0.0416725665910495
0.0445719331376004
0.0470588194036187
0.0515697758883759
0.059594706744587
0.0591549473938882
0.0417154351504912
0.0486599251211027
0.0676945233089745
0.078842801260703
0.0642669705342196
0.0254161639777702
0.0542704836481505
0.113481550101121
0.148344939886644
0.143425507829796
0.104465890429586
0.114342551014658
0.134697515532947
0.116743968860669
0.0787378394018208
0.0509662854916875
0.0477594987945194
0.0476795120993741
0.0431247575375364
0.0751483757773352
0.0902917797702649
0.0720499108042184
0.083065045867059
0.118891577564281
0.103073862594569
0.0773201924822047
0.0600081478929736
0.059982509705253
0.0474388775488246
0.0461846111063185
0.0403815122637701
0.0414682514985259
0.040923555160546
0.0346329125419684
0.0370447548987216
0.0335756937914184
0.0352044629338885
0.0449900670576416
0.0470920519482738
0.0392248137268626
0.0602342198060908
0.0601532762697253
0.0478809203404877
0.0999067769123835
0.107165211335605
0.120780182915484
0.149226745389829
0.126395171221044
0.0603416944232129
0.0579978720290096
0.063557136889143
0.0444536962520052
0.0423391463988833
0.0603506157994829
0.0586588776034865
0.0427605518061078
0.0376304193627825
0.0733769088451058
0.0997144658989115
0.0656063309083199
0.0692177116406218
0.0676951804603133
0.104083009385028
0.118426881840459
0.0588551122936124
0.0852046277602462
0.0859214387568755
0.0499523569080412
0.0437766977444107
0.0485772148674895
0.0352959320704764
0.0520139155242745
0.0573591908788005
0.0348627300727591
0.0465142681815799
0.0805939860760998
0.0673309210114702
0.0614948569401535
0.056508721710798
0.0643331049587155
0.0641567171464083
0.0627941381315381
0.0595274133345247
