0.0615490858726035
0.0975647671857621
0.063029699829739
0.0961101730946314
0.0688957050972073
0.092761276603326
0.0830683030561422
0.0876816062698671
0.104787070473295
0.0834527095176091
0.104546197558329
0.0802744754191682
0.101856219083247
0.083094321223182
0.101018644991596
0.0877238078073639
0.100646919910438
0.0902026483182576
0.10328510553291
0.0883709882308072
0.107313774469298
0.0847210164965273
0.104625088714435
0.0839348735217217
0.103610704801
0.100385482230003
0.104935610302397
0.108220853590246
0.105399974909406
0.105810077987978
0.10559208349402
0.101987870999577
0.105776272159413
0.0938965175689288
0.10531463424634
0.0890736547606574
0.104570466356202
0.0840664823429782
0.106408705889063
0.0716025708935065
0.10065859282736
0.0634145421379246
0.0977648356117647
0.0622615144421599
0.0965128103007828
0.0665698815886069
0.0943376556116133
0.0764520442169869
0.0886598352602203
0.0979007272827198
0.0845735075160829
0.107096357207053
0.0809489541089575
0.102631075012177
0.0817013001887965
0.101490683067487
0.0866743424536892
0.100458774544582
0.0901009886711727
0.102158532968562
0.0893745711589988
0.105331479233436
0.0858893241670899
0.106292513504138
0.0821290201607945
0.10313386774212
0.0926037985991884
0.104586707134792
0.107642744111767
0.104547472457441
0.107448577395847
0.105401881769444
0.103700429425941
0.105741167354719
0.0964775922440587
0.105351224505918
0.0909475598433292
0.105071251542045
0.0862499971902661
0.105006280876894
0.0758627512070067
0.105428041304792
0.0659638417204164
0.0986070006292343
0.0616557401197107
0.0970038008671669
0.0643729053039184
0.0954484882256162
0.0716370875016633
0.0907196703248608
0.0889955168949626
0.0855481914306496
0.10879304660711
0.0823680478125618
0.10289969711102
0.0802707719291252
0.101787918106312
0.0847877213568761
0.100535168590634
0.0892090961584422
0.100814852251816
0.090039227844739
0.1037972818421
0.0870117334885195
0.1075181259673
0.0829140670877441
0.103630740368313
0.0867675910775364
0.103975001555063
0.105635417603736
0.10492669835296
0.109158706303755
0.105211485045077
0.104668694464073
0.105702199829051
0.0997327016004171
0.105659355659223
0.0924684109983334
0.104916363563854
0.0878771252158992
0.103963719296326
0.0805112610020238
0.105084504384853
0.0680187785525686
0.0997168509477619
0.0615490858726035
0.0975647671857621
0.063029699829739
0.0961101730946314
0.0688957050972073
0.092761276603326
0.0830683030561422
0.0876816062698671
0.104787070473295
0.0834527095176091
0.104546197558329
0.0802744754191682
0.101856219083247
0.083094321223182
0.101018644991596
0.0877238078073639
0.100646919910438
0.0902026483182576
0.10328510553291
0.0883709882308072
0.107313774469298
0.0847210164965273
0.104625088714435
0.0839348735217217
0.103610704801
0.100385482230003
0.104935610302397
0.108220853590246
0.105399974909406
0.105810077987978
0.10559208349402
0.101987870999577
0.105776272159413
0.0938965175689288
0.10531463424634
0.0890736547606574
0.104570466356202
0.0840664823429782
0.106408705889063
0.0716025708935065
0.10065859282736
0.0634145421379246
0.0977648356117647
0.0622615144421599
0.0965128103007828
0.0665698815886069
0.0943376556116133
0.0764520442169869
0.0886598352602203
0.0979007272827198
0.0845735075160829
0.107096357207053
0.0809489541089575
0.102631075012177
0.0817013001887965
0.101490683067487
0.0866743424536892
0.100458774544582
0.0901009886711727
0.102158532968562
0.0893745711589988
0.105331479233436
0.0858893241670899
0.106292513504138
0.0821290201607945
0.10313386774212
0.0926037985991884
0.104586707134792
0.107642744111767
0.104547472457441
0.107448577395847
0.105401881769444
0.103700429425941
0.105741167354719
0.0964775922440587
0.105351224505918
0.0909475598433292
0.105071251542045
0.0862499971902661
0.105006280876894
0.0758627512070067
0.105428041304792
0.0659638417204164
0.0986070006292343
0.0616557401197107
0.0970038008671669
0.0643729053039184
0.0954484882256162
0.0716370875016633
0.0907196703248608
0.0889955168949626
0.0855481914306496
0.10879304660711
0.0823680478125618
0.10289969711102
0.0802707719291252
0.101787918106312
0.0847877213568761
0.100535168590634
0.0892090961584422
0.100814852251816
0.090039227844739
0.1037972818421
0.0870117334885195
0.1075181259673
0.0829140670877441
0.103630740368313
0.0867675910775364
0.103975001555063
0.105635417603736
0.10492669835296
0.109158706303755
0.105211485045077
0.104668694464073
0.105702199829051
0.0997327016004171
0.105659355659223
0.0924684109983334
0.104916363563854
0.0878771252158992
0.103963719296326
0.0805112610020238
0.105084504384853
0.0680187785525686
0.0997168509477619
0.0615490858726035
0.0975647671857621
0.063029699829739
0.0961101730946314
0.0688957050972073
0.092761276603326
0.0830683030561422
0.0876816062698671
0.104787070473295
0.0834527095176091
0.104546197558329
0.0802744754191682
0.101856219083247
0.083094321223182
0.101018644991596
0.0877238078073639
0.100646919910438
0.0902026483182576
0.10328510553291
0.0883709882308072
0.107313774469298
0.0847210164965273
0.104625088714435
0.0839348735217217
0.103610704801
0.100385482230003
0.104935610302397
0.108220853590246
0.105399974909406
0.105810077987978
0.10559208349402
0.101987870999577
0.105776272159413
0.0938965175689288
0.10531463424634
0.0890736547606574
0.104570466356202
0.0840664823429782
0.106408705889063
0.0716025708935065
0.10065859282736
0.0634145421379246
0.0977648356117647
0.0622615144421599
0.0965128103007828
0.0665698815886069
0.0943376556116133
0.0764520442169869
0.0886598352602203
0.0979007272827198
0.0845735075160829
0.107096357207053
0.0809489541089575
0.102631075012177
0.0817013001887965
0.101490683067487
0.0866743424536892
0.100458774544582
0.0901009886711727
0.102158532968562
0.0893745711589988
0.105331479233436
0.0858893241670899
0.106292513504138
0.0821290201607945
0.10313386774212
0.0926037985991884
0.104586707134792
0.107642744111767
0.104547472457441
0.107448577395847
0.105401881769444
0.103700429425941
0.105741167354719
0.0964775922440587
0.105351224505918
0.0909475598433292
0.105071251542045
0.0862499971902661
0.105006280876894
0.0758627512070067
0.105428041304792
0.0659638417204164
0.0986070006292343
0.0616557401197107
0.0970038008671669
0.0643729053039184
0.0954484882256162
0.0716370875016633
0.0907196703248608
0.0889955168949626
0.0855481914306496
0.10879304660711
0.0823680478125618
0.10289969711102
0.0802707719291252
0.101787918106312
0.0847877213568761
0.100535168590634
0.0892090961584422
0.100814852251816
0.090039227844739
0.1037972818421
0.0870117334885195
0.1075181259673
0.0829140670877441
0.103630740368313
0.0867675910775364
0.103975001555063
0.105635417603736
0.10492669835296
0.109158706303755
0.105211485045077
0.104668694464073
0.105702199829051
0.0997327016004171
0.105659355659223
0.0924684109983334
0.104916363563854
0.0878771252158992
0.103963719296326
0.0805112610020238
0.105084504384853
0.0680187785525686
0.0997168509477619
0.0615490858726035
0.0975647671857621
0.063029699829739
0.0961101730946314
0.0688957050972073
0.092761276603326
0.0830683030561422
0.0876816062698671
0.104787070473295
0.0834527095176091
0.104546197558329
0.0802744754191682
0.101856219083247
0.083094321223182
0.101018644991596
0.0877238078073639
0.100646919910438
0.0902026483182576
0.10328510553291
0.0883709882308072
0.107313774469298
0.0847210164965273
0.104625088714435
0.0839348735217217
0.103610704801
0.100385482230003
0.104935610302397
0.108220853590246
0.105399974909406
0.105810077987978
0.10559208349402
0.101987870999577
0.105776272159413
0.0938965175689288
0.10531463424634
0.0890736547606574
0.104570466356202
0.0840664823429782
0.106408705889063
0.0716025708935065
0.10065859282736
0.0634145421379246
0.0977648356117647
0.0622615144421599
0.0965128103007828
0.0665698815886069
0.0943376556116133
0.0764520442169869
0.0886598352602203
0.0979007272827198
0.0845735075160829
0.107096357207053
0.0809489541089575
0.102631075012177
0.0817013001887965
0.101490683067487
0.0866743424536892
0.100458774544582
0.0901009886711727
0.102158532968562
0.0893745711589988
0.105331479233436
0.0858893241670899
0.106292513504138
0.0821290201607945
0.10313386774212
0.0926037985991884
0.104586707134792
0.107642744111767
0.104547472457441
0.107448577395847
0.105401881769444
0.103700429425941
0.105741167354719
0.0964775922440587
0.105351224505918
0.0909475598433292
0.105071251542045
0.0862499971902661
0.105006280876894
0.0758627512070067
0.105428041304792
0.0659638417204164
0.0986070006292343
0.0616557401197107
0.0970038008671669
0.0643729053039184
0.0954484882256162
0.0716370875016633
0.0907196703248608
0.0889955168949626
0.0855481914306496
0.10879304660711
0.0823680478125618
0.10289969711102
0.0802707719291252
0.101787918106312
0.0847877213568761
0.100535168590634
0.0892090961584422
0.100814852251816
0.090039227844739
0.1037972818421
0.0870117334885195
0.1075181259673
0.0829140670877441
0.103630740368313
0.0867675910775364
0.103975001555063
0.105635417603736
0.10492669835296
0.109158706303755
0.105211485045077
0.104668694464073
0.105702199829051
0.0997327016004171
0.105659355659223
0.0924684109983334
0.104916363563854
0.0878771252158992
0.103963719296326
0.0805112610020238
0.105084504384853
0.0680187785525686
0.0997168509477619
0.0615490858726035
0.0975647671857621
0.063029699829739
0.0961101730946314
0.0688957050972073
0.092761276603326
0.0830683030561422
0.0876816062698671
0.104787070473295
0.0834527095176091
0.104546197558329
0.0802744754191682
0.101856219083247
0.083094321223182
0.101018644991596
0.0877238078073639
0.100646919910438
0.0902026483182576
0.10328510553291
0.0883709882308072
0.107313774469298
0.0847210164965273
0.104625088714435
0.0839348735217217
0.103610704801
0.100385482230003
0.104935610302397
0.108220853590246
0.105399974909406
0.105810077987978
0.10559208349402
0.101987870999577
0.105776272159413
0.0938965175689288
0.10531463424634
0.0890736547606574
0.104570466356202
0.0840664823429782
0.106408705889063
0.0716025708935065
0.10065859282736
0.0634145421379246
0.0977648356117647
0.0622615144421599
0.0965128103007828
0.0665698815886069
0.0943376556116133
0.0764520442169869
0.0886598352602203
0.0979007272827198
0.0845735075160829
0.107096357207053
0.0809489541089575
0.102631075012177
0.0817013001887965
0.101490683067487
0.0866743424536892
0.100458774544582
0.0901009886711727
0.102158532968562
0.0893745711589988
0.105331479233436
0.0858893241670899
0.106292513504138
0.0821290201607945
0.10313386774212
0.0926037985991884
0.104586707134792
0.107642744111767
0.104547472457441
0.107448577395847
0.105401881769444
0.103700429425941
0.105741167354719
0.0964775922440587
0.105351224505918
0.0909475598433292
0.105071251542045
0.0862499971902661
0.105006280876894
0.0758627512070067
0.105428041304792
0.0659638417204164
0.0986070006292343
0.0616557401197107
0.0970038008671669
0.0643729053039184
0.0954484882256162
0.0716370875016633
0.0907196703248608
0.0889955168949626
0.0855481914306496
0.10879304660711
0.0823680478125618
0.10289969711102
0.0802707719291252
0.101787918106312
0.0847877213568761
0.100535168590634
0.0892090961584422
0.100814852251816
0.090039227844739
0.1037972818421
0.0870117334885195
0.1075181259673
0.0829140670877441
0.103630740368313
0.0867675910775364
0.103975001555063
0.105635417603736
0.10492669835296
0.109158706303755
0.105211485045077
0.104668694464073
0.105702199829051
0.0997327016004171
0.105659355659223
0.0924684109983334
0.104916363563854
0.0878771252158992
0.103963719296326
0.0805112610020238
0.105084504384853
0.0680187785525686
0.0997168509477619
0.0615490858726035
0.0975647671857621
0.063029699829739
0.0961101730946314
0.0688957050972073
0.092761276603326
0.0830683030561422
0.0876816062698671
0.104787070473295
0.0834527095176091
0.104546197558329
0.0802744754191682
0.101856219083247
0.083094321223182
0.101018644991596
0.0877238078073639
0.100646919910438
0.0902026483182576
0.10328510553291
0.0883709882308072
0.107313774469298
0.0847210164965273
0.104625088714435
0.0839348735217217
0.103610704801
0.100385482230003
0.104935610302397
0.108220853590246
0.105399974909406
0.105810077987978
0.10559208349402
0.101987870999577
0.105776272159413
0.0938965175689288
0.10531463424634
0.0890736547606574
0.104570466356202
0.0840664823429782
0.106408705889063
0.0716025708935065
0.10065859282736
0.0634145421379246
0.0977648356117647
0.0622615144421599
0.0965128103007828
0.0665698815886069
0.0943376556116133
0.0764520442169869
0.0886598352602203
0.0979007272827198
0.0845735075160829
0.107096357207053
0.0809489541089575
0.102631075012177
0.0817013001887965
0.101490683067487
0.0866743424536892
0.100458774544582
0.0901009886711727
0.102158532968562
0.0893745711589988
0.105331479233436
0.0858893241670899
0.106292513504138
0.0821290201607945
0.10313386774212
0.0926037985991884
0.104586707134792
0.107642744111767
0.104547472457441
0.107448577395847
0.105401881769444
0.103700429425941
0.105741167354719
0.0964775922440587
0.105351224505918
0.0909475598433292
0.105071251542045
0.0862499971902661
0.105006280876894
0.0758627512070067
0.105428041304792
0.0659638417204164
0.0986070006292343
0.0616557401197107
0.0970038008671669
0.0643729053039184
0.0954484882256162
0.0716370875016633
0.0907196703248608
0.0889955168949626
0.0855481914306496
0.10879304660711
0.0823680478125618
0.10289969711102
0.0802707719291252
0.101787918106312
0.0847877213568761
0.100535168590634
0.0892090961584422
0.100814852251816
0.090039227844739
0.1037972818421
0.0870117334885195
0.1075181259673
0.0829140670877441
0.103630740368313
0.0867675910775364
0.103975001555063
0.105635417603736
0.10492669835296
0.109158706303755
0.105211485045077
0.104668694464073
0.105702199829051
0.0997327016004171
0.105659355659223
0.0924684109983334
0.104916363563854
0.0878771252158992
0.103963719296326
0.0805112610020238
0.105084504384853
0.0680187785525686
0.0997168509477619
0.0615490858726035
0.0975647671857621
0.063029699829739
0.0961101730946314
0.0688957050972073
0.092761276603326
0.0830683030561422
0.0876816062698671
0.104787070473295
0.0834527095176091
0.104546197558329
0.0802744754191682
0.101856219083247
0.083094321223182
0.101018644991596
0.0877238078073639
0.100646919910438
0.0902026483182576
0.10328510553291
0.0883709882308072
0.107313774469298
0.0847210164965273
0.104625088714435
0.0839348735217217
0.103610704801
0.100385482230003
0.104935610302397
0.108220853590246
0.105399974909406
0.105810077987978
0.10559208349402
