0.0325004453164682
0.0368349873029152
0.0374420903127232
0.0415987616080347
0.0331988432455799
0.0302316341447008
0.0675727725282885
0.0758099977758329
0.17238794606824
0.0727132105050171
0.0337512837647584
0.0407265770186706
0.0220744502762095
0.0270172965583783
0.197583351426671
0.173942703725678
0.0751285417558754
0.0124110023257383
0.0285496167360725
0.0351954599091064
0.0537230458208031
0.0734124105808121
0.0987096745140777
0.0834543254258944
0.116320089763693
0.0917673292848975
0.0506630241620758
0.07711065470981
0.0212277419581083
0.0290477609441086
0.0365866678357025
0.0404217331947387
0.353712469526057
0.341266799270993
0.0695862761045882
0.0839162667501841
0.061786239515077
0.0214742359240551
0.0224562317945751
0.0306928394144236
0.0558598604385049
0.105686462687418
0.0726528694641811
0.0770554869259879
0.0678559297765454
0.0297084590959577
0.0334308305581935
0.03386377217578
0.072426067645003
0.0393165716958281
0.0553521192510579
0.0308121891614319
0.031951012635752
0.0396910473591238
0.0523262003060622
0.0575862345336803
0.0519324549325155
0.0555160348574522
0.0651132712830974
0.0636817879001581
0.0521736501585974
0.0569516004421603
0.0516935791686703
0.0320282292538758
0.0235862878844873
0.007738232175533
0.0123978889101067
0.0446388931670505
0.0386846616307153
0.0302854919559053
0.0289376042809234
0.0403732484557031
0.0430629938498741
0.0606436158838764
0.065719449526745
0.0397685953111354
0.0237196917462133
0.0147501379278074
0.00853160921417915
0.0107916890622285
0.00677500097571304
0.0140833001473143
0.0261939975602315
0.130461430110908
0.0263998814301353
0.0199625992016017
0.0226935449932154
0.0157463786574378
0.0165339222559299
0.020066648370587
0.0526515061006087
0.0694949289029719
0.0317068440712735
0.0322135578031668
0.0383533691989793
0.0257985088350274
0.0281802427939777
0.0242794871710636
0.0438717429297133
0.047878797129415
0.0637592760643616
0.0432144790501793
0.0849475402295736
0.0465478218997658
0.0338954823501271
0.0640129516582607
0.0538588555262064
0.0204126381845243
0.0302004178438649
0.0437731553293628
0.12608323955116
0.157380130104428
0.0702198387914585
0.0544670980280689
0.0662002557896328
0.0204255001577656
0.0079299593121209
0.0224186657965866
0.0267076673494056
0.0289637477605586
0.0598481774884051
0.0202030628102029
0.0354171786556892
0.0465560416651439
0.0165856397613479
0.0286576229153412
0.0445733422623531
0.0435249054635687
0.0353567546117126
0.0344039710514826
0.0270730961831492
0.107650540429998
0.322474131901419
0.080364188309228
0.033739247294838
0.033065553896685
0.0181415659122339
0.0413013037216742
0.0332386123153144
0.0307331483280768
0.0181549178332263
0.012500275649866
0.0355669997112488
0.0835504197658596
0.0370676002423525
0.0307197794470187
0.0307657651262872
0.0733464435277025
0.254636071827491
0.137199127409978
0.0194652603741448
0.0765592926094361
0.0299882671662498
0.0686189403446881
0.205514261182507
0.210902943113902
0.0145290623588499
0.0127210993344731
0.0144347109090536
0.0417313419764665
0.0416629788871943
0.0472501128577601
0.0511149892351824
0.0867318611325677
0.057622145158862
0.0617030880232314
0.0346406552480868
0.024752174889402
0.0394548342147796
0.0437649869402887
0.0227134804826241
0.0342785966066804
0.0218668388182784
0.0576714563964868
0.0424474992978245
0.0494425461838531
0.038750302869078
0.1846758504353
0.190534321545141
0.0524722162419231
0.00881750193383045
0.036844627469606
0.0572138157072843
0.0526762410647716
0.0476756555509547
0.0446086465623784
0.0240065739655473
0.0160738529909962
0.0501278545236426
0.0932214889467502
0.0345901119873794
0.0229336217780765
0.017350700706133
0.0275708364335239
0.0352517386862763
0.0375168950043752
0.04266842318419
0.0256346110550444
0.0236937258682468
0.0484726382903521
0.0966955817246901
0.0934566343189924
0.100353949959805
0.0514856347131528
0.0291239485159737
0.0145645516899361
0.0192708266295431
0.0210497709394529
0.0331112415772896
0.0300930689281812
0.0186557652435127
0.0564727213436207
0.0740393015638774
0.0554364844670793
0.044713831537352
0.0587247104209661
0.0623323603892019
0.119109087370235
0.119910909398577
0.0325757112494636
0.102704558739352
0.0260722075120881
0.0165461462317503
0.023364255588031
0.0233762727221971
0.0269287559685592
0.0251832935875467
0.0388805631892147
0.107038030072035
0.0758634941025817
0.0557248686543611
0.0515451298785094
0.0311350556040486
0.0258316744528762
0.040822616445237
0.026904244042056
0.0548413000943111
0.0183274912159507
0.0170303615127711
0.0156943336423985
0.128920570661045
0.134638835304957
0.988233548406297
1.50083271151654
0.0392399019301744
0.0632525551669521
0.0401906508305539
0.0453565968034776
0.0843554859509753
0.0707220071361821
0.0452400728856136
0.0547561211699284
0.0447015887161456
0.052677314478518
0.0263407369454106
0.0281870104332864
0.0368224681602631
0.0306980697474934
0.048807061243103
0.037832543271396
0.0607150058496077
0.03100404969754
0.0230240294576413
0.0319421189097804
0.0401777473460804
0.0338473674361262
0.0246586204522504
0.0269914215927341
0.0361377784775125
0.0519453496773573
0.0311257974732393
0.0247391192107942
0.0287734946076202
0.0250091869264959
0.0477447080158012
0.0757004589687054
0.115733126427689
0.104736193714627
0.0374645616527893
0.0590199265771395
0.0680969094198615
0.0231419016753945
0.0100333241919713
0.019348370364819
0.0619343202110451
0.0293437762500888
0.0203762917689418
0.0362578179893463
0.0246051133910209
0.0227418064451312
0.0505725749261036
0.0297481797693776
0.0222527328330539
0.0340618181950838
0.0205010719372919
0.0164999773997429
0.0191091596153992
0.044603566043363
0.0820550729656509
0.0795331969425795
0.03021321377636
0.0353843110750911
0.0596840408196611
0.0196463878881475
0.0082525978052908
0.0240162217827339
0.0276330987852329
0.017673434238801
0.022081414434221
0.0321253876664689
0.0390422956079345
0.0473785994586333
0.0230796457826479
0.0421441233907922
0.0135051717121495
0.0519623808349216
0.016366165528996
0.0164083590877563
0.0296340651667894
0.0328689168778163
0.0503582356140168
0.0406003291729499
0.0201262542249525
0.024618322398769
0.0517870250407347
0.044895270632915
0.0221715897098803
0.0492427606393976
0.0661408395692807
0.0802608428587867
0.0610732617934396
0.0495555855805452
0.0724454264081597
0.0446679284121347
0.0377394002947939
0.026093733251009
0.0608972691475139
0.0911182345581099
0.201697853957376
0.200570012147209
0.0426611763990162
0.0339839102919547
0.0325334051731248
0.0450649419690689
0.100270968021749
0.345878053988653
0.18095933138585
1.39420235628656
3.03075914049167
0.045968131312811
1.3977113476987
0.731462369491406
0.146826190371644
0.0954230834012075
0.0551375676805506
0.0469518120988544
0.0109572492424075
0.0777454623770117
0.04086153308927
0.0336421822031762
0.0614272973395645
0.0691435718806097
0.0519357781129056
0.0412799384756395
0.0207762966873904
0.0261478225072646
0.0428793866004862
0.0477093677606551
0.0145721766296541
0.0151591772129029
0.0153396819565446
0.00919798971196583
0.0573148697989768
0.122726521948937
0.0616815887528662
0.0265985228811262
0.0155916805148448
0.0205513081675139
0.0150420086097692
0.0826979963267201
0.0210905836679243
0.0273214925739441
0.054914803781924
0.0374223291128369
0.0183872282648628
0.0320057694848352
0.0477374946479017
0.0265806572203398
0.0583991836395661
0.0574822629199454
0.0484434346078077
0.0311656289993962
0.0413520800730677
0.0198750799499847
0.0155148262844313
0.0578460726272948
0.0353139251287449
0.0235795834943647
0.0314226876122909
0.0639608607801118
0.0551496538452415
0.0144814256403743
0.0244269107092338
0.0224226931894821
0.0153843260413757
0.0455823536270862
0.0593829191897865
0.0303419777116504
0.0289655005208759
0.0160732511672317
0.0480442532267621
0.0318983053612837
0.0330846980545702
0.0220490555973261
0.0249568397084625
0.0443563684524133
0.0858198963033177
0.0535655032936314
0.0296289764427239
0.0457394586920583
0.0473151286546235
0.0521356846152198
0.0280209011251923
0.0226086449690726
0.00901374449566827
0.0252961128660366
0.043714462993445
0.0564904005700786
0.042560931113187
0.0565086074409544
0.0468206487388966
0.0577308403517406
0.073181144568694
0.0452322158630634
0.0242094792162533
0.108036313490307
0.0254218066986924
0.0337879967782219
0.0240380607186553
0.0197441516841221
0.0330211181871832
0.0240499581777126
0.035203566453918
0.0295045800964713
0.0220278272635034
0.0380258927554614
0.0400017226038781
0.0483802346059925
0.015569804866726
0.11876694277778
0.0881633407001487
0.0402295163399588
0.0551791620955051
0.0216944782703275
0.0481401464029466
0.0603454803620137
0.112274524383375
0.104941782442468
0.0552773624946373
0.0463652448342004
0.0325507133869468
0.026063704083824
0.0297269009261407
0.0226965575940427
0.0141219934502988
0.0938327845452951
0.390727320746048
4.74817040933155
7.48261310247839
3.16524744799817
0.0762951296137102
0.714272286803267
0.0856833248297847
0.0552174598059335
0.0675783665784422
0.0522762846882655
0.0298296728504336
0.0245140204345981
0.0368308172452562
0.0208355155568087
0.019235597268611
0.0285827519601493
0.0536023305095967
0.0428444389651024
0.0263725538831727
0.0430242886194566
0.0549412165410332
0.548851284429762
0.654621268048691
0.0622269985906542
0.213926529644593
0.0441613760229613
0.0365773598627467
0.0335731693129983
0.0303381872071214
0.0240397010667424
0.0207000375369808
0.0426391498002671
0.0341978057493528
0.0490901823517105
0.032987097455104
0.0696072193269021
0.0320961006402262
0.0192535626023289
0.0150169414794663
0.0199124290849069
0.0235273179067733
0.0959825221572749
0.0959029910867376
0.0504745490691174
0.0264275357160668
0.0168159385203542
0.0132816064593015
0.016337185554373
0.0245622990764365
0.0112981242195448
0.311022082279093
1.37766787103019
0.212191958670212
0.018640340211484
0.0197920774234569
0.0267264405788471
0.0214671525130813
0.0191816207458744
0.045011995429639
0.039708777856491
0.0317193647496663
0.0463338200072586
0.0575352854248728
0.0448464809252672
0.0587868736873761
0.044376992598598
0.0407741836042331
0.0143557215471176
0.0642702310942728
0.0354494871440694
0.172084851446115
0.479441623973168
1.0827637466946
0.195325215619779
0.133022579447023
0.0392517816815092
0.0925029402369332
0.0668934652686357
0.0401177701256399
0.0346097532502569
0.064195087282851
0.0446492130094694
0.0338236346906613
0.0352762365955236
0.0235698267617887
0.0241174006982619
0.0257358860789163
0.0695478161966362
0.0519863153755837
0.0156082255611969
0.0342676055823534
0.0281890916668328
0.39542663849756
0.312853780223428
0.0352905180468546
0.026322754621386
0.021664131469804
0.0177149913164344
0.0264897449126846
0.0431559904215257
0.0219671058748366
0.0293697942715289
0.0545609109353126
0.0197856226231995
0.0542671221764665
0.0171302430372058
0.211929611004773
0.390923227481181
0.0128351307890725
0.0339459711779475
0.0642434063412427
0.0210526406121271
0.0354859903244492
0.0564423247333198
0.0384458663671903
0.0343001106088749
0.302254118755461
0.685569999548166
0.0859581385790298
0.0897701737039989
0.0278950886703501
0.0656492688249243
0.0727636179029379
0.0612813900264221
0.0271449457771816
0.0224583340905621
0.033449597851844
0.0791881398581217
0.0647250720457459
0.0311237044380311
0.0539357600277275
0.0614238872940294
0.051211974131877
0.0491709004708396
0.0267099426619155
0.0643280191430042
0.0241571959234123
0.0937680697542732
0.233492559239324
0.0194036311794305
0.0480749608233177
0.0604941519047254
0.0302114708175042
0.0457090142436196
0.024215657448821
0.0105047580560812
0.0630824659402629
0.0612419200588325
0.0359283013903337
0.0511130439358568
0.0796196165836119
0.333322213454285
0.40439767116125
0.0639097378633374
0.0915276784273825
0.0400044928791883
0.0283698324133643
0.209676877108942
0.17559187839409
0.213702557058737
0.0974583564069951
0.0516859718551398
0.0202983252199063
0.0234123307467221
0.0376596949672235
0.0912824247917765
0.0820182516776825
0.0318710303878176
0.027021715836335
0.033607575503818
0.046919290359693
0.0652224185752754
0.075849936151985
0.0421562669099481
0.0249683702083211
0.0258879826359311
0.041619436902818
0.0360814378894259
0.0477081286058649
0.01357486422477
0.0394340515053136
0.043797273454579
0.0404860455075734
0.0378921276488705
0.0438454726657285
0.0579491360678569
0.080583364714673
0.0619856102884091
0.0301996308602007
0.0190447484561025
0.050077256690846
0.0548922827305481
0.0726818835546788
0.0867239008290351
0.032829460953252
