0.476127653974523
0.453801446798223
0.401927865766562
0.361797648608508
0.397406304761999
0.498269225716149
0.633813325875067
1.06747375702664
0.754430105044252
0.338918194202078
1.36293622842905
1.66017053977924
1.39503846327188
2.12237663170143
0.564332689493772
1.25967947814644
3.78353134400509
0.550397768521927
1.07434934270786
1.58338462469282
1.1011057418873
1.81630876512954
1.26285353802212
0.716928279227645
0.484194008483249
0.546476765831873
1.13747897573458
0.919128828273552
0.382446290794406
0.510061895225905
0.390455675977338
0.783787719366108
0.240364717533166
0.98981690214579
0.885900775156884
0.571465137970737
0.466943260577361
0.286140425766882
0.606453329031697
0.776830478611847
0.657903937001257
0.642142411982998
0.558237571268593
0.286844648985999
0.343240225323747
1.64672469294066
1.11474382772867
0.586607043588967
0.685453413612838
0.9990227628562
1.09113582555311
0.306200052829846
0.402626865166887
0.497036675713725
0.480542960552932
0.713157449509248
1.49679714616115
0.91154950957066
0.498179316215433
0.516516385424845
0.566985421725598
0.690771201960738
0.763669011364849
0.283585672481898
0.347267543094505
0.307434659867815
0.348832307482408
0.2457427443996
0.167076764508122
0.227163494991166
0.346357504865303
0.652726423193468
0.661275185902534
0.329652676724155
0.277268391109898
1.9333537399903
4.43685969458811
2.42441891281463
0.259852091191814
0.631863537976386
0.708243765901142
0.589554901735778
0.503840734310185
0.280273472879669
0.270343013319653
0.276232361717617
0.297364647251318
0.512285665213285
0.213005270834669
0.141313182779549
0.515210241920476
0.565548631070948
0.407327150616619
0.414005769445727
1.12117469660798
1.05221448305886
0.7372713545867
0.573607475442966
0.277338817908197
0.802906885980939
0.227689284611206
0.23523998537181
0.54662402125135
2.07729096163951
0.793032567307103
0.51592608495157
0.288739841150367
0.261063655221258
2.01429332418143
4.65086316243582
3.2975588173019
0.869632643156415
1.13833614582309
0.317615529708882
0.473617080482067
0.421997884334216
0.658945767475528
0.25322769823421
0.647112506843673
0.489279707966947
0.479599489599032
2.31424764794341
1.87673830026486
1.05204061287291
0.718325558551975
0.563666330501763
1.45207626867358
1.09100758623287
1.90924430646251
5.87869632979895
5.15428864344704
0.895865018220766
0.957439839622066
1.1238875601871
0.860214820741539
0.510703578599701
0.597577247416918
0.461900529432205
0.550653034705052
0.393479148950783
0.864174935619465
0.564398892357673
0.932264411701095
0.922496820741647
0.381068422006036
0.422330492653899
0.755134798996574
0.602444565870772
0.609210237065994
0.497511710544645
0.343210312522794
0.755907619632451
0.608506770879535
0.419223784761779
0.308513409547118
0.577340816412169
0.162263353921701
0.454558890208563
0.756449731151114
2399.20248966952
4744.76854641995
197.127921202425
43.7932737933154
6.24259773054884
26.2108549585506
12.9642530729673
0.484182712376373
1.41478991568121
1.00234894337681
1.6312433898381
0.788090244393851
0.553568322966838
0.505093595561058
0.718657030472503
0.977914592991932
1.18255447794092
10.0774042632814
5.41308796369993
2.29862221033834
3.47862247219442
0.820834917436104
0.645013202973863
0.314901349202117
0.486692484453879
0.332874745911108
0.311226433291022
1.6961702493022
0.677781902557003
0.355861173301655
1.1594147907213
0.395190147005914
0.555242614619747
0.292551762443637
0.751867842639123
0.599630057774237
1.76733680612735
1.97018833555365
1.13460283321444
0.271106026061383
0.440218251509825
0.31475626391092
0.485900354042762
0.522430487728992
3.30181047360308
3.30852573684796
0.376499144058803
0.270737775552478
0.308329160775099
0.240388390706668
0.681463744452077
0.887800061238174
0.955067872104404
0.649363065803537
0.404438706718706
1.5986277561511
2.57776923819792
2.21945040041208
1.2869153138162
0.613803825661197
1.05697859212855
1.30485355011339
0.698947711486108
0.381181056946574
0.276644577837289
0.270399052868583
0.42538869176714
0.471183104089686
0.478645145438155
0.4667331494376
0.517248407616423
0.353832504414214
0.190668007648049
0.292773689337768
2.60129625536913
0.823922386404257
1.03879266200592
1.19851999878557
0.391953019258523
0.668675631261979
0.544987097813447
1.23037963436891
0.729531888283546
0.327001364646032
0.324040874135682
0.276142096467759
0.473885642933904
0.390958262129555
0.527751315711779
0.432251576031768
0.513451316270389
0.89239736064928
3.61162676226025
1.54337622659583
1.33669399851412
0.427085815760715
3.44318460920696
0.824434080779781
0.755853391296867
0.270358977942829
0.359555452999128
0.669640591259675
0.617291195825599
0.619187377588274
0.533081872327668
0.286661628552548
0.383279328687156
0.337372870913913
0.230778566436401
0.356798741201862
0.194981293117406
0.219870325381896
0.157538470060116
0.321775468979086
0.532194124641113
0.357420911466606
0.698536204136858
1.03040245675119
1.05937259473571
2.31714989349795
0.507429831755376
0.788965393098513
4.93273632485154
3.01481417249014
1.98461743697398
14.7697389983627
5.78019362120286
0.188382786375926
1.00613850983165
1.65493351537081
0.575890818451249
0.841042114231893
0.245373457084914
0.331507011256097
1.43838204379409
6.38751045720905
26.0521196766563
5.52950659111452
1.00220688997529
1.12356765496306
1.87917975104911
2.24440216116395
2.75948151779869
0.209484650080668
0.594310295032682
0.546348652231649
0.281557572828215
0.476203425694596
5.15236012268422
4.16719144549623
10.4614596886245
7.27109807496923
0.670702596084498
0.58354681876101
0.302639914114904
0.383241603997948
0.430349162006286
0.578601550711741
0.334526906596858
0.212440693591531
0.370296900883162
2.16884173573444
5.07629962441503
0.376494390971293
1.15915499103854
1.39076461150988
0.956904043105373
0.389140794034423
0.795192447641852
1.10330849828411
1.53430874125277
0.440855570655669
1.08792120234711
0.786391421249104
1.35014713332934
1.41859797284002
1.59478994999884
0.651337348934155
0.984528921739043
0.712063846565042
0.723471443901964
2.22344709198388
2.30954916855568
1.89163043301909
0.935900566744808
0.401527886694694
0.378689289634369
0.378097185245423
0.273788872130207
0.509823107814701
0.472786844434451
0.226315033389818
0.428204500623701
0.316208291108458
0.293824517529544
0.412707203682678
0.385914684066418
1.033673152136
2.47205219389737
0.78603334538811
0.826495540427406
7.11686600124119
4.15604496626994
0.716603452445106
0.519247311613798
0.497232380523377
1.42123695761344
1.64065753350843
0.832989364632662
0.479798523260556
0.301348825409113
1.26362080272773
1.59605559346848
0.7763151132929
0.325878270783407
1.99675706739753
0.80109294054168
1.30775625372284
0.936942250829186
0.499046663061296
0.695908692264609
1.00152531053924
0.789446415549191
0.435455914382216
0.502835669146989
0.318399744177416
0.208661706194991
0.298785669628023
0.584759435514605
5.88950506372231
11.2766727234528
1.4931069497207
1.11600583635262
1.35623737648167
3.12475239879242
11.0555163439453
4.67208738347859
0.359045098740074
0.629041579660279
0.731698028543809
1.21604158130243
0.409407168428938
0.206591603462164
0.162932724871175
0.186964483671148
0.501269824659446
1.32095016039445
0.333474299375637
0.246441405822182
0.300680694798972
0.621114768087664
0.543016451314726
0.752110154300349
0.416996753816491
0.825981974892304
0.451519320734816
0.808393738593524
0.425202716456154
0.622058013018202
0.282931626640793
1.30782748343152
0.642088768018845
0.584221645080955
0.584234006299504
0.290003966228533
0.387797787319459
0.380406301457972
0.538963585829301
0.31336491745055
0.16605346929251
0.23144773923647
0.537455875217896
1.99916622103318
0.583695335377883
0.15227907276327
0.323222226698103
0.624970634280031
0.455027454500449
0.880884001151348
0.344253864188655
0.383775530578336
0.60191208605031
0.50280452889245
0.309356165398253
0.207143571573647
3.54672099190632
6.07095629514803
3.28967829392532
0.330179583593958
0.459030886023986
0.26995009990468
0.168227127988717
0.414259675162075
0.500129108828545
0.382351236861635
0.399682413272271
0.704222436341891
0.841814963049434
0.668963259229051
0.794361501804607
0.550275177921971
1.88349089232972
12.6163793374789
34.0981049997318
0.65117982762571
0.898548485639842
1.60527888194859
1.22298981856786
1.15761732780113
0.881744767060707
1.65831494571763
0.608291494972533
1.15908354595168
0.517594891756795
0.398927132505244
7.28980470087605
10.0992493456617
1.35934499051812
1.78572891598874
0.508854565052254
0.310963489723193
0.380142812939294
0.34577815709741
0.751251433471573
0.35990013970745
0.448437966544286
0.612395430101009
0.576403657210946
0.539044291501698
1.74144897907929
0.485844594423367
0.617302801853724
0.85007851496873
0.433959602515731
0.900514998648596
0.19333320131876
0.389482631465178
0.86128706329112
0.581145310414265
0.144491151769482
0.662802097057614
0.616018978516032
0.529927673450897
0.638666642607105
0.362448708421947
0.841115211149289
1.46100904328003
0.219029833583564
0.351922823505738
0.452890549245171
0.311133249327022
0.323753262976348
0.260951575127901
0.276205677106122
0.288690055423391
0.258496349109504
0.320147914805061
0.806104673002554
1.67211901113213
0.22510394811139
0.238718176768648
0.250354109286528
0.278767633261775
2.10267543902449
2.42920878524165
1.71540139376921
1.06857397703667
0.182626824492682
0.934620815257664
0.985108195609863
0.665912509609004
0.513482122327066
0.462738110923585
0.604576619230468
0.359038025385119
0.252425817256269
0.277468852565063
0.569271294254896
0.685014004041592
3.11206271011869
1.72638577989492
0.506759641296515
0.864279217811126
0.391729740689689
0.423671563219041
0.493596231710802
0.408644300624838
0.783666943775647
1.40735443990183
0.322861704235884
0.422242301684572
1.37080950317663
1.10911537331082
0.547713530493442
0.471766510942031
1.47549207142029
1.50788148092527
0.729090724997094
0.865946826996352
0.601314988389313
0.207824746762679
0.156173987025031
0.54568105127308
0.755899984936782
0.67033531850239
0.679438468818768
0.421648501796053
0.332561055568431
0.702240850542245
0.69871488323783
0.343675647436874
0.218670283228491
0.245938031671695
0.176525421243703
0.207450169015432
0.236291353282147
0.565994310697664
0.416963363434623
0.323389219181129
0.397315192359604
0.232431638393534
0.288032867230498
0.379182180693892
0.478148494292485
1.25044351695241
0.637231189852794
1.43606365505571
3.53772503044482
1.31533930617089
0.43409956322138
1.27329311245415
1.03542897035449
2.03274773862032
3.72741755162144
2.82001302079513
3.31105141715114
0.904349272717393
0.731748597765647
4.47128703263689
9.70258071346116
4.05415623715546
0.716294768424798
0.172172494057695
0.293547655780614
1.23200605495898
18.009483954823
5.06289038640909
3.28001396226869
2.06042038224873
0.588386940964943
1.14169615840192
1.17639216132925
0.239667963348903
0.677877054642706
2.43457691031424
2.016863716217
1.58555027167373
1.96326709956522
0.564402008210248
0.896385542898302
6.30298287079216
6.26291428474694
0.544205280092039
0.354947892564866
0.472993969569355
2.05387380549895
1.10553339622843
1.22469517975981
0.721171022634978
0.533797030189125
1.01574034934815
0.342663775432682
0.493258186109286
0.496743181955397
0.89414217532418
0.67336176044763
0.283148669969612
0.694132059675007
0.921105070153561
1.46482547577742
0.373033681150791
0.53673840887924
0.590849499878867
0.398626187763329
0.281874733826264
0.324121381871592
0.303126724910313
0.320112659484185
0.298474323341383
0.406142511504949
1.77340467240635
2.19284370019369
0.40303839930432
0.293945521934958
0.764135971398266
0.42586664523213
0.506406943443439
0.196919384809257
0.519016105965414
0.428141668024248
0.374694012549563
0.227005174347768
0.278214187220071
1.07727631533037
0.952113972318381
0.804804782527584
0.801919660431434
1.64070238040276
4.30406129469168
1.63409343006954
0.373285875437024
0.366587131177468
0.25815006069716
0.174692123138102
0.452747378061949
0.509550334415544
0.345637893007171
0.261436713579037
0.462491402993807
0.434471338958789
0.290929193914671
0.242133444739822
0.140275736732016
0.438934453428261
0.245768622489286
0.325947638225927
0.276359476360259
0.299319124016637
0.245679502187745
0.196349431947448
0.181517422757529
0.263805408835286
0.353824338626805
0.540516191991052
0.941667164379418
1.08540946380082
1.14991623335745
0.855463144704928
0.438544410506122
0.355910846049858
0.872754324173543
0.996473972104242
0.734893138236618
0.326249096770993
0.248867977638958
0.295675672275242
0.245374334779386
0.462739063965258
0.703305177642844
1.0157387736179
0.392474745478232
0.451243242047052
0.391014273886221
0.406576722415347
0.292384237402193
0.66406575098479
0.375642258181103
0.157319895555263
0.375468261681889
2.01810616552205
7.14955771040288
6.27875292295521
0.537323780582287
0.535202260439382
0.485029783628479
0.289171953722351
0.403690745384618
0.444955915546821
0.810858933903581
1.52287068556899
2.13894228896172
1.1961733771117
0.347835014212139
0.442838365489143
0.587492902958104
0.814355971689662
0.968307173747102
0.377577294184415
0.198622886695834
0.285472840278839
0.460659032394172
1.93335691588584
0.322478639755693
1.07876007638047
0.228913095350816
0.185073051059555
0.372131368803762
0.70624836034899
0.611521238252159
0.335337472505244
0.547943637154347
1.51710796910297
1.97411561139688
0.535443659332147
0.981387984864232
1.30591374232236
1.12974272180775
1.10314892134971
0.873333612904646
0.579084885129076
0.904971070530906
1.63402439846913
1.91504411519229
0.590925705773716
0.417242579533666
0.323175901695364
0.331476996372412
0.571599359767939
0.988247159754321
0.872399985274282
0.296118812790024
0.321729892055379
0.244153717256325
1.21716128688252
6.96827869818895
6.89271622621715
0.685179485707695
0.729249358330745
0.976011490385872
0.372586080852001
0.800652419343617
0.451733457799886
0.585361222450436
0.468255100079459
0.350409003082313
0.204498424928996
0.73218885627592
0.515517242451804
0.472390364294008
0.509085757760608
0.457924463962427
0.400376485832568
0.585140217535263
0.552746039751472
0.460868271366212
0.651835517745994
1.04203546480297
1.32821924715602
0.679882499957469
0.43570223937461
0.505155555830879
0.241302982130996
0.176061747134907
0.206789381309258
0.317731014632218
0.235495273914717
0.205905472418308
0.516798380872942
0.720541452701174
0.853284581316068
0.780717752199857
0.274382677920173
0.60123302341606
0.172712543290057
0.194664769154156
0.791049959288326
0.518725456292703
0.342712448746776
0.34956858407742
0.258862075789461
0.571495263127982
1.24751236435959
1.32440438556831
0.361610329573838
0.210736414290979
0.316593189996998
0.22703486583736
0.30599454898708
0.27762733755108
0.162605671217791
0.331715774971941
0.466564619323369
0.678350717950147
0.725783681993939
0.376206686233108
1.93433496965408
1.31830100150414
5.35753922688459
2.95162976417051
0.931682548408317
1.74361309787983
2.31369099206047
6.87867932954916
1.97511024705986
0.509538644985867
1.27008627722131
1.05997359383679
0.365498984180824
0.762995231877022
0.20942200880019
0.509520139770539
0.560690479774288
2.78276051725656
2.95325159315047
0.183900545670131
0.15432315924836
0.316656174441869
0.202847747394128
0.374210623184853
0.14796312299104
0.494098634204522
2.40838247316506
6.67087959625538
0.250171751094332
0.256975977575362
0.23579257890096
0.285400746751299
0.301855873442849
0.413978817230856
0.375832682887923
0.231805749822979
0.287577627385015
0.340404400896051
0.387155869591909
0.442998074401385
0.370342819055569
0.447561085630644
0.336752807459963
0.275166853015073
0.458532971669692
1.19839087530371
0.625299675093581
0.846786945411845
3.46082201264606
2.76433272609847
2.93736289823248
4.82121512124132
3.90403605919528
1.07726301235121
0.964672716085028
1.51577316960519
0.413851359667093
0.364401752428546
0.477290597825017
0.623129735063048
0.264676795111181
0.282104392759507
0.223855282799412
0.330946925691095
0.337954198212559
0.315563003761404
0.372389439020153
0.225699597854699
0.941375126427412
1.23206964675792
0.829634819273769
0.219503811473528
0.471814884715596
0.485598331636884
0.231044509511328
0.1434781175716
0.277438602668021
0.413597424542426
2.28308928834034
0.85411403289549
0.345201573094013
0.495074004016087
0.800008100455452
3.49434997016952
2.28038875256581
4.81602845645952
0.632840062533616
0.487196078915406
0.539040589714459
0.433306316317746
0.416804238703683
0.323666247535397
0.311807080660873
0.678830117215912
0.188915962360587
0.630567454542627
1.04607181587086
