0.00523602725433885
0.00572146752764911
0.00582374423562337
0.00502679649150311
0.005466671728871
0.00458248250500288
0.00343819018729018
0.00531685686924648
0.00566223795227361
0.00593175987207982
0.00529243523968677
0.00430485446573753
0.00467550498127368
0.00527733627156863
0.00471090570762902
0.00458952032160623
0.00508652804125031
0.00553983827154504
0.00585239990571377
0.00553948669709843
0.00586001857769495
0.0085335123505469
0.00725517466099052
0.00558906336622834
0.00635768720080872
0.00831048351932367
0.00678836412442971
0.00510337628962925
0.00479340742099329
0.00501049211495289
0.00453551611068435
0.00426714385820466
0.0044512843664479
0.00594172438615545
0.00594093151791327
0.00489401139630666
0.00497972201528279
0.00505672812997074
0.00525820882746954
0.00500945357628317
0.00538769619113772
0.00713841746745418
0.00682646364531416
0.00536840260857684
0.00644284998925879
0.0073377600672889
0.00647158382779551
0.00538945176308656
0.00505379643335533
0.00547509526323185
0.00606969162140987
0.0064623563489473
0.00564471690024381
0.00491483794647764
0.00467950135051969
0.00503542410250655
0.00470457092549381
0.00395283897374691
0.00552808721311802
0.00425665566239319
0.00495214366369173
0.00546549831698121
0.00537651983758318
0.0065962678188396
0.00520289711054453
0.0051572147392294
0.00469489016727972
0.00424439807761817
0.0051298083186952
0.00556474800766691
0.00595131977172059
0.0046102776162647
0.00576938808227518
0.00535995177895337
0.0050251470298481
0.0053060981171735
0.00630175816924929
0.0064974590861227
0.00509300567790204
0.00565843746114103
0.00525744950604063
0.00514161061864092
0.00558062188894893
0.00518233700520755
0.00508558948967283
0.00536309041423235
0.00630175773838619
0.0058194612382882
0.00554657152638947
0.00558332004825779
0.00839554898199151
0.00925017093960753
0.00756695989713309
0.00658296011294826
0.00617202448049706
0.0045218413557967
0.00494334356060956
0.00579129637764128
0.00565314089611814
0.00505477820037705
0.00404854440145422
0.00488100227988739
0.00431820313899776
0.00484874796941054
0.00605412407939223
0.00536976037528508
0.00366324388042758
0.00365869235699413
0.00595055085363905
0.00636770862481683
0.00614428993881659
0.00569349256185614
0.00410916225751048
0.00580146821295713
0.00588575653209511
0.00628414437178587
0.00496980997867751
0.00392214311681314
0.00475779188488823
0.00435317558223353
0.00431246122864294
0.00624310643994181
0.00638930654310747
0.00665708162391736
0.00607970232553646
0.00513148009772241
0.00513019979851868
0.0040335328383674
0.00404878162999141
0.00476272667382468
0.00430791157600011
0.00421569952431203
0.0045686547763774
0.00522398138690141
0.00562825043205672
0.00594380926718994
0.00478656725140672
0.00522959002086388
0.00739017845580617
0.00586275275303608
0.00552777025635241
0.0059037537907804
0.00592716539215466
0.00596929525479208
0.0052214444881696
0.00502613173908621
0.00440509192573356
0.00517250748040986
0.00498465314423405
0.00425151497928508
0.00376675961715842
0.00483096167387334
0.00502356754451842
0.00454811755112627
0.00569980997795445
0.00500302359060031
0.00375377622546721
0.00420338540156155
0.00419426273613925
0.00367857745875253
0.00387453611084459
0.00477664325292806
0.00364059724993473
0.00321397537232355
0.00308362595470944
0.00344095770008008
0.0040576702857395
0.00408338056816409
0.00311682324861398
0.00343046260050894
0.0034209185297163
0.00343358097543351
0.00334177113707098
0.00339026847183631
0.00301843698635116
0.00274165704911389
0.00385839268456109
0.00423135950486781
0.0041252576092025
0.00329050917561205
0.00419805396484281
0.00370802603215999
0.00455648379802559
0.00664482122919646
0.00545614065171922
0.00327148713106588
0.00311372159902301
0.00280749428275769
0.00300296200984363
0.00447919596806727
0.00699833177890622
0.00634828440038704
0.00396236885520104
0.0038522184780316
0.0050656774108744
0.00469411377311822
0.00452830252061482
0.00399864497911246
0.0035552073792322
0.00348526037574952
0.00564263057636474
0.00434247415832519
0.00302823400853368
0.00296501749580191
0.00360687164437666
0.00455228124906508
0.00373092449841182
0.0032566797302823
0.00328455777407006
0.00443655297720917
0.00361516638983222
0.00297674418766753
0.00363735056620514
0.00306503608520856
0.00294002011630887
0.00455896054581426
0.00431509530645135
0.00308105714213914
0.00344987908842609
0.00433978410482571
0.0039920164222913
0.00345700313145392
0.00375035512825667
0.00349848782822295
0.00391292933750578
0.00433554580301869
0.00398498282395247
0.00362517459967353
0.00311494349623041
0.00385845572757137
0.00405264009863277
0.00429541920282633
0.00444903998700982
0.00391114531125602
0.00378825023088969
0.00338200113001386
0.00364832581832939
0.00341702995171418
0.00327245349531354
0.00405168519847531
0.00451915584667947
0.0035345297791035
0.00300560502281099
0.00320686309782231
0.00369242844796611
0.00483983138993706
0.00593529604975641
0.00556410647635168
0.0038359561537186
0.0035202427579697
0.00390497415548579
0.0036011557266423
0.0037730582946114
0.00302485667743831
0.00343149134480513
0.00351392127204893
0.00325503881219364
0.00371428951163884
0.0033111537643143
0.00353397891561524
0.00463101860305786
0.0050415269136364
0.00755306051301235
0.00772210028378939
0.00484798950034934
0.00674836646866485
0.00555629975536826
0.00643601089039687
0.00568486093325043
0.00483359631982501
0.00322137718670719
