0.442122232100017
0.599402960295038
0.916093331709388
0.863766838700524
0.477809811048173
0.529937227609399
0.72507536307029
1.21334442068704
0.864877283262317
0.22910209447701
0.457838578879187
0.736959573992181
0.513736569139837
0.52969434185847
0.719952791995543
0.829596716042002
1.28566318611437
1.03497896321808
0.447037460557427
0.341498854705294
0.371150118540298
0.290443344614431
0.239092717749739
0.340986988106808
0.414887418210439
0.406289672328391
0.367629179240252
0.337137090271494
0.337873213547745
0.53287092860863
0.516639740743851
0.364778848384514
0.487335108810518
0.418386396513652
0.65258364681496
0.739643103135203
0.40516705286795
0.340762724949789
0.630918107824615
0.641516339957395
0.605530569200085
0.448902370978511
0.378662623074972
0.354941398271808
0.325757806862532
0.858992880876207
1.18284330009228
0.912130570892506
0.661380709539987
0.354338308820151
0.294772456213804
0.250668589222012
0.405782852690692
0.573775615391828
0.500609293180616
0.500242307429927
0.36698504972752
0.558386244254056
0.419764621497468
0.36638434456451
0.305591985252742
0.472421964544813
0.558092429908516
0.642387537224435
0.846860660039694
0.755074597053297
0.820350400640614
0.576774741361531
0.367368775004214
0.357692402716484
0.329188976152214
0.329956181178168
0.474113310083128
0.586519833537031
0.409214303282753
0.370947841713454
0.447450159098489
0.530783513382649
0.255285658011313
0.239945790968376
0.266185998717475
0.38935932496557
0.3957454773289
0.434836123857858
0.450773535800398
0.240745682083106
0.239840373420452
0.414258451086379
0.552489199121097
0.45736419092363
0.554846450446284
0.472825570109625
0.702657150141523
0.789626663806731
1.00896900086905
0.975108448490243
0.607796953305606
0.498149681622372
0.395129250230626
0.129735622978432
0.432025792094517
0.593595041328866
2.17027548733304
2.81274997126595
2.14071122048144
1.64404710187095
1.07827724329566
0.539870056935274
0.457610047207616
0.723479191599785
0.720894939404333
0.691521360324601
1.14099068048423
1.01687589297289
0.871869519426657
0.529266422754887
0.28562994596398
0.215046845902736
0.254098626789828
0.28035876010616
0.285492485658688
0.390810959353703
0.517503039714841
0.6212624073795
0.500381261041012
0.337988942129577
0.437578333251782
0.440866221678
0.297222632152633
0.256682552165446
0.162855849460923
0.532290492453605
0.672418382142504
0.461016503941144
0.460499956582996
0.466326850653149
0.290965734440747
0.442279875017689
0.680842809192726
0.409050447358612
0.266237382224759
0.270031822675791
0.561020731288425
0.707665695491108
0.402716486668917
0.170448246814905
0.337716374905785
0.303010490228677
0.275388661329952
0.402832497500966
0.455441830946808
0.49578684394327
0.616048920382105
0.475766797941849
0.489668145297187
0.561699865503506
0.581804027316635
0.387667225086241
0.311334949021565
0.31956135187876
0.421265805007504
0.551447872441581
0.410716677690968
0.555762830264877
0.299212276488474
0.184152384041906
0.568423988418213
0.698807557738578
0.741503121627459
1.14459600634759
0.779012311855498
0.702596636285294
0.636601397208806
0.360352604756367
0.488984666107016
0.37689496946203
0.305249790921153
0.62036125050581
0.705648797387171
0.542674824472573
0.353374663678881
0.354502667248137
0.530904297674779
0.381884118304902
0.482446727806376
0.838757639499645
0.773454000114513
0.558253903174789
0.444981412700962
0.441031307822113
0.261871842574197
0.250416807026174
0.361513654927829
0.707491668374551
0.59012916609697
0.309104220916648
0.314130012979033
0.264469208903197
0.326743210874156
0.306641557443729
0.374077254688632
0.363182544197981
0.424749812322485
0.528547622309655
0.484426564489258
0.365172055534283
0.439326976109221
0.505493879712788
0.504265867598546
0.30577863594561
0.340936982515889
0.327430856144966
0.148669113153463
0.356099919053129
0.803903242883927
0.857826360180274
0.691001474123243
0.547934650228231
0.8262965625855
0.863468672160707
0.619036161082781
0.299006927557403
0.221919050049266
0.254249520205334
0.269047902826599
0.525447387766698
0.530356317856969
0.466292098085242
0.347067111149888
0.354512707044698
0.350062728494982
0.35966462226368
0.542036958766213
0.484448989627277
0.434191260495965
0.42284077201573
0.411989281320773
0.292367056282615
0.338483538337177
0.260743482211617
0.397098070326134
0.65098958885643
0.474900343090961
0.409947231019402
0.489412526089648
0.592578607823935
0.286299701522699
0.276600934607373
0.930891887897273
0.619280527988883
0.331627066530082
0.501649534502702
0.427629625627479
0.294788121629366
0.313882492596077
0.381037928057101
0.316442745121087
0.364304050623705
0.409105361882713
0.363079821646632
0.332651038292027
0.224293724618776
0.363976777928541
0.320452143651432
0.59813471458395
0.526168023425945
0.142241525524198
0.29446675371844
0.514173835629589
0.471209756337524
0.268038583013161
0.513283430849539
0.89391955824896
0.780507439443685
0.309883647683793
0.304174551243407
0.446100678652602
0.452340542472448
0.381973014177972
0.317702408417576
0.681201558121319
0.839749285521603
0.69038459324377
0.677604266678459
0.310806520019109
0.291964162393855
0.709281748603798
0.541982082353833
0.411200992817876
0.732283806038119
0.45450700825517
1.4236480564855
1.42331021208539
1.24355696981465
0.824322653223015
1.00256474359
0.575399967073646
0.536564682904516
0.724455212766169
0.409067352960664
0.149494030462793
