0.11308341695522
0.243298297239401
0.495519255730281
0.439958587225152
0.176456884721448
0.139602095183039
0.112228869686044
0.0661340413042896
0.109232159579208
0.171507070297838
0.178107679302921
0.208898857727753
0.283663517793845
0.341453823145416
0.102862573823127
0.199614213938815
0.260336613436732
0.269103890546051
0.159006220649666
0.13658919478353
0.116043425417573
0.368854405299699
0.441412301064621
0.248811344865253
0.246794975714063
0.374062657953488
0.476163424838777
0.459623995890952
0.234876777105502
0.09661897516081
0.270212396645203
0.28506157926598
0.312003257456259
0.446138203073784
0.295482907099532
0.182088338037607
0.137706514668742
0.153016500343222
0.141645608181416
0.212782871253765
0.277159808524443
0.206791960922158
0.183067402733882
0.115243203603046
0.219518109819992
0.163249997475206
0.164956289909835
0.258250907396399
0.168343363990243
0.181181999267042
0.311112134360599
0.312815739611773
0.212159781415204
0.191006860516475
0.146616034746861
0.303232059527212
0.378080192378222
0.225902051562204
0.132965673016887
0.120996844550645
0.184440463020161
0.161082301271245
0.147947074506991
0.424272637922664
0.34056303148514
0.190649845365396
0.192550897090049
0.169724909427019
0.186561874683754
0.209931083374656
0.202065886275406
0.189358627466376
0.210516267636181
0.168028881150099
0.124908823078798
0.139350267301329
0.164061741983418
0.181276504699915
0.18653305620293
0.170207831547582
0.235165982063905
0.327740287765196
0.440739938843653
0.456633066943561
0.23089693496233
0.163925250467458
0.133916256316184
0.0743538788703052
0.338617666868637
0.84865517589319
0.647323131468261
0.330673319781284
0.181028444362659
0.158185578504481
0.15304745840645
0.172369881818415
0.416676059021813
0.707941971153201
0.477284278182706
0.184785144751743
0.228054925325743
0.181233255650309
0.129504586640523
0.113275327673613
0.125501803826461
0.106555897760785
0.0932828499532163
0.137119181700933
0.109091689025789
0.110244323361842
0.265208555473031
0.365697165901305
0.319527777922357
0.121009039946977
0.16319199577441
0.197226346355132
0.150045474746092
0.204867936687051
0.315325875684975
0.194195459538944
0.183688727371756
0.367096490901364
0.343456332338834
0.190959232414566
0.302455252647979
0.339281188202137
0.169341961742934
0.0891496690725884
0.0519162673346666
0.116956110977863
0.149080407134829
0.144865949435444
0.146338300803738
0.174449023861096
0.240808032092185
0.185129938539071
0.231036537059086
0.510195808748363
0.598830063789858
0.230623866142024
0.135866348532346
0.149290536467204
0.0971071456520773
0.126135342341447
0.135141143936096
0.165499565285151
0.221583554421871
0.264140571579459
0.176479543641781
0.291918429229694
0.363783841169036
0.310420183433377
0.164184257290119
0.189103276041804
0.156646974597646
0.0951066497333145
0.0955614757691733
0.095709820585552
0.162102672727884
0.123086318618331
0.198841906839932
0.183471871756222
0.164483132557963
0.189001704316154
0.156481403628605
0.141956735979582
0.152890067048287
0.108064073045683
0.143229600218548
0.137914416688754
0.144370467455201
0.183935795178392
0.185083364574723
0.145921874567795
0.162835253593762
0.250375579593766
0.33413756267343
0.236355787529874
0.0883438010413027
0.197800136040734
0.22472633575684
0.186197469491889
0.261628946107564
0.361939561609632
0.333615796236247
0.144869960454564
0.149280863623849
0.198994101003625
0.302225090783073
0.281277144582693
0.233961068216221
0.20543386166747
0.251695476032199
0.395837698905867
0.24670998526765
0.0785837182272204
0.773405897399244
1.12375389926845
0.214915389310656
0.0897070224502822
0.0980968937738998
0.159800338231443
0.267196103793901
0.25679897498297
0.311592293152949
0.444266144322367
0.373958549324317
0.226483335717112
0.0973449779537403
0.125457192543469
0.207496578485328
0.245713840312981
0.209912328577241
0.185964710050992
0.21541132654853
0.210964715524592
0.177245147642123
0.150228284184596
0.181053531885825
0.16022358254337
0.254332970638378
0.319473641954257
0.237543733434046
0.267353192186698
0.146681035132584
0.0873749784336973
0.11614388345594
0.0803552487342553
0.5271171271045
0.629950224730756
0.213565072730795
0.313321290431979
0.219295652307643
0.106767976801422
0.191467131534309
0.206983855560554
0.143501450526613
0.139121320733043
0.227188213282146
0.257428340127003
0.147320665800831
0.0941726462222086
0.195152741894461
0.0707186438454095
0.0706974180622052
0.133173001821606
0.130205629976468
0.189827935520937
0.146100158611343
0.117057256167755
0.116983082593494
0.128385813628953
0.13884529411527
0.555909167364225
0.77085484945728
0.456353299870388
0.307918947293899
0.41524050877583
0.342400293942761
0.217279471487983
0.44909464943064
0.398391980223312
0.325747246185929
0.198045246412735
0.120012637877115
0.287668612945177
0.32571837313466
0.177575153166003
0.168423643603929
0.175044665964984
0.817099983792682
1.15733192797325
0.467329604749648
0.445815649242968
0.599305560553195
0.429633321356813
0.239558322818954
0.199066810030989
0.292405221502197
0.466958335851491
0.268180495778925
0.0695031207125408
0.12015174940129
0.106225751289348
0.285055268291151
0.16764812630938
0.126394211159733
0.0806294128080653
0.171977824820928
0.19082788129568
0.145158601640603
0.167613355760556
0.128610107526867
0.266622764210243
0.238762781692786
0.0955047703777621
0.267531206392302
0.320554514553531
0.116394964515637
0.205310432131911
0.234909761236598
0.152487917654507
0.0966738426094843
0.118296143353193
0.547228684090466
0.66275184675508
0.369853207933406
0.205909948668921
0.220269871184207
0.205147736495969
0.149898327697251
0.0862838823719947
0.175495501501252
0.126048974389383
0.0927051173177574
0.184420431620161
0.182058304534887
0.149846305669275
0.143495334865137
0.307936938999815
0.365370004494388
0.307105905561863
0.407237020387464
0.302576245060963
0.2200883150693
0.155645161229513
0.152238959449567
0.328868710831678
0.496604260437666
0.510928390939951
0.146117806975872
0.199643681818917
0.210593496772105
0.163502688470449
0.231842690550756
0.146830722663186
0.157611890444158
0.1315034949613
0.126370663280975
0.0956685179492302
0.10976276642434
0.15634606027384
0.130626953105217
0.149713883483552
0.101510333361631
0.194271604751433
0.129544659681231
0.132269671309672
0.0716586689278764
0.0720165710452452
0.0874945655444761
0.0523253593348471
0.0822571845376605
0.203101864614265
0.153148403747927
0.0927840747639082
0.0830346256156274
0.124807908472522
0.131097147942191
0.0924360179240303
0.0852904664535795
0.103938949381758
0.141417200616823
0.155543895723906
0.130123141753058
0.0709233026828366
0.0328114744909078
0.142804418985346
0.155119814347598
0.0814776519529859
0.096066465386212
0.203579126300699
0.171846794606367
0.0837984912171028
0.118115069484673
0.119981760157851
0.134403673887983
0.132756060249943
0.348169920461672
0.23332144907843
0.134712925123712
0.0766929682450562
0.336214538729181
0.289798416422121
0.0492372576494406
0.0619627691467365
0.116165002525429
0.122240954409137
0.0924537237818794
0.0652592811999953
0.0725863754185006
0.0940138931566684
0.0951909681366158
0.106736436946383
0.0898836771010856
0.0687732613485937
0.0978319061771566
0.089734806881453
0.0818168624295559
0.114310226078904
0.138032679781673
0.355559516424783
0.358709225233203
0.141418861339261
0.1522013131709
0.215650894519749
0.189874094116564
0.121722346634924
0.122511518145307
0.0722466311954124
0.10648323819315
0.16167969289091
0.118291980377833
0.113131926890127
0.0863006725458457
0.113257182782418
0.172962909017052
0.122654144021194
0.14737203222429
0.205512617749255
0.100282549089145
0.0855294331816195
0.0673990660703408
0.107671289065726
0.113942004794684
0.0721164496518912
0.147882409174613
0.13734143684243
0.173326219334038
0.165688381508917
0.187657158035315
0.215991977528421
0.176568527076695
0.292042895199512
0.20083453828055
0.16482964266559
0.085270752815553
0.0859623616092496
0.0874829172527845
0.114262284774165
0.229022986967529
0.0986264288941771
0.0669020806522059
0.0488514243119377
0.161302942377682
0.0663726109864754
0.0742517333110568
0.0470245213053104
0.100279339348878
0.158295242114667
0.0951892679768987
0.143008360679193
0.169345680151316
0.131055399675237
0.0909992259204631
0.150390996368047
0.107103143935167
0.0974925696778272
0.138188165703165
0.107445490867548
0.139346550530874
0.193064028059737
0.156260728082202
0.117365600841124
0.24434709223966
0.28432429275698
0.0896354557828091
0.167524369627707
0.215546271225183
0.123343841482447
0.0963527116926609
0.113922182198358
0.109564973960877
0.110099053376013
0.126453088927318
0.171513708658847
0.116396353817733
0.307648775987144
0.250733562248233
0.192074598050803
0.364070935029825
0.404835411261202
0.136320656363659
0.366856714682424
0.330987388599408
0.651199686850894
0.19829832666071
0.235296576154637
0.156971257397762
0.255872307664483
0.325838639619616
0.136099803246952
0.0774065979944865
0.0842901648393802
0.0575982449454405
0.0685484466295488
0.114582062606158
0.125414268151043
0.0915010932479727
0.145423108637552
0.124316306929387
0.0715541755744396
0.0826278119169487
0.143768636524091
0.146638983533494
0.109561426663218
0.122202886806523
0.0940139753793715
0.0893637891115632
0.127640557741034
0.16404943819007
0.0818828810475292
0.102200985563399
0.60458594713158
0.605543655867321
0.177818255849067
0.304020950275463
0.329786056182462
0.264009765243689
0.158797578496117
0.210803381014099
0.180394272495307
0.134924724978239
0.0818064129493587
0.083889883880171
0.0960647375771886
0.21862834135703
0.244103492472507
0.131565113766766
0.202822705661167
0.221940678528607
0.241336267747614
0.280585834988012
0.173742164125133
0.219824040304192
0.19431340124738
0.113322277850969
0.13705827911153
0.128040721344031
0.0770102208750258
0.15478165240703
0.154418147213152
0.0922184704484393
0.0990083108326045
0.134015981032724
0.155898793308795
0.211448615737673
0.305431374373048
0.242727179591157
0.101498253500408
0.209213031863097
0.287976160805526
0.163743403200159
0.149059870988113
0.145496022377589
0.160347060943858
0.148982191992639
0.144470513566124
0.201605397427501
0.128512270335681
0.0766565572899072
0.099383597561615
0.0639142687852959
0.0961271423927958
0.141999844386808
0.0857159091287489
0.110860643815156
0.129934023075969
0.20683451424729
0.233687086634108
0.155685856568305
0.10490325800467
0.0948903541152222
0.113718746042254
0.110438287355736
0.128710997531729
0.139054837732414
0.0902028416874806
0.125526437417851
0.128765354310643
0.117296546659463
0.0578700980198409
0.0555308784907668
0.101574114938442
0.163075055355784
0.137988872908027
0.154975582064907
0.227997656306684
0.218311153866972
0.102297597504219
0.120366120466931
0.151677835690313
0.12635549597456
0.12984499474059
0.143950717762944
0.129592178111723
0.10637360600884
0.211066188406171
0.194224056292639
0.155740014906772
0.176272602266043
0.12245727415048
0.18740304369406
0.149115579763533
0.193857247435515
0.194861588887318
0.13279185312335
0.0893211913250201
0.102578024122354
0.0696824671751992
0.0384323291434311
0.0763278987577041
0.290448490772217
0.182553154887441
0.0746775938173293
0.087513688119633
0.133274534815704
0.145600545394559
0.0978930612018678
0.0625637212100767
0.0856903617916732
0.138864748587466
0.139246207349764
0.0800122280636941
0.0825715380069743
0.119814074639583
0.13907360654787
0.130295449703355
0.136383345469149
0.210315449843802
0.227588873540797
0.203922277611028
0.145691798957709
0.127033539083865
0.0923604161946336
0.10028785829434
0.124759173147964
0.128839178495514
0.115848572195045
0.0811813628561942
0.110317077258409
0.128797356798058
0.131005724359716
0.147603340247522
0.102686772089865
0.0595192002464686
0.077487987342918
0.0782454925381435
0.0553652503229221
0.0424372752215491
0.0361110115466008
0.0688343311349719
0.0764782313649692
0.0831318418830211
0.0620323439920383
0.0750728233088155
0.164074375673977
0.173121371549484
0.119842915279341
0.125549488032789
0.186840372551941
