0.00622403666515952
0.00582867842780516
0.00535396155331931
0.00664465921232063
0.00622192339882463
0.00491640999935219
0.00404186696522737
0.00451071026634905
0.00551543963193861
0.00490224144333473
0.0049707775361606
0.00407091420827772
0.00392208966047252
0.00419907428508593
0.00479981269736525
0.0049868773446816
0.00514856508982787
0.00467096613010781
0.00449434351201108
0.00537694386505867
0.00623539846939662
0.00531602323924149
0.00439152982805981
0.00443043904306107
0.00530301665600214
0.00558680276409735
0.00465447674359326
0.00397129447295534
0.00424596333171392
0.00473909260940393
0.00496400827855914
0.00514807939087935
0.00502523848267949
0.00474758034446541
0.00468787633513964
0.00518347557399218
0.00556278522413207
0.00539265291713022
0.00480662580208914
0.00519250356828962
0.00538554305180137
0.00495325668532495
0.00435624403889645
0.00406493633406084
0.00375634527430954
0.0041540581010239
0.00386321988891123
0.00437151010189697
0.00466746069286386
0.00462938189334572
0.00442312518945351
0.00416232015224292
0.00450150816154612
0.0052384730304276
0.00472184112022598
0.00459664371057913
0.00482551178314507
0.0041538154085876
0.0043388990564339
0.00425754592372261
0.00504491389201615
0.00518278043152244
0.0046984995422805
0.00474928645739322
0.00453120536633667
0.00543811919956752
0.00492528241172278
0.00487072569843803
0.0051510299558961
0.00516254327216011
0.00442987098727365
0.00431990508992535
0.0049968937820515
0.0042391148720239
0.00449964959196432
0.00481260043056295
0.00521348130141121
0.00463560363084618
0.00398034361541101
0.0048874443536885
0.00483808305014724
0.0041556655914991
0.00507758503724616
0.00550607655443644
0.00508979133915051
0.00391109119921214
0.00394927419530043
0.00406365015963563
0.00446872177245684
0.004951517825242
0.00581932115562329
0.00482281771273663
0.00492723946776404
0.00481543844715482
0.00417437655095076
0.00433450145972759
0.00554748401526863
0.00481963618650962
0.00415209485088887
0.00436323262620937
0.00432718507811739
0.00413228713782938
0.00521303772165738
0.00516542137643942
0.00504073361069909
0.00510864614135508
0.00465502858119575
0.00400496532169254
0.00426300785598567
0.00554723674453078
0.00565879921733281
0.00500160117905344
0.00438107188222666
0.0046882467308164
0.00505191645482569
0.0045817634615851
0.00477931367858069
0.00531024124385058
0.00578353922989188
0.00469124972471132
0.00540480678980442
0.00575359375184892
0.00516297844048411
0.00488594251369298
0.00511699115183971
0.00456526106700486
0.00419962412509129
0.00422859966540328
0.00411102293800423
0.00469522400963642
0.00470471851071606
0.00433280966835724
0.00530942821656891
0.00455082100489841
0.00542690360032508
0.00550910606112015
0.00493483962610936
0.00504622972203581
0.004659692918263
0.00469709396241085
0.00591322438225111
0.00534812168441458
0.00533550490213516
0.00504831302020318
0.00425271638943929
0.00463844891428857
0.00421216332538535
0.00347158926683343
0.00354170537943428
0.00335464611103002
0.00368879340167155
0.00353231890132399
0.00384274193323253
0.00380336876863782
0.00397653594929879
0.00321814746374168
0.00360251425578906
0.0035649621581267
0.00255890789524722
0.00218969238774717
0.00262667530049768
0.00272978080514307
0.00223921934023459
0.00211580716402834
0.0027338496066183
0.00249255901507696
0.00279412568727774
0.00308345430457967
0.00264976004878913
0.00258162951537248
0.00260706642136868
0.00277781999623728
0.00293878773657181
0.00281335178782423
0.00288768129601332
0.00274037893361074
0.00275327630535212
0.00288951845195349
0.00243844802145763
0.00236075323560452
0.00324637167117832
0.00300353837505929
0.00278059105188504
0.00394389235294464
0.00374667423900013
0.00307092650860154
0.00288611859792447
0.00216306221134924
0.00242766973762854
0.00254225690899026
0.00293089525728196
0.00255321817566783
0.00208801328928786
0.00251937275758368
0.00251097365766617
0.00244734767734076
0.00276352741314217
0.0024096022876317
0.00293524660719166
0.0030912475417857
0.00257099164240848
0.00263509177952252
0.00260399548397444
0.00295272396087838
0.002826619742817
0.00248898457145271
0.0022580792852391
0.00269513223862501
0.00242593929756107
0.00263665458251072
0.00243880793486686
0.00348885551739925
0.0028814508009161
0.00307049940563812
0.00243158693792164
0.00314345300908155
0.00253750630945244
0.00280362257392269
0.00320481209728734
0.00280975489609165
0.00219993271712552
0.00249125643339041
0.00316291752197907
0.00305557742885419
0.00288598398594826
0.00243624536633463
0.00281048510085031
0.00316858501376127
0.0032643268415212
0.0026955832589165
0.00236993408396783
0.0026940503039095
0.00304559037343382
0.00251239226227515
0.00268502816480602
0.00324298200330306
0.00320874524280332
0.00330197074199537
0.00302866708104555
0.00325662600445157
0.00354949787779932
0.00312972823452002
0.00199921398027706
0.00225413554321194
0.00262103550065841
0.00273884670838557
0.00300924408500404
0.00272877254033909
0.00285882981077469
0.00349693115457384
0.00307114742593307
0.00256359540679589
0.00270881406515236
0.00248977915320133
0.00227545662783346
0.00276727983276372
0.00335081354111881
0.00316480651712779
0.00299852417935909
0.00381394769000222
0.00478114840591092
0.00529861976913247
0.00510710542755428
0.00461670684707636
0.00453751124640022
0.00414732037166596
0.00420722948871728
0.00432933767212087
0.00444826967578492
0.003892481989213
0.00383064411804567
