0.331785679976326
0.298153155561167
0.237987137034324
0.37286662971259
0.642189115108545
0.43325712438956
0.429720202847431
0.523734637464426
0.384678882912333
0.0884371181591269
0.0667310530761241
0.204739610944958
0.155731932693862
0.152837171370116
0.200717925314108
0.320164365664807
0.166160190023434
0.294961540306267
0.125163642326565
0.152947975870986
0.0620926951906403
0.190716531831676
0.128692830872808
0.234892794258653
0.0839387343952615
0.181664042264394
0.174397504303846
0.12195121947471
0.200257710632405
0.231232808000955
0.120961095983363
0.250921060273833
0.250069455137969
0.0937280151763409
0.191262155550151
0.0932037437695167
0.0676407962190749
0.177102189027816
0.0790449039847213
0.117289665081531
0.108184546427763
0.141358672656131
0.0573922539300979
0.104449243642333
0.178287990679274
0.0620736682766394
0.18739271113816
0.175308928461628
0.111220522838065
0.179472530891347
0.0420284089903267
0.0545643160288366
0.0664808158110359
0.0319852292466183
0.32537674049837
0.445658739807995
0.237102767408942
0.203076293707862
0.282038384605677
0.229175884496643
0.0674569616303321
0.0372730186861068
0.214220809865438
0.366539159120848
0.293943771588252
0.185492297095871
0.117236143749865
0.283850759375216
0.246425743265866
0.23589773123165
0.0989084190073412
0.045259465438217
0.0353138228431227
0.121465527506905
0.0912981465279879
0.044411837973136
0.154429470441359
0.0408125820984689
0.224480936083526
0.121564878608947
0.533696931264352
0.372436919116808
0.0995099642255199
0.0752846078268656
0.0512632857728844
0.0653648582140213
0.141978003453322
0.0503145599371992
0.125218512738283
0.206577747016738
0.277686985017435
0.0228875174343468
0.100462077490123
0.0385069135442842
0.0392708215771449
0.0610384377147606
0.116777843385816
0.116656411910925
0.0689338205568411
0.0822898791720811
0.0186786932925268
0.0772615072697245
0.0355102407938654
0.16850945496973
0.0956512986422167
0.208149868774312
0.0860694140896635
0.0531655374915814
0.163098790161939
0.193580668980132
0.175828243892565
0.081132210745222
0.0846380899300893
0.200294775798291
0.166802496250562
0.0975821150567614
0.0811711789310928
0.223873788867311
0.331404752205817
0.242926128160054
0.0288277763469548
0.0235395456500496
0.246896784016549
0.44438098083975
0.233395946370238
0.0636134467649294
0.0945484257948382
0.220950372913508
0.114268950273685
0.486297970455923
0.33315798601801
0.182228777974006
0.0757522009516608
0.0594074924741448
0.0523971513724361
0.169675694639093
0.101834311553255
0.0750226173905455
0.0818038890838403
0.0930088452563822
0.118542660506321
0.120671117600349
0.0810103179557162
0.14643307761389
0.258426879090623
0.144892475404557
0.104044733760733
0.106649731538949
0.0478935058628708
0.0759299489294087
0.13597847713243
0.111179973762128
0.0951805954732756
0.0669932400639977
0.170540095366842
0.063456382855738
0.0874216998275381
0.114887224064485
0.254604505992609
0.271190010016232
0.204218659945104
0.139608409884166
0.101723959070757
0.173407300808922
0.041900986692309
0.0230041197224339
0.0225908065942005
0.0148673020575128
0.020333495757537
0.0249380114487275
0.0236022957869219
0.0403504629290964
0.0312362299659706
0.0271839655562399
0.0309564199558667
0.0516667587235046
0.0514420039518433
0.0318383255515577
0.0498088521707637
0.0168194870412976
0.0242962704696835
0.0311302427572104
0.0259782444770894
0.0317086744589632
0.05472978112323
6.60997500420506
10.4596470803247
5.25675044454691
0.152541378218456
0.0770658225656116
0.0305720796649402
0.0311420609255654
0.137176211265219
0.115353507385859
0.090389625518886
0.0283082892483971
0.105399884243522
0.0203307533576232
0.0282980994477059
0.0575736893540146
0.020945736769723
0.0169691933681444
0.0433316606371685
0.100151852124991
0.119030911304827
0.0226795078056631
0.061630400859966
0.0354468541296918
0.0177452743864326
0.0123205201737819
0.0103924338006834
0.0217023468938423
0.0230081639805501
0.0211151200179524
0.0128307992433431
0.0275529859171526
0.0399722281992955
0.0474862420582211
0.04672545506814
0.0386680027101034
0.0332739201169387
0.0293584343492016
0.0248838628431698
0.0192680925397605
0.0396567165989787
0.0384818892841797
0.0643801464756484
0.0793749861200821
0.0747837654251071
0.0601588556421065
0.0569226970810067
0.0393492460878362
0.0222035101332152
0.0252925593833217
0.0345896720023996
0.0234580572852335
0.0191170208974121
0.0207847475901845
0.0203331301862505
0.027294243900818
0.0266866699433938
0.0267767312353542
0.0187636917223557
0.0259772101462332
0.0380694343049167
0.0270012509375596
0.0325927961346596
0.067158668423555
0.0481293948549726
0.0354463711716077
0.066501509041252
0.0284614550917491
0.0350957152828246
0.0444755980469511
0.0407690662285775
0.0469780444328711
0.0259886922690926
0.0424211490182386
0.0287751982695091
0.0317626313835287
0.022062834071168
0.0242542822394371
0.0222849807380311
0.0616347220434794
0.0696757581385793
0.045120710156861
0.0475784558965002
0.0255051808250186
0.0205911885000752
0.0312153458594546
0.0691379061962762
0.0416811635053711
0.053267418848784
0.0350970502993543
0.0140400408565508
0.0178258133222267
0.0187900868507592
0.0280224437189803
0.0249883662029343
0.0137410585476934
0.0314447821225098
0.0313775971615282
0.093217145392781
0.0536211551904535
0.0547294621914713
0.0507482973269956
0.0473972969293344
0.0718542023556811
0.0231653964012542
0.0252390331012191
0.015929648288242
0.0186564735487047
0.0189972248443074
0.0182948453267866
0.0143949842925463
0.0343938853523707
0.0418006642752576
0.0410299944162721
0.0218697079003095
0.099670880023374
0.121747410371749
