0.891844634081182
1.01425545477944
0.254548330939738
0.728036842596448
1.39148215730206
0.21976527910093
0.24996630444578
0.33791271214659
0.174902117918414
0.238368007788327
0.896057131253119
0.718884481267316
0.459476020843393
1.70156798184415
0.479729100323913
0.365488183481851
0.591465030351393
0.364649416421737
1.16268686525841
0.425865281322272
0.445220847434705
0.649450479446483
1.64020790959737
0.953418329837433
1.87242485939103
1.178891051648
1.04773486292983
3.74439355068164
1.426439263887
0.904344961919614
1.48232765478908
2.03974497508421
0.880989117787139
0.883987190261486
0.792906077270889
0.312617392045574
0.471697881602175
0.632956855900535
0.621114291177316
1.98968985507098
2.61816955321415
0.452187179679007
0.370467251511939
0.418415889440318
0.223290502029996
0.225448138232339
0.257252085936711
0.20527515298949
0.349017468183831
1.16927464937427
1.88003944346771
0.342745285454975
0.6422558024246
0.221618290866399
0.262289261585661
0.82451884133826
0.784087957493402
0.537437711118544
0.312757299654873
0.293555616298593
0.529819124647207
0.620109362965261
0.543107420686416
1.02844126266594
0.172404335059873
0.650720646799744
0.0998696563425672
0.297991027867239
0.232708642703005
0.236308506949286
0.236743803577213
0.361404725063854
0.288263515570564
0.836053626021511
0.390931976343101
0.398572011727794
1.93377373259872
1.99885495824186
0.2907214803078
0.321320549560805
0.534988666931506
1.31609996893618
11.4461009835806
5.27022715114652
1.16226203662045
0.665923800600796
0.627324208192834
0.226379517075302
0.606273848187407
0.152078750342769
0.210869466696254
0.406136976012012
0.203074397632619
0.161938129495513
0.444867332040518
0.369629488117693
0.500101699998454
0.446529387642947
0.203310170354951
0.299026583982391
0.304800422262443
0.16407500896396
0.169144783781786
0.260693071947973
0.235884015596394
0.172689928282686
0.177685847559677
0.154674535983566
0.645664044753066
2.67831745313811
1.6655182695993
1.23264501463609
0.403973602413855
0.514672579477557
0.395979108739216
0.239666574961607
0.402081548346753
0.405759020964196
0.259736305008406
0.287973618410719
0.316179295263232
0.920343601741648
0.936651181462848
0.64272915427656
0.321077777916548
0.226860909721616
0.482605522096308
0.994505101587389
0.868368563903246
4.19217942441891
2.33071000871913
2.29035031489807
0.714066763291197
0.567708575046356
0.451537169881116
0.265248638829946
0.471635383354237
0.142908057877566
0.226527307712233
0.323575957298113
0.335097772698025
0.406429886462927
0.292288577338276
0.692606815144879
0.143838711145926
0.285629135936295
1.35319495122148
1.62819648814081
0.578145019277725
1.13570421031281
1.27036464731672
0.32110591894855
0.47375831115965
0.316874259305682
0.35586713976497
0.300742723995584
0.124527231357233
0.164923117905297
0.457266515725185
1008.58532901483
2851.88381514431
746.733181360083
6.30049945609651
1.62283240787126
1.37936622571178
0.445441360411644
0.395706155014119
1.13285308697715
0.637498528789505
0.362497409004147
0.527335728585786
0.671569837464655
0.435874609965127
0.497678561930692
0.213665079049365
0.26393403914522
2.02682128344514
2.11314168953363
3.5088944683929
7.04639162117415
3.86067927302739
0.455568865003018
0.157155170835255
0.207314309543412
0.223579231719208
0.196443402449255
0.264585513193961
0.303107773639101
0.241449274314056
0.182809796955182
0.12353004883066
0.189192561133093
0.298578953703556
0.377641773995634
0.310429764427469
2.80345351236875
4.36168506263228
0.673478980926013
1.53744484226909
0.471949475038666
0.442515658038604
0.276374558463843
0.221922565952822
0.65308215991251
0.557402123764256
0.17263699364576
0.189810199378393
0.167344715450037
0.218098429893929
0.295240183359278
0.430643117353136
0.52429429247471
0.488642673799344
0.363958854171819
6.25062807114865
7.66082686006131
2.39405124165877
2.02870405172026
1.99286672484583
1.56587344711295
1.7994707979979
1.23973056657132
0.427762095125071
0.753845522407425
0.320577256240882
1.11389132518733
0.296833698178198
0.614020546592152
0.662660351823029
0.838858895468428
0.513199971452769
0.588211121999194
0.248801081081171
0.42794779202198
0.576077446973582
1.260094455043
4.77799346843875
3.22493528455879
5.91964946022351
11.4188487835987
0.978171561512264
1.7041365228571
1.94135588732685
2.05531737481834
0.440978767629718
0.330229970047391
0.295364369054537
0.652517546270728
0.673130606710254
1.32575857070597
2.27344622387405
6.85013702304762
4.5151447346481
3.20204229754968
0.962423246968979
10.4058448160629
6.75124141068489
0.3132490203438
0.364317737632701
1.55421949224459
0.442820616735516
5.7207828038439
3.09053748219118
0.215446637512999
0.513622085355797
0.734360561697283
0.71013418039123
0.535815228252684
0.496654405990046
0.555914185722359
0.306759256929535
0.126236863454738
0.222048858498958
0.175732684659636
0.118068379140931
0.44533949959972
0.58415970622043
0.684710311118723
1.03971456399566
0.259709903925643
0.367508287765145
0.866674869518552
1.01662344394227
0.522774579788387
0.24181255235532
0.437634901100315
0.504664316289935
0.0933325753797701
0.120819732255224
0.257170554624216
1.87577084149198
0.437278184811769
0.805048408724388
0.77113379903732
3.27358335403058
0.460352884019881
0.738925428296491
0.425256586533747
0.485838028783375
4.66720397152106
1.32256675114871
0.231483341729784
0.217831532147931
0.863185715399796
0.54802380661467
0.227679228566909
0.24711106057267
3.10651597076307
3.60097613123754
5.50326931395585
2.80592819603225
0.528839090298994
0.211637679882028
0.258681617506396
0.222982872209855
0.130538563396032
0.108474558358693
0.138181512221022
0.10695588014241
0.120883730513097
0.306280995543712
0.472920572590167
0.607703860725455
0.215602288370357
0.599851905828849
0.419862944829469
0.624995778968449
0.899453718292145
0.546020653004984
0.369098922607261
0.327549930853622
0.948514271998961
1.16463846554188
0.772449018584158
0.889919537730155
0.598776738396472
0.859764166206741
1.23677865280544
0.770929852703816
0.308290349124184
3.30401401022681
12.0895736519041
10.8679989918396
0.616408388979232
0.491790678485822
0.290299207408993
0.970554388411991
0.195141103315532
0.254573967394222
0.424611242983508
0.268326595695114
2.81827322762943
6.22949054006995
1.37203852250361
1.89556658227314
2.37336072064817
0.115586004268305
0.274645826797507
0.396186694522359
0.438634064645968
1.13832022872306
2.30315888134942
1.29335094386691
0.317608277678892
0.619570339188608
0.40078752690084
0.449691099075613
2.15778768654451
10.2625383471449
1.08306442225836
0.563590481248763
2.86187409315141
2.0526066490648
0.283420743020707
1.14860686748035
2.53715305502984
4.16885172483769
4.41606928393394
0.741126631247312
2.09571671774242
0.463627751971332
0.716291719642995
0.364693891179634
0.155676792544041
0.31889094148279
0.625127779486553
0.182130245642144
0.962773000272801
2.86041753111899
0.568725928108301
1.80137645384124
1.26949096646654
0.546985775922219
2.03134592857309
2.44204077536283
7.57362993699958
0.553867298438168
0.319583094577896
0.300772033419565
0.241436929444148
0.163494605568556
0.719571395871866
0.422621277051464
0.762048865371042
0.532242704727402
0.302516403781412
0.214489334799993
0.176156567436294
0.218302047066282
0.127496773226633
0.210749693874033
0.399978419077626
0.365505274756226
0.2088634253185
0.165257517218802
0.263551670700293
0.292448501874222
0.27612969264731
0.30633378229866
0.165580519338701
0.56127712851605
0.61790432550724
0.334383302292702
0.326505716814292
0.199313271928641
0.513017519197238
0.21136339135549
0.200763779188268
0.159980653752234
0.156532131111352
0.362939795645955
0.406549350055833
1.13769010160024
5.1262292236707
1.43389252565273
0.312461372969958
0.530395702670901
0.498024979095227
0.49753962045793
0.381789624336433
2.10221736927787
0.708141058351107
0.757576126970267
0.376593777985985
1.98891025730086
4.48089496187262
3.01655847906104
0.218273608799985
0.149418904939266
0.26372204941595
0.196125898302152
0.684312610035793
2.96987956224991
0.545921840845064
0.208929975675768
0.37944101756519
0.489468335480603
0.399376698203358
1.73408835452043
3.32447930784074
0.744510979811626
5.39715130456373
1.76054331936082
0.68863100564707
0.808299126109655
0.593028056713909
0.739970783881866
0.782322472582129
0.695664111914954
0.29772430354981
0.282293874230954
0.141266896898062
0.230943093727074
0.203792216748858
0.708478679320377
0.884907158677662
0.319088130712661
0.46862534727439
0.409744250650405
0.30458785140311
0.342428759591604
0.306093414391804
0.285110620355395
0.219236829682951
0.483540829004175
0.429098314640699
0.225154783472657
0.396488733928709
0.46265779929166
0.474060012767935
0.444231179645594
0.19854822964252
0.301707100101667
0.166967966487737
0.214187904423523
0.165590700377997
0.165563623512173
0.165657556513889
0.170763940292671
0.370160540301445
0.301592450776071
0.545755560473264
0.617135194797108
0.921052486896481
1.00338683505693
1.83704301610701
0.269908495484068
0.793995823999355
0.572657705940365
0.169193312629231
0.292612689026243
0.545334658456311
0.365462470321012
0.282073390785679
0.199139303276659
0.400638881770293
0.428778058046939
0.138483873060044
0.151219074015921
0.246152102209737
0.0839196815086771
0.0857919492416989
4.03018594293375
4.67713796571605
0.566959899285912
0.550642991630032
1.03402926660965
0.202468825529359
0.161492567547998
0.106119897549884
0.160706331906428
0.43325297629444
0.420394384787917
0.58256134701375
0.166900576299024
0.199188885886849
0.594333014538184
0.702768136081784
1.36270614676529
1.78216120571383
0.203542232430731
0.485416298015481
0.548558590850865
0.589744211696817
0.720540957864102
0.54514374959141
0.965506245740089
2.19109027938291
0.399824566135565
0.175120238776137
3.46057048213618
4.74818976098012
0.495134145222694
0.36132785632111
0.767980535668075
0.876985878186973
0.516251382598445
1.32956040231636
0.697516860298966
0.332130025804377
0.330518792735728
0.905955077293741
1.07922472341848
5.78227350200207
0.560945590436243
0.467256117879296
2.25615766779727
5.85890512664449
1.56426290595863
0.980444531114294
0.789442011551428
0.372139183943264
0.290628509411254
0.212813811028087
0.319396937859693
0.364902748900297
0.26890969818627
0.438321541664532
0.851521889788717
0.339892925794021
0.11919200279324
0.829260493659848
1.98572680494387
0.590094077739904
0.723997584762372
0.826981186002081
1.06597284875188
12.0931052372509
7.96865529466566
1.79590755162713
2.07005491807848
0.727178383234976
0.535648001443151
0.298520008580154
0.288434975081134
0.453792876611911
2.34992519146358
2.1763261603207
1.20774587901153
0.314382312511986
0.733453238358919
0.174718489692506
0.142461239719784
0.598596261538174
0.782338755418726
0.781382131957468
0.433219779887494
0.323487083130682
0.452122671729187
0.410778638388563
2.00436987370224
1.16204445207712
8.56060826534425
20.4171776004829
12.7193320423006
1.49209808351577
1.45442202712025
1.64779323648585
8.0901199771711
1.359570464467
1.76098680290708
0.458547893469802
1.09258330741207
0.727053062609903
2.92310345064347
9.85115862907593
3.79595209615543
3.93915906534294
2.19881336844602
1.80007314036504
3.36287305720684
0.625464152039927
0.270196694404352
0.428643712254681
0.351935910703223
0.194614025633226
0.247646031721621
0.267442549185472
0.231697389340057
0.372743129617816
0.178761746588044
0.438121034813171
0.275604958337977
0.212462969301
0.596826839927696
0.157780940368486
0.278981655523571
0.694504431276453
0.343696865900974
1.03522069522792
2.03855225141398
0.469935876604653
0.259579053697427
0.756974557636978
1.01148970170328
0.435956071644236
0.227233470458994
0.228611127998538
0.248643625020352
0.147088818928982
0.169978224076302
0.365738826019162
0.526276238979637
0.960371253837081
0.616654340261428
0.693361242108168
0.313822650704559
0.328708765983397
0.380366916148595
0.202727819510784
0.228988555316778
0.456961595088345
0.19924410379741
0.172363260653463
0.197012746986787
0.169409343567241
0.18445811993504
0.17383333734535
0.106817362035698
0.222655974437869
0.280768022673508
0.235210942384939
0.188826358045214
0.154489814191059
0.177189137881827
0.234185247737148
0.118586922513965
0.185384176996105
0.420717963256339
0.165438902833141
0.225616672591061
0.225362889673052
0.376526225040199
0.569390414074847
1.88319089403452
1.5168232373126
0.678754321468651
0.754944538672985
0.848230554665251
0.947894886989843
0.8503215522391
1.24872137409052
1.45440767985911
0.147339547747992
0.180555482990188
0.683012263518038
0.698993293711709
1.32958377276901
1.46066588439825
0.846337360238349
0.444453575534845
0.230746427269926
0.229063008169497
0.182467453356328
0.18409040146165
0.177841169278715
0.326916024313493
0.222461366587705
0.835088447455095
2.10021095189953
1.74269071329801
0.498574705268961
0.317697547897471
0.210600215504753
0.163531518317355
0.120881314520439
0.224977085944965
0.386074601184604
0.580894001299364
0.421876560926327
0.411876877928199
0.468434693514722
0.318694410622898
0.30083813263881
0.307962638981047
0.230526568744636
0.146903326241045
0.172961177153974
0.304595847127079
0.256835822800807
0.510776214956599
1.15346356857262
0.302852199944886
0.410881030634356
0.607999657693711
0.32243040547573
0.249843136407147
0.121447278769615
0.148678434979666
0.217501880679248
0.414409017812484
0.457751813149853
0.18768067322097
0.315774752670133
1.13621215802174
1.40970434470153
0.911737931930297
0.697327689643741
0.811410183895409
3.41675874848036
4.2927270430881
5.13093317179812
3.66984441842189
0.879373328415544
0.502750162668994
0.2019695523206
0.24443046369729
0.548724428386967
0.459056559606547
0.479068064825683
0.182060523889457
0.159877347485373
1.19024696385626
5.16343124842605
3.33979185764522
0.215842936849072
0.2561653367647
0.371291193813257
0.166437134281982
0.233477454357495
0.294559999544217
0.414795375331834
0.243812336955045
0.2065937780776
0.449562006578869
0.397713557119248
0.34293900798391
0.626435349959007
0.895179469877047
0.269698047200946
0.143006889539526
0.198516192588072
0.203564735686893
0.222880243635818
0.243942369739397
0.260986798844207
0.394969163133219
0.349322943457638
0.172250928550143
0.232506554973279
0.22232114077046
0.220776809057736
0.293016211867993
0.253190105060881
0.23710555894958
0.364200795555899
1.4605275231443
2.42127487246322
0.467857626809464
1.09027658228137
0.664842883471468
0.494991172151985
0.176339985486634
0.231446558705052
0.791498596913836
0.285917597607155
0.121413179542202
0.248012782598408
0.259323858210683
0.216637874119838
0.308594609831982
0.338833505026062
0.289900781618971
0.394563491126897
0.153777760850842
0.120608010549061
0.144854076761122
0.26795064974962
0.268822732786823
0.153751480155011
0.270559015588823
0.385858144661296
0.282843152481481
1.40472743770218
0.514463360759281
2.20721575887668
2.09257913201415
2.80222335111163
0.267552367585133
1.07517628300112
0.653663669065381
1.04147090326827
1.15108926695074
1.66747436321622
0.511455331849985
0.737566089807114
0.416060854348801
0.139295189805086
0.14652434853051
0.198433828950828
0.620004479957034
1.1892542852861
0.795086694422473
0.394375735131542
1.37538899255387
0.312884602387892
0.266383242246279
0.150653718156196
0.17764081044598
0.408804856262735
1.64931148590222
1.9776130982147
0.4017899155869
0.534957812008652
0.388618364915282
0.659241292764272
0.301607230449114
0.794144807461494
0.268692491340238
0.276544505991784
0.193701269385364
0.263091928742934
0.313228822925855
0.42690116604451
0.383811061569446
0.269885753130042
0.216401992871384
0.156041297771822
0.535882964136646
2.83177600941663
4.74179171051135
0.513862559738752
9.01939719166925
8.80480989402837
4.77468110640975
2.65993234849181
5.57368912697417
0.650133947992298
1.59303518962897
4.35940271474649
0.556954426691806
1.70477481622277
0.49538323906097
3.3999944901614
1.28641642702312
0.364989141899966
3.20941338677653
6.94624078806368
0.516669327721221
0.202344055753255
0.129857479788333
0.319407723694068
0.480982989174395
0.820331375929771
1.34331071705338
0.801599845007319
0.575631390029515
0.26422907689662
0.529419518272642
0.302149752839126
0.268391294447437
0.320512971732
3.90366104874322
3.073119038571
0.613779661313635
0.447860452701183
2.70426094507568
6.07736246057718
2.47722291281122
10.1964977479572
13.926479733735
0.857350207418962
0.204560917843547
0.298586246567175
0.275818213829496
0.141906972721455
0.551809808681598
2.03811825625697
0.425018956552311
0.468466975456604
0.564954295453025
