0.00278367198900371
0.00250327755631824
0.00274234909869831
0.00280464328258005
0.00309080055151872
0.00236790328001906
0.00254779171778314
0.0028625255435856
0.00288760326558275
0.0024455096314191
0.00237227823355731
0.00261476580288262
0.00284938384753702
0.00295314499548655
0.00252239998201271
0.00268061354489629
0.00308218686562434
0.00360282143722207
0.00294884283844996
0.00238600104439849
0.00279696706073698
0.0030850927190042
0.00269556436496631
0.00262029840502239
0.00270976214286831
0.00311335205460409
0.0032277376476239
0.00313246178645717
0.00279345631719746
0.00301073463718537
0.0027475881284879
0.00340664597207375
0.00348197470499723
0.00369606336767571
0.0036391087623586
0.00353216692840517
0.00299345312727303
0.00284791791911033
0.00328990337527157
0.00305362083529138
0.00297047399364909
0.00265764700889018
0.00263920114911668
0.00252213505829393
0.00267810531063187
0.00263624163180837
0.00345444702157422
0.00349588798646221
0.0027340729961414
0.00281340096611406
0.00267618623161484
0.00269539257996658
0.00298451223311327
0.00322719485239341
0.00273170259319462
0.00315153827539302
0.00326382311015312
0.00328573587350699
0.00275214252103805
0.0024886738231912
0.00256637320270277
0.00266831643071247
0.00257012220783899
0.00232351010362016
0.00978151471518961
0.0109322074836519
0.00660509096497969
0.00625546201983341
0.0109210822623586
0.009465822708565
0.00366042321250839
0.00265704865882752
0.00316754207969928
0.00331850889427608
0.00259237637963949
0.00237335850191623
0.00251557655030579
0.00285300518352003
0.0027721267417873
0.00267404512058028
0.0028148902389267
0.00251860279677633
0.0024830658202547
0.0031308481322364
0.00356862657116836
0.0029842435000331
0.00293589704205208
0.00282190879793816
0.002605981928017
0.00271194421911572
0.00287524943995635
0.00273028720958038
0.00288644701825152
0.00294393177159009
0.00277297023660987
0.00254509784206356
0.00249635863812931
0.00285017668497709
0.00278831655623609
0.00274422800981389
0.00245957400128479
0.00247479578656139
0.00259843679452366
0.00307625879435911
0.00276917114035124
0.00274825231940439
0.00269600108132016
0.00320323583395722
0.0028631970057329
0.00269508981627581
0.00256498279087497
0.00252314792941288
0.00310553650091547
0.00299894343586287
0.00273956490102067
0.00271378016050375
0.00267270198631032
0.00296277753864625
0.0030196202024097
0.00324300629118105
0.00259296824690584
0.00237784171038655
0.00315688991407091
0.00287728027870059
0.00275646062831997
0.00314278189933754
0.00257213776487466
0.00281334410768235
0.0027691841519595
0.00262731681290733
0.00271684471866184
0.003212673573162
0.00291456769739686
0.00273409969739764
0.00284584201756691
0.0032009600605397
0.0035514435743983
0.00288573448372222
0.0026617432494502
0.002750252277094
0.00282486618634281
0.00254443774414262
0.00304301612830565
0.00243597998772053
0.0028431814515958
0.00290501938114545
0.00305082217970228
0.00328991470478637
0.00263638986422508
0.0027779303194585
0.00274188289612672
0.00229209177883625
0.00242257292370503
0.00237569817759449
0.00256459480955664
0.00276472316353838
0.00236156075734338
0.00229743804164045
0.00268139515200786
0.00259723953907957
0.00269546274403606
0.00247447268233537
0.00234310158048002
0.00235604769554342
0.00329557751689593
0.00268370673457072
0.00245975081110318
0.00328153406209886
0.00390644426612629
0.00300686104780261
0.00275275333664016
0.00278725652050685
0.0027688139621947
0.00305808681530283
0.00269750788956575
0.00252772466643836
0.00292896700572118
0.00298818610052891
0.00316866285109528
0.00358077744157964
0.00279244012089005
0.00296442570809462
0.00265211946803935
0.00256831099400908
0.0025175690256093
0.00301357586295851
0.00244168932958148
0.0025128456747088
0.00254347247673522
0.00221154483486101
0.00235339893907794
0.00242672800853955
0.00264295290164757
0.00255302897162053
0.00273996966814999
0.00291960855258139
0.00304885083387329
0.0026016660916848
0.00246002731566745
0.00285375109073413
0.00298195534490134
0.00238864077492633
0.00243680999519393
0.00313354789140881
0.00394047167628278
0.00419942569659896
0.00556704449171023
0.00601079280387397
0.00822979783431175
0.00605877272394844
0.00428209813978077
0.00500666737315271
0.006516324310992
0.00581573053107008
0.00344743419906962
0.00298700546606394
0.00273730754780221
0.00267199588829709
0.00278056006299939
0.00256333832721031
0.00244248887779565
0.00303002879859308
0.00299088863536922
0.00250351731293573
0.00289112180099569
0.00255813592487453
0.00281852964956833
0.00252413211332516
0.00213243328782094
0.00246677448241629
0.00265436308101406
0.00268084258375385
0.0029904876656669
0.00308646644763181
0.00254493786073351
0.00247371798237269
0.00274299811777265
0.0028310095212408
0.00290667912057053
0.00284181104501686
0.00316306901148917
0.00424277759988596
0.00410520930166182
0.00253718133993474
0.00289211748325657
0.00329409012308119
0.0035018658896772
0.0036988614474776
0.00473180475948017
0.00428596813974393
0.00278435602895994
0.00331619182407146
0.00313801801142593
0.00320105688767106
0.00272960840413984
0.00378849590594619
0.00278243735975974
0.00283466958958961
0.00331352697527189
0.00340560015330261
0.00270537504424676
0.00236336186950554
0.00288040453069518
0.00350967012181345
0.00493257909454672
0.00644076541405612
0.015166616570356
0.0546960787664517
0.0980439618269066
0.138714185467269
0.152245817926372
0.08968112680911
0.0417628738895613
0.0432215752225004
0.0492860766199073
0.0412292604820525
0.0261905469502901
0.0173606699603785
0.0134289388298712
0.0104609042839452
0.0072094077386156
0.00760127328578241
0.00568323648573923
0.00526481425464576
0.00507837720901508
0.00909517683644451
0.0105091973592075
0.00476098618512967
0.00327441610915775
0.00285832031381851
0.00269283400839969
0.00282586238157756
0.00267465024804404
0.00249164402836242
0.00231938666024657
0.00260351278186165
0.00296595675008234
0.00252415249218463
0.00277049383524412
0.00294190449634303
0.00671028979714056
0.0109881082237847
0.0101115827694017
0.00959348816852586
0.0100050311992732
0.0107365382879786
0.00416506155234748
0.0029847866193461
0.00338371446769427
0.00321657909517144
0.00288327791309423
0.00298669573863491
0.0027344112988963
0.00266047874928675
0.00269411073284076
0.00326431557635333
0.00340813942762752
0.00248329104092839
0.00267808030933843
0.00274636528942279
0.00275428169255556
0.00246845481152977
0.00257760397505043
0.00253423245408655
0.0024682622550761
0.00251517547188401
0.00269929474978382
0.00277078453237901
0.00263748299494768
0.00265023656803556
0.00293170359445798
0.00309529583455381
0.00316889267035818
0.0039585326436516
0.00361992282847359
0.00368224858589412
0.0044807597532911
0.00330193953614985
0.0031534816495188
0.00253001307393086
0.00263328275219833
0.00257840773106772
0.00294355272086455
0.00323366389331737
0.00377122767763603
0.00329684087620155
0.00296162108447864
0.00283648229107726
0.00293380899283175
0.00272237925132185
0.00246175827788279
0.002670554885046
0.00318313605687248
0.00246163141238445
0.0023924707265041
0.00275476325125079
0.00448126455116145
0.00411566723745054
0.00468068732505126
0.00635792596461727
0.00554848845730132
0.00389991806838283
0.00305988231061727
0.00251554050096926
0.00239877915056362
0.00276939061998656
0.00272237493380196
0.0026142522118383
0.00319974232124676
0.00294271544017561
0.00271517055420491
0.00263586177828356
0.00323180047223694
0.00440458379686706
0.00331951722106627
0.00305495868945453
0.00305121961290965
0.00308205746615763
0.00274822321992406
0.00270103595835691
0.002625567886048
0.00280271127933845
0.0026289935017546
0.00234911396699085
0.00287218751476586
0.0025774734018962
0.00201501625265551
0.00268155334788155
0.00365473142789561
0.00417638158022788
0.00446743387321255
0.0043720096870619
0.00470327337717063
0.00334468165793631
0.00344617473830441
0.00284018539544505
0.00313141834730474
0.00353636117132084
0.00352337301713065
0.00296586235031731
0.00271899454675897
0.00285460384788806
0.00320562524198409
0.00287793963428104
0.00248701800802674
0.00266472563673263
0.00325628738477253
0.00269996278136796
0.00233076585052628
0.00255113853931699
0.00261695786975907
0.00306824768979045
0.00335041108107454
0.00623013397038302
0.00427489134174973
0.00540879806990601
0.004802372349225
0.00571775144001812
0.00842201132997645
0.00448277286651276
0.00352638768020678
0.00426483513913867
0.00329663397045195
0.00263019904879714
0.00264083998081882
0.00261050817580706
0.00276896699235929
0.00336923906857865
0.00466972153496897
0.00325797037960242
0.00325755120199075
0.00287036641433973
0.00315997053225364
0.0029391563492057
0.00273209253128979
0.00245155829173012
0.00260271394151273
0.00287286197146012
0.00367850004430235
0.00412494063028092
0.0039395211120845
0.00341668892479263
0.00384948837020895
0.00422107011440604
0.00272844172923702
0.00300348312422521
0.00325781417055339
0.00464672028245949
0.00898094204894278
0.00405437774320354
0.00571248157410037
0.0050915102737934
0.00390928854928705
0.00499192069757818
0.00511104407592951
0.00423475458424164
0.00332828028186975
0.00339580437987552
0.00365271041478963
0.00288985776785201
0.00243094136460844
0.00236508905957733
0.0032859308154929
0.00334477577754645
0.00284277625612116
0.00308475449243054
0.00360656085879194
0.00410024040950277
0.00349236485604727
0.00307794937218621
0.00339869221537828
0.00311811456296971
0.00293811220315055
0.0027706969019156
0.00267047501286141
0.00287468136726236
0.00267712552454725
0.00314960602731921
0.00295060832080296
0.00319984900273265
0.00348930994302952
0.00489617625525073
0.00635465710545599
0.00477433729050994
0.0063683115861333
0.00382838146961955
0.00545359146723181
0.00403190270598438
0.00339191862626319
0.00333223851768102
0.00373201777807049
0.00402841493171247
0.00428380189856847
0.00289856671365384
0.00615539709613509
0.00612552397131614
0.00459718340987516
0.00346634602391305
0.00414488802399428
0.0036986750235465
0.00345362144487568
0.00316016429445966
0.00415103823179131
0.00500377522347058
0.00361329998125852
0.00296175790445051
0.00337475849686659
0.00374853769889651
0.00347713199326364
0.0040794527616574
0.00353532478159519
0.00325818854128697
0.00274011141769936
0.00233234867692292
0.00264379067353913
0.00311196929561968
0.00320516328209505
0.00339932280350446
0.00392505520872539
0.00352785847221047
0.00626235006142979
0.00872163499177121
0.00563956484431628
0.00505428656995572
0.00537678275559864
0.00412443549415291
0.00387751380573559
0.00285197982327481
0.00431441305145786
0.00408282416613274
0.0041088374661423
0.00260133567803076
0.00388429829833717
0.00401534068601445
0.00229480588383095
0.00370893303341047
0.0043894602713789
0.00351999703285395
0.00296732205651128
0.0028308533591337
0.00390027520379757
0.00303355658307798
0.00322969446439475
0.00373863469292067
0.00407248124271466
0.00424521790359131
0.00293155823406853
0.00464412098566721
0.00487555500798179
0.00699580446239462
0.00508375701054889
0.0080930927067027
0.00443962045967882
0.00430118219610534
0.00339247159992203
0.00317699994119207
0.00324378049145779
0.00312046546202534
0.0036341985118493
0.0041605469921234
0.00494027739120467
0.00476520768608805
0.00371791030241923
0.00459588892607846
0.00555677774153367
0.00679626695442328
0.00440598345202877
0.00433016382327548
0.00419501730142271
0.00348082415030047
0.00293719670880263
0.0029125005566271
0.00341219552853677
0.00282079416268795
0.00276434635063168
0.00360372628253234
0.00380244240846591
0.0049608133698216
0.00447350824263208
0.00744125884858776
0.00393589892290629
0.00353098304193679
0.00300325099431597
0.00223590578300068
0.0026743188473803
0.00294901237456667
0.00287426181201435
0.00252535646027912
0.00277619194067137
0.00317819052504246
0.00361213069002806
0.0037817248160829
0.00433667065250519
0.00333638301712795
0.00318551793398088
0.0034116623223777
0.00320464409481308
0.00383843464850268
0.00313114142990574
0.00257333007725122
0.00305981098211014
0.00439636678706843
0.0055117795743801
0.00492264708783899
0.00491531658773597
0.00393740722327983
0.00343904030422547
0.00281810353816406
0.00325947268760999
0.00397490767037922
0.00374838886259214
0.00395569419008199
0.00455260680743576
0.00411835395242549
0.00370150577774511
0.00365822286750159
0.00353950880988463
0.00433839077574369
0.00422644486608178
0.00434749449632657
0.00355058202755754
0.00375629014773624
0.00384512374912115
0.0029001874384692
0.00271420399791821
0.00340014248252333
0.00396079394621934
0.0036339279478026
0.00275442939212982
0.00298732543463432
0.0033618747372527
0.00283664289460319
0.00302865313905195
0.00317163161931005
0.00312121986540124
0.00415328117292518
0.00487240164148342
0.00620096030954378
0.00529967702132614
0.00566244879681466
0.00367320913195036
0.00317325087539364
0.00339789819313401
0.00297062355307226
0.00264097616842883
0.00294804910732763
0.00366100293589718
0.0035284338327874
0.00270508517255974
0.00235562047193812
0.00347954661657286
0.00354640862620998
0.00428187754659337
0.004866229275572
0.00262594667709788
0.00313455863162908
0.00327779882905249
0.00338761872657752
0.00341684186940319
0.0030430342831331
0.00331901933292938
0.00406064489676804
0.00314498345852382
0.00279966302991912
0.00366338723679868
0.00432935575556333
0.00312077950613911
0.00292511649487655
0.00321007123682089
0.00322318756308995
0.00354493512056041
0.0029993300601591
0.0031014075295096
0.00361170712389245
0.00350266170322217
0.00323604244312415
0.0035966714139612
0.0037049409155794
0.00338078935424434
0.00320414057070492
0.00321068497152742
0.00290658660467647
0.00237484676241232
0.00271237493940317
0.00402387851481796
0.00389259920748414
0.00386196337905366
0.0044128854104294
0.00505272095873691
0.00587787516672269
0.00526695476194777
