0.00135763233138916
0.00240025666287007
0.0026219733093612
0.00181692672734959
0.00172001474962041
0.00209929924670382
0.00448952497025321
0.0056793404258931
0.00463992261930866
0.00255921199426392
0.0021396614379056
0.0015921333344483
0.00142620525149861
0.00204902638460153
0.00158260325901428
0.00195166931191935
0.00334092332748922
0.00271097566858144
0.00263537986896772
0.00274764679244052
0.00298194248110147
0.00240570871107685
0.00270817959099719
0.00378475674206608
0.00241017136003343
0.0018776058660055
0.00150553191803138
0.00160706505209179
0.00175300720527627
0.00248549953455128
0.00284830937283576
0.00368983387646772
0.00430496047752993
0.00364052628356602
0.00215080055747538
0.00241219227753522
0.00228978363086814
0.00206615361427993
0.00206460516943801
0.00226755743937622
0.00236438652514858
0.00236752862012131
0.00148729330428561
0.00181256291042412
0.00217271547540984
0.00219469258554676
0.00196187231990728
0.00185078498581176
0.00205569498907236
0.00226722910888422
0.00216936815866491
0.00189093983652533
0.00183985564800273
0.00219599507324442
0.00161119328938927
0.00149416949557238
0.00205876689594446
0.00329775797676776
0.00338360868867563
0.00297734621981143
0.00200497151441856
0.00144742896250487
0.00139530614086819
0.00130345825803653
0.00158906600780512
0.00242166241548736
0.00182116113796662
0.00159879520607058
0.00174126706315598
0.00264650220314149
0.00192177721747237
0.00161538182020435
0.00162814888728937
0.00181748944846517
0.00221343770916609
0.00224216336767759
0.00211716390287509
0.00248240854300792
0.00228037775742159
0.00202747187301405
0.00147132203591752
0.00183178083654595
0.00347248023414389
0.00368639540950101
0.00276437575368951
0.00344737083070789
0.00455524159322649
0.00418865434784941
0.00319807388578745
0.00255034281035374
0.00294404017000467
0.00228141226288276
0.00218079229751703
0.00222291179970679
0.00241712341650338
0.00235181107446034
0.00245600135065318
0.00260362968052397
0.00279348975599802
0.00222987333658602
0.00221464175817661
0.00221893154588254
0.0027993860807294
0.00273818272783047
0.00164737906642937
0.00179680807346137
0.00185653266697997
0.00208023813045633
0.00188849243858833
0.00202555596829034
0.00273315547247511
0.00158355570931627
0.0017555942889451
0.00202621225947071
0.00178314754463548
0.00191838138957534
0.00192935571115804
0.00208873368282024
0.00225615628018646
0.00248780090240833
0.00220134035231124
0.00235503975411066
0.00266387366742677
0.00252439427490021
0.00309425548885849
0.00208654896633236
0.00220452347826788
0.00186649648228229
0.00245774763979877
0.00222441129197397
0.00180918712948814
0.00183377774877526
0.00205098548125436
0.00307452892258219
0.00205283198410004
0.00252206290975425
0.00245825900605283
0.00194121578257166
0.00174441864928764
0.00154050347970049
0.00169276464060937
0.00166571837428554
0.001582399790393
0.00178838555398879
0.00254118491181407
0.00199693071002345
0.00177377064621753
0.00162843731934054
0.00174355797083339
0.00185015431981188
0.0015780456291022
0.00143336794771687
0.00172623543978757
0.00223515791900854
0.00218677629688904
0.0017512241631425
0.00231041993287955
0.00221272206338129
0.00157613249611362
0.00136127829753691
0.00136226957031459
0.00172325322859478
0.00313375940734306
0.0032854701320215
0.00264374020994331
0.00269839599155735
0.00249977838298164
0.00215675298520666
0.00228775454863593
0.00200435344541395
0.00158263065392094
0.00161208313259238
0.00157098893763941
0.00153131936036827
0.00143179427440023
0.00157499601120886
0.0018932517688406
0.0020707959873696
0.00174943121676366
0.00164460674230288
0.00139881391771725
0.00130082164699485
0.0012616431861736
0.00118154852068582
0.00119525570529642
0.189660066595713
0.214403282259882
0.0408865105192254
0.0176576367710981
0.0300500265538941
0.00411791453998124
0.0224731720227694
0.0126897589902853
0.0125570419124274
0.00725223691514835
0.00858420481392278
0.00855760194838806
0.00237885614788343
0.00402599561221335
0.00350978106827275
0.00422886102152213
0.00244194145825322
0.00216465523163846
0.00177165077673605
0.00179514280037423
0.00150784514433497
0.00175020079614192
0.0018214121102098
0.00151736944693147
0.00146156086900059
0.00182318423634823
0.00167325662890416
0.00151991539197309
0.00109530567534294
0.00146541207219245
0.00134634133661656
0.00136686719745786
0.00128391771022424
0.00153308091309712
0.00133780071265281
0.00161098171010384
0.00167084955456867
0.00229121115128419
0.0024119218333989
0.00275805751294033
0.0031472659571542
0.00298036330274159
0.00228839139816678
0.00269185866617866
0.00297375211821517
0.00186744551997379
0.00200786413695025
0.00191366111287994
0.00159710372969242
0.00160123599966548
0.00172574768132831
0.00173644198551956
0.00118555927915716
0.00120709150583236
0.00149839715435309
0.0014330373536956
0.00147934234054923
0.00149818606647891
0.00159584734642372
0.00143834919867137
0.00130889779697598
0.00148386533961289
0.00154573952477043
0.00140425174424243
0.00144963234796273
0.00189762541564794
0.00205648626281332
0.00206141307057618
0.00268376091390756
0.00220774098803883
0.00224898454978903
0.0021176126096158
0.00251203227849059
0.0017114313526944
0.00149610858708471
0.00165588815967252
0.00171079842974596
0.00153973819154826
0.00130771908498282
0.00136195019594053
0.0014128496295048
0.0014319861390292
0.00152927543004755
0.00157283212829102
0.0020545194692153
0.00185781789604935
0.00169461443555178
0.00165550556515193
0.00168015981425535
0.00174554024259239
0.00166272587032995
0.0017693831900877
0.00147546804410753
0.0015014476655511
0.00166726819975903
0.00195264644610317
0.00189475517693813
0.00167736356155281
0.00161911374607866
0.00149583297591685
0.00162108482797365
0.00153062881626509
0.00169938990154168
0.00149818777537401
0.00148291787547329
0.00161857209946907
0.00130337118369147
0.00121073606226163
0.0015123173165661
0.00149203701066069
0.00157851738624399
0.00148482566625552
0.00159678489485006
0.00140701084760775
0.0015883947394414
0.00184927598930447
