19.5064456315874
23.8487522415127
23.1143387927255
33.4782717764794
37.0527579208544
17.9634664897205
13.8502562077383
14.4696333852966
14.2357334168573
30.9686299257758
31.6888755594186
32.6366597792738
23.9261740085337
12.4125955127665
7.82881005667775
7.62890566464178
19.5020806161313
14.996957760191
5.93820632915035
18.184513118407
13.5766972564347
10.6070047431633
9.21413486385181
6.43311481871583
8.71053331942137
7.39716708495164
9.81676079662866
16.4548175765493
19.6568316328768
25.0729653824734
9.36701232790255
23.7179840549179
83.5441555430267
60.2034761283851
28.02941909052
9.85619812460656
28.1744374688823
24.1622694014275
6.97448681050775
14.7269123882989
37.5797146676661
36.4833085944976
11.4086174407826
82.7171990858654
71.2768471063252
97.1561791372885
211.136584720694
53.1958748242735
23.8088519658411
16.127014435081
13.8098229878818
12.5972155523712
4.67226432862028
21.684025582091
15.4821271677666
7.73222829360407
5.18442332207064
4.43703796755283
5.90796758479301
12.4322241695311
11.7689438244091
22.8107240895022
39.73317399535
32.0468871213347
12.5923867896032
14.6476242231869
11.0798060275588
15.1153933759727
44.4595419608793
49.0378520397114
70.9113300481672
18.9494183951091
4.18007615075349
56.3037900303476
114.240245524837
23.770944319963
20.1825516858389
14.8895803426382
6.2085065403545
24.9061053038617
35.9759891658805
34.0925785106333
19.2439982919284
18.7940032256452
10.249338428417
7.74113398166255
7.78268827735209
7.12377038904619
11.0860611113925
5.9846181261773
35.2036840396416
52.9433092669072
30.1540179185088
17.8158887604111
17.7142353483001
13.2023833186623
22.9632630391289
17.5980857198963
15.5711983708861
8.8304582978807
5.00687708032734
41.8873276587203
50.1029832816969
12.9179701605879
13.2007534401975
13.316247587025
5.38835959409543
9.46644479846754
18.7154252919389
14.8526551842959
20.6147068453921
22.3096454318804
10.1945256351229
10.2463726572381
11.292435885565
15.0097947506249
7.62837333790516
4.74327906791549
12.1986515045843
7.96340301045386
6.13310926187213
22.230723794435
18.7177290737275
35.3532007415307
32.9019034995088
20.077984793627
23.6964863828731
9.34826364590479
10.1747031411497
12.7101480793344
11.8677231706574
48.0932780820576
70.879617338452
9.67927785765146
10.3629130240323
12.5466547369903
30.957897300655
7.74940373821669
6.21512707568489
9.85941169753001
7.97012344338421
6.85004306014307
4.14860794255774
11.8894262982319
26.2894351760699
27.8079426800169
54.1139195156938
17.2824157497369
11.9615350798835
12.7363322467468
11.7869702446271
7.21070600207433
4.93680255467801
5.2252686629943
4.19275666207213
6.94690741371197
11.8662995629224
30.6098555328977
56.1500774522241
21.0932507117658
8.32122590324421
11.8199487508333
3.80391724147405
7.44667870464034
9.83691577635471
10.6129102533606
11.2708030229841
11.7590226011293
5.27262211570106
3.61239414908355
11.0541881892096
15.8998737155118
12.6583288664399
24.2754810930679
9.62643912104166
7.84710597512373
5.01758938185793
8.81226648607146
17.5595628494073
9.30900681728573
9.14480185663911
11.6691126043868
16.9937199972899
15.3393904132153
9.90682670478206
32.1003427181325
16.6251931477407
5.58149995222335
10.4803863568078
8.60388967486434
16.1371463412057
11.9993131496256
11.9194553724245
14.5735822788474
8.71156179287099
11.722475202012
16.4970358798709
8.62043637193309
4.35874216028343
13.1201685915096
32.8851276795104
14.2401990009318
9.16701616288563
4.87304697535319
13.686355307224
25.310483155238
9.97561169161882
25.4582812587439
11.480437850911
5.42162793056644
6.1462269687579
7.73124902808465
12.9482960891089
32.8471637645228
23.8335727788203
27.2482368188052
8.96197082523339
40.9980555034596
33.6761934375725
25.9833578425409
17.6541856016509
12.5665593046224
42.6830836712137
15.0560939134892
8.49286039630263
39.0173720236547
45.7565808451112
20.6953302841191
7.11089530644228
8.09071063897301
7.10716249672483
5.14410458076677
6.20798631082316
73.3090030996119
76.4078914477503
14.0998037010408
8.12680631390614
9.60418201843648
19.5338634327342
9.63277859778439
8.53284135407838
19.9690362769311
4.09321073628338
3.86518318564566
11.9551372025899
7.3242202320982
3.30565896921834
7.10916685242827
10.2297627977911
11.4875276656465
7.04407203044248
6.53808212282677
6.85464529202198
7.52150509308342
7.85962764335331
3.69629898297168
4.3699414707642
19.2686405707879
14.2657112053174
11.9124068717914
8.49060415432798
13.6839693727419
2.48839847948535
19.7203535967882
16.8365698659888
8.58610600453678
10.2576271949436
12.7992328225128
12.7459160196304
5.71019045720812
19.1363894502988
30.0669631027173
22.9034359376999
9.67810239667229
3.90167500588066
3.59793352026503
2.52332775172907
2.59156762878487
3.79203223068749
13.8652647265496
13.9958407066319
5.93350725768439
6.0300855089182
11.4454085266219
16.0705316941348
21.9339489129655
8.67925566053454
3.89713755743715
8.23531640160113
15.9492514291824
36.7430319752598
24.9237750688733
6.67813587962462
4.13268512146332
12.6348281978854
59.1010562264107
38.5146389325036
52.138530167778
26.4356879125455
3.49827210306727
15.3052214488687
5.23296575483533
7.6273393040137
8.4126369909888
7.90788810138705
12.2940309451184
9.83369168506989
3.2031057957173
9.92509433260057
5.3808663910305
5.5517826981273
5.27155318394482
4.76881452014765
4.42554124222836
4.59363710412907
3.39542699100639
6.50657964082013
6.06007255759447
8.58325066850835
14.4638148544607
11.0448616792804
6.29035542148118
6.54716457095494
6.23729982697932
2.44976700653754
5.03020270633691
5.41446494766832
7.06622553712624
15.0857954470922
14.1216234356347
6.61690937410989
5.67588672694521
4.20074727011728
4.03010290617134
3.61066968113596
2.76038108781577
5.03187267279744
5.36458829933602
5.20797850673055
4.43105723034328
1.9105705074158
4.78023114533904
6.00366140941945
2.95419397212327
2.84118219066854
1.8294148415171
1.8429028080625
2.54969072083466
3.04361307818556
2.27165532309884
2.17275062045371
5.36826682524102
7.2815114951576
4.47780564126261
3.11166360278116
3.92519729992815
6.19555596501384
14.1309235595377
4.58933013531991
4.39747108389788
8.19269864499949
6.3668425602805
1.91737967384303
2.04683750960392
3.22792844915798
4.44907418925975
4.32500970198035
4.29363999231925
2.37686805772234
3.22186696009227
5.42260192434467
4.58794297750175
4.78670252794978
3.21703208416218
3.74463582740149
5.89098672053406
9.26402963873164
4.73055886596565
8.66217016684622
8.93911106176413
2.30565523540708
1.98091356804983
2.29103198603438
1.2194467475612
8.05914699024352
6.81256107409556
1.41931138671798
3.09059334506044
5.87084570270437
6.95558036852627
8.98233886957863
5.00626013901632
2.22135221333871
2.47019011593794
4.49158541836009
5.48486056928378
3.6909821167967
4.19705553518471
12.9617628527686
43.8393197262999
26.2389692950017
2.71983513980503
1.26012802594085
1.40534698095508
7.61756750669762
10.9515723913008
5.15084042833966
3.37298236197891
3.51678164691168
1.57508871159042
1.0985232459642
2.31730276595685
1.91861077202373
1.66719380093313
1.07250850628181
2.46318920588319
2.0963858809817
2.85648849421313
2.88277013909233
3.8911811618708
3.52418202950812
1.48505326637184
2.77122743376985
4.20360568174804
3.89616296735229
3.7868698511632
2.85155546948496
6.82673879746085
2.87092018684048
1.69165123494624
1.54333553054593
2.0205695730634
1.90280787264155
2.52214192409458
1.84904178414073
0.945157262990383
1.75805286101087
2.09246571676427
1.90251951074761
4.17396885092113
3.16237321666595
1.93768091315894
6.09622723613319
6.87586717001801
5.03597910815608
3.75550851444834
1.71870759815158
2.39929524176119
3.45123080721003
3.95951203029949
10.2641998283216
27.2743487481324
5.1193757243358
3.34732321539411
4.0708598084558
5.72846750131619
4.09249881124528
3.82567992085305
2.12061259725678
5.54221734605562
2.55915470188827
2.0921295320905
2.77256134227151
4.63095445026063
3.161945604214
2.21648928722276
2.32093632754136
1.61646802982124
1.65189283507056
3.1951378028755
3.18341406012773
2.69464386673145
4.99421089832883
4.84964339227192
2.07937404011504
1.53458514264988
3.34473575879487
4.05760759757853
1.43297448530096
1.64465180325376
2.23287079551564
1.40724973983655
1.21400325221815
2.67581827649356
5.49182191953203
3.58356074359679
5.24314239293362
3.07784076551098
4.05612702138904
8.71850154005203
6.30361179731957
4.57556912669636
2.44993742162379
2.64232062981109
4.85232351802836
3.35002775720659
1.50414665696298
3.75085090759494
4.73105898299077
1.2351515264034
4.15436872306657
4.93702061551428
3.23899851563285
4.12958062220626
8.29019776342525
6.44296034800506
3.44823675265868
1.80408427415672
1.69154247092125
1.90423937423757
2.04765159534877
1.78400670411137
1.25667834792875
1.78631702424038
2.96599268451429
1.47905994009095
3.47579273754754
4.86770190655643
3.43578873714892
4.12888038078053
5.80688660780539
4.69965201129399
2.65561149378661
4.75442221206343
6.2551560061494
3.3855112425025
3.26243819098769
3.14755251631528
4.08710078219742
1.97631939662947
3.26129776776249
9.75515658714454
8.88995373714446
3.88381209810001
1.3409779239013
1.13277859180349
4.33978284775518
5.71775053593599
1.40375606392517
3.45797189142617
3.2311705929138
2.77290647047064
2.75915332237615
2.27400117326048
3.76808584052753
3.54831906894881
3.54165232575414
2.98622991256051
2.59888776050597
1.19313162598843
3.88487150793147
3.33172261216825
5.09986715375388
4.36063891230974
1.23329531529502
3.19405110540708
1.78427920930679
1.49853031794493
4.65294921308065
5.8983731997573
4.88108513492832
2.7401724223294
3.76694132675159
3.39704453082873
2.98193318219548
1.47061740882579
1.48530245055643
1.40884113882034
0.905400119612261
1.63038473837334
1.53384483323892
1.95876477191415
3.06696575330051
3.8780402406792
2.37195088059027
1.70700261356626
0.619571662380159
1.18626105197638
1.740156801454
2.01037073629006
2.58875872086808
1.90368892493836
1.26758678805552
1.80044772712026
1.98075127493224
0.795668661542434
2.18721859419769
4.7185261965011
4.83685008139291
9.25272779139375
9.88065568129323
2.81627504984713
3.18900196029797
2.80392452746071
2.71037632145274
2.49949494179722
2.77961967519762
2.32399677511257
3.35521025634514
3.09700869745976
2.55356421724307
12.3550472948041
14.0475049429702
5.38541454097702
8.09473065283116
2.58564875549241
0.993877071260439
1.32942725317272
4.36130881850174
2.83780577638985
4.77163712607769
7.43293527224308
5.51813510522089
2.42691861662924
3.94469631460838
2.24939147605835
1.79803569955447
2.10120856727708
5.80320169343551
4.97777792449699
2.4924623001902
1.31728028271801
1.65729551103937
2.28737549791465
3.08292791939207
3.97857960188026
3.66598909239017
1.42827164550839
1.0502295899305
2.58218271318647
1.53650343969171
2.61740474867969
1.03974857089268
2.33540603293844
5.29551770858371
3.58033653738485
2.53060964227465
1.66784190164783
3.63776356890262
2.73369724885517
1.07855827074218
4.11742904132003
4.2916306160108
0.794400005125525
1.93135133453253
1.34861438895008
1.45889250578326
2.42217073489169
1.54856264910917
0.946746082517256
1.39991351990479
1.60506933544368
0.997508215268571
2.30672971481653
1.05931359647062
1.22778653402098
1.17642211918955
3.58397081442759
4.93082285499754
3.28609554564172
1.63851295417223
2.00516494277119
5.34058212816197
2.31117596690341
1.87772539962749
2.68690682523618
3.01202639758091
1.97720719576192
1.34565860398904
1.52733265837891
2.4536561330645
2.11236248588974
3.10596336392281
2.53738910038705
2.21581923810892
2.20566337540401
3.43869014027143
3.24282642368918
1.79981311656965
2.07127267668271
7.86258452199331
11.5047266517291
1.48949937323268
5.51434263181698
12.6921596780298
2.29014837762575
4.18081795741729
4.70989340686817
2.98134998322254
3.13581835603846
2.11205570683858
