0.121002632743719
0.145951324687684
0.174830792330872
0.177951928390011
0.144855541724715
0.185085363899403
0.270506839373731
0.380718244250502
0.28980988990679
0.199380594744628
0.203581884584654
0.137721910529751
0.144161934304849
0.136793139247419
0.268652989979526
0.170566970208886
0.114740034350034
0.138605544475081
0.144974943527158
0.147419182327355
0.264897001369398
0.271237676248243
0.391678380432588
0.267771700929992
0.228608882031979
0.277808395065732
0.23061199091744
0.199847186364464
0.166710209921282
0.0765366636124693
0.10998923581607
0.197304482456961
0.65952791917156
0.761333161932625
0.463702608337743
0.356442740761992
0.214934901425017
0.135290793053776
0.084933621081315
0.104375316218431
0.16701881666694
0.287960212947021
0.281713633800456
0.336529890022204
0.156773332941043
0.0950404751032995
0.136996584346103
0.166709083766276
0.128759037459265
0.148384534328326
0.153273473997972
0.155998785455031
0.163455016806637
0.169292259355821
0.171513987209765
0.246677107070642
0.301849032613974
0.156616263037905
0.196771209203279
0.224991908755151
0.26637141882404
0.366669225575041
0.425209587447187
0.166664913438838
0.0975800734285998
0.0603834395025551
0.0946074767252731
0.143911330737494
0.109540821683219
0.112598093228623
0.282050067171833
0.40637848730488
0.322969914994561
0.213613964987121
0.282972040206311
0.186973051835328
0.229237447043447
0.160000709642568
0.196699470918048
0.178258273781311
0.140755472624439
0.137920272509934
0.105837910558857
0.134183427332718
0.137111988386258
0.09158987602351
0.101903042299747
0.195371942368932
0.154975516435862
0.134857598202306
0.141338893969461
0.261184470473662
0.309950093191339
0.259970885341685
0.286789266413447
0.202708754667393
0.211185830774557
0.138612425089172
0.151191501294619
0.165251507430262
0.164729007806582
0.177581756129368
0.281435688254774
0.147054679399045
0.160847149688856
0.180732385531885
0.138216888749732
0.118284360450777
0.213983250781492
0.23119029597712
0.197269841366228
0.189435680191583
0.169642901926247
0.140077070265383
0.103346452371468
0.10103210567589
0.0898030262597858
0.137249318528304
0.182728656772485
0.21630963102438
0.233280211609737
0.293568112794725
0.205506328249376
0.18595339950177
0.171913446922145
0.172686667774001
0.230908195847167
0.498394249367263
0.228061138291799
0.13431559147247
0.144016061519359
0.216878544553055
0.25504953405415
0.244878252649461
0.203614157701004
0.374811602250157
0.328351114076004
0.119663617502849
0.137409202267074
0.216578559406416
0.197002361003672
0.184337612225613
0.198867897856818
0.229157540030489
0.201845168361233
0.154041812827954
0.200030372018678
0.198982189599107
0.552079516520545
0.532872249359215
0.158301828220155
0.148094193362431
0.15205171233719
0.230487881408604
0.815408618824874
0.989551718476255
0.316608481013513
0.123620936039839
0.134070869987422
0.171133516781339
0.179363703421297
0.177751827486996
0.133001953943421
0.21351925306705
0.230797969572625
0.145616387239931
0.0841052891400301
0.136096081824055
0.122716046678401
0.166348937133264
0.137504136147174
0.0944346001727343
0.0781107838933016
0.143315020365304
0.137840379939788
0.162812384649613
0.206336046099262
0.0793961371292994
0.263807249038315
0.158279560598088
0.0562654508944665
0.149332357304399
0.190086610145461
0.125113536362783
0.15215531195375
0.141031617383496
0.156489173095027
0.136379623401075
0.183900659381029
0.204117993219372
0.149807531647155
0.159528037831662
0.204560775711544
0.302299980068492
0.175205771437505
0.299474663476479
0.263872622439422
0.166225728919367
0.151461549980434
0.236232154620135
0.335968351239453
0.353174330729568
0.207020421347623
0.117491707539181
0.143312999677648
0.0994581923996481
0.158188639864938
0.136452751616615
0.159338929085181
0.159728678542284
0.108204888765205
0.0900143176941315
0.223613231793799
0.182394916185422
0.126971170170877
0.278773964027491
0.15384938297185
0.134792035192164
0.122712975373115
0.146532060650396
0.27033763354904
0.230352829263694
0.15937323688636
0.112808665209173
0.114167974127544
0.167598337758021
0.236482564956586
0.339739030877219
0.167121817494892
0.120013666873883
0.127164505620332
0.112478954098866
0.158654795967843
0.128828611897977
0.149685923481467
0.137242360907202
0.115773694474541
0.133775951618678
0.111499460536756
0.072677208473589
0.25502395107122
0.279699814578559
1.55650649109327
0.470055193258249
0.159203521935529
0.168827638702163
0.103238540687988
0.177246503072531
0.169204192443475
0.280070913744328
0.261080944704089
0.120117254038043
0.116622945315629
0.0998776315878327
0.140505154979972
0.144095160209665
0.159637924143716
0.233737943833909
0.361817767280196
0.135060343963159
0.121431382878062
0.116724067991441
0.171673718478551
0.157510160800464
0.165438877210337
0.189489359425908
0.177455968845507
0.162530157185027
0.190399012901794
0.204696715543127
0.179415031821917
0.171640368677726
0.154118570516741
0.105527996301712
0.177549367745267
0.215763012638388
0.271641006886593
0.33709628209502
0.221871469704724
0.28213275838288
0.30131631718764
0.162883353279666
0.0826259736419133
0.163679230284233
0.254617607982648
0.170950791104431
0.152032942185829
0.20814186485609
0.149456269304185
0.128183172735923
0.177397611287322
0.143220584202387
0.232087501228315
0.225265415202806
0.187348100353889
0.166437792114486
0.176048200862634
0.223250738094287
0.295459977299583
0.19466317118169
0.203580793629649
0.195128798953999
0.129169145504091
0.128979534026287
0.154215279991959
0.145141459760479
0.117304195242395
0.107442318614988
0.179583004174934
0.104348564176281
0.149023419810915
0.150921782630813
0.148780390277126
0.19548878264535
0.14377470252136
0.119722191014475
0.115413456781726
0.172914199099234
0.156621825691982
0.12916316137076
0.148515486635801
0.198056937974226
0.126861590254797
0.194166286922191
0.256288837454372
0.179042566832303
0.106605267171086
0.123602439711352
0.221052042154632
0.269784091602015
0.13998450412921
0.128197049050795
0.157893787664126
0.177690829561418
0.199128866975683
0.17949861362529
0.137035087834317
0.123565278523446
0.131763133498872
0.17036214288316
0.209405474136764
0.158817440102094
0.257144429060886
0.265677322535225
0.650608238248206
0.359930504518738
0.178843685881317
0.690132672605304
0.678528986331927
0.419786281067757
0.4564483889037
0.245421401130267
0.204730423875162
0.172022839537825
0.244237700731209
0.249118032225453
0.1550612655145
0.215498768405307
0.152133439840886
0.108903060948514
0.189645089987343
0.220380037156082
0.21816185114286
0.13739335781671
0.182638150064058
0.220183126621562
0.222781666886713
0.236061999770978
0.184025929025348
0.133529207482612
0.135827008543666
0.236748169850791
0.237238662943849
0.293550977193146
0.324816233085416
0.20446574195054
0.15789837821774
0.153122281959768
0.18597604386712
0.203987946745018
0.116160946152859
0.216179525445195
0.132432953036462
0.0915898546721753
0.120197660738261
0.14340282426444
0.260902117371125
0.164370388042798
0.246293467962153
0.233790701863325
0.165811844764463
0.182492406250589
0.177481163665417
0.169324555903663
0.164039194816304
0.268656469082331
0.387651733655606
0.230649662045961
0.147767399431586
0.142339850774678
0.253429049179905
0.215634041813066
0.154620057566858
0.178806107024022
0.148184451039149
0.274464160147066
0.307712489217611
0.202321346592785
0.122305260508753
0.179033983058715
0.268365828516768
0.231376104092385
0.232668136436734
0.206337793387888
0.205167016434246
0.214726677900698
0.245269050725154
0.255042313851004
0.145921858054396
0.245930223805167
0.472350214930101
0.150706725824326
0.230419797272622
0.103806549557553
0.108650330147108
0.126124490544403
0.135314364368284
0.106997483506894
0.12041914811684
0.152273322435484
0.105180773674753
0.0873929217711723
0.179299303134462
0.228214115591749
0.153718029358337
0.138690786676936
0.0837836467707494
0.111001888423869
0.117496958630537
0.10572843414216
0.150123236245859
0.111015977936154
0.108318414087934
0.11080143894491
0.159251987582823
0.167214218415893
0.136900444255618
0.171976927978147
0.104385871993325
0.195007964236735
0.175384713110801
0.139521383682612
0.216998537028002
0.174842475098404
0.220478472255021
0.205063457382274
0.212258846384525
0.211105030041143
0.157612786187749
0.150040699826312
0.126338627663146
0.175803321459028
0.128786066976904
0.144661098675056
0.114688277887477
0.235619597583562
0.221978833212728
0.469248280657386
0.322803804036688
0.154356575679115
0.400769998000108
0.285153367953109
0.56520122570363
0.276560657928602
0.532404350374246
0.239436953645101
0.24910577761188
0.181205270459712
0.141109730836246
0.0966119012886223
0.135920584378366
0.117247589898366
0.146330263241083
0.175607157572226
0.105846872560767
0.101695661596382
0.13324899713707
0.504599565946965
1.3285238590861
0.313774130445217
0.134477689647323
0.0796057322779805
0.103095210531277
0.19304511060688
0.165917902315153
0.13789775743001
0.0985683761949345
0.109138204600617
0.12151035318457
0.207226536853803
0.197018303102154
0.124997318300799
0.0979839050303012
0.129572144639341
0.155306447076978
0.202711406150623
0.281112268739432
0.436828539069812
0.484303557662706
0.193624262774676
0.20399181294507
0.125640746314888
0.139105400394147
0.204433873461289
0.22182953485752
0.157553721243342
0.41380492876429
0.272665384291341
0.149661725367079
0.159527506729942
0.151364892221623
0.155617185314564
0.127022546319875
0.102399771095749
0.152360674939778
0.259256189948403
0.285523590991755
0.160927067103243
0.187730203159558
0.220445343900298
0.269410720074885
0.156176668480422
0.121426080914114
0.11573309428396
0.0802064000258733
0.147610361635519
0.142298523821198
0.305774113831727
0.562887544597028
0.443226226589759
0.296479569451778
0.163569370533808
0.145259986166337
0.122321541290337
0.150947196607085
0.197015282283348
0.215073727739249
0.138010901617242
0.126969436322492
0.144705566431901
0.129202139832577
0.0777235244826019
0.128431213538543
0.144403518084896
0.192768189835753
0.188155972701815
0.15622448961008
0.136843369345134
0.272195840298387
0.351922637451073
0.364421349732114
0.157848982877333
0.0995552191772463
0.129518280956861
0.157118504293218
0.197350806835965
0.189211013562347
0.282140412846164
0.210555410579472
0.151577000555249
0.232004707909292
0.203023514740102
0.482318157217057
0.521914612844094
0.177282615435902
0.141870817908607
0.215543420293251
0.183430791579468
0.180640455947917
0.304970289934728
0.290871455624022
0.138861174635212
0.0757389074538318
0.195489462777921
1.05482133312586
1.8950454928151
0.303355164274474
0.196738741892315
0.129212103799734
0.160949129603349
0.344647311162347
0.251610495310874
0.164088588353712
0.242810086365301
0.205587722244393
0.228376917063702
0.331418674009095
0.29810865974291
0.197850376355569
0.175646658017486
0.121923844851871
0.0907274124104736
0.101806622097889
0.1436933171606
0.128877659202187
0.127912114383665
0.196528462587799
0.165856239891407
0.114523678938944
0.133628335761648
0.0894666560334716
0.0876329513120949
0.158364320684164
0.143156005959898
0.116999359839305
0.224771718712034
0.234941933572174
0.351966657014266
0.194303437546711
0.147896121958765
0.309474973288716
0.212406986909199
0.0791731877574482
0.358927745443667
0.461631231773415
0.261115490620152
0.203732395617244
0.174134736974268
0.108184245498835
0.154616333324346
0.221647658806998
0.266395385555239
0.280807398396053
0.252318496071478
0.198144153318196
0.131280891436778
0.155507827506545
0.260645526962332
0.408920978666279
0.386000467614062
0.139746346500684
0.118828108360337
0.108362143708289
0.143890416102583
0.106378080312676
0.162603110301621
0.0982349039741512
0.181820520552061
0.343605872303352
0.264070896859158
0.237627154131866
0.227275561203029
0.342652625847963
0.237688657382936
0.117179569923746
0.0801514175633165
0.13417058054462
0.120640380572831
0.240594563415556
0.27371918947924
0.173620447276189
