0.00159471749539947
0.00220786293056993
0.00145177434244892
0.00140619476963376
0.00155775675372235
0.00234722446046071
0.00215531273311166
0.00182102130586492
0.0017358770134295
0.00147652600193579
0.00194691703795763
0.00135172313349496
0.0014130419339868
0.00150084479999324
0.00154185994634045
0.00151444736393731
0.00141390331812481
0.00143548705494618
0.00163624627346178
0.0017404516253812
0.0016582113173145
0.00156670926821327
0.00155163529646173
0.00161655372470384
0.00169947878306972
0.00165313847241602
0.00154325770612436
0.0016496679612191
0.00159331076424034
0.00151075594129476
0.00142405921112115
0.00145916487321016
0.00174831192388542
0.00148757250801729
0.00137360572700365
0.00146619183225044
0.0014985040345837
0.00152179267602124
0.00145378460829789
0.00160946357629406
0.00169603752987771
0.0016581084291404
0.00166266595057353
0.00170245503773161
0.00195852023879561
0.00192201130848686
0.00229035396066165
0.00173829395406551
0.00161129242308196
0.00154778254589858
0.00151291627222473
0.00173030245139532
0.00145920871995828
0.00159449851308993
0.00165630121963674
0.00181402783546258
0.00161126885102683
0.0018500463776935
0.00163638793015161
0.00180598756490001
0.00188758551920528
0.00150835482932489
0.00513095128826035
0.00582685948189706
0.015456149944699
0.0220227443396992
0.00905612609674291
0.00584464976881337
0.00211310761090501
0.00175501859545555
0.00168499623571467
0.00140145251104701
0.00172027494482368
0.00151151754960239
0.00207517062692678
0.00133531436222083
0.00150066652498504
0.00165824732450486
0.00169334382995573
0.00182717224440415
0.00176480762189455
0.00177091499912082
0.00161125088236338
0.00177021333709486
0.00144431483707435
0.00256816418967334
0.00275296992630342
0.00154785751738224
0.00184043028244439
0.0017182427294913
0.00159841296012793
0.00159833664780998
0.00142415379844695
0.00136376651532517
0.00139127705691482
0.00203534166695749
0.00180598162182873
0.00141945630517834
0.00135926147214306
0.00151587675846061
0.00168675606142634
0.00159923129353226
0.0015657764090365
0.00167691613682501
0.00180617341796628
0.00161697457278842
0.00152813272542795
0.001561326842808
0.00206052032854574
0.00141110857125562
0.00197557800289078
0.00175236948926988
0.0028309906709109
0.00470361866329939
0.00425919295648746
0.00181482167899041
0.00174503143101178
0.00152182267863925
0.0014096323034248
0.00145266384465856
0.00147018024334612
0.00188682703538107
0.00182375002083647
0.00142034880613369
0.00149914457127532
0.00168677919879019
0.00175831252160462
0.00167397202260655
0.00142764117862219
0.00151903530815364
0.00158996690644877
0.00140806609053732
0.0018539235386316
0.00337034713284448
0.00561971710150638
0.00633836106770945
0.00707185791954551
0.00437458739644441
0.00213162134717757
0.00168102562493593
0.00150380346256913
0.00159209589997819
0.00153554637014279
0.00136652905600981
0.00160814693174068
0.00140031690983028
0.00159179330521335
0.00169419777108193
0.00153478595747334
0.00165207492501368
0.00164974550100228
0.00151284188373181
0.00172714175433998
0.00153577391911909
0.00166076211122255
0.00169920509260272
0.00179063256775037
0.00165799121341564
0.00173037009067557
0.00172064994488104
0.00173444314473217
0.00164178019685258
0.00165557296560229
0.00166235510832901
0.00161567041949604
0.0015793241947423
0.00165446359300964
0.00147375133272137
0.00160253469960219
0.00160549051617842
0.00158389776838481
0.0016013412581363
0.00166931886817825
0.00199510803935317
0.00166703056514699
0.00162758087758107
0.00180288991352428
0.00163363965835305
0.00156676291346452
0.00136442175010087
0.00162054667020808
0.00161703052387069
0.00196884870314172
0.00233462890613048
0.0153527952277223
0.0162664231588819
0.00501230859275362
0.00432614412326237
0.00411804812886068
0.00262254253793147
0.00249926170602282
0.00483780068203957
0.00641187491775411
0.00586551806280094
0.00536781416448178
0.0065018739603674
0.00642783401186235
0.00610765012087554
0.00697560515129731
0.00736041424789837
0.00575064226162939
0.00530186351018022
0.00445891243916692
0.00367077198625889
0.00395851064931314
0.00348594563376432
0.00324297427799658
0.00394467539793195
0.00387529256184679
0.0041072788979953
0.00379396852343033
0.00358710534841188
0.00330517235262648
0.00343290053979345
0.00354035274162836
0.00408434498812478
0.00364409418880939
0.0035098765208168
0.00280235940466119
0.00262800632104404
0.00290985864188104
0.00302687676646138
0.00247027300361955
0.00257702550743216
0.00251008973403936
0.00271501090061117
0.00271946511069732
0.00258841222596138
0.00253129524178643
0.00237743582217348
0.0025316692104546
0.00239086838089114
0.00203603945251084
0.00184848717512046
0.00167662168878075
0.00195834589543603
0.00143923157489555
0.00139096429575669
0.00151207190812925
0.00167039917185632
0.00158920995865446
0.00153181663551142
0.0017107756849104
0.00204392460453454
0.0021481789098162
0.00174626176305329
0.00179287458223465
0.00204008129837691
0.0016475003748233
0.0015228801339055
0.00166862234524997
0.00164450599372168
0.00157073436367547
0.00165848338140903
0.00145740716261721
0.00157795290741443
0.00170053018160615
0.00170431274730257
0.00158923866070842
0.00154510166430847
0.00165267159622238
0.00176837357348202
0.00170429438713776
0.00188918017385283
0.0018287744272901
0.00174700545783587
0.00157768586399975
0.00178422316276848
0.0015358550459705
0.00249530901367215
0.00295528697466179
0.00166976732075571
0.00152941679974241
0.00146032433691679
0.00159626349225611
0.0016277582137341
0.00150132195004213
0.0015732916311246
0.00145474424929881
0.00136679203146491
0.00174190493335622
0.00167840767842824
0.00222026812725948
0.00235295840461411
0.00172075125833114
0.00178315319028521
0.00154654570121825
0.0014919186519444
0.0017179291798949
0.00158391481054507
0.00157290646910581
0.00186936387440068
0.00173496980527775
0.00156579510506743
0.00173937688044174
0.00144891976975895
0.00157924098227844
0.0017203307385818
0.00182663309427123
0.0018265890455742
0.00184552279429176
0.00181533811295735
0.00177244364743185
0.00167175710831412
0.00174308393494915
0.00166529765584081
0.00150839024666968
0.00140021349502447
0.00149413208688723
0.00187726088595685
0.00262154845208254
0.00207529711588473
0.00190460947502471
0.0018145230842009
0.00180419540407141
0.00216302581887692
0.0016095800854294
0.00160535125224422
0.00152690192096325
0.00138295009661014
0.0014337014229459
0.00149321991172998
0.00160877505192412
0.00156712138813184
0.00160804937076475
0.00165640752444689
0.00158368887061223
0.0015875710717939
0.00168011884144939
0.00153404755480078
0.00148997130121865
0.00158020916040205
0.00178963498996037
0.00191695470072576
0.00158452579226796
0.00163292286890804
0.00156621645922942
0.00157671643770687
0.00165567671131976
0.00173496582432226
0.00170805226321725
0.00141172993427377
0.00151193570702518
0.00161625010844009
0.00185094070283536
0.00159158430347799
0.00163131919214893
0.00176786164288827
0.00225980410134929
0.00217576967733261
0.00195276528861882
0.00221344172168847
0.00213154525446441
0.00170901766727253
0.00164373099102289
0.00164728378031163
0.00182860937603744
0.00170575018598761
0.00165232754732178
0.00152930833118317
0.00143644631013443
0.00140332484001177
0.00169636412138854
0.00163464842894526
0.00147095287088153
0.00169245333090697
0.00180680417011239
0.00167487687465172
0.00160913050525166
0.00157653657221995
0.00166381158048877
0.00153349963732276
0.00142597831997948
0.00182179679841859
0.00216859707665369
0.00262259087277952
0.00274497905258507
0.00273620114630395
0.00263892256239421
0.00235577655596577
0.00211644501106063
0.00185406321733533
0.00197906287532553
0.00207310965497732
0.00156825853388024
0.00184078047449988
0.0019427198764553
0.00190263603080564
0.00181393275809624
0.00183872255185901
0.00191540336175323
0.00185452520533838
0.00178089690392792
0.00152024848516613
0.00154313872176898
0.00186465467637556
0.00173565139853399
0.00153946991932208
0.00186855218614008
0.00206006027144118
0.00215279857371627
0.00222495379691287
0.00193169650759407
0.00207018044638816
0.00208364988194564
0.0019167558753801
0.00184564053116955
0.00161450347284454
0.00168151723365714
0.00170881310015454
0.00157566182390429
0.00163570443007591
0.00168580745549678
0.00183006637030343
0.00202856637926832
0.00170723468288559
0.00170495497851847
0.0016015144537219
0.00141967234810499
0.00153663364829728
0.0015098160292767
0.00160092376781541
0.00197430096106053
0.001986195765168
0.00198419622975847
0.00183079113180728
0.00214936775603089
0.0020653323104588
0.00210901563066177
0.00196441483542455
0.00205054750288652
0.00241949128581714
0.00248776403789327
0.00229238460795096
0.00231732689174433
0.00218815012297199
0.00182390580330512
0.00183413078727158
0.00193833558747756
0.00182666493118392
0.00181868720114036
0.00164316356707857
0.00152038772040811
0.00179274629891108
0.00171511366307287
0.00168858304361472
0.00180213129614815
0.00180131308581277
0.00169607324210085
0.00185347234683063
0.00190992024468675
0.00160089284652914
0.00174127434600957
0.00183425621476475
0.00179831608388918
0.00179015124579749
0.00188085212965399
0.00192771633498995
0.00187211450611825
0.00175993706360639
0.00153179172306018
0.00182179653555619
0.00190300260076803
0.00174920721848865
0.00152526723007863
0.00180416031157663
0.00217264007000919
0.00208635943210388
0.00182511283971254
0.00164543737992671
0.00180826473066418
0.00184740290936215
0.00185391159125601
0.00218916080769108
0.00261355000308299
0.00212211756370311
0.00190980374253122
0.0017254989036545
0.00176684047750305
0.00178141046987779
0.0015514306292768
0.00160055246554111
0.00163146253066572
0.00198535232535666
0.00175453283928658
0.00134913156204749
0.00158640218091273
0.00208464683186227
0.00278494740264742
0.00239271177547806
0.00138600966046149
0.00168980455062508
0.00179197215919099
0.00169305140932755
0.00196607348857805
0.00184388553237222
0.00201146491845891
0.00182097177284256
0.00197972161107067
0.0022746704165348
0.00221145966355433
0.00195539952480691
0.00200633517874597
0.00203950678916124
0.00171902034132313
0.0018077210961854
0.00200972785504807
0.0017733075166031
0.00155476124832715
0.00162511462773571
0.00159780777375122
0.00154277347240923
0.0017013605239764
0.00191969473600945
0.00210910395114926
0.00204206061331104
0.00165552714840915
0.00157864862510874
0.00179460247791795
0.00168684489404179
0.0017514278124848
0.00203931650057684
0.0017866550951772
0.00156720909203953
0.00162879215032608
0.0018297884632102
0.0015814040795259
0.00182209801514289
0.00238620800226738
0.00329046995640927
0.00382887762462256
0.00367597398095204
0.00238263647951005
0.00302578362363098
0.00343339848402428
0.00213103762385881
0.00154965025955121
0.00153775384579669
0.00157236711651267
0.00181620358762009
0.00189822946145195
0.00169609623078225
0.00165407660528344
0.00164858379766567
0.00155936727842421
0.00194938783795931
0.00204079177274596
0.00229186636022696
0.00211130182558142
0.00195731325099817
0.00179154714283632
0.00170812453843302
0.00159168732998418
0.00190239848285832
0.00180906689161026
0.00197428966872998
0.00196897684364184
0.00202811090666685
0.00174741230009602
0.00167125819440292
0.00153757361055
0.00158846894210789
0.00155386532314283
0.00158967046980261
0.00163572376535144
0.00154991854460995
0.00160915663579761
0.0018053674071955
0.00178010140690646
0.00184600226994361
0.00178497440042794
0.0016477389607755
0.00181018377563966
0.00194982658193603
0.00185657834385767
0.00163119492705129
0.00152358167977679
0.00148821562769911
0.00177565729250038
0.00165485072450019
0.00143951636147164
0.00173419343723859
0.00192097573222334
0.0017247164580819
0.00157651070416258
0.00151673138716513
0.00151806732729388
0.0016766583697908
0.00187908236006408
0.00179292226810807
0.00183582339186954
0.00228600984451923
0.00219286903218029
0.00181994101467783
0.00186305902662059
0.0022269110589685
0.00216464385004777
0.00164751179335312
0.0016421886919108
0.00199327206572233
0.00193656661103701
0.00189935709308688
0.00160185168285707
0.00150200436348317
0.00157832834167891
0.00161147219295779
0.00149282227408242
0.00142520032308385
0.00186358137764457
0.00183458304242591
0.00147993147594293
0.00182095063350815
0.00172670184878849
0.00174158423357424
0.00195152068606181
0.00227973488009747
0.00254914088085882
0.00273283527585783
0.00250937524603286
0.00249888622252802
0.0022776702875896
0.00185436629004483
0.00167646464368199
0.00197948468964275
0.00202954599713063
0.00196672295882441
0.00194955446251276
0.001939558793937
0.00185188378081531
0.00203937161165127
0.00191612083752763
0.0020815907025533
0.00252015705903323
0.00211114201327138
0.0022695159918136
0.00254968851056369
0.00204763399172711
0.00193844688120554
0.00209352487473863
0.00221530968830606
0.00190446812532909
0.00196172732936043
0.00210433962961191
0.00217122138348843
0.00227075188929396
0.00224207852608945
0.00201386050386242
0.00177148352340794
0.0019330480981477
0.00198335517695003
0.0022057216809233
0.00200021435445292
0.00166177137615688
0.00202875096982926
0.00228881894964468
0.00194622668760364
0.00153135391096103
0.00166243712893112
0.001738641447299
0.00202786207905125
0.00200949814761379
