1.60330039028492
1.11829354967463
1.92407391708337
3.87260636372692
3.92158392388873
3.60877119971501
3.05782794762053
2.9672030427574
1.6573726567463
0.73757657392384
1.07199654337381
1.47695258262271
2.14429328851888
1.4885594382613
0.539281788287748
0.893058917291041
2.52448750699414
2.79282428147587
5.30913460808185
7.15558446797382
6.70884513038202
7.44862108061538
4.55920874531833
1.80337851446834
0.97285511722757
1.36930160884331
2.21869817084893
2.06615741031618
1.09013894642761
1.13865000423335
1.40472548488482
1.02314138259303
1.26941449596525
1.13265780475043
1.30099194830726
1.64948661179288
7.12687446553642
7.74369658352203
2.40353655163309
1.66668301603787
1.59986545662259
1.64586895691303
1.00588033020086
1.31631199100298
4.56616950968149
8.44270943346673
8.30164376346601
2.45325864536081
2.53897694699914
2.04129640134858
2.08117720527672
1.6401197461942
1.37619088023191
0.854115605579011
1.02839825114022
0.61890303787138
0.647711378028048
0.400652984867641
0.6945292166455
0.930574088026789
0.994266140307931
1.57348029637583
1.61454367232277
1.10383364158539
0.878736607393479
1.03255769716253
0.981997844499555
0.945691089861778
0.880806095222108
0.82225434058738
1.1140537847844
0.949846057180245
0.736032819518383
0.633242707777169
0.833814864971524
1.2252699639418
0.871213160857501
0.957279381637152
1.2594489156393
1.01002369247942
2.69167749542621
2.91856825906293
1.39543039823819
3.73337057924654
5.12096377680328
7.09931549739518
4.2319855706478
1.81706149874004
1.38627056691226
1.19687535534662
1.39712032636262
1.65039781855743
1.05980813993739
0.780268715650386
0.698591444716592
1.30783578982383
1.34223265371122
1.27259742859625
1.48626445025886
1.15959203875441
0.873017271824337
1.14726609173257
2.16174517743923
4.14520418083826
5.01319916352837
4.13297197283489
2.12542041808808
0.744565360875339
0.673911394519388
1.32468355279431
1.35390828768665
1.73408014955215
2.12167273261214
1.52676462468741
1.18175649976576
1.45148385661171
2.85641588380816
2.66494129342695
1.19400963557365
0.647575032841391
0.666474399215367
0.588901796874342
1.33396401134434
2.05274400818183
1.61034629087661
1.53401121716855
1.27296370180002
1.19936131182334
1.77775998671735
2.14234037145047
1.65977022829435
1.11389908749084
1.24276906491742
2.60244055673605
3.86339312971004
3.06484490288144
1.37688920854314
0.718518422577261
1.07268687491205
1.1484391512262
0.823517600502433
1.31139534720964
1.67031889788864
1.10558066126406
0.754476573491831
0.717200440876019
0.926654949674307
1.7668714177488
0.820466800995411
0.403606156014862
1.08384071417838
1.463911559028
1.23793080686596
0.910131902715076
0.885974334218482
1.16971252413526
1.24321611369914
0.690868090116839
1.06713592695763
1.19111670602311
0.835009259356542
1.20892033864842
5.61061288576317
5.24044869835043
1.27460403022274
1.14390403313061
0.927417110858815
1.00668825924833
1.15820324948107
1.40859539250365
1.12434031159476
0.629703263856649
0.620737411903723
1.30695099279079
1.2763637964192
2.19270073529092
3.08802595780073
2.6435098446221
2.16458739550361
1.2072984136217
1.66341960617997
1.71214719048295
0.812048200219614
1.04138567220077
2.04377633526188
2.21243564811983
2.59323291889898
3.75940930398817
2.11345752649604
2.2917085949067
1.05241748270276
0.673564584944436
1.18587595048314
1.07251619653552
1.98781464500595
1.66317450637475
0.937593580897773
1.84907727346523
2.69593441544785
2.28076285595574
0.981210214857467
0.906650801804656
1.07691919028439
0.946646743586513
1.41211941341556
2.07150591465135
0.890999312476151
0.987334823309679
0.961759602678454
1.06904011747256
1.75288355175577
1.65732203053972
1.39407828559913
2.69989275742008
3.9512798977354
0.716941337486791
0.955824749083695
1.32689543989634
2.66577065048478
2.13643247832528
1.45597213712646
2.05577767600119
2.05596253238777
2.27276537495094
3.80897995890003
2.60303021132191
1.81720916059272
1.21544591240875
0.945454648245857
2.57607040425442
1.50928420002601
1.38764765973781
1.14980111031991
1.42860543532825
1.96558655635651
2.26627228559004
1.12857452693276
0.66786032997958
1.51368817432802
1.8929008932671
0.820442661215816
0.912174507103013
0.911252925729107
1.41716691938907
2.2617386375151
3.45766149848979
3.55183141542119
1.72164564131918
1.95379833614317
1.23944016372277
0.747391012025298
0.986823501574135
0.858286610386075
2.12846450332173
2.85563476612428
2.1459579911293
2.74885013868581
1.51067391440127
1.06823352790252
3.25951950626397
2.56163042078293
1.26210425186484
1.70602121094243
1.66283196766529
1.98597248543441
2.26259012913564
0.915960284681091
1.25220789073801
2.07520960349801
2.67895087963858
1.65281043030436
1.27756320742025
2.02636713719414
2.27611636535646
1.32333731833442
0.723101685332059
0.84049593647902
0.858430882065851
1.33157510168863
1.57109119072041
1.12012393449313
1.41394265188627
1.73578556472841
1.3595608512712
0.753015143901374
1.37313876627441
1.23466449125558
0.654598367354774
0.818748683277366
0.823739935946601
0.759782846473817
2.83477043398257
3.72024953744415
1.23935200965152
2.12998145667138
1.29049468583215
2.07752773696383
2.24860426234264
0.578639160622855
0.519989137207755
0.658163153630541
1.31502598099604
1.33196537197462
1.4490671739264
0.829603059381039
0.88018630522478
1.17078827797492
1.65395047717792
2.33418194254028
1.81341973316603
0.700526704839639
1.49393183517484
4.55365537258208
3.87929900848532
0.756290458476313
1.29129177237442
2.04591612491179
3.90323005308535
4.84628491315215
1.70283542737011
2.37621721148333
3.10692244319585
3.25904949780059
2.38432644025384
0.879611556285375
1.03810763336818
2.1549389871357
2.81948049705545
2.03220086152789
1.25287572157765
0.913996498041447
1.04178221467042
1.78115386502622
1.88635411348335
0.951388211852834
0.601385584905879
0.532088399061954
1.88494552952681
3.26000318943126
1.05804831296842
1.46335789040033
1.57615439506679
1.20864057120227
1.54572682129261
2.32576152943356
2.21493500094061
1.96976983704027
1.93707704666372
0.845672034744238
0.889984357986149
1.76273545023864
3.73560129964173
2.50518631139139
1.63536101629298
1.75464960894452
0.859896041085153
0.95261806154221
1.09438119100825
1.04623628652765
1.03893870031476
0.940212179881466
0.90308080899938
0.739884138016894
1.2768490438833
1.34606063023865
2.80924511285165
5.28301699145971
3.4552063705864
4.06752348917711
3.9226551726489
1.13364492956232
1.76535244077222
3.67324257394262
3.78894817003768
1.5169354934465
0.926963242275232
1.71956170068982
1.85557566007524
1.17985981284134
0.947106242214185
0.923012282254284
0.866398370363765
1.45263606844006
1.72303358717719
0.564437753933866
0.400892743202317
0.561196881374035
0.677425323523078
1.60206728963376
1.19811196748797
1.45147193500773
1.56216626511769
1.73566098593651
1.41152149870347
2.282820120029
0.752351348454596
1.27864507078973
2.14311339763065
1.73966693920318
1.2025916029051
0.945361333301691
0.962977543772963
0.9075601628641
0.805964635682041
1.07589025913899
1.4210988386051
1.59859201035027
1.54437724278011
1.00382383000564
1.87609064760086
2.54567319262359
0.988395812913141
1.30635551993161
1.56796276724579
1.03916424962989
1.38470513489261
0.774226193980544
0.663392343803499
1.06466080685789
2.05285879840241
0.703317204140938
1.45199424957839
1.7088149398342
1.73342400541842
2.32457087597645
1.62691627091803
0.958956260853585
1.5106319999911
1.39739020956942
0.880005370577759
0.892624273213898
1.08194135990698
0.64908600469384
0.596853811649945
0.831090850130598
0.727396558452112
0.40900388691969
0.869826793147749
1.34614814551438
1.42301666587616
0.983699262028143
0.577148289227826
0.815075278024791
1.99772564157319
4.51653430273593
3.62120965215014
0.774226897861921
0.901246866655193
1.20719960157966
0.809220008757667
0.57226382176283
0.671773130557011
2.11771938996727
2.75090362942795
0.973856583036132
0.691445259088132
0.681711151925693
2.22352787695842
2.37181906577153
0.515490897369343
0.98487592907474
1.10112017473979
0.504812776546042
0.47069015394014
0.627210140311005
0.774015390096224
1.2379225029366
1.71298038906591
1.20024836174519
0.849832646479507
0.762804434792629
0.93826137719364
0.781469031472694
1.72000363457237
2.1998772357393
0.544165188577731
0.479035544918533
0.78625642074497
1.34160536849858
1.72570902789405
2.51581319864317
2.86926943609076
2.07498890363171
1.5447332621899
1.34096954991703
1.15463318409174
3.37138257625929
3.11394592360539
2.33063685065544
1.81228101915042
1.28507312406415
2.97064876029142
3.46731677291989
1.21685582461587
0.683076167625487
0.68318506022867
1.21111034644522
1.31092321691222
1.46697292152005
0.792840523068936
0.960799546153228
0.712763961454252
0.74603036172787
0.713327176850769
1.82254812551714
1.59871183877557
1.67020741279864
1.21385655625719
0.881398145550227
0.652374100371885
0.991743076201349
0.93401296868289
1.019030201958
0.875342654060081
0.86741314267199
0.660208876210767
0.90943579249792
1.22314712230602
1.24004660883025
1.04251038444028
0.995520953677328
0.6365764754419
0.439550498737664
0.450489107024499
0.773645362847233
1.16753202393903
1.36286503399242
0.878867940773245
0.926131041893726
0.936115876642479
0.959112720124954
0.594803060351623
0.892645311489415
1.32961721212809
0.743918805117119
0.848483291692875
0.673118028309818
0.786693566788744
1.74713399110976
1.53553591241049
0.756312567883773
1.00512466750663
1.37602169284998
1.44083892349119
1.20035341350393
0.890017030583603
0.864135873902648
1.04003438807683
0.819880715615395
0.821707233449464
1.16769530416099
2.03499037180874
2.39072077805366
1.13581322290748
1.36275861137185
2.72482389542282
3.16320889195806
2.24221805037999
1.97409534654693
1.03720634993205
0.803157618082704
1.01759713829491
1.15064466076595
1.46741672922711
5.49187161598192
3.8176102977972
2.80585464061466
2.62015064173374
3.29655911839399
2.80489912785163
0.966538546388957
0.816659210131756
0.917722351059287
0.861044279029566
1.16097214009809
0.947612757075461
0.590975828524081
0.916242931133685
0.91571548704275
0.946118003336492
1.00867930684399
1.09469913294357
0.869224033635293
1.44382956314677
2.4578575325479
2.64978780289884
1.77149487779704
1.47419457550611
0.758173639761706
1.04317867764842
1.53512501269372
0.742100333323838
0.746119289215791
0.532494866926709
0.512187685110718
0.828483520096994
0.745195495144749
0.827248381349319
0.874781829547123
0.718621586216534
1.54151735731872
3.51458287113901
1.79600050411315
0.4796316593381
0.526044640193285
0.616487528420186
4.46069501636899
4.63946777589503
1.91786601494639
0.686538621451736
1.52258650704041
1.60623403143707
0.86466088757434
0.989994583506143
1.03828533788076
1.58905556938752
1.45136114182016
1.335907923904
1.4283739550103
0.950795036162704
1.17629882023074
0.828945202787997
0.885001278534493
0.879224753551803
0.73624975789963
0.669113608706025
1.45061270781727
1.40372338539599
0.967978696228077
1.63787160374632
3.32027160319439
4.45733646672545
3.19369292129083
1.35539511003956
1.03340553952204
2.50565859465034
2.58054213549598
1.75266606633313
1.60895689724489
1.20872583929461
0.678175590894471
0.860614726576232
1.44276260163203
1.16150385851925
0.690516340463209
1.10447745832993
1.42547731766963
0.747554541122331
0.730731382538624
1.71871923620713
1.65200017726104
2.01000038892082
2.96335393879725
2.99841097966101
1.69241340772847
1.02541560570265
1.82581664345272
10.8475128947953
10.5126791014812
0.974524549388275
0.768386624221266
1.06873471594005
1.53546242918379
0.981860821196121
0.489264401626222
0.652183471836794
1.02701980441907
0.885687683083244
0.807485704803945
1.3002924368648
1.20588282601682
2.07813764801414
2.24573850185739
0.964523856177435
0.780031922262881
1.66114445174422
2.04831956267945
1.75628800911669
1.41498632860449
1.35987636792249
1.58242926752053
1.47757103357626
1.44145343629543
1.34712608832803
0.913987793701047
2.40073838827451
5.03444969724195
3.67017650051888
1.13724604797639
0.78750806903647
1.113609882413
1.41958745066333
1.04982625835221
0.883083135748242
2.03088242456157
2.72077262439892
1.38419164619797
1.31287562283094
1.95066787437416
1.14479675633525
1.21047967644253
2.48674031025602
0.881600928499216
0.681306927850973
0.630985834111807
0.581619870759938
0.820446742547805
2.60568961511752
2.80363650782251
0.900297548890734
0.344535115523755
0.397715433061991
1.65991081851044
1.35188434451943
1.24004118026766
2.58643364687979
1.38949677705527
0.801875450622495
0.481934368879541
0.810995701385646
0.530706600319922
0.915381436245171
0.809902971897124
0.471469973887463
0.655619803919708
1.65314075485797
2.04928329427917
1.33912317480663
0.849479155587942
1.70432553468989
2.53098826696974
2.50136078120685
1.601611647318
1.17471657088501
1.41665925439048
1.08344419720247
0.920090287173064
2.96904899723218
3.35716506925886
1.42510317836192
0.912679497727564
2.11301925828975
3.02303332628037
2.30534800439903
0.950310921167479
0.696455665930859
5.88447346576559
8.34091233994623
4.30939444701626
0.810722985756593
0.509111036961492
1.35159110174574
1.18995490160709
0.699433652352989
0.738094226945446
0.770785196530548
1.5135044934329
0.99885697227376
0.560943499589451
0.782724208620437
2.17443770009206
2.32587288989036
1.47846684405213
0.683859243254895
0.847003742350258
0.899009206384496
1.94425354364005
1.58100488841736
1.18441467540085
1.87208494685114
1.5850001034382
3.79650769836398
4.46461414830324
1.46042439558622
0.665517783300045
1.27077797600836
2.62100076870987
6.31142334717433
6.93618196947123
3.35648036449171
1.61002189035291
0.931407947644615
0.708137533214532
1.05300785832937
1.5254830178518
1.71339176122175
3.21616820884407
3.88496435677283
1.75359534681972
1.36406150670344
2.42230528695908
3.37229480233363
2.13351681274497
0.478951740726123
0.679638896900806
0.561337538403429
1.30344519966157
0.939344019129226
0.510761352276486
0.47011395965721
0.667037666074992
1.23840797068862
0.800148385761201
0.365384252312017
0.350798226328421
0.404566154078194
0.617542657918112
1.21800004116078
1.01490874992355
0.848404267947579
0.720289030434075
0.781379619918546
1.2697284614709
0.9360318272459
0.906842510765602
1.19729706847433
2.49148781208498
3.23560750174136
2.27650736447175
1.79500632449143
2.16643906036753
2.95366669548954
1.98406035207253
0.872500243924411
2.27694058982308
2.72228924131552
1.94562336051522
1.50971388940143
0.81717732424464
0.923662030623375
1.18529010560372
1.37550240901209
1.27931804038033
1.17278517597275
1.0127151310973
3.7722684717099
4.28643094183533
1.49520161533206
0.705926696979716
1.12494818211676
1.539918622893
1.2401079385423
0.64387527589198
0.83549737587223
1.90250720323522
2.39882249146673
2.12730129464112
1.33828407452331
0.443804858074507
2.52197760153604
2.70543844524394
1.12525757073849
2.62533918701447
2.07755846922861
1.17589447157744
1.23629524302089
1.34638707948936
8.43240680279455
11.6195648537663
5.16205235869151
2.49303084572158
1.22240032261987
0.97974554229557
1.11576035352845
0.564995282917806
0.411836012467333
1.36921073634617
2.09537451237298
1.51008791664564
1.23054168103436
1.08366417323209
1.0602611049609
2.58861684040109
4.90652109700199
4.04010715556114
1.65904798028486
1.47966012721923
0.944242556210729
1.95197027468085
1.94980284857662
0.809689664544942
1.31207202244511
1.63730860507482
1.29885937426474
1.70914637320781
1.4891155170692
1.54032823637786
1.96680045286589
1.36277474662704
1.52466169031683
1.91449889040975
3.42176265711114
3.27042578156006
2.10839685323787
2.46039063189706
1.4280787431803
0.579117787283863
1.78914655137512
1.75588215891624
0.812053663689323
0.736320088215656
0.768477652087228
1.39957880667427
1.18713087965788
0.62136108392406
0.789503240580051
0.80182276111534
0.99993829731195
1.05763820701336
0.987004005089095
0.933815873456609
1.02358194345225
1.15998193359496
1.3070830662603
0.917226940340357
1.09664695705329
1.38809644308447
1.21630035467526
1.96870145879603
2.60485735585281
0.78807517126632
0.841679188737562
1.52477277932752
1.10446060556005
0.765954481277168
1.95437691472552
6.26448977751665
7.38847139414545
3.16538852253649
1.01883579346679
0.605938720274004
1.0823599680562
1.17170202944714
3.20726075163527
4.31871914956162
1.83906140514374
1.21139804717569
1.35061485362386
1.76946495534543
1.51883511377711
1.43528524757619
1.51150417803795
1.93039066390552
1.87442173873314
0.908652025454065
0.883144612293362
6.38510945717234
6.71932850901907
1.07129980383085
0.720657186394511
0.385491583662397
0.483624868066172
1.08386649597271
1.47887492575662
0.952339732817175
1.61117665863963
3.04038169204587
2.25813270738161
1.05249988665855
1.90624904913425
4.34010219281867
3.0213421684645
0.644821806588296
0.620472411405321
0.984866478020713
1.92057843363845
2.97455726831179
3.54120821368357
2.05542221496544
1.16415344546035
1.31680627374224
0.788853071452641
0.472644202806556
0.368249622798174
1.03343360529118
1.61178286895222
1.89534812188027
2.91426704975871
4.86156157219236
3.43746418470946
0.713191845675628
0.368876608590499
0.90918283219374
1.10352860269689
0.589445980851795
0.968851623825336
1.90454363595118
2.16971486679456
2.10351245237325
1.53252671161485
0.942740811531596
0.685013139572983
0.853653634260179
1.4140822968426
0.835372876374092
0.627550001600223
0.64639460116941
1.35492049745313
3.3310474222231
2.68962669784775
1.10416579732888
1.31205322247153
1.30415358534265
1.94000016495095
2.84595196389505
3.12515562583942
1.04010122191427
0.503757806291508
0.562793233860121
0.76625380745455
0.576714190552742
0.904790138244819
2.69630701885171
1.72693213022505
0.686565761004903
1.45879209415133
1.68519913401882
2.18882538198401
4.6133904476768
2.53326280460981
1.51618609196713
1.59645412434139
1.24815457136838
0.742061611415613
1.19651209154025
1.35766392323497
0.967686806568559
0.814102341804756
0.73381542248818
0.78417376304192
1.21898893832797
1.42006528224171
2.24027819664608
2.1990489654393
1.01175273007527
0.538658366090714
0.453642678163423
0.702032375783184
1.00889688358415
0.540566755755537
0.643557883713693
0.766431806930619
0.820253860155051
0.995631181878792
1.42773546191813
0.860230274601278
0.714991415758899
0.815365754207249
0.701760338692209
0.567681918960441
0.460417461117479
0.442916593273778
0.665985475685854
2.0208257689044
1.73372273819542
0.893285418255026
0.722153306194948
0.718013993919152
0.855536111745629
0.892343002640794
0.478310274252586
0.546834944696178
0.483781580220455
0.843108416748711
2.14256238223042
1.31576375384628
0.980501478864645
2.41049727217667
1.67025977761384
2.19494027129012
10.0406680412989
17.9953725434579
11.2289505653998
6.15120310600309
2.84650587668126
7.67478960210344
13.0924032634011
17.283428678679
10.1401461242396
5.75078187395782
1.96607810057165
2.80203724015074
4.00565848336454
5.2953993521019
4.08713957740472
3.57365182978938
3.99136039908322
1.30711559574757
0.972174956370443
1.37046320018504
0.701517417529061
0.958576088709527
1.51638375116364
0.80182290615362
0.782968570326276
0.919931671828546
0.615007606877255
0.595263519918988
0.652961046063416
0.802533867944276
0.745746339223421
0.708728914129936
0.712432817115496
0.825519159290879
0.752632996529419
0.775078172364712
0.745204997307134
0.412810836020714
1.12877525785072
2.09237738828334
0.707143493901721
0.661201940061786
0.478184169160552
0.561590156380934
0.413919783903473
0.509152712351208
0.623262220400526
0.63666200019083
0.29987275453293
0.400022434768
0.475814122173993
0.482841155610137
0.599002951650373
1.20087833243754
1.04187332500254
0.794296321777144
0.69086726418479
1.17634864072264
1.19180015616765
1.03154312205417
1.40979804291878
1.66582838496252
0.945462610808576
1.73289777247609
0.970859980892109
1.37706603923695
0.897899444353038
0.715544483656951
0.572449168127852
0.568070537370152
0.742054714597294
1.34864332182254
0.929612554530694
0.955873236512951
0.950699987063657
0.596608594740138
0.565140943734495
2.43783285597355
2.68223642598402
1.21138919907093
0.495847636342778
0.663840020659992
2.19901006362601
1.89649864945527
1.15417380509392
1.55322307716456
1.34828650693033
0.778137377561322
1.12447016407115
1.31936635382438
1.80987993148777
1.31362068523887
0.92993122273419
0.686240205967573
0.641992307273107
0.679106649342608
0.724345376912987
0.69988436175961
0.895482905426692
0.768585175497003
0.865512789141232
0.607873784705919
1.1296637672401
0.890128066807521
0.901338235436962
0.785522593609049
0.703870689191566
0.979891751358286
1.21728116324127
1.06006238088355
3.01534792312031
6.1540788470956
3.40334411258417
1.20290726928473
1.07409205329478
1.3134958923212
0.817269715369691
1.00446772583307
1.20218580942578
1.2957674552112
0.754466511246578
0.704250925759287
0.73094644398612
0.792644881321527
0.409013667182216
0.438461672882747
0.743354498239484
1.09305839266122
1.29494746610364
0.820496524173123
0.695120333331084
3.8376050695659
2.34177824561874
2.02432358806968
0.735944733450882
0.457043338099857
0.473097955925748
0.459714056529086
1.43468175722577
2.73710787449881
1.88865596882294
1.11526313662806
0.624257620676392
0.92101458637713
4.10612073810263
5.20538982161373
2.08181100771028
0.997889236776466
0.895837415011813
1.06445607685884
1.216925038411
1.63868324796459
1.48229940831844
0.745365234087076
0.778057768330308
0.750552130713512
0.645151922640002
0.916680061699413
0.954717357210828
0.728376710553986
0.633220184299153
0.401028758729873
1.26188584968935
1.13017460123951
1.25369944917112
1.13673825953473
0.621567950675624
0.59342592988593
1.12492596060937
1.58490098768223
3.54812406669906
5.52932357051357
3.27399874722854
0.379772007461258
0.637303879087879
0.508710961857309
0.68091481287701
1.58899241599622
1.3788575951047
1.12301793892999
0.716778769413099
0.852121324777097
0.769925353357229
0.52531220622699
0.67687610217642
0.902960201719708
0.929287326817918
0.960022748984674
0.634423956875584
1.0689099066049
1.62010311126431
1.30100071835342
1.54680334049165
1.48080853231914
1.30068522947592
1.67460820889481
1.66561842974659
1.75849459546591
1.68040148476996
1.70151590259584
1.27576906271575
0.796456515690256
1.27356041883765
1.30219455482
0.483407357538505
0.873264098356934
1.02087133416216
0.599523528768324
0.906772595508629
0.789736456533633
0.564484650892697
0.842735296065011
0.994513336758099
0.714506460758198
0.580059934687573
0.796864897636243
1.35712991477257
1.30013173376472
1.60733598782793
2.94214083986896
2.37326367142111
0.895282437280715
0.611833815018491
0.768206778517251
0.985117513601613
1.14040810550377
1.06097475938177
0.766740919701269
0.477906484209234
0.778177672893786
0.868202537440928
0.813154810823895
0.584253317798564
0.617481011709196
0.753180139016364
0.631949831277261
1.73292034819948
2.0504461249489
1.47833930738506
1.45275559065753
0.764404781088677
0.885177211965996
0.67228739803917
0.748625192828585
0.712857095694111
1.37663650252937
1.56958910547958
0.918473426743386
0.92990624924457
1.83320503859533
1.80113005722691
1.32148777644975
1.99459373654369
3.83783920533092
2.86080931628821
5.66677059589911
2.99890868470788
1.15447856187635
1.6465626171098
0.776835948933916
1.37421983752228
1.29258707437484
0.636861916860165
1.11942678299434
2.14294992131067
4.16949978079586
4.43255204990735
2.1369779516071
1.33363352879544
1.10327720466284
1.86019828577722
2.15218334355716
1.82549847707435
1.8688234831295
1.47171319814513
0.807846647062573
0.407614617905083
1.12833869567445
1.21294920214799
0.934731124048863
1.22292712711936
1.73815431202692
1.68552013285878
1.41164568411124
1.58350026306522
0.955316100062709
1.17913055715191
1.37054936251941
2.6438738831782
4.01328584002573
1.97097330963579
0.756430827098968
1.43276018874006
1.41278543865136
1.20073194691823
1.08322799174365
0.50572066698594
1.38250638962247
2.21169584801945
2.0175238304467
1.54699394189462
0.841331353257524
1.89464236811009
1.94467695726352
1.07369909298533
1.1946745494438
1.13625452551706
1.69750074920399
1.25621830475838
0.956194562986006
0.965566327648234
0.6499430590274
1.44854427497936
1.42005302953719
1.37598370807565
1.44659293387574
0.770577406922996
0.812797603613968
1.4461903890371
1.96799159128533
1.35064742760558
0.841874517400188
0.68545147385516
1.31616766767749
1.68217142096257
1.25819794045597
1.14962372146773
1.42530955374061
1.07684814814185
1.01941346428088
0.552958295819111
1.35214891530185
2.41365819646023
1.15898441236003
1.16493113845261
1.15609682218458
2.59401314790313
2.61950661691411
1.01241819904864
0.901225762576995
1.74274892147146
1.6349338158349
0.756955254655457
0.747025371672252
0.992062882110082
1.24310592562722
0.733655256567852
0.827327611362874
1.14841930801602
0.942361655374168
0.715137444050274
1.05827939303215
2.54337205809223
1.78326544253307
0.5921373776931
1.45243732920491
2.0266316472022
1.25304155731545
1.13860491783015
0.997582658425236
1.16381782108293
1.8441998632544
3.36852889364569
2.30147117683056
0.973660324849693
0.670586572914342
0.461370407760353
0.737814114919561
0.70794513638075
1.52816337275846
1.26005386129955
0.913642767507058
1.16295580646861
1.04246246898568
1.46402956669975
1.17988772971608
0.664403725531653
0.840054112666409
1.16486730472169
0.942779346263585
1.42966234776123
1.97336956536481
1.25005266522748
1.34453573804737
1.20914882572295
1.70417972856532
2.16603118540814
1.68719924921902
1.43019356735335
0.586784093262297
1.88131415371292
3.71314807519852
2.17520927414065
1.95041852926227
1.23271763216294
0.506422471260399
0.728042688897192
0.978842908728639
0.809923473228298
2.11595053422259
2.87755757654687
1.92820272926482
1.55825252977614
1.40330120775063
1.55134986831275
0.920788981385925
1.11878753537447
1.18057297833517
1.74193895611891
2.95511784553763
2.10884296834771
1.30447401591301
1.50275956545056
3.5789198196479
7.04803839750811
4.01136041973192
1.54521268561989
1.80066260751966
2.43721010534549
2.04183045625805
1.93514400112456
1.39874031071242
1.14624635829435
1.58798077696136
1.03674530872974
0.912034628258959
0.839896795406622
2.00467406304711
1.87545003770983
1.32337687948367
1.39674399961407
7.58821928645855
9.78397604444823
5.20446087899992
3.37094598177404
1.93520189832218
1.61045259409475
1.7839866284691
2.14229958302809
6.04666414513487
3.09235490775277
2.09673379012567
1.25968773899982
0.908144359089329
1.23959946295466
1.16625302802419
0.786773474286523
1.49306185684944
1.46550329291413
1.23710884912091
1.3815064689161
0.637318555450773
0.591154786017961
0.600095000604207
0.436136862762368
0.444267681807409
0.288757587590572
0.527128098496203
0.696391348783674
0.772545513876784
1.40681700295446
2.77034018425079
3.9053822278443
2.73535911553519
0.797511262721313
0.644089430098226
0.943605377530293
0.963299211600456
1.32324075100109
1.65946736158086
0.809082195230309
0.570488946624118
1.37954359153602
1.3920787674143
1.07063604600511
1.28617320764125
1.11241209772559
0.833022921387582
0.626500421798247
0.642952689687814
0.40865977815732
1.01283453240639
1.71809377003272
1.49211970628239
0.873731863529643
0.738031852789929
3.49617763967759
6.9491734436963
2.6588623780762
4.86368252801262
4.37558616492271
1.54107410922101
0.830854509256722
0.586564815756348
0.826095433566655
0.922182315478509
0.907457586498659
1.08474295321333
1.22193379732289
1.8414573915854
1.12004554080296
0.900635098695086
1.52928300006476
0.895296047048297
1.30870236680677
1.22796415846979
1.5645775460826
0.573746088152663
0.826091768057138
0.675290036089968
1.28256305202044
1.29829262471379
0.931722065569252
0.772388908380539
0.652612832698584
0.476790149284316
0.396274469889343
0.539496786674075
0.762083158436164
1.75768495001015
5.3640044469435
3.11726164373024
0.921727087769214
0.586920930603892
1.14489669157903
2.39582058239997
2.70643007174725
1.41232487453287
0.948339978243213
0.848564577825698
0.401595591251108
0.422821293657929
1.2558075467415
0.931558836691558
0.733067805184926
1.02362806306653
0.925436553110059
1.02566026672724
1.62025723598159
1.2433485265375
0.866963744366141
0.770355206229506
0.763510359616612
0.99499305804506
0.706614965692723
0.747607230414434
0.737236633817032
1.5817832755009
1.57861724911539
1.36020391441128
1.29581186938498
1.56734942626918
0.788329963795405
0.592385243310037
0.853382412898184
0.921207551125245
1.2627807156075
1.28817363769977
1.10286744583777
1.481879620828
2.96629390857998
4.210791700483
4.33031892430433
1.23629742914721
0.624402055849211
1.19535051455873
0.875996589700653
0.53403806373871
0.833178408800752
2.01313279009958
3.18662621727746
0.798267886781323
1.43549518493043
1.09082045097649
1.09592162520044
0.922513945308076
1.23551720508957
1.16383436398544
0.761795250026095
0.843478452468209
0.661166743837649
1.27803493664381
1.82058623322328
2.01342267246901
1.50980696748755
1.50567294763281
1.7141125888166
2.72152363670448
2.9307216154813
1.28342794916325
0.663315220648288
0.769615934214598
2.04663388575633
2.33178284366975
1.37236425073095
0.913653343325109
1.3260121072507
0.993399447367785
1.98898438497863
2.79962823978617
0.70187991835077
2.53193577953661
2.4938139350444
0.711750568577639
0.726409469969736
0.956735450084216
0.921113824093702
1.0025374252781
0.864224504850071
0.730599900388185
0.452464289370309
1.36847980657323
1.75523157916465
1.32821286711126
1.37534246539567
0.826309540286305
1.01397344767386
1.30309987926989
0.760079505767268
0.994630786745678
0.96666084000271
0.797390991515239
0.958318147420929
0.606916933554283
0.931913083688346
1.08019313682289
1.62570607403636
1.91336701266002
1.38525826690018
1.01270831229632
1.8617458135289
1.77977391469239
1.44454642369807
1.48160562849112
1.44462330916598
1.2675722889541
0.984569457212113
1.45208523416625
2.26887265234671
1.78218880815911
0.798108987735081
0.733780210250553
1.79366786456963
2.86966192168733
2.74978391070409
2.19766232334385
1.26428591452598
1.0025571515957
0.932568084430976
2.74776340468704
2.4441541058183
0.83312758383316
1.37531450932394
1.52243596738867
1.6544585577387
1.87599885747353
1.60978396526768
1.14812352496805
0.95497204353031
2.36695532196003
1.99822027235071
1.96646055910297
1.14450957063276
0.478851379715079
0.540965560640477
0.895357412571737
1.62292943890396
1.73692160071359
1.56695661226966
1.31385549227773
2.67449364300963
2.45277766153556
0.510319719882202
0.732890027900412
0.672715523679334
1.66956667841051
2.80291770479629
1.69390321256548
1.49809954306037
1.5450795143626
1.77979878492154
2.31826329153858
1.43154539680326
1.18559200136493
2.50324448225967
2.96077001779384
2.37657998641972
1.1701455498865
0.64003841978394
0.743747387974251
0.955228486565934
0.958837047534264
1.19787155458154
1.39301296902174
1.40843527649347
1.21686337440081
1.30422076600109
1.45406797255854
1.39919177555465
1.28924526068751
1.1545529692377
1.58279532840638
1.80400574661185
1.13393104672045
1.3853252057487
1.42662924194048
2.78603026920779
2.7739947683691
1.25725143243472
1.20970748144821
0.60971033474373
1.46646597676071
2.71506972607787
1.70100572351274
1.40309477899985
1.56610581167279
1.45271120242348
1.23377384076724
1.37472099795747
1.80431007140724
2.47993177253531
1.89807718404437
1.42224577308636
2.34975376041838
1.87178714737795
1.86909797745227
1.97173793345256
1.03091343031963
0.678690626388485
1.13547122259532
1.46488561547539
0.922119134288547
1.70666050655133
2.26213355341776
1.36164772375038
1.78222474766261
0.773840739970974
1.13805293122058
1.38288938931749
1.21538932028487
1.27731110804052
1.07531008307121
1.2354079941362
1.47277147201269
1.49244213446588
0.87195325206331
1.67983135171807
1.69817546355713
2.5697844881557
2.12427900296261
1.2492292747358
1.64685803780786
2.10265094325932
1.53045927166361
1.69199660127749
1.48549539664202
3.22921567856981
4.87901076277248
2.11701015457605
1.21044521503027
1.19259919071643
1.76776045075164
1.32735403977312
1.49521743157494
1.78525152942495
1.29708042495775
1.89656407515704
3.68865939386533
1.88615147937226
1.3480994330598
1.06998309472981
1.68684393913604
2.04763361479677
2.30382414122108
2.08809280448134
0.741114708283774
0.716709243196238
1.36516156561337
1.3422126826111
1.29362186800444
1.42899737826355
1.66963608693789
2.45440373415983
2.83591443234187
2.17665322168785
1.3720739534262
0.999150611408997
1.03525081483758
2.24471956261632
2.23113467490542
1.16912178760515
0.836768969528269
1.67867997747224
2.68043636735903
1.78157612902945
1.67422818766212
3.84698354916078
5.74615112783152
8.50570543674376
6.48937726034842
2.34983964520318
2.62360907624556
0.828901733075677
1.65193125903456
2.06670466949063
1.61846726458013
1.88538856165958
1.58063998382868
2.87969137331947
5.36585911144356
2.59586270498484
0.968199859186912
0.58153726358448
0.893626622338324
4.76531316118987
8.85145583718881
13.8533143070477
8.17484375076294
1.93112162761868
2.17139302244073
1.96018260993188
1.82511667202223
1.23916486734573
0.98087788842847
2.4385229869235
2.5340026899656
1.82622580793462
2.47203694447524
1.16664534263627
0.727771420218073
0.669021704850954
0.578888406989509
0.44190514020866
0.901523621884004
0.987207469053746
1.09985835839432
1.40269700823482
1.57762166562429
0.967882879040752
0.677396900100471
0.48178714243577
0.745308807909296
0.445306346916021
0.951591648281466
1.55135266151058
1.73182939275515
1.99752487399811
4.13175767077067
3.87524390442458
2.02059200303218
1.23471538993593
5.20409790062297
3.64039919007028
6.14538875471049
5.48437286469973
3.82765473820778
2.14049322472011
1.00342693470624
0.892765419032576
0.571372327352727
0.972545825025385
1.91917120058076
1.05993085080467
1.84884569568314
0.616196326466269
0.915506225935392
1.35127496162479
0.804024736782675
3.99813654287868
5.71037398236532
1.9798817491063
1.18184978827733
0.751822040974113
1.23021755932144
2.0575115987806
1.604356985736
0.40625928536927
0.660483728206371
1.08799981005806
1.19312109956482
0.901545407971807
0.780780093629526
0.812530549012597
1.50001774588039
1.98571423521548
2.7694676200355
0.82752560981575
0.374521156466787
0.348945450113207
0.485645503419064
0.714410818753883
1.09823781260873
1.34159441608521
1.45294179431971
1.05151489688379
0.651084227277371
0.694250374493111
0.654092076628493
0.806181816185841
1.65870546503892
2.78697252350174
2.12092584341996
1.41835096096074
0.73613591352051
1.33231474672191
1.24852445985173
1.23519846108408
1.19078800080074
1.06072182396613
2.47311100374557
1.95715334301279
1.23282844813593
1.47834749768088
2.10307716340914
0.830802148404334
1.7646768211388
1.74279504713391
0.626091034310713
0.954661477564512
0.807897218398048
1.7886691889838
0.944192832213842
4.87210447989859
7.6314356405738
4.48834672736
2.50436361393052
2.10349233089041
2.43689889090997
0.966532175171263
0.838546418122403
0.632714595280939
0.846756410193753
0.71953700680729
0.562817761043586
1.76228639066388
2.21916902266171
2.0764893477867
1.01252178116172
1.05103050393382
0.76519861101304
0.802448272667783
0.874127673485439
1.8372022122346
1.9066179910224
0.97363660164285
0.879000258448263
0.757620310567408
1.01445322162245
1.41929195765983
1.28692639851293
1.05390693211512
0.584345598253076
0.614822260147618
1.39114371318036
1.20096099134835
0.612592417871488
0.933275679109434
1.36831396366069
2.62847593362725
2.35819032639126
1.64846386761583
1.51731778406949
1.00122785040746
2.03024642123218
1.7593774098867
1.00379269516241
1.84642777162658
1.88140554453552
1.35978448631983
1.73042470354372
0.986263686795118
1.38292505462994
1.33247016925669
1.13534202158222
1.33196212903309
0.782550181832572
0.920406305245547
0.733468241299679
1.48527153978603
2.34082367424716
1.53536067905463
0.859794076070784
2.0955714439903
3.17826624343498
2.34531854178642
1.93234830009731
1.05853792960849
1.07163390772898
1.09257730740649
2.31812972825232
2.08127858394635
1.82567790513536
1.24862018882185
1.8496593732287
2.02749992205212
1.42550598485011
1.10031019117619
1.11198632032035
1.25240018662321
1.40547515120551
1.38065478703369
1.53208877985334
2.20781048223745
3.40722415207073
2.47790444684571
1.47092578172133
2.83108916766995
2.61454219417191
1.24599614880794
0.792666452329389
0.567816904038174
0.718112646121446
0.755044378226329
1.34469339455302
0.951341947274633
0.678732530365519
1.16984663241418
2.19734747734911
2.66703771150217
2.78432995950382
1.93290321132852
2.68336377168311
2.2729957142001
1.26960535138346
1.62103102391348
0.80879254043
1.01457475504837
1.74385447976575
5.24997117413437
5.01302971905559
1.73960234635929
1.08582963323562
0.838433455857459
1.00856443113538
1.67742948404416
1.72338739927908
1.09414170658147
1.42377744939449
1.30698784388695
0.963339311888872
1.59009574226793
2.0130433561738
1.20952247076547
0.758618070508615
0.904400820133426
1.26213335180327
0.980010856976095
0.688398084249711
1.6884616076385
1.96266906478365
1.61784405321622
1.0657450249685
0.86615579759698
0.952411279113089
1.5837054357895
1.9854959362473
0.819658450266959
2.79008125962956
4.4612547146938
2.9405722928277
1.99232906996276
0.977255722061001
1.04258523230091
1.77711799672706
2.44307945584878
3.43528697989129
3.73668749538821
5.1241534807566
2.95249994613112
4.24337763469375
9.8224834912353
11.4521735917511
2.89097613463089
2.34829737133588
3.18422877636127
1.80533496183068
1.17171805638582
1.51079041131014
1.81050611825395
0.995951814448984
1.64972324536135
1.77330320725226
2.23005537254797
1.96350141694002
1.61328087029458
1.56314369745485
1.18290471052626
1.72760731805593
2.0988456795413
0.861189412410864
1.01770160362088
1.13611788328723
1.3820538437739
1.2249809616003
0.829780117661195
0.940215330378835
0.877501219179704
1.82436487074859
1.57220014508184
0.995278363209097
1.10865073554679
1.43344822042924
2.82609598145618
2.6060042017103
1.31391749132948
0.949430936318334
0.956394467643213
1.37140590937815
1.52289120289275
1.6685341934816
1.20744915148794
1.9669801482971
2.64131899594695
2.07455648521555
2.75747728995547
2.23779870316536
1.84227109574031
2.0186976082021
3.54570010826315
3.56919971306464
2.60610234337494
2.95746125482981
2.50384332038469
1.32535922143048
0.937046032137647
0.901677889645969
1.74788709727067
1.71529593591529
2.28648146977037
2.48183117135098
1.2707682969888
1.0262048365685
1.03086423312028
2.46350465333035
2.75541494069927
1.61425230873215
1.36910790475568
1.22390231861443
1.49511769295437
1.63219606598815
0.945676385315321
0.83966986614811
0.720336933517632
1.17876450714347
1.28115711652588
1.17168610716914
2.96420661688969
2.86512503883696
1.64692406872645
1.0269323712323
1.61927696169296
1.92572939685869
0.991229055385964
0.515025316597708
1.02226910940857
1.726406908489
1.73773391381433
1.44523294644868
1.16749078367306
1.51308986881753
1.6873577432165
2.09059233126943
1.2713669058705
0.859806179530785
1.31597090288928
1.50630764678739
1.1489634029883
1.33917914310939
1.15469296181022
1.53947985497471
2.23580283513293
7.45731721587716
5.44325517449111
1.32016725390555
1.12211657676589
1.24849918591308
1.01745738306558
0.773210895815705
1.36546061767629
2.15818511407096
1.44953610220451
1.33665625089531
1.03590247546726
0.779943150427324
0.952986070556961
1.9757316196862
1.51260791216869
1.30399667299096
1.31713566874192
2.04854890164143
3.93094401237464
2.63496698122499
1.20232965993061
1.12997454482473
1.72005800896616
3.42511929315777
3.6410001117034
1.60542358841516
0.943372203095327
2.59340195670796
3.0381562734757
1.41380036995066
1.13597314623675
1.07481386131274
1.2668786811065
1.60200831568602
1.65991662015907
1.23833440106407
0.971826533687562
1.62533545736437
2.38770061669237
1.21829380426582
2.1586612809826
2.19556538145812
1.10669340145316
1.60798435543035
1.69162874994194
1.49079123534474
1.07929349873606
0.677869866113154
0.790392164881872
0.899662707461612
0.996688146311927
1.8443577062055
2.26932934907554
1.90060250424052
1.15438292656691
0.563964900643276
0.865676202475928
1.48866612783858
1.30612286956014
0.869397001676336
1.18244755033098
2.20946278592012
3.79876095585373
4.62224709588352
1.07598226921841
1.50744277951729
2.76462106144864
3.74006545890571
2.53230148520362
1.83922843068157
1.32342964522759
1.97518095915872
2.81842436699253
1.27296182100618
1.41793791924563
1.51752295722151
1.68839865410341
1.75912574810719
1.10790056285493
0.9551762781056
1.67118341867751
1.87610628198262
2.01221083335559
1.77281191965043
1.37258744571561
0.990722131983821
6.31536717943396
8.44718344976297
3.17467517570178
1.81549825977209
1.6989911305104
1.44105225653329
1.11542305364917
2.39710353436578
2.3419835812745
1.76139579590117
2.12246463499693
1.85321818926207
0.944201041440711
1.5020493253589
3.17484452405688
4.12173477376181
4.2124250960639
3.91439292898555
3.62390982643919
2.88371807053976
2.76791738741077
2.46820561341591
1.4498298368309
0.758329589694457
0.724266273479192
0.618768262436553
3.31439671205783
3.58907779312514
3.80459488690035
3.08842792260237
2.94154090630965
3.47730201814436
1.74318161242057
2.43848775414583
2.0114362927305
0.900035405997453
0.899914314505487
2.47895061264516
2.4192427763781
1.15043376010066
3.07016243096597
4.23659878372345
2.15703016626818
1.27162376310693
1.09963417301551
1.27340220840286
1.72662898869945
1.81318401062361
2.07946885098276
1.79700424046463
0.945263789745182
2.10279418001364
2.25512143952643
1.48566387049066
1.48343503168037
1.40427105036994
2.10021337072417
2.44730121647053
1.11370054938791
1.14006300817684
1.17324132712679
1.3065983189389
2.07231482232928
2.42290945540335
2.23343823251762
3.10517888006583
2.67712904191339
2.16533225459742
2.29893002337092
1.49151344630552
1.07940705163286
0.755211520930325
1.07916526123529
1.73173330057797
0.992792653860877
0.817240319837271
1.50373093411651
1.91593676372851
2.26455189624363
1.66631464981872
1.52968110828158
3.39216235501761
3.93354664690187
2.77092223834871
1.24583255525567
0.723130398992484
0.968085476849324
1.32542278641989
1.08159521407273
1.40664717109792
1.58512584932312
1.18941678398197
2.26096750666655
1.54834934037756
1.5589820646585
2.23970251111818
1.84201856744424
0.942103315409077
1.65311657150446
2.62904773887715
2.59654039503266
1.8421204388597
1.57815191500448
1.5963797802793
1.83877247875795
2.54968422040219
2.05402315487113
2.57789841016844
6.26284671454705
6.58993904258203
2.60704326261343
1.93878533977285
1.7410253253816
0.969714435016271
0.67398091828037
1.75469694632754
4.44674793219252
3.33947816480534
1.45706047633672
1.18474740694061
1.85184961735665
1.93412226355343
1.94681832520589
2.24258604726335
2.91074699063731
2.93621704907446
1.6973650828696
3.92403271122418
4.82062095481662
2.55598672915254
2.02619748681836
1.8416588478375
2.26825254382366
2.65151719746467
1.49480919197325
1.22533312213287
1.36829713585315
1.51641865312354
1.77461894292576
1.55711515949124
1.07577497376812
4.19401111214627
3.91945905202679
1.37735230064504
1.13706434068329
1.39825907617
1.27876522169724
1.1869984700882
1.36570525985656
3.76849862639175
4.40702075059376
3.92353100629905
2.46336128766259
0.8736492608508
0.705770582732074
1.19806378024484
1.21386993004491
3.89868955600047
7.9136273953732
2.32879443028677
1.28073995553301
1.58426969065315
2.32635313511943
10.585149224514
14.5900801915737
4.17282998125781
2.09712549373138
2.70513578033442
2.44405596780745
1.26087471354767
1.01233043838303
1.79415484385579
2.04250157153237
1.92114789036167
1.61140053711892
1.06300019529814
0.936955902352028
1.47308087095012
2.38984898857421
2.6966269285879
1.54234001219279
2.04748667294349
2.25502584455311
1.66061179196348
2.38366206691539
1.36726243436501
0.88330359829502
1.30347419388946
1.47874030756335
1.66396263868459
1.97425075619061
2.13296469710539
2.72739397434838
2.38283875539833
2.20445101622361
1.26513378782507
1.14631167758828
1.95269350726016
2.51333054942901
2.13687099063288
1.39364685162813
3.14275500550627
4.07782634077549
1.61768296100206
1.96019700864295
2.11968083767362
2.65103775230692
2.88032043005783
3.31158588521475
2.76126904393709
2.4667876961182
2.50105486372445
2.07688424259722
1.731662930625
2.08757510204441
1.72183058427703
2.36108793060651
6.65609639065382
3.43728186100896
1.2809201308921
1.48117630159929
0.846946231737871
1.31220650491055
2.26080135503483
2.37748657350106
0.894310736822051
0.925416281229059
1.5362963056154
2.1109854285714
2.58350468174887
2.27744518601015
2.36953350547607
3.53024503464212
3.06047037832563
1.52329825412721
1.00290699722721
3.32180753764888
4.49572454166201
2.25639160559589
1.03947886967278
1.63954477225214
2.63342066015975
2.03822857729776
1.884140835569
4.04433358832535
2.98210563160657
1.45555080456219
2.71546783346413
5.19215840312609
5.80936656963716
5.45363740934783
8.33892533110118
8.48383127919833
3.87444391091812
2.93959034096153
3.01358336306611
1.23320786037755
1.48319492999758
2.31379099507055
4.50722851124487
3.26674545196914
1.62464447515126
1.02061094801386
1.92822457816812
3.29502151625814
3.52105942603425
2.16673809227277
1.57170451626198
1.25586083624155
1.3787049861362
1.95150768811475
1.32350386150785
1.1414508342724
4.35455302781762
6.58468802917614
2.57278129661223
1.34185590881211
1.42468948498091
1.04515699478221
1.09189814449471
3.33213280794186
3.24147687014315
1.07658201822733
1.1240296117959
2.60169585996531
2.91751514084808
2.13150237848717
1.17599097190735
1.00947504115568
2.83424832102346
4.59301262328849
3.22348015891478
4.71345658752095
1.84618324974433
1.72950595711811
2.9481342849494
2.80903800082083
2.74162101625163
2.38406571937217
2.62422110529305
2.2694458274931
1.95139561071028
2.35873762742012
2.46883338992659
3.74777361646443
2.44249909782071
3.24827532495237
5.43641611552911
3.60128848116488
1.31741020568121
1.24778546731961
2.45561527234983
4.25227009696824
9.86836590305124
6.02272043940576
1.43496133222507
1.39667720084767
1.63802558326373
1.99852006373514
2.90786722856714
1.89908275785228
2.05532702726153
2.0460344195332
1.28126338914477
1.70173563024154
2.15798082604028
3.62742269348912
3.92962136496285
1.28428742526406
1.78237618182586
2.64489585497255
2.73163157741146
3.19217584936382
3.33145111372249
2.12280444544045
1.98543649164615
2.11732644699165
1.45394371085731
1.99818186318831
1.85953993633092
1.46538659753759
5.59770155512838
7.4488416771421
3.14007917109677
1.48170140806914
0.869730926055842
3.26131826138966
4.02763468582652
2.57300004549422
2.12978719279451
3.05475002035826
6.48451656151194
4.21990691944038
1.48668606301989
2.69661537310388
6.46269767950883
4.10807418543726
1.6800252055104
1.44167623769024
1.40648870713228
1.77734694070121
10.3101281625054
12.5220563033179
5.39488198733522
3.12502595747681
2.71552777958896
1.73989808597856
8.49816976630466
9.475007223782
2.43308803159428
1.71022676777445
3.52608943650682
3.05802382853775
1.71606910800293
3.056870194613
3.85829443073119
2.31183420789431
2.92867393663343
1.9400898455508
2.25054300106278
5.16846008465807
6.03487378821689
3.28200427448949
1.69892229541976
4.22532514155141
3.06351754795355
1.67102452412142
2.41029273711058
1.85002556330617
1.71539517845939
2.22433753941256
2.36685275255168
2.36762843222056
1.86993838748036
2.78358538347614
2.68661479527658
1.01790311200912
1.00967018373557
3.28235146122922
5.4137354259704
6.61470727566822
12.5204551062895
4.93199160679114
3.78587658683077
3.56926722429068
2.85149689427691
2.23380534513373
1.29285065436249
1.11972804466684
0.822596937096116
4.52085373713252
6.88603446131564
4.39025910690191
5.48451371075051
7.31236727788186
4.7855914340002
2.72881652117254
4.01166959330591
3.14339315917017
1.82016278520249
1.91763138271021
1.59923635278864
1.35834004729385
1.8558165975277
1.59492808994958
5.60809834556441
6.10641432687317
5.56399453301561
5.23134327947369
3.11897776706752
1.69847962741094
2.9605721027508
1.68226757732147
1.83901333385575
2.75220732538217
1.80764642715787
2.32620610711162
2.42429853228841
1.5622073656567
1.46904071514884
2.19927679083702
3.89447075629701
4.49084384532813
2.79746574949777
4.84621013259516
5.05260213425881
2.71898918819862
1.93728497592189
2.63365684907488
3.60139457594354
2.18253327991119
1.19779348394775
2.0532019846436
1.92001731877591
1.27305450118394
1.38794598550171
2.31121767506859
2.3221275702065
1.15401625025063
1.22813477679129
1.32268954485561
1.16523582860382
1.8829150830705
4.73078948487191
4.2357594700536
3.3305785295904
2.30850415208151
2.67452467954683
5.28070216220596
4.9653358259874
2.30521383013927
2.59174662299504
2.52582386040306
3.33299803786369
1.80079698858821
2.83518764602873
3.08637323109376
1.84190770351889
2.39711079204677
2.21594048093433
1.79726058244474
5.54602290164632
8.34511262167948
3.34698880813362
1.9469346134016
1.33888492673163
1.70277339017373
1.45706885956849
2.54090532401876
2.36102134902814
2.40456770050498
1.71165564016893
0.993465248699935
2.13469756655072
2.97971752778491
1.50541734969971
1.71419511081715
2.21306371092863
2.45938462182744
4.53653046415637
2.24437306122179
2.15170024156282
2.28976935663601
2.52690827511951
2.8196834009981
2.17712386117254
3.0821517714389
3.34457921925196
1.39058046594484
1.4386824410194
1.44982414789616
2.22330076531845
2.35515075848415
2.99281248964175
2.2180595005313
2.82553925650157
3.0521551291801
1.55359575017084
2.13509574941867
2.99135159079398
4.85369897061124
4.51422530086237
2.55116619547418
1.42144584279651
2.25701882448419
2.90864011583396
2.22996541575951
2.13973058473975
1.38395935874435
8.77069571405846
7.63334181282396
1.62151018882584
1.50149095625882
1.25269686107589
1.77378543290604
2.86582465446683
3.69014442316873
2.35116298244841
1.31919496486203
0.947473345536061
0.639986585754077
1.40427448500524
2.412567774942
1.62210536225529
1.45943600497199
2.7984468686789
6.70303828011716
4.77132534116814
2.48009124983739
2.71271966065116
2.86353409711505
9.12901982426587
11.1065167189574
4.67858222544011
2.74840448177396
1.94629932976212
1.6494420805694
2.20100591052852
1.15609107896835
1.22077279196648
0.912704552496066
0.988971963686146
0.931936740921256
1.63519794086064
2.47075975648034
2.8411659493931
2.63884795676418
1.11342823571852
1.70814361618404
2.50070989854038
1.42094286728872
4.04068588706157
4.05913276532952
2.74073383453532
3.69296453768595
5.03317275540483
2.81024550275903
1.5601436905462
3.23074343764255
4.43481646880845
4.23640798088729
6.82947790588362
3.84611546582334
1.12260713070872
1.3320830964754
1.23836505909274
3.23657677037436
4.54206485272293
2.88946652784621
3.18229430044845
1.18128392085268
2.49186502351621
2.55441621915658
2.09429067017477
1.48676696318528
2.08723993821731
2.65074527066488
1.24704227250207
1.58503369254625
1.73337812067921
1.91435794003041
2.80318200135335
2.67003226602876
1.92239320884092
1.6084815880031
1.40619757240543
1.22914768321148
1.38977205108878
5.39084487268805
7.27930280012065
6.41588054732503
11.0756977447883
12.8950665888643
6.87317179452778
4.0831772869759
2.51817063869844
2.44069263888067
1.7851329392374
2.56670850927587
1.45704231123174
1.83936928818836
4.24501397676791
2.16385666931767
3.42704210673973
3.18073819331732
5.08033833299165
2.99324950447344
4.30138386277473
5.65025028593871
3.24906469528758
2.38614337300759
1.00142495525446
1.58816852107713
2.08548586865517
3.84545953991708
2.74052418577741
1.17681085712808
3.37727031009643
3.81069232899631
2.41812354173757
2.5225168814245
2.10771427632246
1.72582537264713
1.82475559357076
3.7362958617342
4.35067482201321
3.91884748732193
2.80406677541706
4.7737807172802
9.89880249987064
8.54391452794528
1.96869175256361
2.30622431649434
2.91597624422599
3.2414933545883
4.4019037030443
2.94144527261274
1.95819076397998
3.17653782402368
3.31912179320928
2.08756290619661
2.98863396995902
5.78404717117142
6.72341869528911
5.63477485031374
6.37407881640408
2.50259563448194
1.21209116568038
2.20841697748728
2.69160185273907
2.26801835610209
4.88911692307728
3.87444852094266
2.11602416848224
1.63066564671573
4.58876534614504
4.71121461104099
1.28433507180442
3.45901076099656
3.95690982857097
1.96588932508038
1.74116764504668
1.96052502949466
2.4573819228294
2.75110204532137
2.1453331066432
6.46094466282098
2.27582150003333
1.87911587338068
1.68945424443977
1.8896362310721
1.5037180930151
7.93252453435548
4.82915726924867
1.64249577795923
1.67863930524228
2.07051794169966
3.98489153533563
3.0159818601047
1.54120516325381
1.94306947351419
3.26338828764657
2.24923352965048
2.16643920021079
1.89833915302114
2.24012723476073
4.85095400824966
12.6436644477333
11.9942595228961
5.21290817052181
4.63294282459505
3.95466189572497
2.84407213773708
1.91535602987411
1.13619722295784
1.25925997135894
1.7380634364262
4.00803097446832
2.23414943993968
1.45219592195984
1.64804660947682
2.39527600388957
2.55356791213522
11.4987197479737
10.7774364420807
6.59343628289999
7.36592599623403
3.33287590849425
2.39040947620428
3.35646208367478
2.39353041258897
2.4636465132823
2.12019654780558
2.61639773635619
3.77531797455144
3.50155665389133
1.41111278053131
1.07727862023005
1.69137863641159
1.53326983233362
4.27446275479526
4.42536956340151
2.56476407528048
2.32422855250111
3.41062682857757
3.01967608734817
2.58236852961227
13.0599393488987
11.8538455249653
4.52676488572274
5.19050634447288
3.57614236420368
25.7136710132246
37.7474383162785
26.1953838805561
7.56204542770174
10.6700833716972
7.87371738613411
6.39543297311579
9.1336852440753
9.78587886957607
7.352771751184
6.4218855535221
4.8813849607129
2.09084690841719
1.76199382940678
1.54429092010049
1.70479950228436
2.46663993613939
2.73957260271378
2.54152588120098
1.356428062154
1.06311686052966
4.96196971583518
13.360818653741
3.67984052454306
1.13586485693798
1.31297931377255
1.43650333472996
1.11882030380726
1.01425143665614
0.985792791656633
0.811124795654036
0.956420857904576
0.533403150786476
0.545271025640117
0.63690527658858
0.851346961844456
0.934362577754022
0.883920740350505
1.18890707105829
2.65318072636378
2.30510388888155
0.993984249643054
1.01903020142247
1.37233319683734
1.51260042628295
1.17161663600353
0.775917783255918
1.51660398662217
1.69970121933566
0.995250568480817
0.848159513776116
0.679406344126385
1.23847040139377
1.26612168441717
0.95377295786966
0.814007958658755
1.17838676884986
0.913698780465423
0.744379192376643
0.929894443780148
0.747626581729264
0.986041349066454
0.890998693698712
0.651792867909561
0.745045147592448
0.922607623055473
1.23965394853431
0.921616212943436
0.853512511108487
1.00852757144206
0.660912173514776
0.732595032752008
0.913682229511644
1.05416248810985
2.51266488665434
1.5514606007344
1.15747004503633
1.29241414611705
1.01089853315399
1.06259216107262
0.890562229813087
0.991701386113282
1.29812057352431
2.20690624348137
2.13299967634814
0.876437952026658
0.758819207607843
0.983517329291382
1.08061855897336
1.39710780682221
2.13915677583784
1.33122945927804
0.450240855030546
0.460183853434438
0.649322120672774
0.661594513591995
0.891104791953067
0.929307711725658
0.804026476132176
1.26752478022902
1.38382096742915
5.6822012454226
5.77906599488461
2.26826374510832
1.14158235016244
1.10307318077777
1.20378478619232
0.986824547182571
1.14392937369144
1.30288391425009
1.34794562681237
1.9573063619264
1.12170965597671
0.705595517863781
0.955168121457071
1.00012884128831
0.817506323780327
0.942073985029848
1.0808887630191
0.636105672094519
0.716182189054153
1.07159915612515
0.750029476176981
0.829679387455636
0.974472307600408
1.24051171768078
1.36928992564597
1.29435032545613
0.877146023928558
1.25592721895925
1.49098435321514
2.06148169368439
2.51488188707845
2.65450844469319
1.30445701923627
1.47728928297457
1.51214661231056
1.10252183653465
0.969964956374979
0.784740450754345
0.715899364472272
0.742527042966768
0.7907898538856
1.369711290911
4.64626049181393
4.67767705525376
1.38019561736711
0.806148557934622
0.856147009143922
1.51828858964834
1.42008539513786
1.03664650381781
0.902400437892109
0.895539283597252
1.23991306431797
0.820478465888126
1.18256858250327
1.43154351047896
10.7383632230891
9.34368446165012
0.787259410004209
0.957306269690293
0.771923842995939
2.18082076007886
4.30745460391726
1.30887578623077
0.941993146015285
1.05016733442166
0.827394800025769
0.563544959266529
0.700716423516948
0.76043881765927
1.44752197245098
0.768451922765613
0.926955004855888
0.766795855664013
0.814467351960781
1.36930541048022
0.705205570850665
1.05060648285668
2.40652388906827
5.13524930219461
3.11997992380788
0.742742284802662
0.866994646832431
3.12780496573403
7.68121736185212
2.72831027359335
1.32645968431295
0.796328249510451
0.652700300571472
1.26158552125013
0.492428239488469
1.09312386020812
1.39696683359525
1.01937367314839
1.02771318594262
0.906773629535266
1.20671086103317
1.83213281838433
2.92366128057163
2.64247195191212
1.01272666619441
0.61679118257559
0.624628653292813
0.464313643893935
0.402959687966796
0.457431155132021
0.428787741388806
0.64807033529549
0.82667555794143
0.720703272324094
0.54792394870662
0.98558348163341
0.804266507148522
0.608245021273151
0.549034013805643
0.548673454390975
0.744612217317439
1.56460786272974
1.96887852018938
1.80741471904058
1.23132019538743
2.77329227344237
2.71208125653857
3.12121638021912
1.01170895810673
1.30885183747392
1.23221630121092
1.43979312168873
0.809363259918741
0.791501659881689
1.24372730540024
5.1309558141375
3.33241124456269
3.18548240246744
1.90918578845346
0.491257447903951
0.42959443027495
0.817197359469536
0.918576400432515
0.586614249808618
0.672571851178879
0.624349730203269
0.863303275984521
0.892603478677598
1.60247680814402
1.73334122583217
0.978004786707268
0.83234785374274
1.14095902913056
1.91556827453074
2.92510116962998
0.68081721397252
0.905067912186118
0.921073197017856
1.23135959012894
1.22665116046373
0.855491837264102
1.30912918673219
4.33780061615468
4.55911081732826
1.31541405666406
0.644079356188207
0.465294812101867
0.745989284055532
0.824370728269512
4.38114152551878
10.0000139714295
6.90506394894159
3.62032212128569
1.79781246071769
1.54287881068854
1.08882770992451
1.38606559765127
1.26136045323596
0.457916818299591
1.22604849477401
0.937200681103072
0.57336738221738
0.626490803004519
0.68401955145717
1.7838738959014
0.560254456694882
0.706671686392454
0.488905702384644
0.574074832631733
0.668203963827921
0.895913223320613
0.982207334272663
0.724752165990535
0.541408829007754
0.724213347673648
1.06313421726134
2.39314835605298
2.41211264709185
1.16385412350931
1.05905193526075
1.76791693105332
1.2393887219185
2.64213734224607
7.11347289368862
6.927173011234
3.12535968210848
0.732137118564037
0.613342109900999
0.495097863940353
0.776614391543723
1.32731022675939
1.82035159868212
1.21105801653032
1.54983109307426
1.17363213686934
0.947230103128177
0.798660259508319
0.65455104929251
1.08747669809418
1.17780458328805
1.78336435229917
1.45576273360566
3.60450059201785
4.15320606011834
1.23995671274158
0.828752943319929
1.53146252973065
1.10718672051694
0.38366823969805
0.768837616930181
0.969157274508012
0.997901506655118
0.852128391599699
0.805308304460779
1.38908793200581
1.99473612860989
1.84423772037115
1.05294645749331
0.938545633300509
0.846574271318414
0.947800740096735
0.946699716486719
1.0506418453831
1.10042989768294
1.20070679296834
1.18566675689132
0.902513089592281
1.42928763761927
1.43350937053374
0.793144088059331
1.03557113608567
1.02009468207591
0.616436444812736
1.06038288620683
1.7225851068137
1.58828534217287
2.32287553429905
1.89519294270281
1.09731304433309
1.36280531262626
1.2879140026071
1.49175788193196
1.20877291326286
0.836623167585191
1.73586788578535
1.85572372533662
0.390595056981239
0.552981943539456
0.841287791471221
1.55035881319571
1.11087143390161
0.692059073061989
0.697176958175162
1.03294604722413
1.29935692257238
0.830240415812616
0.902145016213894
1.18220740266532
0.928571681459051
0.447419177708102
0.51234649554787
0.787629215678603
1.18412516666576
1.65895071242945
2.45147192077155
2.4284673321649
1.93009871955889
1.67750198376529
1.71005023058099
1.05988524128951
0.668506681217152
2.59802115510404
2.99416546836733
2.80859239369955
2.2719786917632
1.93747214272254
2.07031652142405
1.82577730582604
1.94465115884664
4.9981580574323
3.31386210846748
0.83830416397033
0.821448390716679
0.803996616515384
0.659395024697051
0.528408285485339
0.530028050539781
1.58726538955003
1.83829671787462
1.26854886091246
1.8531539323075
1.13680341368957
1.33510591886485
1.12615782875297
1.08370988653388
1.05325386178351
0.911078960469201
0.656159891487653
0.850630113166148
1.3364320491031
0.917838471903401
1.43793980750946
2.05551372471627
1.52496400286531
3.92340206785449
4.10433856438402
1.90308742518854
1.25659053355774
1.56784455755997
1.63156741478877
2.11111987781959
2.23533451980229
1.04912085571939
1.0738791606989
1.59810957675083
1.0352861833355
1.57285044555257
1.47659131293108
1.72955488679109
2.00099183343786
1.27975933242562
2.9352462685194
3.09536134080393
4.29284366395599
7.7034234335418
4.87237198819014
3.22698308098358
2.55761752242094
1.43798689091274
0.697430392061567
0.801159150845522
0.671964188899543
0.460074130583771
1.13793041104731
1.31296790536101
1.32374049977915
1.28712804835798
0.475034035875583
0.841270391258983
0.738822960885895
0.45742118428478
0.693028186161162
0.864550115222315
0.786980070621226
1.92367259511534
2.11301299033991
2.18024685572635
3.30944342698094
1.6940420189736
1.28387415049484
0.957645517978454
0.600955074793276
0.511074230974593
0.656253793995928
1.1133690347051
1.26839845727566
1.08244271544184
0.960779993442575
0.594157148194706
0.452054621325967
1.13441010871451
1.36134734971367
1.79977938706552
2.24827438381258
0.932988362004284
1.05872982240021
1.86053668221579
2.85998860778627
0.908433070460144
0.778820236926425
1.02692027180679
1.01488442080038
2.75547145224438
11.2337365342917
10.7992875247634
2.42542478868633
0.983583301847732
5.10889203520397
5.82812313502799
1.14958194125938
0.435536051614373
0.512700532300929
0.852948487409091
0.644923328705977
1.0905370332048
1.35010797643356
1.30792995736789
1.45022248741585
3.61820088342501
2.63142046851567
1.38081372406644
2.1340964940721
1.97986646888369
1.78882706233621
0.739568076149644
0.754564973542936
2.28401434106825
4.18357847251641
1.90174253889485
2.08881776279271
1.09941126039329
0.837591437097873
1.00162770611044
1.20621094427875
1.74765600798144
1.55625331930914
0.913291278025872
2.04114666261316
1.79756858181351
1.07909108962241
1.21272291625493
1.72435824939829
1.20400737845263
1.78408790859296
1.86371171732691
1.93256923991239
3.83765547894722
3.94081310872618
1.98011085368549
1.33374822589887
1.53515200038423
2.30363660672077
1.51166697651734
1.21861702541339
0.875587441076917
0.98736812857618
1.97162437630333
2.30123235859938
0.861975965705054
1.52452050181969
1.3931804346396
1.51560427896336
2.48405235986166
0.737990254950952
0.811767800101609
0.541421912618906
1.17240387810982
2.77450949391314
2.22258257877078
1.60917630898749
1.28647035929059
1.08489006462037
1.81141276965285
2.50056608440742
1.32777704198994
0.742019640189145
0.753660003540316
0.672270955700544
1.67439781306166
2.9190430487018
0.745183903168278
0.503791105286915
1.36867291036622
2.56478275981184
2.82728277580663
1.61337815225853
0.838122776361532
1.86797692193782
2.0158895269564
0.934405996577715
1.81654161477646
1.91415631301831
0.895143324602359
1.59134000731439
2.58168669388727
2.29086020557392
0.713012973019744
1.47537116214462
4.07977686931041
5.66041252575103
1.98780354080067
0.943642427779845
1.22316656953705
1.59375047836132
2.09193181364817
1.33049673087905
1.50471511855748
1.61229964791661
2.68509639325324
2.41546638109964
0.785062804326248
3.81054940275335
12.445787891623
11.5258481028074
5.87729416456105
2.48071509928125
2.39824601032743
2.76749605032847
1.5592988603212
0.812091441958149
1.58543235201095
1.80828866485467
1.27498279895953
0.718240366656065
0.74432667899057
0.583860064520577
0.437124654929261
0.431967020793778
0.524690640398241
0.644169034618136
0.991236482776343
0.995287460627645
0.895149637655471
1.31478739104581
1.31797616967082
1.54245650564625
4.52912552317112
4.66145229493739
2.93669342942791
2.73021382625182
1.58048289094754
0.636053811537758
0.921878348060046
1.52286306944536
1.48250843108309
1.22619389174792
1.29672941350867
3.35983447094925
2.66101894255978
1.42267928987171
0.982361565567063
0.575061479119234
0.851923390251136
0.820547910551073
0.550029246202903
0.830138996191383
0.825641781195061
0.612504595806586
0.771153629548907
0.922710722036252
3.79431476408346
5.91298996842061
5.1095656038879
9.89188864221642
4.27994761677033
1.24367005126009
0.801970918309151
1.74154054911741
0.957789478752458
0.480885630381716
1.09937722305036
0.921915909453382
0.538705192065898
1.09844312286842
0.973436652901567
0.776204699244422
1.32924938606392
1.30934890374014
2.67375254845806
2.86702169908686
1.4092120348961
2.86162152515445
1.76146630419583
0.807192766024132
0.646015173785218
0.767645040879053
1.33609767957691
1.83778166765907
1.54627802204642
4.9829069363276
4.89587110245833
2.01793394104966
1.7739471081417
2.46039414866088
1.60537468409198
0.490965907443492
0.772707007297835
0.710544704350964
0.783627969374945
0.575791299825274
1.70134212736188
2.07070679288672
2.9119869722344
1.33755420688705
0.985933135525907
0.996595117506893
1.73027222847839
3.45303233302729
2.12982070491891
4.4306898798462
4.74310491168728
2.10250271203924
2.29066934446407
1.13130989410701
0.722557261450534
1.78834369263831
2.59935416670073
0.906950469978623
0.814711963646866
0.849836565127535
1.4597873503771
2.57912666247625
1.28713175666825
0.940785957738895
0.829389865927323
2.49728863724998
2.6649635907487
0.620765622746001
1.24574529597672
2.39721648416099
2.13316318688997
1.07477262164883
1.37061430831626
1.8046975768983
3.36082673622397
2.76268007619309
1.34463203423241
1.23235322977753
1.1949762490532
1.50703264272282
2.08725284172695
2.37344404855176
2.33101291975899
2.6829050294402
4.77841649739613
1.79602271796511
1.48841392200678
2.03356323264665
3.69338410671764
3.71591920304757
1.3872039088856
1.07297931697598
0.859606088402026
1.04901697473832
1.35339621453737
1.01244320361911
0.807990556147328
1.53209978040564
1.6614192739816
2.91346357574855
3.44719557949035
2.2481031260945
1.50094510855039
1.22129191058645
0.868436511590698
0.628115594189165
1.38773834176651
1.78124443589209
2.76056980550024
2.48975473274726
2.69667965325224
3.57012327213724
2.90369780473403
4.1389005792051
3.54399403957242
1.0900204000675
0.664068204140347
0.717550851947047
0.885631574452988
1.02998850729368
0.839149338627697
1.54312563350586
2.11772125777659
3.08589076647656
2.13534255234883
0.636038535175251
1.47736225229192
3.22008676162587
1.75055119608179
1.1402236298802
1.23912983279442
1.77918154746316
2.47080059995016
2.51716528403795
1.7787448952437
1.21125188187459
1.38979537101272
1.73296336738029
2.98785439949188
2.84140252292586
1.29002257775686
0.961072437402114
1.05298414378535
1.16484944049929
1.56305712609484
0.797172645812992
0.98681320982955
1.23069677594396
1.19107505933794
1.68350195570023
1.0426471193311
0.869378363834228
1.16880397816163
1.16844813594621
0.876093432283324
1.26867127366578
0.882597526744379
0.575747570359863
0.688307427334515
4.11949451164047
5.92467120769742
2.37229114289478
1.00657181722604
1.98956778829237
1.87943174785178
4.29040774720894
3.71566312581825
1.90797366961171
1.10708858063207
2.06926157811766
2.92582463181269
1.49719228217738
1.53174300098599
1.97239002101496
1.53279257895193
1.71447564891358
1.79727488195201
1.19591213887216
0.863659228704946
2.13903170283639
2.61292596479833
2.29493027895696
1.69667336185862
1.81134281987074
1.07051133813783
2.21826902842455
2.14359890218062
2.25868765569483
2.55640337707543
3.80947071240068
4.13699801761998
2.47509386688575
1.56678387199628
1.85058379819147
1.98071012253498
1.63638067044791
1.45344338996405
1.07813480231742
0.718957202208828
1.91623945292486
2.23075952656382
2.79829795093834
2.76465845842227
4.57245149907081
3.78704395965659
1.68135247002671
1.39644386694805
1.49004539913014
1.26676939129137
2.27393694494855
3.8054977461787
3.42582129399727
0.646921475449514
1.64687752226868
1.82300325874347
2.67714452638735
2.34982024361797
2.39498927635673
2.12605762939493
2.29913681568324
2.80165889877855
1.0777864694204
1.07653423272403
1.29927184565043
1.64484543041226
1.44012118802437
1.00641758020351
2.02911149315911
3.76900144280474
2.46570944602212
0.97759830343196
0.814934750097235
1.78560092415575
2.1105578817948
1.98051086725918
3.14638810848596
2.39291027471256
1.59191588524368
2.06502127493605
1.29430750215922
1.04884180455485
1.62464112999079
1.11834356410838
1.15995491827741
1.86181946994562
2.16498355883792
1.48962938978851
1.73340050423637
1.38061252599279
1.85741102455551
2.81347488495764
2.53922693341462
1.01219281311878
1.45129305587524
1.58384635557744
1.41769370528843
1.22075222391291
1.50394300064394
2.70276942480805
4.99266358848603
2.89623807983148
1.42684855795819
1.40473811555567
0.874976351869514
1.09647679384375
1.02788361444868
0.683891774719423
0.937188486373691
0.418676116211224
0.483171143992313
1.92264269583613
3.093519820801
2.08227584893003
1.7167301694683
1.76022766079618
2.67607874987684
2.65657479092678
1.34842266638095
1.90948575370728
3.54302078258166
4.26958084578006
5.40291731304194
3.71376560951098
1.39854325045194
0.93797117774168
1.09771207517774
3.24990363563702
3.31859369941314
1.3377327079076
1.68010326712028
1.59965413822285
2.32334446080335
2.61731530222786
1.52765942854935
0.97033807187106
0.905070066006922
1.76060216001444
1.41114027083533
2.0551868494316
2.33782334357782
2.23078716392192
2.94126097855979
2.11057783275181
1.32792999549604
1.19101784116944
0.758591025047466
0.549869239661243
1.28052592132103
1.60623893914683
1.26798700331124
1.34416074225574
2.47423968181681
2.13085357825219
1.81023723387705
1.83929196694875
1.29663086094755
1.28406417093288
2.35124707367142
2.89181086191615
1.408920121145
4.30113582868577
5.32144528370784
2.68933578140745
2.91236792847582
3.5332311433566
1.40932824990674
2.27526664004696
3.76561269377836
3.1046741125497
1.12627082672897
1.22952177301469
1.21648161608193
0.987525844897377
1.50457845582219
1.69550760263333
1.97424900728758
1.5806047175967
0.927276990110267
1.14408756028412
1.00920708141371
2.43645542919221
3.00866049053115
1.83891328974559
1.29130578045842
1.54420586826322
1.12874713242048
0.765756354312132
2.1643976890864
3.11411285600843
1.88456737457502
0.930290727233336
1.72930071757057
4.04754758309158
4.62758167996915
2.39017727505255
2.39458453938828
2.88788250596155
1.51657564773712
1.31380685544364
1.2718219417707
0.978977534152615
2.16015951339905
3.70800771256895
2.68733855600009
1.14980638044008
1.47749962909854
1.64389081699147
2.43989413053298
1.78721206383241
1.48319250314435
1.37215233195086
1.109729439427
0.843358248848018
1.68048122484309
1.9143552947353
1.2502587858045
1.26722271553233
1.65964833816829
1.41517084428636
1.180670009885
3.85786784987582
5.94044213185842
5.348645076647
3.5327810213705
2.22779243555687
2.42602941509557
2.51068267019807
2.3436466751007
1.08788024579199
0.924706775914565
2.5522504695438
5.13887089222936
3.69320991752938
1.14909395192855
2.07355874717017
1.39014000628951
0.971666583299345
1.8493591040569
1.92724556263424
2.9776534398264
3.01814279790718
3.90548618336591
2.02802507926236
1.980814156081
2.3685986482964
1.45500650182906
0.776058388687569
1.17603201847372
5.20810611683599
5.33600989162922
2.67209909156133
3.4444829638059
2.81741655648809
1.17455095795943
1.01513929175651
1.54763146437534
2.67911773820376
2.09950880614712
0.821129776694157
0.948116876851973
1.20242086707143
1.23595123340306
1.08157049955879
2.03670012511669
3.52395954017623
4.8120807427052
2.86992622057699
1.11470941698729
1.23572232638204
2.39410271642954
4.85330816132532
3.95514119231311
1.09762235996296
1.99548181341868
1.89611803239208
1.03628005285924
1.02927486867142
1.20009520945334
1.03799611068555
1.34671762926717
2.46636035604962
2.44290656464065
3.2300956400997
1.36840212054747
2.00500813599316
2.29805908718778
1.91270621170222
2.31673986868239
0.967814076775305
2.6148138485293
4.61452578788421
3.0422327087147
2.25371928628623
3.22620427314071
3.74851514999741
2.31212555878754
4.90676132654278
10.1250294570237
3.51735586473616
4.79522324032585
4.64609474512084
3.59521625456864
3.32607676074003
1.09877619558642
1.13904486769321
1.51733200403401
3.80878107511642
3.88513060485104
2.25496563246933
3.28724598048116
2.13538904751202
2.75659707506541
2.86634145251661
5.75660680651597
6.97786784633308
1.34585252957834
2.92679538777951
4.23486124297021
2.76232314865511
1.36875979268478
0.607420087874024
1.50743460055688
3.28797183745549
3.71544216458495
2.56753835271875
1.22744847599862
1.38276885769768
0.989983880453052
1.81297701023026
2.65493739135855
3.48357844262394
4.79702642087712
8.48686244291308
3.77346156456176
1.41741678615493
1.18158717402813
0.624388248664145
1.35307540444614
1.03941234308036
1.03190660826139
1.75249692586949
1.91177404109692
1.24103881608578
2.36759067687671
2.66804018412833
1.63690287675677
1.28091139535891
0.805998433695234
0.612801452691974
1.6180900223321
1.83375967285651
1.87480341624176
2.9228046393814
2.45423943542386
1.37392900728258
1.40876545456877
3.984092281152
6.24188574508595
1.62175180595866
1.65498109657392
2.22391719710783
1.84690382168451
2.63742230810268
2.00934856856513
0.821229680880694
1.48136368332215
1.45776867314266
1.22272664624003
1.88643158596556
1.82646647378793
2.2678938479267
2.14674678488376
2.58862012773731
2.42664213083888
2.29148122233487
0.874279554431451
0.811507775996171
0.552447251928385
1.01634802126092
2.20662885652088
2.05227950356427
2.88913796787755
2.44879160477692
3.21917063909377
3.60750449629831
3.76622450180512
3.37108889477999
3.31862459169782
2.65573620130027
2.41650490569148
1.10634535068548
1.35463494955767
0.781729666618083
1.78582566606184
2.84855084363356
3.53825123685531
5.29636973583235
5.72577440698592
1.80699823995496
1.57558703052807
1.37758972931292
3.46343245384183
3.73372803718515
2.08907652987346
1.94548996254518
2.06584560464545
2.81665696151022
3.43767605659619
3.62640027044497
1.59940299443326
0.893163075212532
1.41257469667643
5.17641699181158
3.61174746874433
3.25178129000534
4.15779888839097
5.68065346263622
3.78175697758918
1.69468277752427
1.67739927864428
3.44307409641186
3.98084700786897
3.44394596398467
2.68120948235912
2.41053820556886
3.01882400852074
4.41620889622242
3.06370620641266
3.90653397996316
6.25273088518931
4.39463570171228
2.51694230935828
2.08202505881016
3.63661866026089
3.93632181415219
2.48004630223586
6.27246882496429
7.78417589956635
2.21892163824064
1.16787559451707
0.571379774221165
0.749621483006873
1.20336566655731
2.74720393743434
2.90130775332396
2.19346816216008
1.64249157614886
1.12334352246851
1.63303552794267
3.8349644063241
5.32738155057304
3.97165505686315
2.33902132102524
2.03140700243274
3.25165893859274
3.69348513877814
3.36553380214888
2.56234586075257
1.06273710372428
1.79274315602485
2.31606806053155
3.82659818383161
2.47280996002753
1.89246474722174
2.4755428986748
3.05812451906115
1.52926537063681
2.30330701670443
2.70568117325915
4.46799079323684
10.1026714705635
6.4101435108093
4.43043719398786
1.70800952496593
1.91377248708927
2.41296992605288
6.54735505387509
5.82833262224939
2.90715702898981
1.26855434232902
0.608423724315168
0.67513018498668
3.50943774455892
4.5336385781947
3.45812040179339
5.03827564184179
6.78752827536832
2.74393442858706
1.10950070584642
1.38535721993092
1.65429933757685
1.7528594321131
1.47644415203964
1.01367242841493
1.23263101959003
1.72740289755935
2.68371674777317
2.86441702748673
1.87427771459129
1.43831737333466
2.30131916425411
3.24573345724502
2.25529597165522
2.45545916818651
0.979485586847656
1.2481639954974
3.46537126293636
3.8295770831857
2.62408123619196
2.46162106172989
2.38625432725171
7.8740007669627
13.5435273340724
11.0226750921707
7.91331502604823
7.6776168330688
5.29182797842027
2.75884532961311
1.63965952873284
8.53099429147068
10.0493555903215
2.24065812105225
2.21614292411587
2.83097188627478
1.23036548741025
1.16227723939485
1.8760981562271
2.50150665961971
2.08374791362986
2.16452128512788
2.72732383404692
1.76263245300949
1.63233199367522
3.70837982141847
4.35358250874313
1.32542517813112
2.21275863649533
0.596478753062338
0.710337925830591
1.42893255913126
2.08595735497842
1.94311357897586
1.99613200929253
2.806373157722
3.39914377407223
2.84833776991658
1.72978325259359
2.0936127897744
3.6386235960312
3.96709578668476
4.49076130388334
17.9816534005696
7.06483788186218
2.77818029597144
4.91081568995707
4.58471689302349
1.97804020488275
1.91386123429802
2.19110950709902
2.04900211135343
3.86237454429249
2.95631809100992
1.22866307809434
2.27185872539825
2.69505568561381
3.78611929248405
3.87306987111979
4.7193014147876
8.05779939161287
2.98547396098045
3.97585635226628
2.46953075290681
1.88886486757169
3.38722555268322
3.47993367488859
1.55036364383255
1.76502996901613
1.3729691103735
2.08680426277411
2.24658773571347
1.39799854200015
1.09815389110424
1.02005404460358
1.38869041746952
1.75977627261926
2.13813266971624
1.4723239603744
2.35936304537347
1.4318212881192
1.87449648506769
2.96007335931433
2.90386519406599
1.6683747551008
1.25338020504916
4.49160614726119
10.8479519863582
4.04791498646278
1.70375598630875
4.00902179919926
2.6613744752362
1.07082643449552
3.08135122050745
2.28480368815221
1.27656154660197
2.23957519077848
2.79856309963062
1.6296579062146
2.14749569908938
1.94136672698302
3.33472218658806
5.20682813677436
8.18535633364011
2.20690600894404
1.72482313775303
3.73519049415775
4.40049243705494
5.08347470854391
11.0159855418305
5.72828278511745
2.13241833275404
1.90643642913389
1.7931527918646
2.06663170950769
5.62480350164424
4.14688988062898
1.63923712926864
0.893149164512744
2.76545395886469
4.42206858836015
5.16988533339013
3.21573205442823
2.59613551466961
5.19381317670998
5.09156249304831
2.16683095055206
1.62478282611892
3.38015092877014
3.98861341763371
2.98162390734479
4.89824285146564
5.68249738526098
2.83080220611055
1.29639111534012
3.02147563024554
7.26215993869357
8.16126376350199
6.4011349991136
5.46659240998322
2.38538848646355
1.7321517937189
1.78795852858628
1.91453138926586
0.979822419790388
3.74919965466434
5.72022856333906
3.97286555354461
2.61040795008743
2.199009407725
2.16007372072052
2.63192060210994
2.77200550351844
2.78256909227927
1.92396813435412
2.22721470010628
4.17666622952185
1.99933465304735
1.20422518956096
2.49953891787269
1.67263342966337
2.1635921453619
7.64981424051732
8.01269733587683
2.65596826045606
4.34299077887909
5.88390172325019
4.1240045697887
3.65395052711939
2.56126150802384
3.03216703655829
3.70987476276812
1.72345060954716
4.60587037100578
5.74922677910315
7.68912600973485
17.6855759632501
6.16848117270954
3.03339700291404
2.07120245936417
2.4366369675399
1.40277329879834
1.13628949735237
2.29829835611443
1.92531382864791
1.24947069902792
1.96290646868777
3.04143613164174
4.8032847192594
5.49636494148834
3.93607008028773
6.22154884237116
22.9982024365209
18.5873496364918
3.05627208370694
2.43013360947474
2.22639711369286
0.937808170209882
0.75859931542861
1.20003546873274
1.92893556244501
2.52676655980148
3.47404868675087
3.26024302065518
3.20477481804167
5.75611544190214
2.97365348566281
3.95139833617498
9.99255861327715
12.2791638641753
3.8654246495405
2.06668810871537
2.6123806950473
2.70425919733034
2.07327739060388
1.78651773639696
2.86026462717215
3.21515074899023
3.59571144283655
3.02363894920445
9.39067650329422
9.66806515434074
4.57559316328104
6.09057103055329
7.86448175284864
3.0021008535542
2.59907211921095
3.25708271414139
3.62327347302895
5.58993094556048
5.19177347636038
1.82812376780537
1.7175116137064
1.87378591239494
1.78249088007854
3.00327728044125
3.92622444850665
4.96929168314546
6.31377881550377
2.78075824266672
2.6870723484744
2.05985426920426
1.4446491394747
3.67728873440304
3.58998857293396
6.56608536033106
8.81801373935262
4.93672956947452
1.8588602292684
1.22330938287705
1.25983820172509
1.98660151376084
3.95038337741448
3.01231612923569
2.74524725268255
2.37822891216682
2.34420706831995
1.90524061522313
2.44471795592782
3.90203340103791
3.05817728961222
3.06324136369648
7.59789675417013
3.82537930147339
3.20327584806399
1.32371604385111
2.535180985173
1.66610955338627
2.84021799563306
2.39256328935304
2.52408746750417
1.95732876327657
1.24227732268187
1.55075649542664
2.51324317305802
1.92182756225907
4.52585286967134
7.5170452969825
5.59936667615882
3.98424289910512
3.80155634653131
4.10323206847461
6.68671801014432
5.46279325845877
2.31356065698197
1.99171674209516
2.6228578370602
1.09743594594726
2.28788081949008
3.7014100381282
2.53137412170413
2.58932676844781
3.0056707554003
3.43136550436164
3.16157984004138
3.01827172311841
3.31440229288696
4.32126360556746
4.51033096877652
3.93441653087459
7.70006881534174
6.28023491602032
2.1903876340403
3.95265007557113
8.2070020979474
5.1944657971363
4.91287742742696
3.32203711568622
1.40490459230454
0.990502655812472
1.53342866615915
1.86976444141676
2.18187173120666
1.48400233224675
1.78111269145441
1.71695842308787
8.76594301159531
11.6623472250827
2.78227594763486
2.22537407350192
1.12851935831672
1.16450816746714
1.46772579735199
1.67292692872201
1.87407254879596
2.48354203140576
4.40943420610765
4.13801840449967
5.74047456694596
6.96441971523951
6.38018018426974
9.57625620989659
14.3618740690438
12.0792986941976
10.4909100940389
3.11960327548318
8.30710001903014
10.3526352495206
5.69471402427804
6.75560399480497
3.69353773370595
3.49347672615172
3.96148386851263
3.12425493474748
1.48511719065968
2.11359386002367
2.88487295237634
1.02751874064851
2.19831301461863
4.52456517188524
3.70603255936093
3.3788198624834
3.55746512260363
1.31753345691217
2.31197874962854
6.17738997265763
4.25402245883192
3.58682519551392
2.69147815188063
1.64288377039737
1.66717140405418
2.35385894000545
3.13812344288278
4.15978909392266
2.99225400817002
1.64702482187952
3.85434126517856
5.04613284628442
5.4194312784134
4.59513406497037
1.8627895445777
1.78884813758628
3.19086858180033
4.33262930191313
1.61745434913618
6.55036758527902
3.18210878827352
2.18122129999696
3.23450492487756
3.48436107802246
4.06596582933675
6.81789615198391
6.72158745790585
7.53401133213529
5.64288317024793
3.65873400253926
2.60997363295605
1.79546778083093
1.47317603320471
2.99998041903248
3.9855673989778
3.12634292769112
1.33031859555855
4.01248876055762
7.47358278173799
4.39548173561648
3.41020154947022
2.84331796144544
1.69711407303658
2.26979599258876
3.05016099145262
1.27418349174325
1.19128015041418
1.71420680195258
2.00456682199808
7.33540036349342
7.89293574934018
2.12964202684202
5.58852056069387
8.64596448353212
9.08074255018768
5.7193896875149
3.23628581386858
2.24681137863471
2.62860769355579
1.55581490730919
2.82119281352361
3.53278138430274
1.51506581100113
0.911667429369588
1.35199893293937
1.58136393835252
3.9660923820847
7.14174110164539
5.01785090987049
2.20279782697206
1.18647905939544
1.4364223402962
3.18620313585145
2.8935834071099
4.70136860821366
2.61598836103458
1.83774779564295
2.07132321764221
4.0430913281679
5.17512963789439
2.62176899677272
3.66186312723718
6.79491481804928
5.69254035098171
1.31818307318478
1.62464750965358
3.84042893197041
2.7652053204871
1.03705487247257
2.07317539055423
1.69862643102044
1.29980452055757
2.70848109445537
3.17103290525223
1.83812491516881
2.86203569959112
1.9663093205617
2.17104481989704
2.90820376160485
3.85439921631626
3.16767102349704
6.03081540084087
4.59312104133877
2.47976778733652
3.2405410984014
2.26806238197923
3.0442570145385
3.46926546051051
2.74868073776972
6.16763321613463
6.64477529545072
5.77797537886192
2.06518031064189
3.64763841461136
6.75210025495221
5.69081976168149
3.78853456177242
6.33860865345861
8.77334439331201
5.95660500466222
3.8853910421492
3.72755867177037
8.21883469384628
9.37211041581917
8.09001923226867
4.54839484913624
1.98091063322552
2.97150194718851
6.93881502588288
4.11639698122774
5.95723694234031
4.34469767493527
1.46511811862339
2.13034660861009
2.09876337374328
1.12889306139058
1.28480537914414
1.58681814264237
5.7190131249347
4.6618326875807
2.25701129126106
1.76263067289869
2.6536734666341
2.42504904179402
1.16164221720076
2.25383048715022
2.13816008514581
1.91468850543744
2.9664967998678
2.81503053308877
2.58363486037944
1.8639141851202
1.40820023000104
2.23029632596964
3.06697422392168
2.46818269041359
1.2204368790623
0.851622179539946
2.16879041246016
2.80241191566755
1.55979909622489
3.3628197834269
8.73949160046415
8.09639228353464
3.60028581743207
1.21499901022037
1.40264570515341
2.15946669669764
1.8931014379907
4.14896338603935
4.45051891707488
1.94893298397664
3.00607944880471
5.82720068062676
3.17594475851384
2.0450738646506
2.17031436905396
3.47774318715604
2.54515609624613
3.01919400371621
1.95767510862383
3.05904178180016
2.09832391376098
2.07568358339662
3.02854981884403
2.24270738874736
2.85413268450511
2.83320516333784
8.40107228526452
6.7585128222508
2.35819852737205
1.99279202476221
1.39360004726446
0.919743118351192
1.56232949714657
2.03527592586613
1.61429137222644
2.22170474804607
3.7529086914707
3.18462681383079
3.1765275749836
3.05214591858655
3.08210357638239
5.7782463583585
2.7767505269666
1.99207946694947
1.96260688780809
14.9558653092637
15.9475207224997
3.64614353444012
3.39521909797627
4.19399421060263
13.921057917144
32.3142432180521
23.3855309509208
7.06274326703609
2.64785753442528
1.14315204665764
1.3433872017376
0.909131116759175
1.23508213204252
1.0661896025445
2.56887044576859
2.3983581001444
1.24776382634794
2.43032328037087
3.23258288400781
2.9906007569144
9.18493133117147
11.3962698554901
4.80478716036354
2.88401855386434
1.4813721654212
2.1932816659937
1.631280232369
3.70514480628133
4.72062720491884
2.83036226835793
2.42975946043759
2.36632307806491
3.58970259856354
4.09234479264071
3.41646230317844
2.65373512949644
1.25735368037317
1.89147557942688
2.79874551091083
2.84836505301335
3.56119675766078
4.753857702619
4.0553948042698
3.23183524383579
4.30296349244235
1.84331392150515
2.51773639195786
1.87179834969886
2.99735090772442
5.05362750836259
3.63396878119676
3.2552832581853
2.54912568925083
2.32925213924752
1.03585950577422
0.961521707272997
3.44983954842961
4.00365256260952
2.72170640978764
2.90230884740575
3.28924996935457
2.88798965932954
1.99912048153532
1.13251176353525
2.66381593413516
2.5485046632622
0.952238235732773
1.70721193806513
2.46305054400072
2.16681502367078
2.2470660827944
2.19226259726449
1.62240418326347
1.76842825677861
1.97431716171393
2.52307020829685
3.73970033129631
4.35005472949908
4.21847699978543
11.6286261686726
16.3978595200546
3.22755479283478
6.06087772987718
4.47695657445279
3.39831006299202
3.73830366900501
2.54398505874508
2.31936489651962
1.52552399049938
2.65848489457163
8.46186209774817
6.4559399261641
5.98649179243018
4.71035215306764
2.75556734796849
6.47777003106162
9.01259545122074
8.00809200194642
6.02063861561084
1.82697724312172
2.15389460936195
3.40518326594134
6.75906657993991
7.32761251997221
3.43132746834318
1.83247311302945
3.76197344100543
2.66427611692318
3.70968398209853
4.37859057987339
2.12091212245521
1.18392494430641
2.16053683400718
1.92563652132065
1.61345577160835
1.13792040546153
0.690506589522348
0.843291785293876
2.49951207836086
3.70884958755417
3.06775361524954
2.14187525175225
1.7964038424295
0.993781440575699
1.9986409872058
1.46693722826221
1.87031514043083
0.718585218770934
2.24423353323615
2.94931730652758
1.97049913287663
2.32454701784471
1.85249556198769
1.11821194226153
0.635270976893857
0.593943918145285
1.00997538244286
2.9099834452224
1.77633858731311
0.648486614203673
0.67307874414576
1.08764652971842
0.720833711995852
0.586014146361211
0.284517356724381
0.3033404622868
0.586753800172862
0.716050969877858
1.29881317315572
1.32783857799474
1.15364392336736
0.709515545038497
0.783087209948845
1.2428903828519
1.16094858939052
1.10979359964845
1.47151394496498
1.28442683147839
1.50199814871024
1.55772853584723
0.630071159536725
1.55524858836551
1.96504854529143
0.986043986001376
1.74392867860659
1.60070387234365
1.80211005827087
2.41155964877707
2.37394379920634
1.47196006162677
1.55232534942432
1.85560764407285
1.9137535243412
1.09484363919313
4.08196333746264
4.42389170930154
2.20592644252062
2.41169066735791
3.68179710802196
3.24711114612075
3.28775782076346
2.20995116611079
1.45484230211856
1.29667672754471
0.908118173614891
1.01438460323375
1.45877722668849
5.98207525115666
12.5991641427126
8.33505650847295
3.27859524875232
1.31188012711633
0.938707340384028
1.0422421603507
0.791336180310472
0.528959285849589
0.608060512337016
0.587574753236528
0.54538005502894
0.885951918350638
1.6666753157842
3.35208339887836
6.72706626102809
5.39004026323724
2.60256786692877
1.73700410581776
1.05440840298274
0.694728778109169
0.451112904582755
0.772585733423
0.828890826629282
0.681913422195605
0.827394701899783
0.684439310073519
1.15627518249707
1.64877054621845
1.51629055564753
0.894137502062347
0.908372467842105
0.828635685946909
1.29938886351473
1.21571118955122
1.28286099583417
2.40051280057907
2.94269861124497
4.05789914557725
4.17763916982373
1.7713908705367
2.44881662636276
3.10957278647433
1.37359193544898
1.00742973341502
1.14728230111122
1.53913666732726
1.27790999477482
1.26593352614268
1.35480375678857
1.41019585930972
1.72531688164871
0.858643241581325
1.00853552216659
0.775547430607141
0.558870119396355
0.431090966437405
0.577863966980513
3.00075405179019
4.27118338697981
4.55041353533969
2.71574972431107
1.08295908949153
0.554971533338656
0.952101139908089
1.57218978608922
0.944310279120776
0.763758780804066
1.02480783780186
0.945629625705063
1.03534903987498
1.03137666884976
1.38812199027105
8.96273527151875
15.5623079571708
4.0460992694311
2.14779701017925
2.12112806784706
1.75666372658454
3.50292386359772
4.35515977833999
1.73806755912865
0.723690759802266
0.940600557262166
1.84289913846125
4.94553135622333
4.99453688566027
2.56890166413637
2.78745019635236
1.39792827276395
1.3774337477075
1.66273503004584
1.36844953647325
0.867319916484872
1.56290887461592
1.34831066282203
0.633504068432037
0.704525802567156
1.29923673877417
1.661362998112
1.22015444419702
0.909444111972142
0.781482164573033
1.93664938043868
5.4488148354657
4.49151592887529
1.16166860334273
1.78697553236191
2.53876568391664
3.25224413677329
4.65791238871735
3.32063821308889
1.56058416055592
1.87826801288734
1.83346884067979
1.30116362086664
1.30906537842465
1.04753600823147
0.749852807721585
0.937673394274036
1.76804569666149
1.84535030929188
1.30632250804405
1.62959833822054
1.04566232982132
5.40816025294103
11.4699750488732
8.26863878694011
1.40407210865986
0.674994518290686
0.794300828643301
0.578801869631697
0.79474259555868
0.875280163531433
0.900843878392636
5.00959474551295
6.07097925016209
1.36574651164318
0.680774924081648
0.721203507628076
1.1909564306995
0.62947013314899
0.752606281679131
0.689718224081397
0.688850119050078
0.769200551560019
2.76537086863227
4.02154996724059
2.47680130720437
2.38716152958789
1.72860135758823
0.958948364008777
1.41688292184703
2.16447125081275
4.20859594213514
1.25376384538231
0.852947435722119
0.683234471492899
0.33486328270923
0.59709779758359
0.982726092964777
2.12964083426478
3.0723355497892
2.61636585755555
2.17927535662615
0.943575454660737
1.23088402071468
3.71637418794598
2.70523896433442
1.12560093210252
1.16856589971715
1.0977725199379
1.04656790419752
0.612529061245261
0.649064421223441
1.07218793364439
1.16687685592008
1.22087640179157
1.31549325436318
1.98640067426706
1.68399469762926
2.05993859421597
3.29108187322396
5.60479150293555
3.76274523286283
1.6356551915807
1.78911438261017
0.579043336780213
0.822574353241664
0.755489725643874
1.77063074966821
2.17593494319844
2.40484475128915
2.64259260719438
1.27395710087845
2.06382458868846
2.82702433543657
3.04647063800572
2.61585317696094
2.27461536765366
2.32154752593814
1.2196350032739
2.86321254530435
5.28564115652841
5.01063495308134
3.72558107972037
1.31218133692222
0.882771260094098
0.989043742960858
1.00245311073737
0.933393111617221
1.51274457812196
0.622799382339787
0.905153743404007
0.843822822803165
0.793245380535107
1.05514883039755
1.26720395364225
7.1245329952205
8.76849051389784
3.79615932535439
0.94799110096303
0.696366230793098
0.548333434925764
0.496667821771793
0.496040617690775
0.590147359392858
0.62695290994166
1.18164271160723
1.08944203785725
0.919318246986022
0.937343309345163
1.42863350357644
1.09557157729187
0.622959476117627
0.593096874924287
1.02804842506226
1.07661522381142
0.814886581466944
0.633562970723406
1.89224979117391
2.10989361711512
1.14285022402517
1.61696828612617
1.03100259213863
1.16668306840233
2.15907917062303
2.58010542114829
2.04674283511057
1.78042882277688
1.93630053701149
1.01789715821409
3.12513752353387
4.64822188543463
3.78957451550332
1.54035563283757
1.24856377061564
2.67484155265358
1.55722447014106
1.83703678043513
0.8169844332053
0.979668908014969
0.829982293347631
0.667759922677767
0.627173588774481
0.741693136590762
0.690084823847025
0.389540793433818
0.591356298972772
1.08369829541463
1.33828711967404
1.05281332812783
1.02535331064095
1.1982221068531
1.31886502647499
1.35578393287643
1.22812345670599
0.588551676626672
0.545699438134119
0.661792046100411
0.789967749618215
0.858015009399503
0.63600742839195
0.734393016757129
1.15190054465057
0.697020627821485
1.01089417334478
2.01564253916148
1.5663692805176
1.5007103264966
1.37678739031815
0.615377221450415
1.08763194593745
5.99895027166584
4.8289138096257
2.61394189820277
2.39960825734146
2.02813171188774
1.42322132823525
0.960339790017091
1.28864084007284
3.90396810960218
4.64168848429642
2.52867765530532
1.12558140055764
0.874405269457524
0.720219146733954
1.3524023115202
1.42225198386334
0.93055244632323
0.728718813976255
1.17894921320637
1.28772694085927
0.99641738208412
0.737089270048175
0.652519972862636
0.724449621431741
1.07154745556266
1.32657383700054
0.739718966302354
2.21038547803564
0.912858854351261
0.636826078960236
0.715968698024097
0.726430598752817
0.823984851145934
1.43608562240859
2.55192359651122
3.47080903217128
4.0098097040753
2.57038452526172
1.20743371382561
1.10969847162198
1.08185303821721
0.649286089309989
2.1831598363434
2.2010274842923
0.82241066395143
0.849806408445764
0.793842427540363
1.15663100949693
1.18445769047947
0.714981154584932
0.534995184762226
0.657319124270446
1.03756446636603
2.01617089976371
0.630898947003247
0.719097780289072
0.799590833573973
0.962126744965925
1.40195456956894
1.06440073060879
1.15453589121379
1.36572894758434
1.92597965259442
1.02852196525549
1.4152576075423
0.935430938509658
1.59713316079379
1.85449025776736
1.21137464251906
0.957020049036383
0.918882861206428
0.870580132868595
0.571622446713335
0.579868207528045
0.62445925796984
0.72155778809987
0.852269828795942
0.788190472537173
0.900638387032732
1.07796551832349
2.50382458021505
3.75689803916764
2.03188747983231
0.994003653278077
0.798141477225805
2.33947752371946
3.01896740503097
1.41866920356089
1.75615538543382
0.977679589792154
1.06869660968191
1.64495997152426
0.538591485529757
0.778922030765084
0.699430950957195
1.71800716499835
2.88299616712187
2.57819882700507
1.29751563568035
0.798702046926046
0.969896795294338
1.1521076640862
1.45038334875309
0.902278575380227
1.49689532989263
0.975763405727957
0.44384763153639
0.671149317015956
1.41137120079499
0.866573511068097
0.783144100100023
