0.0538249085736809
0.0850438396622707
0.0728669003368616
0.0734600911406589
0.0313704679057928
0.0330669890333222
0.0602638697932139
0.0529932891936458
0.0378345255521497
0.0409959607072718
0.0358085083396274
0.0349264696241139
0.0753392746528311
0.0517737626519694
0.0303775157327462
0.0623090833998196
0.0476809685584359
0.0275835030040438
0.0409118497575931
0.0474925472529133
0.0240183055125233
0.0274196184893378
0.0303107854031437
0.0540041027764864
0.0688456162970719
0.0347120717544782
0.0273852222135462
0.0500194055959133
0.0605440503362009
0.0446040615785893
0.0441165207687513
0.0506617593416569
0.0664286990438479
0.0691332763358367
0.0652240639641252
0.0596943558953874
0.0778503174518663
0.0884595206062163
0.0377622149866381
0.0535796832585945
0.0661354592399266
0.0566298697650142
0.0738638021533739
0.106704382124529
0.0718630404298905
0.049843209724653
0.0696765901522239
0.0512163047182375
0.045878180933784
0.0314518246491392
0.0383295597032901
0.0384350821745008
0.0568067882355664
0.0717091821087969
0.117451871691047
0.113198072659022
0.0956572855011939
0.0810381693379562
0.0614044784276181
0.0587688732352795
0.0575556396580752
0.0474022930927485
0.0626015323700142
0.0884300557792495
0.0958921572607095
0.0664953623540401
0.0695400059126229
0.0624696698132292
0.0677678279266566
0.163169760729292
0.0918881007557121
0.200710860899988
0.162827274857022
0.0562563997278577
0.0628506746605831
0.0976351949237606
0.161666530027794
0.122089744162451
0.0901940665110409
0.187702424367779
0.0642992441515784
0.0635172312344936
0.0448254978562969
0.0556321928473228
0.112167403786486
0.0630957954459658
0.102365299353633
0.126319710081758
0.395997310117622
0.307725725712575
0.0601729939981343
0.0482623206278599
0.0789441424362325
0.122163363320235
0.151761429087228
0.128100119932303
0.0691574687448289
0.0459294463518197
0.106696102110941
0.115553833676881
0.0779318130494197
0.0764222860724246
0.13171268094856
0.090744363370792
0.0811677193295605
0.042791120801038
0.050965798701982
0.0808049316482037
0.167717162284119
0.161417256058292
0.117727336720803
0.065557884153525
0.074312749439723
0.0841928945663266
0.0347628427431461
0.0457351871657625
0.0657143897093686
0.0748870274832965
0.0613732655154584
0.0638413993325155
0.0701422069467588
0.0574256348753886
0.0691376652888303
0.0793129124317299
0.0692263941668161
0.120205323588085
0.165769548100773
0.0854827149513429
0.0463610347840149
0.0760529031448759
0.106091903154683
0.100461917382373
0.153000502874182
0.13072793813772
0.0375452920349949
0.0567341161888155
0.0811178526155948
0.126696726930916
0.103673084448278
0.0542805247532627
0.0533169593255144
0.0948494555643132
0.111361664633898
0.133529792097138
0.130910887308798
0.115988776221639
0.0560358789424933
0.118465709448496
0.102807509981399
0.0938249377757529
0.141313513956188
0.162247926184844
0.112022833131116
0.146077250503696
0.124055598004849
0.0803541348096031
0.162448950764546
0.0895810185455893
0.10751362845192
0.11457184776323
0.207699806639733
0.219420581050465
0.0784245641039624
0.0619567886794813
0.0728428052384331
0.407150981696189
0.109093726693839
0.158338520369309
0.159427802886088
0.237687859284941
0.0739291071544369
0.084427157225884
0.133530920974879
0.172179335625202
0.219076165024289
0.181202381100671
0.112898551070524
0.181388447355812
0.114230172874905
0.132118404445353
0.131919343837103
0.125862763517893
0.094960300626605
0.110749682297417
0.0989304268464233
0.138011604359408
0.0966296257960623
0.0798964082981618
0.144406172745161
0.138196133342401
0.163424936736922
0.143818419811772
0.143024196528441
0.163724834945985
0.213177172413485
0.14351135516239
0.0931928834874131
0.105675086497374
0.309826098206056
0.375026966140871
0.269499321106084
0.563548803792045
1.09175273711285
0.416612244671024
0.472897174982308
0.634546218784606
0.369750983551988
0.220107287415186
0.153432480418467
0.112347278090838
0.240460032270015
0.186566900154767
0.253618022963109
0.141675601932341
0.148473914031341
0.318015906536894
0.275153760933815
0.161919978467195
0.144059802695604
0.0843840946447938
0.0755451648685627
0.0803390923336418
0.074267183416942
0.0895291296317519
0.25075336859733
0.355465122747163
0.175910168434334
0.092242328812767
0.119881155560089
0.163867645386176
0.249036703217817
0.472384431843733
0.155192643196807
0.127816659124375
0.154619419897847
0.136690798006069
0.1556163329672
0.33369940667864
0.313843167503708
0.120764819785258
0.131403028983894
0.178426087424013
0.137710074387015
0.115723551025612
0.165941945055398
0.112346601266053
0.0588952997660462
0.0686879285457654
0.0795308054291568
0.0856388904116038
0.0941709959589487
0.110219099049897
0.240914174783547
0.120697010585083
1.33014474964151
1.98644933685818
0.669729217099969
0.185138214397086
0.0947989317826809
0.196358453381177
0.268025811119358
0.157487211304357
0.291246854124593
0.128303965552598
0.108795827854857
0.436555694987165
0.430909187869582
0.31265095081809
0.673697210722329
0.863605111001492
0.28223947612211
0.452120803844646
0.533205928062378
0.337565491732811
0.260515154913895
0.242204969253363
0.346250472650546
0.341611971301701
0.255785420747575
0.190322170412908
0.0678959930558897
0.122202848698911
0.189536157796085
0.109471767531413
0.13541005966487
0.174593487400525
0.455472991504374
0.196725802490214
0.262703341233577
0.0612887170305815
0.0631158165185378
0.109978135443146
0.154901704389016
0.261544914796996
0.235898649470911
0.177461278900362
0.283283124666673
0.321707968545431
0.0658349785462205
0.236257441756816
0.324591767495794
0.336214420468716
0.262344240906864
0.362338222694705
0.759884451966444
0.998343638526691
0.636378690297717
0.351829984902508
0.668003448415965
0.216911720042791
0.09906630885435
0.0914740067607091
0.0998761481773016
0.116797213691845
0.0705756764751531
0.12631853464064
0.13251082064652
0.122038053486097
0.306796234722242
0.159121494739522
0.483333947256088
1.16104551989793
0.467437713959185
0.10020585867586
0.098815693060411
0.131349500739057
0.176738022614658
0.145321600034467
0.110501804958135
0.156042786261555
0.128656815692828
0.114397799958076
0.107291400994966
0.122014141260391
0.157394585373919
0.176189902730393
0.116981326560002
0.181865319612574
0.141833401017083
0.107323712198089
0.0867084981535046
0.112805396299189
0.157613742121443
0.141517690168115
0.105485267226886
0.21267556515553
0.184999179766402
0.14776749004932
0.0769705421967177
0.0716071505704733
0.103543260714659
0.282914194211281
0.373172801789917
0.245961267379517
0.172736715105849
0.126040368006912
0.0878866957043454
0.097158676091348
0.138243224090977
0.083988850681328
0.284629758070612
0.322629439377109
0.305768934484677
0.158328298873562
0.100255830239954
0.2809907287569
0.269217101444007
0.13178585337273
0.403722440116726
0.518173627516761
1.01986207668342
1.83025152939607
0.973289179014657
0.299420978203125
0.357313401307853
0.130655309792747
0.297877169126503
0.6268117730484
0.326555400530424
0.255774380903477
0.0670475352119387
0.0642542513225114
0.0933221833541128
0.252939571128813
0.0774187088482431
0.263430791588776
0.519022130473954
0.0960871046844733
0.0400506322044501
0.0783808962561821
0.066353772286577
0.0339873610381498
0.0493953148963602
0.0807272853481978
0.0620034491228512
0.0746141835443748
0.0986727622245107
0.0813553713562347
0.0836450034264552
0.0723010435043933
0.075457423329314
0.108058835880751
0.122719888145865
0.133268382951719
0.0830571951452063
0.165140208996108
0.160059852091648
0.119937764277857
0.217774282876726
0.165474953830837
0.111713057488397
0.0657538818782551
0.07183358210465
0.153380937434674
0.212959607358217
0.0674493799857231
0.11871821199629
0.0746734517107472
0.108070693694499
0.135785903497374
0.0650713122699658
0.13864964904097
0.180287913867167
0.116466433044148
0.0917462667150108
0.330643234582339
0.206698046718749
0.158976783962901
0.221436226686631
0.199745143453719
0.172100379652829
0.202095611104912
0.15127614569924
0.0828797498554177
0.0700554071904241
0.0749825712756103
0.107223342894268
0.148012167039454
0.12163904192833
0.333773382861124
0.139227982473941
0.074277942611676
0.149094460297223
0.201726059030192
0.177934515289762
0.0914034168875789
0.071219748470453
0.114968160730414
0.225847083393256
0.288950205439211
1.76162003941764
4.1046878513409
0.278173106969944
1.50001100459842
5.44726587992301
1.83615535264908
0.0892829208973556
0.195425853573084
0.231954482987275
0.113772023947454
0.09658915557411
0.0465347854929655
0.0626197310053085
0.0580680872165338
0.0726048200757018
0.186038594380859
0.0590700937014156
0.0981241992706229
0.153410112680356
0.113502687461361
0.0883575666119312
0.0711643893996759
0.0672737046734913
0.0724569911969012
0.07526415119037
0.0629743256401597
0.0553755409305768
0.167709519952524
0.2272906831758
0.246685549990179
0.131714926576056
0.0955246301496665
0.176880711174657
0.433108847254963
3.81412665809664
0.191041414616668
2.1854065450894
0.508529141886842
1.06157162456071
0.373040987195151
0.340665739367323
0.213853944313733
0.57766493499719
0.285063261864492
0.0635807246038182
0.137806021366495
0.088384255855841
0.139324238926007
0.0999827569603794
0.0744531310547342
0.0638677878205167
0.0656075017479047
0.110415181238529
0.0983472741572914
0.130715845446086
0.142871368945788
0.0903677786803107
0.14280758444581
0.0935055926646861
0.166606116524301
0.0904705494993203
0.0768899832806017
0.192232809705437
0.261124156556054
0.142387847160984
0.0906822858724598
0.0974392054601819
0.113926892621037
0.0495548446011566
0.0349500659486992
0.0810442673727338
0.0854156585193692
0.0730937114169187
0.15062179033244
0.126665420617172
0.164297405836942
0.457564936094692
0.365952428033127
0.0770615324361415
0.0585269866674569
0.0871415924123632
0.330056105101183
0.335052121578835
0.154703903097031
0.0678182169933002
0.153631357045317
0.137135455516509
0.13803561510216
0.0914492133689744
0.076297013339512
0.0621416978859065
0.0881604375502691
0.0831502055832502
0.0487099806565667
0.0442013363407816
0.06356172097265
0.0873288282391886
0.0364593387477936
0.0622035679183794
0.0496940315686157
0.0938158961239611
0.152604150288476
0.167231887688322
0.126761018300224
0.0586981191511713
0.112472600710252
0.394629862514256
0.330218525860031
0.0907449239539876
0.155157280202604
0.309059856252002
0.202156141794734
0.149633497005015
0.204381588183655
0.289080327105018
0.0876846166377424
0.107819092151675
0.0897053022799781
0.153204399949617
0.297021763781394
0.0965471039593495
0.0843684916330253
0.0634882432195946
0.144356565284571
0.145567518256987
0.0873655455852895
0.0312127264781774
0.060605167877354
0.106772657154847
0.178815125464227
0.169110144293821
0.333442503490983
0.150735659428693
0.0677241221232446
0.203094821937374
0.0798956996937705
0.13383013473014
0.251365036880575
0.449756934470773
0.134317603376305
0.107330429834158
0.0831685620238096
0.147876910021513
0.136055704612182
0.113875601630494
0.0858299589826957
0.0715090920105402
0.191075223815163
0.236629488269524
0.282428574494853
0.191919603594614
0.112709073217394
0.200355845761563
0.121141458903928
0.129380679383895
0.10986661549836
0.130527648714776
0.0636484949692212
0.0881270911543216
0.0676721947264159
0.0667338111238581
0.128249858533565
0.155171991647062
0.124893417020301
0.116421547910745
0.112353751714321
0.109152327050751
0.102650654929375
0.117165048154464
0.3054659005784
0.107310138108116
0.156165959660762
0.206659451499722
0.165898273661289
0.280640497402441
0.235029054270111
0.102940838813294
0.0962561270824089
0.156090267386704
0.352129612321297
0.46133209918245
0.237183970454064
0.656779505692362
1.56431692341083
1.47360196879007
1.67071541454876
2.61695258970013
0.183830139889751
0.58033063245809
3.55550765561584
0.331438686545481
0.174611635073583
0.273305462741199
0.159506580753787
0.3440350222464
0.541207257796837
0.188825210872579
5.30039129146602
1.90813664400402
0.632168474358429
0.236221380430106
0.104397019926353
0.0940030742522624
0.258212798653489
0.135842349267102
0.0600399037513857
0.0988797039107335
0.223915178434886
0.132099888352154
1.62141911948736
0.521129544884236
4.02049692833114
0.814559583801448
0.617236092501147
1.56043154242528
0.716889812005354
0.951603259793185
0.575807250364255
0.590784694798558
0.252187036790314
0.0839725716010718
0.115171584670969
0.0869779812983828
0.0575625533649052
0.125246856166019
0.107757827363774
0.127211733969097
0.0617459281339557
0.0947615073711787
0.199333105451069
0.113650676443319
0.15021523400795
0.14496655112902
0.139040017709905
0.0540951899400921
0.0767502078577512
0.0955682334211644
0.0781902304040284
0.25319226890861
0.338949567507601
0.736993292096265
1.04879857619449
2.4538288669905
0.639443317398337
0.236384114759292
0.432842005568826
0.87143916037167
0.200468051236929
0.175476818991726
0.24029683394069
0.0934469506307662
0.130691147182691
0.105494106751743
0.0923532118538311
0.424043616864821
1.23064751192903
2.08531747078231
1.07606527637983
0.654360302499653
0.40179595222124
0.490642131811496
0.291137767883655
0.122077630727528
0.144485396850132
0.248436199676866
0.0707504127273522
0.05528978363096
0.0662134066116103
0.0726605360096906
0.0387362671512486
0.0773815728988481
0.130406798883769
0.149631971695601
0.572017943764611
0.664444748945615
0.293503234277685
0.178650985420244
0.149835710735428
0.129224860089553
0.187094313168808
0.208628497243174
0.030813706141169
0.0279874788279271
0.191231561757808
0.291397081562683
0.0547046930073388
0.552975349410089
1.21595536186956
0.510812656866234
0.186505297650565
0.452283538690532
1.1131771347022
1.99976962151692
1.39010476052831
2.3191841907303
0.72516020897163
0.0720729955047213
0.0860309233341973
0.0590664339423117
0.104762719226318
0.110455302535893
0.0536576520708974
0.0759989971256702
0.0816549188825366
0.069511676109947
0.0579091245691506
0.120969472819333
0.121705908356437
0.0895408281955001
0.354309789359651
0.359699821387555
0.0658180272688397
0.0293346906515427
0.0662984503731552
0.0815852286089836
0.135216920278168
0.0493009601791255
0.0656330248548123
0.105105629172142
0.0509884754769548
0.32033280978556
0.4931446228234
0.430947128612469
0.221117698040007
0.199977656779285
0.484580207147696
0.114324209532899
0.0688679622553605
0.122972821271966
0.142360497872256
0.0752359870632267
