0.234169549317547
0.225381368494903
0.817502845143036
1.15908066659651
0.926407918804559
0.40606462806327
0.613866772740513
0.349893089593834
0.575626501240165
0.511865819271718
0.365804788495804
0.145892417251703
0.162932508047616
0.145139287939921
0.469331210142292
0.687428523769297
0.593968267720668
0.500341737995659
0.295328507361524
0.170633049042552
0.136877839925248
0.20160028848538
0.208427423570374
0.240217503911671
0.113505153924681
0.0667485545364551
0.11658979246945
0.103121256475332
0.520216210352177
0.327393872595093
0.787695680147555
0.208816479276644
0.131072013093383
0.0727785167866255
0.141698315290725
0.152684709167977
0.0850478101918704
0.136182903158431
0.145533036038653
0.101840623635654
0.0755081269603995
0.082901937245462
0.0231706971954155
0.151838520114303
0.14766055865118
0.0621904732981251
0.0947925747709475
0.135259403855779
0.0691847874229319
0.212232159340163
0.456592311699665
0.242133292727423
0.106962173977529
0.0375745257860625
0.466442989245745
1.01335105397637
0.386559937972916
0.446901120997739
0.295508246081321
0.295692199986132
0.0826502292457831
0.0503729932675395
0.217633432701412
0.31627709881359
0.0930802327338001
0.154401995131911
0.0838461473338165
0.275037485424197
0.176549284986936
0.159464470432024
0.126032299048541
0.106703909823906
0.0349356699699402
0.108680548109495
0.105029592460812
0.0880810128281017
0.104646814965324
0.224985307800332
0.206447076467413
0.278144294944796
0.554547960430625
0.98218143906764
0.575315379684282
0.13824059805234
0.239373112490554
0.121168165819884
0.0348602671658558
0.077838638476472
0.101826835005864
0.111707483337869
0.104883057307428
0.0212133476917241
0.0653451316464522
0.0391110830558054
0.0910711602024984
0.165686030246668
0.283110671117082
0.0377761246033389
0.0502196470931204
0.050205514186027
0.0964462883877447
0.127463193948022
0.165467836199886
0.130921003196349
0.0495875011043895
0.0827287020321348
0.175738350906346
0.0826166529860283
0.12874526188543
0.0782793783784258
0.129477069414533
0.057153080940045
0.0884793292418721
0.166829182970491
0.100781188487192
0.0733042852049522
0.0571180296534725
0.198602662660769
0.183918871439338
0.232959530121089
0.106782062573339
0.124387261553702
0.377313870417682
0.304397906117935
0.254555951318171
0.143856907228641
0.0479852698100004
0.0826161102601679
0.296353963951881
1.15615809721043
1.17031585436346
0.738508566273975
0.121621321790705
0.147705159760193
0.156213815694926
0.195186081674671
0.135983550859039
0.0785238541554923
0.131290029140586
0.0751503343838794
0.0748253772828616
0.0719427572700099
0.0685868208596933
0.0841070410006568
0.121218496072701
0.0905252881161639
0.0427014099071185
0.044442407266053
0.0227706855133688
0.0746423599688119
0.105029168106188
0.0592445901357466
0.105668364052155
0.0293641977774576
0.153072117379776
0.085542339542551
0.182250516138624
0.387200071546215
0.211566985393326
0.0992081253989027
0.101172977624328
0.132057989484349
0.453648548891653
0.648101180293436
0.0999878739395715
0.0872708610265604
0.157977177395666
0.132644906627604
0.284651072838832
0.139055145347499
0.0380770925595183
0.0458622308237829
0.0357867706953813
0.0579471223680099
0.0409362453846966
0.146032864291858
0.287269704135551
0.0431742108207794
0.0747367207269835
0.0588010818721371
0.0444469704123981
0.0702653811115288
0.0656087822650461
0.0378228767716256
0.024346833996581
1.24939711525519
3.50991127259352
0.745064944484672
0.046566893929753
0.0107583379457047
0.0351322202135621
0.0591138233606338
0.0915859711165212
0.143714976661208
0.0143135984090094
0.0226101874603699
0.112510967023002
0.0309319944383975
0.0178243387984741
0.0471178114988566
0.035659687396028
0.0162891555369792
0.0434558711165535
0.0608986821487531
0.0338823581155466
0.0369268119250614
0.0415782817067601
0.0492620169667914
0.0400396250821117
0.0123294430000152
0.0257595390578291
0.123170823107945
0.108124853201749
0.0209034329092075
0.0277706758446518
0.039746648070598
0.0417175161677328
0.0493031680833627
0.0797933605718347
0.0538475752261391
0.0169342028404714
0.0408530244602041
0.089903766717983
0.140457789402017
0.120786412608058
0.174723174523641
0.147168740635969
0.171560372331396
0.156431299226537
0.118456846867109
0.177611025889643
0.179461444684128
0.0929840342384061
0.0994756001447034
0.0261854479079669
0.0203538031664748
0.0294953068476439
0.0123579290141623
0.00940848857567366
0.0122674617161284
0.0228829613347904
0.0250748728624502
0.0167769611878019
0.0318250250510475
0.0525498341569259
0.0160239306221359
0.0253314325080675
0.0345373383176599
0.0322273299373383
0.0368855703080528
0.0973311129286608
0.118935150747724
0.0909907047052126
0.108232819299672
0.14640400873031
0.155290121119916
0.141270995561319
0.288142522201039
0.0915734966138638
0.0288692842207688
0.0748846904318733
0.104405916133211
0.0469074790274973
0.220166306086365
0.180358123307184
0.039628119549864
0.00911346203298679
0.00914291029747768
0.0144710642551248
0.145272189517868
0.201739597901755
0.189242381467658
0.211259171828837
0.298955742658189
0.0986376355205776
0.0108247404156915
0.0194802863065354
0.0180138306457851
0.0891015306169276
0.109348809847475
0.216095141650884
0.452845196970927
0.32095211824502
0.282092302709092
0.0456681738665612
0.0423453654649099
0.0255571538418266
0.0457225927650528
0.0223694751232435
0.02706658454617
0.0234165259279153
0.00899908006423345
0.0134267060171422
0.0419398157936181
0.0374115698751408
0.0320524659935634
0.021616753949892
0.0230016251313995
0.0407862897718155
0.0362957415591257
0.138925733466709
