0.0406694102394566
0.0332454195745867
0.197529197486243
0.302999592027016
0.194374073072681
0.153437890880475
0.134450211578976
0.231041856830177
0.246445821875771
0.205889649189935
0.13819535182394
0.090702479096376
0.0544307680981863
0.025160221052738
0.037039978359212
0.0572090906849937
0.051765672592423
0.0448567521544694
0.0450400411908178
0.0393684281899887
0.106480689583912
0.106931029529185
0.0221117042511519
0.208893603943678
0.168915925085167
0.0439454869865245
0.0573313099921207
0.138015483984864
0.239484056058652
0.133500627790279
0.0305927086951315
0.0181793188431807
0.0361756098554125
0.0594737400633736
0.0266935617755984
0.069757074319927
0.0804603438173905
0.0579528057318132
0.0260692949205545
0.0321118164714788
0.0340482229060332
0.0800240417675157
0.255660884745987
0.270041682851856
0.088083122234141
0.020759450415502
0.115256821302213
0.125167039022958
0.0410008641247251
0.0211186195811827
0.0231135858301088
0.0552843895036402
0.24204859850164
0.142701696965468
0.0472599526562827
0.0954853607254659
0.116749258472824
0.223236436473329
0.373251392079284
0.211535821265855
0.115454454308673
0.209715761888733
0.229411489099503
0.0842440001511387
0.0256065343190463
0.244643439007672
0.326702142844677
0.18952925677853
0.277526949078955
0.283314247274354
0.104870989849133
0.0370924010051449
0.0291602890376448
0.0326958309090618
0.0570627599756788
0.0805255639269049
0.0145610187977955
0.0261572610418256
0.0291474483645499
0.0451208504466596
0.0562734917934438
0.0302952601887416
0.0202993107069508
0.0237637274753158
0.0241285895948528
0.0144094731842023
0.124239389442579
0.120188485429325
0.206807424196941
0.194030870956471
0.113279859811812
0.0345489587058086
0.113274824687613
0.175840439324331
0.0607902744577992
0.0877801471780726
0.113051759222136
0.0200580767825274
0.0119152089531716
0.0271479840514678
0.0220912980639776
0.0191251966057341
0.010891120382062
0.0230312894114113
0.031459207216266
0.14507952655097
0.188255410605835
0.0786609785507699
0.0365516099468564
0.0455434194370549
0.0551182081094905
0.0617747909253203
0.0283636670460708
0.0493124069373429
0.0513336033489597
0.0206337631616703
0.0141967437459903
0.162186196087083
0.167255412024018
0.0265355652726483
0.0775941078895789
0.0514230445917002
0.025628613304499
0.179837518262556
0.412676616605635
0.334285216306336
0.576283388809761
0.65021317075336
0.553124482214565
0.410992189710103
0.347838454335783
0.308815594283282
0.535623384536807
0.375328334401996
0.169016783201933
0.0831550933795514
0.043942719058323
0.0393507197646024
0.0882104925510484
0.142116564455746
0.109852243974592
0.0666963866995366
0.0567857388428842
0.0580306947033509
0.0422603874436871
0.185506228424415
0.12913084998424
0.233992516649627
0.326032196278874
0.328930286545053
0.196781948925069
0.304792074331294
0.170372087255779
0.331582331679041
0.426969605416909
0.174745724832407
0.158054757801377
0.166160419920678
0.350822219904786
0.275262193669181
0.0818686699479899
0.0195235924829958
0.0203891036317452
0.0328744648360959
0.18485888081831
0.20547939850906
0.15272140413261
0.179013976069239
0.200365067742779
0.217231971860321
0.192888672501527
0.127651105308447
0.0882939601671563
0.0876064226155236
0.0557392986076191
0.0451904365746559
0.160063345074084
0.20372173722553
0.0750647427664102
0.101584201993083
0.235436345694507
0.275514466699979
0.453763578335609
0.452258343852196
0.421522069571928
0.547525323144224
0.303206475092285
0.479241203662571
0.384589181969251
0.0961550752489936
0.351861686061217
0.821680709489072
0.404958582211716
0.220602352714814
0.161620876378822
0.421317294674056
0.175627688368515
0.0328611974733797
0.0608175526559997
0.0461961616285007
0.0338224850044391
0.0283686726932603
0.0615490515138545
0.0879175550428649
0.212021522500647
0.512400687919689
0.120612277443881
0.0449058782167404
0.0293780106495296
0.0873815957460107
0.10426164068698
0.056061173289587
0.0675779711925506
0.073647123201917
0.0262522332978575
0.0609921737673837
0.0441105055033877
0.014868405782945
0.0700097792102916
0.124511835909718
0.0503715240503004
0.0838579557351296
0.037917270542507
0.0360846718037689
0.045745867503467
0.16018931285983
0.383831025437418
0.257596907347164
0.0872038775829144
0.105112753710822
0.133975511678913
0.101117490112389
0.123270136694051
0.15973647391884
0.173021684541409
0.158138153252184
0.0730127981775843
0.0561877575046078
0.0492748622488123
0.0703290620806204
0.0684653461496143
0.0288272962021875
0.032123489641926
0.101946533612732
0.205488438800376
0.166390680938548
0.145228576040124
0.120693992838566
0.0719776039638485
0.0428682013430702
0.112627206142914
0.16973174798651
0.131619330369693
0.105661355602251
0.388146003096943
0.36775194946186
0.252681141229045
0.270898432975801
0.148050834224332
0.11900912593139
0.103885900674086
0.0445357253032414
0.0211769734625504
0.06459070870505
0.0984121859532145
0.0358598805528206
0.0497253755604114
0.0449523558726494
0.303552137228245
0.259601796215738
0.280618017735383
0.10550601872273
0.0161369936057209
0.0138427309906416
0.0114492228257147
0.0187927814216623
0.0710666809983171
0.0771235558337989
0.0252026845285709
0.0415903734435664
0.0436933488690811
0.0403013714752249
0.0234264430782396
0.0291853535741716
0.0338297409607198
0.0350285215611054
0.0294499183316672
0.0252895524482348
0.0359203157944776
0.0491880437425473
0.0419175393814393
0.0585605055234492
0.0343165764775163
0.054541920334714
0.0718437000736274
0.0535430460823903
0.032977239887244
0.0271776762052059
0.0482028989905473
0.0249819737067114
0.0240036070988675
0.0310244539905195
0.0967820280420931
0.11645121956542
0.0254404960215965
0.0257400208875163
0.0136635399071103
0.0150885444053373
0.0533200132491214
0.0974870541990234
0.10363710044517
0.0564178265414769
0.0891744389854637
0.0838580890840832
0.0837411180511525
0.0943464744268701
0.0758942986708984
0.0398576379985997
0.0144431091318173
0.0121686382033095
0.0210590350688537
0.0183714112409792
0.0456292065490906
0.0615001958213798
0.0269912163194926
0.0194762899277489
0.0192018783071787
0.0254515530090473
0.0333149415924823
0.032964944930577
0.0380914257395647
0.0793555210498644
0.0459130095218106
0.0432736342075013
0.0455589856518056
0.0332969138942194
0.0157820245450108
0.0122644454217833
0.0197587350624252
0.0112461833672646
0.016656880366019
0.0232597503590203
0.0314101107649911
0.0325406093807755
0.0169794630321163
0.0165138583401958
0.0454418329120491
0.0289181565277904
0.0482178211077677
0.0987793263863563
0.063796202894334
0.0219106606617459
0.040945280675917
0.0294616886065447
0.0217333876254949
0.0672315967246883
0.109908373861113
0.133934569217654
0.142685544456472
0.150078563038823
0.0555678592329838
0.0392229498219198
0.0179512261857228
0.0173777369528762
0.0180088061739621
0.0215273405679642
0.0180390285460999
0.0162327381708833
0.0243786110791224
0.0290969379836954
0.0244796466808493
0.0187514656765082
0.0345724516801038
0.0137559937469533
0.0228070605264447
0.0148707316655547
0.0358281850855065
0.0416159217379882
0.0145807044255334
0.014753405305336
0.0131543105293979
0.00836148904473617
0.00711485777724318
0.0182894601049985
0.0371029185989512
0.0237696377596962
0.00941925325635932
0.0595536512292567
0.0641877924711979
0.0405858692411032
0.0454736722422396
0.02976761676071
0.0143500274470665
0.0285991271293302
0.0270138502921771
0.0246229943645523
0.0251077792053475
0.0266678196590016
0.0384240210178092
0.0400292348600777
0.013941196095658
0.0250178372267814
0.0395152344028797
0.0204353619756735
0.0193608900820844
0.0173131537631699
0.0139271631131833
0.0227154325434345
0.010148871433983
0.0237830838472308
0.0363470427456682
0.0140183664104787
0.014483762881286
0.0449286690811941
0.0608952228332379
0.0631915512369931
0.0528346657515368
0.0270272656040555
0.0701039297710554
0.393434995519211
0.0399764144963855
0.0324963995847955
0.0575938696479233
0.0487082146554076
0.017971942615787
0.0217203119065777
0.0556084005872218
0.0207371748008114
0.0264860325459582
0.0195697796686242
0.0114903693807102
0.0155654690923441
0.0135742802990961
0.0138112608454398
0.0125311001882805
0.0181340564046484
0.0673546273034513
0.0943938060033582
0.0450608072619091
0.0523456834358171
0.0265774371163758
0.0212788847818986
0.0227605218680583
0.020688671783731
0.0210012437976309
0.0301266181490533
0.0437079314361809
0.1494473421674
0.0774911102063637
0.0919387602688908
0.190909217800391
0.126103531669686
0.0831316183781326
0.0497867216586675
0.0241345251046834
0.0253500848882374
0.0190193694641344
0.0381692031380894
0.033280453736297
0.0362333024597248
0.029327480283542
0.00898118538736177
0.0207962654573002
0.0356515034326546
0.0503949478160474
0.0209431022865087
0.0131353159196834
0.00947635830859639
0.0170184180128622
0.0270456284273998
0.0404777634001001
0.0467590958764444
0.0665155791621725
0.0533816432836441
0.0476273021316263
0.0300117398358981
0.0348110420611335
0.0267102857174768
0.0318536469820803
0.0244583126897786
0.0568139340185569
0.0620800082246758
0.0400344171564354
0.062637233786524
0.0317354855810883
0.0203575303459424
0.0575902041652537
0.0160550343957253
0.0164836447337148
0.0101099150935397
0.0581636807202031
0.0237412524053868
0.00992063477456834
0.0237124185445954
0.0181909296560686
0.0126287107112695
0.0239533293507919
0.0121703301094195
0.010023798113721
0.00661692347122506
0.00541267140060344
0.0263974049988867
0.0392674910881636
0.0237766573176738
0.0318009368594692
0.0243927716459516
0.0375714698609642
0.0301631639987112
0.0228331203961302
0.025454192188928
0.0117160324692749
0.0205782495986393
0.0193670371046793
0.0106685325349223
0.0183232565850017
0.0234217164275267
0.0283557128516352
0.0298576647961277
0.0362855861060179
0.0688406366304928
0.0538861545636817
0.0988577010940743
0.254108981671468
0.0370245672210315
0.0223872272670455
0.025931324579213
0.00707347992425585
0.00645404998845392
0.00760739114144337
0.0145477924852767
0.0122160756887874
0.0137040916085346
0.0131782562845159
0.00701620512597432
0.00789202201908949
0.0154324194114727
0.0226270875182618
0.0418252728232038
0.0209818132944676
0.00751715179985832
0.022182449073113
0.0188942351319716
0.00804538334939215
0.0130625095083841
0.0183458765536202
0.0241332412282067
0.0168898211625661
0.056243551026967
0.095361313313878
0.188698452286992
0.53586415955378
0.161170031996509
0.0230140871869377
0.0628843761851054
0.0613323938218096
0.0212093429634404
0.0278504475508772
0.027899896884899
0.105584276069203
0.257856387830294
0.466016263030132
0.205485468737826
0.0701583565126312
0.0146589123667726
0.0394461766462945
0.0116445312341274
0.0324946847907289
0.0300107446961853
0.0192187127028202
0.0187342221184649
0.0358154397626254
0.0499436295755981
0.0224890389379376
0.0321591037615811
0.0305076321508668
0.0151359951341245
0.0309825442388129
0.0330285058270531
0.0249500700610688
0.0244950135381847
0.0260573441566119
0.0125598956839739
0.0102019998917465
0.0127082152636727
0.0242175409261187
0.0209814928924811
0.0275381293028603
0.0235821307969795
0.014010470751817
0.0104219593371905
0.0479948751504458
0.0997250515944982
0.100076563493055
0.0436490242686431
0.0156930299309603
0.0145890101158325
0.0240138397791228
0.0974172382453752
0.0567463765312523
0.0133275040065686
0.0211776982541938
0.0312420523790554
0.0374639526062249
0.0262223031700042
0.0359205136942699
0.0534004929386682
0.0523884711865028
0.0184305027740883
0.0702468833379953
0.135448314378856
0.0276604811375068
0.0307911933721849
0.0680110427557593
0.0466712160893927
0.0492340704689751
0.0970284581409548
0.0934270894962089
0.0152427890263912
0.0148820129591079
0.0241196720037683
0.0202260018258365
0.0254416634032812
0.0253098495844691
0.0454221763848465
0.0283785656686348
0.0100784613116738
0.021243440738602
0.0289381021680661
0.00965352661328051
0.00986311379872143
0.0172612533479461
0.0183412233018326
0.0185289908417674
0.0253003636613114
0.0196046613629688
0.046453561555731
0.101518953107942
0.0958208437898232
0.116980106559263
0.12836812740387
0.0709451658504502
0.0394065516669985
0.0174199875315638
0.0369122757851262
0.0106534392316867
0.00632713863096724
0.0135360389000047
0.0308911054139899
0.0110897568657699
0.0197387115470919
0.0458243825197444
0.0289971175104616
0.0255430556868342
0.0346154687503227
0.0127083808934312
0.0161059142989423
0.0580644393241553
0.0398311956287693
0.0200289431759997
0.0595813083273058
0.110513058991084
0.0307354585958808
0.0398323311951067
0.026865565771412
0.0305314001415964
0.0180546408580837
0.0169240651941556
0.0289474918515494
0.0512919755984599
0.0317614305666921
0.0253423472612235
0.0383561236093603
0.023515172764136
0.0158313686870378
0.0183740269427782
0.0217612058007746
0.0315813939131238
0.0699626915005856
0.0685776203458922
0.04088854254989
0.0106793412017978
0.027875138189705
0.0731047324203125
0.0212636406233111
0.0503942876661144
0.0345558798136608
0.221332985088857
0.219783364204128
0.123113765702675
0.179734616898151
0.0579490599647687
