0.205725881986917
0.1011153229004
0.101121902282431
0.711396356790348
0.639612672071509
0.184367213634017
0.441327418924689
0.669417521415625
0.180503697006965
0.285469888713494
0.226403991156431
0.0666817516847632
0.153752952647782
0.126896509648288
0.0894287706680077
0.152571611860784
0.0804067665286689
0.279572556649423
0.0294674273219521
0.0486734113971476
0.0518781348634449
0.102034243441126
0.0410063352002795
0.0913536199082201
0.0398227300381235
0.0399623762704219
0.0899433319829708
0.0603718222025784
0.10138490217823
0.0968972525740384
0.23000293263009
0.230307160680957
0.468299121525935
0.0343992915035891
0.100553431775517
0.105829734142145
0.0174192826638646
0.084915308614268
0.060416852754528
0.0558459298895868
0.0617609419403389
0.0978053603744467
0.00924386788343936
0.0686844476288436
0.0526808558928815
0.0218189524904561
0.0482776566117358
0.102235601364392
0.0334293420842501
0.0372334968005557
0.10834484723825
0.0422967932440627
0.056460964417109
0.013284738572128
0.251869150622551
0.334155544908065
0.287839654451517
0.0728130400825896
0.181374986698437
0.110166363318662
0.0320057778046416
0.014010218832395
0.293877678212614
0.278942317102131
0.107401122837973
0.223952519724456
0.0257594782367083
0.187965902812903
0.480114272730448
0.310132982436366
0.0514570082620889
0.0514844464966137
0.0140367703813314
0.015783321122096
0.0391114396371544
0.0145915235583419
0.0311976764546646
0.490414614595249
0.139257693889735
0.0233694254193647
0.887226430966731
0.611204939521185
0.0574252822339538
0.0340292560793623
0.0152600184278067
0.0099362051495929
0.00889841541591941
0.00530275547324505
0.0153328350680736
0.204261481907408
0.421932170563409
0.0126542251220295
0.0125206735915101
0.00408394854715636
0.0861410137176576
0.0592105305491941
0.0383533486791382
0.0469920299013262
0.0305219421378622
0.065840807703918
0.0292926364633662
0.0172253213331446
0.505924280258311
0.154711677263972
0.0540791879897086
0.0510123154285302
0.03888898560139
0.0185527392097608
0.12496805986549
0.070351551533666
0.275325932547956
0.0200080659365349
0.0163959065999684
0.0858803624499351
0.118006999920342
0.0304139752460854
0.0142125294823081
0.0338372598524007
0.127191559838644
0.0640500451591843
0.0166915796987184
0.0303024232870741
0.459463302476445
0.319884906275568
0.0700652457078235
0.0294035181533876
0.0345751939173772
0.164243344296721
0.0608803497358444
0.180869270817391
0.198104493050129
0.0454010336491731
0.124655490932633
0.021462167561383
0.038611803537899
0.168985385793096
0.263300421595146
0.0177907450669673
0.0169935845316744
0.0195864313557611
0.039129071110252
0.0529007637826081
0.0145804891302676
0.0232166749653251
0.276967673147286
0.0369266469409758
0.0178670225628699
0.0654895490380768
0.0262097996471351
0.0227503509193411
0.0205274272443758
0.0327872076632255
0.03939413030445
0.0156473711287016
0.0901181531628367
0.0454616122106701
0.0162112601322891
0.035089889773859
0.195657070061529
0.111554462512035
0.0515087428834026
0.0170631422261772
0.0130813753190478
0.0367344667569824
0.0160499485866959
0.00411585327097927
0.00547872841582226
0.00599544073118038
0.00848589332181442
0.00899400713160556
0.00458703526552023
0.00629638667636318
0.00697000263384269
0.00518882760653531
0.00606542687966881
0.0119835225490273
0.0234446288838545
0.00906594794417913
0.00905265321596949
0.00611959995022995
0.0031154176771637
0.0158989441788207
0.0105520634263011
0.00816032954741314
0.0332470323663998
1134.8801567087
6666.68454776296
172.818078523342
11.0115522976772
1.91699068251925
0.399292449601115
0.284100187000978
2.70788143670982
2.03712840370375
0.404386404143277
0.20706007061417
0.140113050145573
0.00351630799872939
0.0157556229336821
0.0163706234284557
0.0261881631401876
0.00606012000661933
0.0216385488624365
0.0742668815150787
0.0635960031785371
0.0143159406157994
0.0299486794506714
0.0153105850395391
0.0228426844764929
0.0478852624159197
0.00703309031558871
0.034892647808955
0.0111020195492485
0.0347794780698351
0.00778263342836574
0.0150819185615329
0.00849157158009613
0.0286913727906806
0.0305476726190227
0.0167145764707366
0.0109383585560885
0.00589302911413662
0.0066401320845049
0.00670997570200828
0.0198663411614631
0.0140745779493859
0.0272123133971677
0.0160065195902329
0.011331782617042
0.0112215348064826
0.0103782800608386
0.00739524356460915
0.00609538908021876
0.00531062746756417
0.014922935544691
0.0104009366762778
0.00895942159999934
0.00767196758428172
0.00887924185458389
0.00624618854580395
0.008219385668677
0.00635775221392885
0.00595965478185734
0.00570985708354077
0.00972902534943727
0.00750959643694163
0.0147025346631883
0.0607262053630465
0.0247310574279879
0.0240247283513389
0.0122835943299006
0.00587365200742508
0.0055200208162825
0.00527198102232336
0.0068950861527501
0.00867842389961551
0.0145460163200508
0.010200134541375
0.0136334114193863
0.00879840949332281
0.00637966463466121
0.00552286012954848
0.00651420116414434
0.0109351096245736
0.0212179985577697
0.00505922519309749
0.00928286267564808
0.00719025891598858
0.00620633792707679
0.00858308421266956
0.020096144157161
0.00929207237567086
0.00760505031796321
0.0118144278582021
0.0100189087424797
0.0129766464730036
0.0147908157893059
0.00708877622956118
0.00646415012270128
0.00712001381024809
0.00573338120749128
0.00501376513080994
0.00922511169639862
0.00895899817345124
0.00574888583097499
0.00489196665185739
0.00615413692119487
0.0239556791967166
0.00386573500491882
0.00602597043924083
0.00787042710076991
0.00748633173915451
0.00677119003328842
0.00431148502897677
0.00588780577222229
0.00537661080317768
0.00630280321146634
0.0148917383081257
0.00539310582838831
0.0081232034526307
0.0188379694890887
