0.13504234744153
0.247321070042009
0.320463513230188
0.330793977670603
0.237673426604973
0.389401950826488
0.342688197904402
0.16908259723067
0.133727594154996
0.0491350517781679
0.20948477665543
0.246825096903925
0.102850861307476
0.242915232970431
0.384812181018484
0.276367074535899
0.166065014629457
0.253842615741161
0.118033095594033
0.267023043072268
0.253103589547459
0.0929234367236743
0.268436527080556
0.232757327688098
0.142106516238879
0.384553823396011
1.11139773516809
1.08945802091377
0.478007621886587
0.35888890766183
0.277035712112855
0.390040651666323
0.468880957039932
0.779754103577019
0.476298118545449
0.303778460047489
0.320334510081224
0.136585763986234
0.258534144795599
0.441051435527382
0.217130328170015
0.283845837667082
0.297363016347179
0.207492716253144
0.174785531101015
0.0931475831511649
0.104083994920938
0.502633297751526
0.556457634865225
0.143481808535261
0.340258260051934
0.4244753259072
0.354545323296605
0.28118104352165
0.154513892443034
0.4074827065675
0.508551134399614
0.32357877241288
0.218309241540012
0.111580034329641
0.0945420942211165
0.176504579642107
0.365513983259692
0.464229556239295
0.329766948718464
0.261006351505563
0.151422647832229
0.539248435549968
0.445365717273606
0.211318772364785
0.125676909078871
0.169766516897988
0.332150332107569
0.223274569760894
0.174347715254192
0.14454590689595
0.0584792066957575
0.0845683912087093
0.16357923581275
0.196247069460995
0.310653747351313
0.197302862426499
0.563772096135481
0.407281029880514
0.247814688390108
0.18132539508313
0.415009246346008
0.482268779599933
0.188527175190483
0.125401604125205
0.252383534785336
0.248295602374177
0.173357174069634
0.513266369004008
0.255985708572646
0.162209655891523
0.499059988523881
0.721253827445419
0.502532113016122
0.209556370364492
0.112643688363757
0.329442598971362
0.274329283871378
0.119616845550987
0.0821533842831561
0.313740912712767
0.173261419124533
0.106814762138584
0.147448752021452
0.285111178920208
0.219441802990846
0.221201378225098
0.300569771671383
0.279742469646743
0.204284841941093
0.190723048475563
0.173043326098135
0.423619793061313
0.554910952689148
0.47698413091122
0.638959102321783
0.564794348874375
0.503689687525789
0.282449855046626
0.311813924676407
0.307090751690433
0.128253910296159
0.104125106893349
0.0718405582179855
0.112678206730734
0.175678678189019
0.0837977422795031
0.0820118245556098
0.139728962074063
0.122908105722673
0.222687728009962
0.261424900513954
0.801157337577221
0.585507039236477
0.266946305055321
0.374061343592835
0.303123577978224
0.189477185681585
0.285573348596521
0.247559481230576
0.31094575013376
0.430255220784438
0.690229617200071
0.637863975249973
0.490318065688531
0.562141988487066
0.176593390814807
0.336146938496166
0.619265844900723
0.421318602220656
0.130966640241536
0.276460405662176
0.256816505320189
0.0751100086583973
0.228865932639561
0.178850236844022
0.147267610367961
0.221578745124998
0.164471297720189
0.254302060377779
0.42236222014587
0.376958513114657
0.173709618222934
0.200331396603272
0.181527838790519
0.180908888914195
0.501355707643405
0.440233493890303
0.207235203011785
0.175216895918289
0.170368024691964
0.279552748254994
0.299411379049763
0.189994594340341
0.143003012749893
0.183356747924717
0.163658486760512
0.217363526526075
0.300447053165745
0.177993283161408
0.119028406335414
0.212360534049309
0.42192870127171
0.374049479928566
0.239503956978856
0.298277364091322
0.34526915702681
0.21296225291279
0.276502523998628
0.32365945551938
0.282471689680813
0.229547265586149
0.29391003217086
0.414794673065953
0.16262406796494
0.23996260945272
0.0988513802790984
0.201304273230857
0.241416145761341
0.408843950179664
0.570431890277885
0.497904208500946
0.262475686245433
0.161928644538163
0.322846368031664
0.154902380194278
0.0847169666279995
0.274001452656201
0.394265334653992
0.337170157351173
0.147412595936868
0.129751886514616
0.189581674023257
0.409022237735735
0.505039744053038
0.160875753226927
0.216283661274866
0.675403885696193
0.771254804613008
0.31649450059169
0.631861749407219
0.476277200562786
0.537696584686555
1.30048528320829
1.28875776900137
0.539663813310558
0.72031565048628
0.498300582101007
0.465173255929967
0.593749577085663
0.262183086513749
0.155116471151083
0.170581945110354
0.377433590828022
0.403874129597625
0.0899565052665209
0.0910555845062252
0.135065367064857
0.166448189041365
0.133361385564891
0.235444852911238
0.421468745538033
0.187657845701984
0.10573467315942
0.232014933756627
0.412880686819955
0.327507246477804
0.241794209259852
1.37862360883673
2.06135156327889
0.841435786709344
0.559966791254877
1.83556921752985
1.27256522918707
0.181535714451918
0.147210593184832
0.094798488443648
0.0949411284176765
0.198243828322872
0.386534127870341
0.220035758313513
0.100070717932661
0.0955542020490503
0.110751028960242
0.282871461298542
0.805174064293137
1.08511039353156
1.33160272038961
0.862051927722835
0.25235059370755
0.193726802168137
0.572663322323891
0.580476599036221
0.35968061435032
0.181089677173746
0.111752071593719
0.125792726300679
0.0993310919607253
0.0759886418948317
0.985355259049243
0.863175404733274
0.323956179330382
0.20698738108351
0.651412184988346
0.591715500960381
0.353699261809734
0.294123209072719
0.244883492412657
0.49307297132087
0.260942510439113
0.135042581435004
0.274267455790781
0.618740144604442
0.441778646810787
0.218923595416707
0.285877250479996
0.129945185193853
0.161464219810164
0.198413271040164
0.178684408727713
0.352947858930435
0.720860787305926
1.76692293233769
2.02817848255761
0.475361775791367
0.0931883543431125
0.148686011569888
0.312004688916978
0.271818567229255
0.167673972550041
0.593047870541126
0.895086817146464
0.151317243293458
0.39256339820316
0.659673799723705
0.451947274031259
0.397909526217145
0.410553040115829
0.159427133096586
0.0492543887238215
0.0528578437315187
0.118352701759745
0.0957912694248468
0.111948105810973
0.0862458426231615
0.0522858304383123
0.080245524071227
0.0566519535744695
0.0837891419178178
0.0354654284307852
0.0250739177293203
0.0269775682238776
0.0266630744877802
0.0383132893652235
0.0445888172120211
0.0280679567526434
0.0221112345822283
0.0355163054547677
0.0376631506441829
0.0751016772984682
0.0430845142283267
0.0563878188221645
0.0783547164112982
0.0490644742863095
0.0542592663175552
0.0585719720898313
0.0877048800426188
0.110554526370502
0.103527876448969
0.109633062089681
0.0851608592577047
0.0529713905506116
0.0263829125294651
0.031201202441584
0.0283114118625541
0.0219329259643459
0.0244179882243399
0.033403771402035
0.0322837439232409
0.0344991616776677
0.0334005698300574
0.0418923721937241
0.0787981630752203
0.0571904335350004
0.0470434166075438
0.0240476193347074
0.0266107824400425
0.0273226382956289
0.10378020934909
0.37099425473866
0.16022621319685
0.0504050263797882
0.172825207400429
0.132813222298495
0.210280899227166
0.118761699065444
0.0664287829565425
0.106876763575117
0.0717074394346029
0.0634611100809278
0.0614683955848375
0.0621372273683976
0.0160178279012666
0.0206790622742958
0.031278333477048
0.0371560500890319
0.0343064727867474
0.0350436980986758
0.0448755084471686
0.0176118548442922
0.0197748540314115
0.0168042904466896
0.029269522357713
0.030545393667228
0.0280709035602326
0.0382462777033593
0.0381069120950376
0.0415941717680558
0.0177720475434519
0.0119482964128558
0.0175520185205474
0.0177168596791377
0.0274128106805828
0.023804502591623
0.0102393072627537
0.0177685844198574
0.0953749799589011
0.0270252488276756
0.0199501603543414
0.0123051905437418
0.056307269923186
0.0324036688952248
0.0140418887367302
0.0378056120261145
0.0676370835646226
0.0158671017210057
0.0292075614077133
0.0300002226088493
0.0201262292684872
0.0115612757800343
0.0181828904187036
0.0981903666471349
0.0692561982869849
0.0415381960443239
0.0318334977315126
0.033809312165373
0.0274402810877244
0.0113979096478179
0.0156117063482811
0.0189391526973712
0.0200599058653959
0.0205134421676446
0.0239522477091215
0.0191006482104421
0.0456823779532366
0.0441898815781403
0.0185863832465091
0.0123885454304475
0.0695365165055956
0.0377719436444261
0.0124413271067843
0.0212421755503683
0.0686063639017837
0.0849816423617903
0.0226236161234119
0.0145248845993041
0.0483317008009395
0.0586389214326365
0.043500679946646
0.0339552300880335
0.113059708791998
0.0934797279249892
0.0343222070449946
0.0171246215410408
0.0190085035967164
0.0240785432957894
0.019715496556877
0.0267953863053474
0.0245766655305345
0.0464874084410642
0.100806949861753
0.0414835925162198
0.187071450446755
0.245508852116534
0.0466389353235566
0.0257016916332466
0.0834761328268576
0.0381089472722149
0.034367405181485
0.031728757776345
0.0634343454695428
0.188958796948557
0.226755392659653
0.134065105742749
0.0405698979657325
0.123155259570486
0.0956593684686875
0.0295464221936211
0.0459366587079253
0.209393665726654
0.0891393452274042
0.0283241522622036
0.0263827878539773
0.021521993870562
0.0338902340405607
0.0363966774489918
0.0205553303731572
0.0122466125554195
0.0164495760632863
0.0269203533615459
0.0676317260889412
0.149314788844297
0.0397485362931626
0.0302435473783436
0.120246063912264
0.118645076000128
0.0435943601184351
0.0657217357301698
0.0741314353915682
0.0956537809612583
0.0665796964391138
0.0631268847873002
0.0480208872400388
0.041131230178507
0.064297657963143
0.0476515028463075
0.0452666844830088
0.0677058145126958
0.203728927285151
0.152250577123138
0.0451586637143527
0.0719653820090032
0.137493956218
0.112859462681084
0.0377254642350486
0.0490387682513513
0.0751341780931521
0.0448261545718337
0.0186105462358334
0.0255679272653769
0.0419188413087839
0.0676358319999915
0.0953714706936576
0.0875954419628349
0.145839874005477
0.126939852473492
0.0695990840022589
0.0585058473433872
0.116836501881159
0.0867913574478201
0.0522432569063868
0.0857943021642664
0.198829776158473
0.134685736395816
0.0388746734700918
0.052519337203127
0.0328484150968513
0.0354566262147432
0.0369056000613714
0.0280566594688393
0.036145286768927
0.0888142704972903
0.0406579702829352
0.0282842686497613
0.0423307465601903
0.0353522391384229
0.094413431513832
0.0616259892970121
0.0576542880892204
0.0408594607263462
0.0606729871748107
0.0585972878671304
0.0667499611821866
0.166692963780991
0.174169384609511
0.0568475632877311
0.0621694406780909
0.074843751964552
0.0870695152367856
0.066749049155236
0.0477015265918446
0.0580524486353528
0.0171616701691374
0.0152847650746842
0.0327868591175832
0.0390724705995181
0.0244208037231485
0.0280204340840788
0.0254036892950231
0.0171042208517073
0.0324884839415189
0.107039728443292
0.225225602845711
0.221160573039088
0.252607824517946
0.0734527146252958
0.0399032557223719
0.0572860822261569
0.0303178436434138
0.0307325004389016
0.0459990142216886
0.0288082913430124
0.0214401861103929
0.046671737321844
0.043177312128711
0.0442547728870573
0.0436118078637841
0.0298733465386569
0.0216385769519746
0.0250440523865643
0.0262325536070713
0.0322403203289388
0.0400774776714771
0.0443599773047608
0.0362578939440638
0.0428255649659435
0.043145320068368
0.0620789181230077
0.0857949293005217
0.0957130081333141
0.0637403596086459
0.0691076676458951
0.072445753002306
0.0649174200479533
0.0929212054640132
0.136579086988075
0.106577910354532
0.0300724743356484
0.0150491192557748
0.0192179611989797
0.0280361893026787
0.0251668732196318
0.035096378092692
0.0571495723685242
0.0247190628656029
0.0122550513317449
0.0140918815566198
0.0142569352715376
0.0112561302197873
0.0175433586667522
0.0260752233898159
0.0544283445738209
0.0474917756351362
0.0242667704749296
0.0447270273504161
0.0478003815927874
0.0264092643673068
0.0335457101292227
0.0339808522340115
0.0333626549434985
0.0344809818237546
0.0551947638188416
0.0399899764660615
0.0225702998648829
0.0168129801785126
0.0360005714484453
0.0837214187198665
0.109707513729227
0.057236022209712
0.050679935620737
0.0487878768575435
0.0406524652440357
0.0589830678718358
0.0182324640216892
0.00954523628823863
0.0558110763721428
0.124042879821826
0.0343774872089921
0.0508848250045884
0.0433663889754008
0.0333253402630545
0.034715325819224
0.0306701773419088
0.0635324498208781
0.0412466462226786
0.106797845303141
