2.79335261395977
4.45921020653311
4.46247718080125
1.90397871985973
1.38816451472631
3.85411245535861
4.04960218497859
3.08117254804765
2.894079878091
5.21142757030881
7.42062848161353
10.373009675064
22.7548487855505
22.9867778271791
17.3491830673753
10.5851539867312
5.26788492310429
8.34565874580167
6.38430660762434
4.97949389707631
1.85620954215504
6.17327581087577
18.0134246472802
5.16708031669506
2.39937564438661
2.39512875066982
2.20258762518715
2.41600243489174
2.48637221013518
2.6906371285097
3.34156256271983
3.02242039701987
2.30257204397527
1.77659245571729
1.84790967334648
3.0828623129326
3.70021716402424
4.9731530014583
3.55344505948402
1.44446149170264
1.7941074546741
3.13442451283135
2.67065872088054
4.31667534291153
5.65952840775344
3.80326894682524
2.20162541902195
3.67502831137951
5.61531967157468
2.73220883855058
1.16842572653799
1.65017981787742
2.3516203729479
5.86722487652246
6.77280502209969
2.75655247340456
3.6219196939754
3.78088554714733
4.97584596315469
4.43657510821299
4.35794965223148
5.22419417157048
2.64300575839059
6.13875769344583
7.45446588456333
15.1448191757312
15.3904149527447
3.90088746964962
4.87161126943448
3.76372924064508
2.45599317772559
3.76134079305685
4.86595276755053
5.71019134497417
6.48074697524773
5.17155678351877
3.52859222767394
6.7923928356101
8.40873326748759
5.57719373134771
4.85277132773209
2.34942899932475
1.82061517386363
3.88954292670291
6.91291398831956
4.33469524458472
5.09996507596116
5.84448373057568
6.68215537033204
6.7106678875595
2.72700396715625
1.97331180514691
2.14005692725934
3.52775920515985
4.61976932401008
3.20033027146469
2.45070418344883
3.99245416991169
3.78985309853349
2.1928208818
2.37154384079033
1.64486426427135
1.73984180792549
3.14472096128678
3.34566813705972
2.54084588958064
5.7546038015929
11.3489875366617
12.0555690523744
11.8450692721278
12.6938542786233
5.93162492366021
2.2242217987946
2.76461106455833
12.5945201754661
15.0479521089176
6.61625191422527
8.89848842429343
14.9336999601704
10.6306768866943
5.11702068031591
4.37926456339621
2.47353364195115
1.5660651113421
1.37191533245138
2.50243181532063
3.12455578702325
2.66997442811754
3.0984758667263
2.55870897927022
5.31904162539102
2.16494708144355
3.8921448041631
5.45691172446709
6.58144690203403
6.43912335600556
5.75941252696512
4.62837204336777
4.77767141448233
6.15842773903042
9.94852821959882
5.05459181011579
2.71554680413415
2.33523887600901
3.32215981272554
3.20291258724739
2.43724411562597
3.13004680827667
4.38455174416911
5.23787132569084
3.65051042902793
2.26528592578442
3.1599214130424
3.20383650608534
3.20175966662794
2.43245093811839
1.77028453918231
2.31890358984713
3.79562488251693
7.28520903016471
10.1239835452544
6.55132884808388
3.51153383055221
2.38256802799886
2.71296100106215
2.89788093560335
2.53940225583017
5.80530807661514
13.5398125915638
9.66142600501302
3.88272261613357
6.3374083753125
16.9166141316088
18.3802911646955
6.0563130591157
3.77142515697194
5.68241269048357
8.86550221457831
10.552529667119
5.10135759781958
3.11643757247953
2.50408420314519
2.66099194412669
1.85576331046277
2.93672950429213
4.50101922754504
2.75069274083368
2.3402487725134
2.9631718958727
5.69317721705459
12.8676100233707
6.81158358055522
3.92544828319437
3.59877084600965
7.26514949382388
11.899435086086
3.44033947179912
3.14902372621384
4.89697933852559
7.95152020935987
5.25617861587075
2.8381003919588
1.92643533370546
5.79112730632775
10.0173559799474
3.01829758231529
1.41033513096991
2.06936289750975
4.03359994452193
2.32650042497182
1.66752531219155
1.48925227453576
1.29036463418371
1.57770982574308
1.63334274736191
2.17004122583188
2.48094723741559
3.04543892364081
2.4375171740169
2.99016566668196
5.80758233871944
5.75447598150221
3.10178253397447
2.90029734585391
2.27939514935061
1.46301882815246
1.7643164451241
3.00914150629828
2.58869366818156
4.49690394904809
5.40070231166533
3.34992847859629
4.0134291548279
3.55534241533757
1.85045220305382
1.65536665306703
2.68333300498762
4.86248420244055
8.15039052056001
10.8287642137468
8.33768781523761
6.22901559080385
4.05216484315206
2.0067580229468
1.13887358723731
1.38030191883533
1.33027406678215
1.15254445997297
1.34694847571044
1.46051313393278
1.53835906421389
1.20569695955582
0.904739669158394
1.23657447667384
1.1578048964984
1.36938595306256
1.27371357619313
0.920335638194087
3.86447193885801
9.09393413857161
4.42947124123122
3.22222152879394
7.01873611214345
4.06227548903161
2.86276823722367
4.71460285745547
5.53180248086453
4.22122529828091
2.10839586283322
4.27908747776289
0.992161147259125
6.29656656342678
14.1899068760163
5.61463545472934
5.30661601467525
1.68379433729094
2.67599261672243
7.05951847444963
7.20946515910499
3.91694584820736
3.76618719242392
2.15672811861924
1.66446335246676
1.75598028281785
1.01727176136015
0.82586677503836
0.572056502320627
1.52903480621482
2.06885120524065
3.16811433394638
3.21367348626729
2.41259606204979
2.01390785741954
1.51021991994729
1.4271400358108
1.32451482474176
1.07171210702571
0.876570975603711
1.05800466388347
2.02748464360332
1.73461160651356
1.373700797549
1.00410255773878
1.06261811917459
1.25335805776616
0.791170554235629
2.7151171724613
6.76068164545702
6.53477374419986
2.18914118841026
1.44055256303824
2.48951644131332
3.31655077915878
2.69640776160945
1.2877598319842
0.718974714131129
0.757428702253728
0.728686603783857
1.45601964187492
1.5554705032801
2.57999938323501
1.82971344506029
0.91448008722656
1.3111485107856
1.71811779710138
2.05105467198079
1.58796173457272
2.09329394301537
3.05002308527723
2.1068658574543
0.895982941559772
1.16547229621938
1.38525320400841
1.30926690905912
0.936640039634702
1.06882511691483
1.47990783753837
1.61611273998746
1.35976261691099
1.10922302265997
0.862725891462477
1.8575767794484
1.76055072894758
0.888425550878701
1.0586756845368
1.37072687874515
0.859723676709147
1.02066139976291
1.23172552032131
1.06945533785744
1.18157724565629
1.27991345414409
1.16524354305091
1.25315125094998
1.27415574359783
1.38112067459769
1.37233055520651
0.822144762328115
0.888920824583744
0.793268322375913
0.758251655150818
0.870843223432335
0.859540527683225
0.58232471645626
0.662823987897907
0.844657461605678
1.18336526603581
1.59016156035986
1.12977628611357
1.05119420022306
2.13451936883841
3.32710618398911
1.3014684462212
1.12144618946301
0.951698048146311
1.06709657829185
1.17923584434511
1.14138833139351
0.975304385726833
1.14551548767125
0.910715415202134
0.928314892319762
0.916075253771249
0.514517251881082
0.947308863243062
0.623505656854922
0.893680403470984
0.913218456020851
1.2612402079288
1.14050083185638
0.799327953404629
0.779291497639946
0.846694701685559
1.5788798158046
1.42170702903795
1.02631129943052
0.920095121095256
0.949505374590144
1.21402597223283
2.11210756972209
1.29983562706125
0.976275271974869
1.21645759504159
0.947019897282738
0.90970452288769
1.32352959021425
1.21146810355754
0.700952380596458
0.332983294369171
0.312186546429845
0.932025723927098
1.56574991607553
1.4485597590067
1.54415730834302
1.94680449589925
2.02617679053445
1.16413517502349
0.754274010598468
0.656371822922309
1.87962200114234
2.11275690959643
2.19242949068745
2.26921161920142
1.67889711420765
1.2307929279173
0.945817219637419
1.25274067571075
1.71886515747324
1.53998554293056
1.19568172351027
1.15202803601064
0.858436501323518
0.747473317282439
0.972712369190883
1.18089166143712
1.75756660972057
1.00232384877973
1.17747294943512
0.925112551117208
0.755105031599479
0.898533307691113
0.606893416389456
0.801497959354608
0.973382511771744
0.833728915275879
0.779594161756928
0.675694196960261
1.12521332492323
0.818697743883795
0.653337302299722
1.08456968213096
1.7155795047566
1.58629397809834
1.11850279815837
0.813757880583623
1.10441298500295
1.88129062878378
2.39368011033766
2.3318513165284
1.71821674901687
1.44588145107248
0.79937049690001
0.59316436481799
0.688777703824539
0.890101377515377
1.04341754949551
0.871776159794853
0.997336019832256
0.915189079403595
1.04431095740722
1.48892965389716
1.0225275471855
0.857927537818533
0.938231309852939
0.905750036946875
0.841550504900838
0.921228786860548
0.602515833693377
1.11512792593368
0.886378025851167
1.15081606997012
1.173989938757
1.4550770203242
2.20163742148226
1.79552214455037
1.71694905490496
1.72389645395422
1.68565757597806
0.879802494774565
1.06125949612817
1.22386001096406
1.30733723537723
1.61551706941057
1.19125220474574
0.570923508187134
0.531952403482193
0.570430412709141
0.880872510103156
0.786914008239487
0.497267165951576
1.03447420522236
1.32061524686394
0.951577135889345
0.801169386837005
0.625139438428367
1.44484152454465
1.68743994959469
0.780639276813877
0.421986988502904
0.57602303926334
0.452906239177123
0.83882717796417
1.9299359580248
3.20965650238469
2.29182824099597
0.738967395588847
0.678200918344516
0.978583715692933
0.855226480191935
0.473047583942373
0.954171226225619
1.28064407122517
0.918468647142182
1.17996591207075
0.593274608083457
0.943537685452461
1.06976871705901
1.1643758653164
1.03795690498648
1.10439410415881
0.936351910220351
0.792572239946853
0.878339530370679
0.919347849991448
1.57762642246465
1.25908613794144
1.85391749763655
1.3211253177477
0.441310441590069
0.468624019263576
0.568629764871997
0.655395826430832
0.593588770223871
0.392562723355509
0.802019056634051
1.4224730123421
0.831932947782277
1.05031912580625
0.98856633636157
1.0209773100187
0.569905364632863
0.786658258353729
1.50870417593058
2.26322937574135
2.02349583578502
1.85146123643815
1.71543655771831
1.15915285910624
1.50400616499694
2.40566706892958
2.46166581914306
1.71146739896177
0.992946252947167
0.668579030510862
0.611817979245894
0.590294810539945
0.840741554911623
1.41863034661695
0.814289700275798
0.861219674706482
0.934966399106191
1.06402941791911
0.94171066145196
0.910221829445779
0.964639216219647
0.826722387099985
0.672911527327001
0.923128609128291
1.11013138355865
0.550610898735419
0.484143918129923
0.729455860974375
1.77507923576219
2.03547984617902
2.51477251449619
2.37233113221027
1.45381627743412
1.10923359756899
1.06677383172724
1.14808534085173
0.974019610081969
0.786952974648121
0.991277965496845
1.10228706607972
2.18626629286221
1.79792242041472
1.36924903116521
0.969544088483015
0.933648377489357
0.859333238253932
1.00470922568377
1.06808090942019
0.826463604246052
1.11759638655101
1.3818100537438
0.83566020360287
1.48838197099354
1.58948301732429
1.21530322865232
0.596448135897943
0.790569724986073
0.961669754680119
1.45264993855766
1.12828243642838
0.631989448092457
0.513718524119268
1.48049866725063
0.862664401447449
0.780474588840579
0.586010927326293
0.805990266680238
1.22637875745137
1.4437025680888
1.16461672767271
0.778578418587492
1.34701130617482
1.5385857768667
1.7946598218095
1.58471386620355
1.84600883942494
1.93739753894246
1.76838714975647
1.56246970414989
1.7833958326789
1.04721314744493
0.78640718355428
1.18246504744158
1.25118124671693
1.11699277253501
0.718354962056224
1.46354643240388
1.86724925805732
1.54498900843704
1.94397306363558
1.6003978690144
0.798914454462751
0.986311967598773
1.01566210032491
0.97032399688125
1.33575143875128
1.72314453138175
1.40923051674953
0.967822359515143
1.01830162717386
1.72170820078972
1.59833452366568
0.900274515650022
0.786640664005137
0.619574880514441
0.705602981937249
1.00690551867353
1.8108573554257
2.26932839312374
1.83322782574496
1.57171012032774
1.27488689834571
0.701554298641112
0.834963715695889
0.929526818673746
0.567947538810894
0.634523581841675
0.782369329375591
0.829671054876306
0.960911265578022
0.754552087139451
0.713685202102254
0.668474821777046
0.635688622950316
0.453681507168668
0.417063111340521
1.01161965607257
2.29493956037618
1.00111443647623
0.440233526899307
0.483902451677468
0.569454167278263
0.551371162026087
0.452315493206159
0.494980636333554
0.60464102593573
0.750641967725078
0.648620158707181
0.596799868341188
0.603986775013416
0.807098796718933
0.772228104575967
1.27031580672663
1.03846379644306
1.13419811779259
1.66384498772812
1.52808594252857
1.14251618254426
1.43783322383614
1.59792036733189
0.913916123373379
0.859262419216654
0.893217348401424
0.957191757321277
0.855727090810002
0.986410001274493
1.14911411420975
0.740506457259475
0.820298063971463
1.42612051084135
1.03694971623901
1.30691064202344
1.44982796641265
1.04422189959615
0.911521470073067
0.374245136837783
0.785100603165063
1.17400366671793
1.51151586733115
1.39822001581153
2.01095420658296
2.23179526599594
1.3118594938324
0.559008331555631
0.721444300950326
1.13413921649169
0.975687447917047
1.19470938506593
1.2613073618281
0.875119554308146
0.749596212773249
1.33599766177198
1.53414356709875
1.63015310677908
1.88648313572897
1.59597082096671
1.41017386804847
1.71416268923755
1.42842512370376
1.1605468563678
1.69599472511477
1.39235924192647
1.41792780693525
0.902666257889457
0.942997554545414
0.895349669032222
0.535368175605865
0.953228739412303
0.812684261619342
0.392497621227521
0.394882192907871
0.636858357374946
0.891464290315366
0.489935386153917
0.432477134403592
0.503002801265532
0.587571869876068
0.977464210761597
1.77691953625773
1.66776209221276
0.746705408788116
1.42799638029469
1.61137880976593
1.10019638160638
0.908961697747634
1.3497980824806
1.95448167452287
1.86794056071685
1.16285850742446
0.608684502478054
1.38947558096957
1.07216599330175
0.941261113055279
0.945520116787449
0.850987996394619
0.961530821167301
0.853936155811518
0.695520186567212
0.579475182820922
1.08323136519172
1.41568381682175
1.11934062572264
1.39082965821707
1.26577514492853
0.836963965062851
0.796685107051705
0.739076535072242
0.44588945011728
0.760760143155529
1.23521248334358
0.818805392622915
0.62927592565773
0.550137981238809
0.670638941597265
1.70034118726362
1.19677879625833
0.921515051447403
1.63043262148054
1.56057274590552
1.52136895154658
1.9327911642594
1.63834698008065
1.1135807219059
0.780557599827763
0.849020677385324
1.02134520193881
1.18372525675359
1.12490788545785
1.29216282927536
0.59525494325462
1.07689437153848
1.30637394731687
0.869022923981716
0.545681575389316
0.519420245931914
0.711151155212618
0.774350614451007
1.0329384217296
0.815924697847537
0.479068683190221
0.722366433952063
1.56752888543508
1.76365849639847
1.80701180871744
1.77533679286462
1.68091921841075
1.22391764892534
0.766093040871302
1.4769438092153
1.38495187587972
1.06794879943262
0.834803931438249
0.701788061285994
0.795026444713965
0.816780447211884
0.807900105419384
1.41955730343351
1.03534668223149
1.02570501897777
1.23635275127213
0.750617486307954
0.360403695308367
0.769004582312945
0.893259430218419
1.13036922019817
1.18143403342375
1.07815060712323
0.655625271159596
0.61862481405341
0.553639263804146
1.1067657187966
0.552354152945687
0.426907341893149
1.0859883541574
1.32250206339157
0.782264447810053
0.844063268016337
1.10952271804146
1.10780685477643
0.906430052821164
0.855023182482988
0.667256905878499
0.382363310846016
0.714961486276629
0.852474997420084
0.719439369587223
0.94114441215734
1.03784575329012
1.31641745345395
1.41390185464774
1.55954075847075
1.09754852887737
0.880428732247416
1.06139537256404
1.17831081327387
1.32048060284691
1.11461800166132
0.531939877046708
0.821691267704845
0.695001764792761
0.506707977060223
0.638178229091074
0.714885668318451
0.75106339675663
1.15642195007758
1.16474158966912
1.75712451623239
1.45533255401796
1.06292443609317
0.861077670184772
0.752978649118383
1.1059843610608
0.893243676648274
0.753386493976081
0.908486605454494
0.770495867859258
0.699950816463403
0.783483794784339
0.865862734325178
0.816705622771485
0.830639924718541
1.03989456781576
0.795087242840311
1.11815525074163
1.02361719235729
0.547964179464956
0.504960113118699
0.591691517386984
0.577014381944015
1.06701517762296
1.71080845754262
1.73947733058722
1.71972617903657
1.44080588853365
1.1738288292473
1.31608625491826
1.45638159252796
1.5617775033394
1.39210327267079
0.838005322777404
0.974878051164491
0.981560019043073
0.961647613291312
0.904797476237568
0.615066434881687
0.374836770247577
0.398123588442425
0.45738131156754
0.632807346589573
0.744054071853362
0.471172156245852
0.306091058234149
0.562878327189444
0.92047870509519
0.737517224974499
0.746647175383694
0.647501251250564
0.659419481390298
0.569150576774659
0.658243766478106
0.76954961907702
0.733617410853362
0.667977815455775
1.19087514368577
1.91085591326441
2.15651615930848
2.16894401852214
2.14919315158895
2.14246279849927
2.40777125731862
2.15141546264651
2.36831880701419
1.06075660200712
0.92769955456328
0.988463410497092
2.16522689007148
2.76379575666417
1.42359744753033
0.65857437531839
0.927812518154457
0.869003280311177
0.284141707060658
0.619011656297825
0.416173478069105
0.758491148204874
1.08781093752525
0.934788705486013
0.524711419522202
0.720284087599789
0.706309338623899
0.734058460551882
0.714504104221605
0.507551876065776
0.563903765644991
0.804827426513323
0.971695826538501
1.06595239530748
1.4571838430735
1.28455653754248
0.904781071663986
1.04727454456224
1.4165284061569
1.63965762520601
1.61729847605998
1.48251182562802
0.953054888170914
0.671974165081999
0.883456021436327
0.873081445513917
0.574513277746121
1.17753168207301
1.64203054223052
0.842067154638844
0.841057452265259
1.27232808997743
1.01832776200975
0.501459867859224
0.58899972160633
0.473185333664914
0.471785504980486
0.61781888719869
0.999837767171485
0.898782772315629
0.802395156599341
0.636727582114262
1.13490924199278
1.37938677789253
0.722167530925785
0.520975187106169
0.772025539885146
0.787780875800082
0.962385443681544
0.874939460134151
1.84357653632651
1.73189180927997
1.44518379882075
1.35346187196194
1.60149198182731
2.09674553967037
1.32576823869898
1.03951459150855
1.39836434089516
1.25493056752612
0.809564350477707
0.881176713960291
0.838522774139431
0.841523613573441
0.668876049744986
0.42763867603086
0.723382130633581
0.933759252703226
0.554092770569574
0.375870890431225
0.596531121426353
0.970928986847741
1.77882217502088
1.52354263388664
0.394727901240439
0.701976412002836
1.15695914156124
0.881657192102331
0.694930508235138
0.80267034077317
0.947192240351961
0.909227060565986
1.10458471741754
0.944800712686812
0.617999466013786
0.542668322277967
0.695264056580778
1.15773610673823
0.729341007540747
0.53845134994059
0.528350896150477
0.807596586027965
0.628456072009389
0.693898089647853
0.83428918412944
0.709451543912848
0.713832785882946
1.00141146410623
1.12888440216818
0.672197757234793
0.582452704855136
0.522150256654228
0.716804795177479
0.688880058497763
0.787079987660271
1.40837326132011
1.85096347758788
2.15815590932461
1.18223845610878
1.31188267335968
0.829886509004272
0.827103397732498
0.900598188523647
1.03379258362801
0.895749200855955
1.14159344977426
1.57304637923442
1.44161168925206
0.881975014643729
0.685775605981846
0.753658225132614
0.838942942295522
1.39540219645418
1.2177226788678
1.07378294854193
0.842539775080169
0.693205098583705
1.03872060813839
0.915216977451129
0.708353439157153
1.15773807574806
1.9098297710715
1.56411321481264
0.929367897187178
0.80047140113107
1.14408436800776
1.19394005611676
0.86653011516021
0.48367185953987
1.27796410002172
0.858068261729938
0.649486707284286
0.466780550915795
1.32064620272367
2.24857921188696
2.25708002556026
2.77897929015695
1.79205884065699
0.877029233654919
1.07361209560143
0.959957472340671
0.859666285402827
0.637402294339714
0.736014168269712
0.7784174384415
0.756542871620607
0.843863623325196
1.22652326113713
1.2315659812917
1.05738543370967
0.728096124256498
1.08679301761235
1.13729211018416
0.964394924593539
1.19851496709351
2.01300452732003
0.913868373698566
0.463603901138268
0.869909667123116
0.95081078881285
0.763787585131908
0.713296851828065
1.06388691581042
1.1695693395301
0.984404573999062
0.907884355989377
1.11516052954259
1.5380839678471
1.25823262760408
0.705873362065787
1.04270958927577
1.58227870773419
1.55618098699997
1.02829090088667
0.784756920144338
1.36253323006296
1.72547715127193
1.49466662631037
0.876003692360291
0.644125255790447
1.09372011784493
1.6548580312594
1.50105775935047
1.09461053461553
0.598466459079508
1.26095762618687
1.59429974282512
82.7901773924179
95.8164185803494
9.48274492320907
5.23264723771513
4.01925921679236
2.81039372406012
2.33145710016841
1.0100632108745
0.685448744171649
0.901950878725872
0.645071077257999
0.575271573791005
0.735578991789654
0.482228894149518
0.866931544657754
0.946878935506037
0.482625177945794
0.526738005762482
0.462507709188505
0.504270264789953
0.680720073363455
1.27273259820547
1.34083565469896
1.67897547925849
1.44274810648622
0.915763686035058
1.21493138653247
0.908362947332473
0.876773375377971
1.03732242873327
0.968887293051757
0.722066564302866
0.728732122771724
0.775001308002022
0.780642920803316
0.567238143399677
0.536861024546412
0.546136416345561
0.549899039397172
0.495682091713375
0.546749108640054
0.455963698543238
0.58631541240398
0.297819126053837
0.400132370349327
0.974007993408131
0.830691024063462
0.505362545753682
3.33794244805511
4.0004495165797
1.54497327949865
1.62911554009608
0.896176166127434
0.588844997014181
0.465124987751688
0.608904079368729
0.840891077212117
0.856595210872601
1.35819535411326
1.12249908510538
1.42089289944017
1.53539249084397
0.852884056753054
0.981659613642629
1.37294966339156
1.23685949198638
1.01452051520451
0.612223100600709
0.76339110376954
0.874777998603101
0.577648793473116
0.66106577227557
0.98435001783644
1.09609532612755
2.1917717856439
2.42892740825794
2.05870819770176
1.23385701686666
0.914184335683517
1.19312903467854
1.34863152370386
1.61604890202353
0.710564499920391
0.872575789781676
1.39867150425037
1.28287223576826
1.46619771595157
1.47181326116712
1.35682081253838
1.00914379760879
0.64098204606343
0.917785596598676
0.966505480792541
0.871337350756234
1.04344651497308
0.559796385538451
0.760199267724714
1.78763610395212
0.878173781660484
0.730404492469627
2.43575557733397
3.40863790539162
1.60413380815853
1.36303165777903
1.93204872469418
1.58446362746874
0.835504828763495
1.31712968070845
1.4385180408744
1.10825828089073
0.640782119742943
0.416047722207748
0.60994930216233
0.74770761809533
1.03009311149548
1.39960428148176
1.34891568062575
1.98550931653999
2.58168413761136
1.18999200114938
0.790739762791539
1.36731699357692
1.58947683952514
1.60345460822157
1.15926255170861
1.17084092159881
0.549997645814156
0.393711304067284
1.07439810544478
1.13565069396246
1.06439702531756
1.44772454850147
1.62601620412245
0.987068890263931
0.522632280965422
0.28186028325827
0.392771698298922
0.437840658926206
0.613791259346417
0.61138239716247
0.909994685599664
1.10155906851702
1.29258467237763
1.03134423067776
2.02399506139573
2.29615930059917
1.89784767113912
1.34438387138364
1.05427997400413
1.10139992843176
1.12426935903275
1.10979128605929
0.949195382968031
0.971374550613762
1.11106213504174
0.866465744655283
0.736015154559014
0.703279784834575
0.903495278969751
3.36848772945758
3.75982817601781
1.44122557707289
1.4793486727774
2.37437080541347
1.97836890514414
1.14111022586716
1.09430378951685
1.53425224591321
1.47730454282501
1.08710748778561
0.873119567769073
0.937617468749264
0.715758653660618
0.468538239053653
0.832286992090524
0.59930404295578
0.862719299123301
0.768758065135415
0.695218753855759
0.964506925761251
0.737889754420459
0.67744086614304
0.623038495189147
0.657222699402235
1.31916537230877
1.2611834466804
1.8149924796314
