0.332987645628465
0.275906618949904
0.2635461986801
0.365573939136358
0.351023236668358
0.257991558697029
0.188142306926733
0.195148433511455
0.221303031255192
0.193827725844
0.143228245011169
0.149735320557047
0.169943901823873
0.214759356803156
0.212238998052492
0.334818446411661
0.446953006877175
0.398322538250402
0.388998659102397
0.319864391997779
0.401852583018421
0.541403632724898
0.306611359532092
0.189367046874214
0.162463921929775
0.157584758702903
0.189711354276009
0.263659784871292
0.268321418439622
0.207871505269124
0.268342590600189
0.183705144180616
0.186996615456118
0.26812618067172
0.159029540540526
0.212133145691437
0.376563355956953
0.326943153969585
0.22735618986425
0.352359152789717
0.348704932445108
0.148390816941277
0.152067567012372
0.171281922790712
0.252975375913283
0.385432677044103
0.40369129353611
0.301890255530396
0.459685208750361
0.487071501514407
0.366690528191853
0.264575669267745
0.160795359824865
0.138264105164307
0.15653937516959
0.130724229004893
0.121007318732646
0.125610120281906
0.198042350487984
0.288763412794505
0.165187713849304
0.138018836052037
0.214461626563934
0.278365185915404
0.17532629163791
0.197529085985077
0.199969000271859
0.138357620638073
0.133528005915949
0.154253632264836
0.145616465768176
0.178539526974909
0.229875102415646
0.222041328668334
0.183486838751517
0.262315005859767
0.267957049538243
0.199366621957388
0.249165821822723
0.239726875570406
0.258300190899454
0.174987745954625
0.244703406384442
0.301255750580218
0.325973006321953
0.364853378843987
0.425220849309279
0.294192504732011
0.30067280296461
0.288206006140454
0.350185026430475
0.417053237590965
0.391550833568171
0.420091531936836
0.298947464473143
0.185615971114409
0.278557971063831
0.296529484294354
0.173090430593129
0.157202361362289
0.153017553340426
0.274839237682195
0.285863540291948
0.28747731538592
0.234420748378832
0.299724332980113
0.306901051659423
0.203980070666535
0.200891805875092
0.206804499878385
0.224738421349939
0.110149767890039
0.0891322210155683
0.173808125456439
0.228719981282231
0.243918932502573
0.259507437228998
0.204377340477608
0.20154168112033
0.227381868682718
0.211087437172369
0.210522430247423
0.314965990683093
0.316254036263341
0.286082003420349
0.231589960659684
0.211613409370122
0.306830728412856
0.395437623339738
0.56388291866184
0.333888663117582
0.175340319593751
0.175565371202167
0.202513935161562
0.193756760189675
0.289494547711405
0.345413768776224
0.272704512338007
0.185258056693594
0.128035524276262
0.164874821258965
0.201586328970429
0.202210438518682
0.158202098242306
0.119462666803409
0.142822680168323
0.146836516546498
0.223063771869488
0.205568404732751
0.152377650572473
0.117818552839674
0.232994024401084
0.282844183934701
0.257367521137061
0.273941388703973
0.235193803249666
0.177505405710368
0.195818538925856
0.196657430340632
0.192055958308226
0.140177323634991
0.121805443201827
0.242683153530188
0.263492734170953
0.254283117761175
0.292319915286954
0.195317946956975
0.207513995374894
0.203896594248682
0.209727520349224
0.145307986674084
0.131352963761099
0.141855296717486
0.105516025511073
0.153975855756198
0.270692973446797
0.350951328735074
0.244052477806023
0.161668445333448
0.193462602881717
0.19417900424526
0.224199450380125
0.204452588613987
0.202184029148772
0.181964544059673
0.254937468546076
0.306215834990271
0.805687803706829
0.530798920148839
0.337081857623125
0.344661674347085
0.199354757478994
0.141983718427318
0.215590651033702
0.262750258522681
0.205202720935155
0.201438785535706
0.279394977905176
0.35772857165983
0.230999636959008
0.223675580477554
0.191986981070262
0.175585120644008
0.134184379097227
0.169735290002307
0.15541481954372
0.118380274042104
0.136234875724719
0.141277549479122
0.169427551228102
0.170973466328367
0.173176951176999
0.170762688848516
0.142641105514692
0.291497442075139
0.152356218593983
0.140289417446336
0.115258070803637
0.172519974499948
0.197558265679608
0.178299013971054
0.143384742883171
0.163086680768714
0.190025986078727
0.291503190832087
0.447364553206155
0.291061819547476
0.186938362991198
0.142486378984715
0.186141886354298
0.257745670489616
0.169621243181108
0.110994401482549
0.131542020963405
0.261861193490828
0.268688959971926
0.134090888458512
0.157145921967245
0.185775077353339
0.184625514256015
0.13285806482228
0.0866658131665807
0.147177857979187
0.133686309254032
0.176783044399725
0.158067627352514
0.137432714855495
0.137293087028706
0.12661744499491
0.108602372036897
0.116937712440654
0.171064825241739
0.179807803240863
0.184489626170352
0.230419432103425
0.309404055491077
0.314935432845526
0.239835968435389
0.193914353191075
0.193635104058197
0.132138834193847
0.172932081349138
0.219847511309019
0.189770302898385
0.137025124206204
0.180918792657083
0.163491254390559
0.130294689889078
0.155251128137912
0.170430996203288
0.130897604710964
0.172461313660363
0.168653791027205
0.188900883532381
0.181459078330474
0.181391296147908
0.200528189629089
0.229307183592439
0.318498056780279
0.317408380136549
0.302426206294305
0.263630532827396
0.129409828581665
0.101593130964456
0.123442743377939
0.174156244111644
0.162180494136186
0.133239192090297
0.144344156569119
0.170264897951003
0.136534191127278
0.120927434771143
0.14145718353633
0.38847784710918
0.395958651231905
0.226194180750501
0.236810720176541
0.25262160823575
0.194685179920428
0.154163387720396
0.164990603850326
0.168634727475044
0.141111509106263
0.165428899730474
0.138431842551543
0.137564315688367
0.112646834568436
0.175515602623902
0.177445789159653
0.111389973223884
0.106625771556974
0.104831747339386
0.175481861489601
0.174790519215736
0.101554573374389
0.171523051372886
0.219521755598469
0.363632119875102
0.256471567095944
0.221508210158956
0.225170705743191
0.220046986145344
0.236485475866765
0.322471737201422
0.307384777696915
0.23548440341128
0.266642519022169
0.269261077138874
0.178227821689695
0.156479365005166
0.195580936012355
0.19887551945846
0.152273643903605
0.162307914105081
0.138878600395218
0.137281782270637
0.182948959500893
0.139483002741328
0.215198952523444
0.212289963960012
0.198350428158441
0.211411292720112
0.164857857403697
0.210389475572297
0.261713484889876
0.176333073887997
0.173718002018667
0.162140188118846
0.1228811948894
0.100808372814592
0.17543948811664
0.256710892222582
0.342010623077464
0.185123075354646
0.0574617915966109
0.147851968875864
0.148027390103387
0.125254286578593
0.110837372301023
0.14262442916094
0.196151398064091
0.15006777318581
0.167980215054704
0.178393788797669
0.152906597290394
0.274035754277573
0.337379364349678
0.22583985672617
0.247326562783436
0.223007169567451
0.137559776379266
0.207358818742544
0.22540045582905
0.206701130367379
0.173795421914588
0.155411118519193
0.128286829679519
0.123122041243652
0.145017516706323
0.162799107397673
0.12238022872106
0.100702700471771
0.0946537549662653
0.114505772715528
0.129601183776191
0.102266359738954
0.127240488798651
0.139835232745906
0.240623348637687
0.265515066424564
0.232704883741733
0.202024237312658
0.107911695869588
0.13669477665046
0.212922571257542
0.174167827161753
0.124712017483955
0.157139776523703
0.22629990513815
0.260908150549195
0.181541622801237
0.138681658181177
0.131278948974038
0.144632887030018
0.207173694432765
0.269169005568927
0.244246453799417
0.251665967834784
0.300723149863203
0.255722771832395
0.191795280199409
0.15846081960272
0.161523524585893
0.224569498342296
0.218657480388595
0.291786238608029
0.241372086545061
0.128921436036943
0.130984056433151
0.103236764133021
0.109897940108136
0.152786961539223
0.204337472743721
0.167180042303917
0.172879812280624
0.230853050030857
0.207439815156366
0.350308337923518
0.342886953919611
0.200263839316838
0.120275707236549
0.237425727640491
0.25224109440145
0.189321274904136
0.228564934191543
0.173852803384953
0.141528163485013
0.203560496952567
0.212556674314086
0.232727225056375
0.262770066257778
0.144528777674779
0.121359919151301
0.180429714911488
0.314789043460965
0.279404860617774
0.145060772251875
0.1694806533004
0.17300453629106
0.13521755880415
0.143325803286966
0.0705426912250163
0.11035499526898
0.18966284662027
0.138271926320027
0.0870298890957742
0.107841811746333
0.127760255232197
0.146210855138215
0.155035804429855
0.137642643182063
0.117110365274873
0.160002659358463
0.137627014850482
0.155421128097813
0.174800322638373
0.193196239425876
0.185022769200786
0.131150441854738
0.140035360161934
0.120314864345927
0.0784808152910492
0.146697913979276
0.114183944625314
0.11720982010056
0.118257832658863
0.129751290420103
0.118011746995078
0.154616109881043
0.20676792923684
0.181517199726198
0.264576273463706
0.238573323665406
0.238713915256281
0.25180527101212
0.250699044324523
0.296915944655594
0.388600445489051
0.287594229724075
0.159563699019392
0.156317833153528
0.20433316883849
0.275197474556606
0.273865107320766
0.135599456988118
0.117424890361039
0.139540612873177
0.187145230026633
0.157629204175117
0.174487617583223
0.284545020543232
0.301640365150915
0.172636089473071
0.105175263538444
0.311575322320203
0.380917081118064
0.192385769753965
0.17189042487263
0.165808427154676
0.164358585516149
0.321127012799804
0.352968312997462
0.202925145486579
0.112699824999676
0.150049224501343
0.147201712812562
0.198491264131845
0.256131650330123
0.251417677371996
0.233759807426013
0.262731443100059
0.180609878348487
0.100671681511338
0.160036494052957
0.197417456960916
0.12593676109807
0.152845223426607
0.234232970465941
0.224174627965396
0.24103824199218
0.238424420211818
0.200154242587667
0.262539836534626
0.228708297821295
0.185344808283104
0.115889032755084
0.134287798629032
0.162554877973059
0.192828004524977
0.174201864449374
0.153711679400043
0.182357849293525
0.172116631975638
0.167020785009403
0.165320301535788
0.206377029802932
0.127846486684166
0.244986201112553
0.2869059872885
0.225215764502754
0.154371821438271
0.234955410997462
0.320223955097286
0.259476636414257
0.31976181234444
0.364334326011323
0.323570651872011
0.37557343089625
0.313577389687091
0.175053486192417
0.194267514454808
0.302946488726237
0.356559353742785
0.270624013371035
0.231979799664797
0.184244343282906
0.23072850561383
0.37700273300393
0.416682134163813
0.307057717446566
0.185038734928782
0.222924807009098
0.200593031208223
0.224493443204181
0.315872664824017
0.230636569286951
0.188015116539769
0.220129872487618
0.155582132193745
0.188806776587589
0.205461514685826
0.12093588705435
0.118302948208638
0.1577932576975
0.176976325177444
0.290838657834392
0.287519720359729
0.179662551729997
0.134355680514371
0.123536583240977
0.172048584001112
0.133915290605468
0.111359178251223
0.134190168418885
0.1715889649129
0.16208920372834
0.140183703932177
0.162487274681159
0.222415618579752
0.214293452449908
0.228691490060489
0.223385739542005
0.109491539163568
0.0920603457739819
0.093027608125951
0.140429050795109
0.177569401840889
0.193137883928791
0.209750282211626
0.154275020180315
0.247203646250289
0.219427778801733
0.133473117676894
0.144923720257896
0.167574846235277
0.213307191326554
0.221954434172607
0.21457526586388
0.138979366609444
0.107316659303615
0.140632989931321
0.177695481789836
0.16371460099725
0.107503710861804
0.160746277576732
0.201126607621894
0.220690965190395
0.205213504193094
0.205663731658609
0.293130257318066
0.326393100708008
0.347137916192386
0.383501791085649
0.312398542144768
0.200894836093278
0.300998719708593
0.318429159707004
0.204622889554537
0.286816913829247
0.253435739654203
0.208918262714033
0.194751647068117
0.175680685497384
0.240868375971603
0.279836189434977
0.289533926304565
0.270499350301677
0.199559803196588
0.14029212287149
0.153390067087974
0.16303738078828
0.152258741868041
0.222685036348246
0.174526385313257
0.166033666748648
0.213959644985809
0.173656898778848
0.395925911979221
0.528663425116145
0.230209163168651
0.13334184340986
0.209007375405837
0.252971346735158
0.183643669803316
0.130564259616485
0.145484608088099
0.192285332569259
0.186341371036873
0.0955901071895314
0.144272302580986
0.17930122983713
0.298739201978493
0.337309054811721
0.206672234839752
0.170812289294519
0.242523348692403
0.292195501661755
0.27728334325648
0.216616192249416
0.120443938528571
0.130301869969519
0.153347611343669
0.143342571115504
0.165624736787795
0.153875072745732
0.181582260989377
0.303768797503986
0.298538682911029
0.184804471265691
0.195248763691634
0.207848411868092
0.278692453739925
0.208733001760545
0.172853525873455
0.231803242190804
0.163873460078282
0.153757061827323
0.221812787938187
0.264391070743835
0.150207081040856
0.17066582033589
0.217060688010597
0.165299351107531
0.144702680978928
0.162022927422796
0.150033834710852
0.124584611133547
0.187872451119179
0.185362563190292
0.142035315791403
0.105102818266519
0.0815472396528895
0.136304099211742
0.142354509909926
0.428393554856431
0.423793611465104
0.139050950893658
0.141779775077547
0.206127054762413
0.167772745702398
0.141619952552252
0.28446424963058
0.265934960290936
0.152912734291365
0.155964961223492
0.249559403512695
0.236637900017233
0.178182855192449
0.153251445409685
0.16757032796228
0.240952849675198
0.245549441034494
0.196546787507024
0.176341308010797
0.156046277687664
0.189683381104308
0.199249588802187
0.253995511510141
0.336445517309121
0.293902084984407
0.188970363921895
0.205297421432943
0.206984789840197
0.166209342094324
0.175236431119306
0.173610940995765
0.266486111714652
0.385794261999634
0.307480552521494
0.141360369543843
0.143437741329624
0.177384596362762
0.149870927612099
0.126242406773565
0.139569332165533
0.128246797272447
0.254744340032472
0.160035324342416
0.138684540790079
0.155480264890705
0.212636062178485
0.307961839598441
0.231338560259495
0.163242531705665
0.150054861807226
0.152775992772718
0.214632092827413
0.240866370653728
0.27578030039272
0.272546789964912
0.172903271467154
0.207481887877297
0.221174756909619
0.191612653696588
0.149309021692955
0.281227425215443
0.446270340493317
0.427472131428564
0.429950375724894
0.371766493259183
0.28824175559221
0.24846564571311
0.206618095390242
0.177560573090737
0.128749020860729
0.149346394117907
0.360372944254907
0.371053618689248
0.257485062433328
0.256287276956923
0.23883826184143
0.290882812221551
0.23437273903072
0.181725379715398
0.175203715871053
0.12786556863427
0.116629085153311
0.157746727685179
0.163141466033573
0.129573285833535
0.129883192056526
0.192497643310834
0.151531636390013
0.0995196788516041
0.149228145485311
0.113559645795106
0.12299275170989
0.209558283226224
0.194516681722218
0.167931791036096
0.172440066593744
0.222753817014008
0.263180995758521
0.179939357027329
0.179316589665262
0.286335067170542
0.362032246425044
0.429170683656995
0.504890989747425
0.317751711776459
0.25697929239196
0.296232369787659
0.212993452615475
0.152833722380134
0.255260493846994
0.411976509958039
0.383134473044867
0.330680657841203
0.247888675528072
0.234151440566281
0.186117194374191
0.225621318491595
0.474667834706316
0.443333358398433
0.194878014726462
0.182639818685023
0.193961701066652
0.161762175966025
0.12403890635569
0.138404792983422
0.155676119048998
0.127208648420655
0.114484850179752
0.143712101840852
0.186283422713676
0.184499187941033
0.215995170634936
0.141836991973205
0.160795791086744
0.206776421537382
0.183274124254675
0.108039101204246
0.217533724527812
0.25391992891504
0.224853808234912
0.16701299853844
0.146668906490388
0.284430670993243
0.33183729689863
0.178689272508062
0.139522320212747
0.150278927862964
0.116694354656854
0.101591082707254
0.132842302194539
0.152218252505298
0.204174475328278
0.226851529327189
0.177399297991092
0.166056302772131
0.13395172333263
0.250229062847951
0.324867028813702
0.296706506077558
0.261725094853359
0.183431794550878
0.14142295752695
0.186753956962343
0.190406654307457
0.198446813869278
0.140364102921611
0.138018972544416
0.150822512662735
0.17672870707439
0.181681809570729
0.190561989266193
0.170715391121586
0.117000907104655
0.132565269530566
0.168497327819376
0.160266307809479
0.228458532882485
0.236634010094109
0.306476710983387
0.30993868842672
0.17991155935271
0.143492814930359
0.144904305216196
0.128399189732719
0.161912540182956
0.184193608049291
0.139387867623746
0.112258972657832
0.122181802901879
0.14516782874836
0.136435111185843
0.0957733938859832
0.131007903062366
0.157650126321963
0.142193275712262
0.155906233641462
0.157206617987575
0.135305183562799
0.105635882625207
0.133260462183197
0.315193816901914
0.259464269521148
0.183739786153816
0.21768445855482
0.276949027477392
0.296990271981991
0.200238818196592
0.326424844979939
0.372019918597027
0.281878748899478
0.229415285702394
0.281854875877935
0.294054490771253
0.190418006510818
0.156184188334295
0.158484281792951
0.133170949344911
0.159734918187422
0.292646872742908
0.283846888729107
0.283421492836584
0.303417240531278
0.267357434237057
0.212873441287596
0.214496649230916
0.267949267198733
0.238674570246459
0.177069687029927
0.166523643361024
0.217731208279409
0.198312691022372
0.309601165458409
0.292285963272038
0.188150862179437
0.197851065546911
0.108126124909461
0.106529057606319
0.155925204678709
0.198650730596162
0.147736779980313
0.308150896847636
0.441832746984731
0.329305095484961
0.175279948828045
0.295122975950958
0.370987357144853
0.294233880198988
0.177687561369109
0.118917445142864
0.153943696157959
0.142897952146525
0.20752376479045
0.462522119514712
0.275002521229799
0.132689420670237
0.13545039445271
0.142210968228451
0.148051410908311
0.0839171596652104
0.197127958884529
0.364255498522733
0.403289523230898
0.0994607049568414
0.310042190253888
0.208421743949912
0.130562899719275
0.115535942907542
0.09244984407835
0.0927618366217876
0.148548784024888
0.170286797669869
0.208381215482987
0.20534085304261
0.318958111073028
0.310691996644637
0.175105550652413
0.137228897856134
0.229631446027402
0.229579301923165
0.208248461775562
0.219669351708002
0.203411927954888
0.465513871721933
0.59147896921335
0.454727869566288
0.349057513454865
0.256906839453646
0.201117429704538
0.291230789256037
0.452071020956141
0.330157066162435
0.218208720970535
0.117715330220113
0.154046477085292
0.191393396396393
0.166424012237951
0.205018076026278
0.349432809114585
0.348777513362011
0.20486456428123
0.199636483676367
0.319841630270975
0.433499544797871
0.37378049816853
0.261528184215235
0.237140569896572
0.292311498263894
0.268686994335553
0.239691168274984
0.548029002951227
0.600477645342953
0.273520780856869
0.184588054790283
0.153063502233914
0.159025060767004
0.288244858555371
0.470561200846873
0.477888788471556
0.272166843069525
0.176966954335388
0.170872629652336
0.154576487821509
0.158065761108348
0.154539012255676
0.212482307912033
0.292800513336444
0.378703344503913
0.323782897582417
0.226839489197024
0.167688518626612
0.130752017362105
0.166297202146319
0.206384863238366
0.227346910531644
0.169424004438865
0.149025247406937
0.1369273019471
0.175082728796465
0.309059037893011
0.359726715647171
0.256797392461967
0.175117586846486
0.110573360844429
0.102525339713337
0.0872175173809097
0.0789403622246441
0.103019835394791
0.0919333954148909
0.190858068633299
0.249540576526693
0.427988329882054
0.61726167993674
0.529421186537357
0.572373200081772
0.188804800992014
0.635033425493245
0.807193113998322
0.534285664553777
0.436949147404459
0.72074044108585
0.544738256987908
0.326594450333276
0.880013960390274
0.474137499924136
0.242831171095615
0.558623528924123
0.4590693962803
1.4721727030079
1.3453863048859
2.36499771585981
0.559239869822589
0.574706843113281
0.916027069405861
0.511819732892398
0.571999118213023
0.205473187484664
0.303736901055516
0.681190274505676
0.780103929686639
0.41090161417315
0.174532213847383
0.283876173180669
0.290424835010411
0.18869266953759
0.175093675791517
0.303877242067144
0.386641995513116
0.20143394257072
0.215673645218697
0.149068032292144
0.14708779304936
0.130760249430412
0.073293224378338
0.156113953780954
0.509355875627453
0.402456234340462
0.263237124696209
0.164493330169916
0.0929203138380306
0.115682818105009
0.123595013917114
0.083847401573031
0.07742344254501
0.11320974289918
0.153376808863625
0.158924449287878
0.137721634204481
0.149653259731288
0.264440870072279
0.230960244509999
0.128952505391301
0.367511672960672
0.77095821059614
0.903329961609297
0.785312104903312
0.396916180870864
0.179003164785624
0.168494699043824
0.22494245696787
0.253226795610881
0.299139443263243
0.190387057613776
0.186101321116781
0.16522237628099
0.190323327435788
0.173146175155887
0.187627085417943
0.180552506462489
0.167216292149535
0.130524691398855
0.124367436254036
0.132373989434237
0.338701167954177
0.391205247573818
0.202985124025732
0.14313310486641
0.0737172146281201
0.165320773610651
0.457214235323988
0.460395143263792
0.280916708588713
0.347012487801008
0.368421048400177
0.246975127593316
0.124006408936974
0.125178694223183
0.199477740102748
0.202379638503559
0.13098332735634
0.141018315220436
0.16395681002958
0.126592516770367
0.114940867857278
0.135920218754391
0.163092445852315
0.180977916177626
0.141210710017654
0.189518694804911
0.184972265059397
0.155161652641018
0.115779410881677
0.146489638523964
0.255114243427849
0.272399170997862
0.179001784020655
0.315637860672252
0.583502143857372
0.652693932241386
0.502416035288301
0.240002221687024
0.224067962412758
0.253325211739555
0.194911775517064
0.217967999144833
0.257921275940471
0.178021107849888
0.124921199436493
0.115755129634722
0.134096240651936
0.159364339851857
0.20091307013821
0.186691118164588
0.325677871400745
0.321505427110091
0.221871547647137
0.310603475816764
0.461835989700439
0.439763332520967
0.146246243953572
0.106757661732234
0.137578379516941
0.175761629939711
0.181260500581953
0.332599357087452
0.391924632674947
0.287223843234115
0.264905539217154
0.215013078592472
0.153201999053257
0.33436223272464
0.549466912480928
0.411086904778152
0.236471006228081
0.273286358610277
0.234769602492249
0.247664544585402
0.256229776257555
0.244566691815398
0.192798672856462
0.198388638295009
0.198304972386625
0.171944873654141
0.142786881744456
0.144173897125922
0.163997028949288
0.174970012724723
0.264621646552318
0.313379885897739
0.222345128269604
0.192308847783902
0.213750256043919
0.183355322205036
0.157825514455006
0.210079087561651
0.261003166760311
0.374982875331211
0.514422857038829
0.292177706789429
0.191125457713263
0.158533676638507
0.151908703167103
0.189685007936459
0.227952342930791
0.160084318381736
0.129749077169676
0.170399810416412
0.247908469555078
0.227727073987331
0.0972761068927438
0.144610962334327
0.185517792797823
0.19393288645893
0.172362520630429
0.175558335330999
0.286877238421992
0.29821242443739
0.232688294976414
0.222358483162998
0.282296646367169
0.237853290341682
0.227799629834517
0.295382875305999
0.272244693358003
0.287831112012428
0.224574520733483
0.200166274827043
0.192201733364764
0.20167529053259
0.206525999728487
0.191395467927829
0.247068932890076
0.243063602428954
0.201971928961506
0.185443833110866
0.184237497997474
0.199751336636637
0.18687164688442
0.238173149909205
0.236686199740838
0.218810881353369
0.195008849019091
0.328434309710484
0.438509994881145
0.387776581770398
0.257510644003356
0.223724375316207
0.191824801167986
0.17891886161723
0.207127858370355
0.229912902358239
0.232614468415399
0.240088219791493
0.191078040364201
0.158328451993512
0.210161069391985
0.155533571688642
0.136972988276586
0.147555382985329
0.120970507247034
0.167148231683718
0.152767008119577
0.416693646020237
0.523539766296416
0.308995633814704
0.347266379111009
0.264396683037619
0.216883685372087
0.169394965555621
0.266241893487316
0.325418766662171
0.279034759060386
0.257244124309174
0.233928797985559
0.283834266246177
0.326648388445101
0.292873236276129
0.232267582532602
0.258200857177031
0.416772397942176
0.407662321288357
0.224237181398178
0.205500346728728
0.199632517021893
0.187197698363322
0.161117842720046
0.1346249465546
0.176371643271384
0.16154235515812
0.243168809339402
0.281365132546996
0.38369432556597
0.57501547224296
0.467424981814474
0.273845678490857
0.189395993258156
0.26000601373312
0.233109725014584
0.179968042958946
0.350549139160236
0.338727129715624
0.18661847143798
0.201983658693917
0.143766354065247
0.226797984335201
0.282312873968161
0.248897046290981
0.238742256859155
0.32343200950067
0.261763795349438
0.211941783257387
0.265738923218327
0.253004863677198
0.245293645494407
0.207649445243716
0.241232448331825
0.20085119865
0.206420524347777
0.191404027166732
0.213392574101504
0.316696768235839
0.27809104111987
0.293297926412316
0.314814350867047
0.295789004893
0.287850532053037
0.278428180066786
0.226081481516912
0.235938181340762
0.321268485687024
0.203813497557451
0.166744125491184
0.179401482930991
0.168389776011613
0.176795231038172
0.203811507647194
0.176569165119762
0.149320173889122
0.291460001131975
0.343725725295109
0.294477902904016
0.259854833183658
0.194905050070592
0.187300048970754
0.278460558521431
0.291724223474869
0.217164329928906
0.132880228071098
0.11727666248758
0.286880900076968
0.505181015416387
0.474181185558077
0.326238389372157
0.206178001696676
0.304761731190599
0.281530220509253
0.176953048884191
0.183629039811857
0.252074048741691
0.230166316632933
0.226840817517936
0.204488866080885
0.216619033617469
0.225788052215301
0.214155034045299
0.287952573988808
0.35119004253666
0.277987954102471
0.215161522308298
0.152438457712028
0.248084608925973
0.294682127624924
0.21912970300333
0.204864896672526
0.168954919691877
0.276229903132006
0.474625741078348
0.472085435776881
0.460026908290698
0.372688516749652
0.229376358042575
0.204519038731188
0.181120397126279
0.26990916648735
0.324063946928387
0.276476011562883
0.218325760378075
0.256479178220118
0.407588073288704
0.330307640458117
0.176333593322631
0.260546765965398
0.286281955106958
0.19063033478611
0.183630742318815
0.310688347912412
0.280673417107
0.140733835440391
0.191136032210433
0.237938143696996
0.241172094925352
0.221355323597424
0.206278818368191
0.234536845844125
0.236611996121443
0.267830193951335
0.325972559164506
0.322974288183059
0.210265744121161
0.26641843955902
0.242249545704969
0.197600277153452
0.165114774983839
0.157488331959246
0.18960969943881
0.199091829085827
0.308848316760885
0.35865654970304
0.272503367811684
0.233263306425331
0.186885617194918
0.127348867554894
0.147293921817353
0.166787744799807
0.212111293673138
0.269216471627154
0.413717537370801
0.456659649838638
0.335866166720794
0.189886834281853
0.217053237129575
0.235967496083991
0.257019185593058
0.300996855759071
0.410912168874071
0.502196808967508
0.29483324060455
0.22880957638548
0.211615155142696
0.213632185884533
0.630697929364471
0.745373537257542
0.300673909533798
0.224385705946293
0.240546804856723
0.206523333218089
0.236965167422128
0.209747287548438
0.305596760086163
0.353522942115812
0.279452169378798
0.283319817431499
0.312481163038895
0.306380622817556
0.266678882631369
0.329192145325056
0.39391767566143
0.540796508076844
0.562841502024255
0.577510089879675
0.577032935928869
0.448912688202242
0.399384740324905
0.269140066804809
0.34330978118292
0.20429527860696
0.300575630275517
0.398173531823941
0.744062014609455
0.304648840808214
0.417792286203152
0.213974208796775
0.28911074556904
0.294173929611008
0.358151599701101
0.327761550925809
0.17864472799642
0.169060756195679
0.261344193283694
0.199443187770973
0.155327474817151
0.142337728108397
0.134845824678877
0.133686941594644
0.158073273369456
0.169911800261663
0.291295982834726
0.380614556589431
0.347269748866109
0.329973385196216
0.210677866555686
0.14372513665384
0.180652984567415
0.157851070582284
0.231050453353103
0.307336285336799
0.196627659173506
0.146893694153589
0.158041765138226
0.171769222480104
0.169233070461532
0.146706319640534
0.276107486103368
0.264650153575693
0.14934783904415
0.187390152207731
0.166539008257578
0.238789018349165
0.34738799883766
0.482187373501155
0.414740580358201
0.19260380959663
0.211670584578603
0.344335207028323
0.504775385241645
0.619153168215426
0.665468841500896
0.524896400486896
0.323097869392826
0.202981521001203
0.192322580795946
0.181121439126174
0.202430667746517
0.200113337243201
0.176869555003097
0.211842462670123
0.254487934374165
0.307964688135616
0.410171618559494
0.356849195103222
0.347881153394967
0.359274227225758
0.275753030407974
0.126053841918495
0.198009140876765
0.15691793214692
0.209032484193748
0.227970396287448
0.243071990300078
0.236194439312013
0.133060956528401
0.137441232362236
0.148982522647781
0.167391136584139
0.236957588374808
0.326880683287156
0.389330425975014
0.412010101619556
0.183170133776798
0.153368204964747
0.358596208588852
0.625867895109294
0.706611231080848
0.300472624411995
0.193575569967114
0.173155347938872
0.141194305416766
0.156805494322182
0.283632406972499
0.222428376015671
0.151558803235529
0.21239583917879
0.20193712998899
0.355175788824684
0.321906661874702
0.173858559194051
0.128965537160207
0.120760612412264
0.149608317721783
0.184248002332041
0.19913823523191
0.142762064210994
0.211444029577304
0.303479418645528
0.274219981755158
0.334984134674374
0.466668291751199
0.408877640546567
0.191196637601064
0.166352912865324
0.366362379849059
0.443556691612069
0.466342003858026
0.376872400011162
0.289014112639472
0.34286618452756
0.350646043648382
0.361235387273
0.454032789527547
0.360263164506654
0.312869801973124
0.140775003650222
0.144009418334557
0.0960578296460373
0.118491239154984
0.180977152601195
0.259571735545209
0.329784423508091
0.40994964135652
0.365804163069409
0.159441029379894
0.219035993616129
0.264000632572663
0.232844799636028
0.248763537549067
0.207348651510263
0.223613243138873
0.215900224561054
0.261726506027431
0.372792233545196
0.282013796103114
0.224715286259024
0.256702315788387
0.211179396537078
0.221459362848775
0.22082784708362
0.163431639211856
0.220079977450164
0.247099470567344
0.198800794023657
0.174003003614956
0.182409555800721
0.194681136585002
0.174420866737772
0.153100942247888
0.136166030822169
0.183091506589509
0.220110513381696
0.27886236911682
0.231478934455776
0.146725714392856
0.150598235926579
0.23493870423531
0.261468527266608
0.219528017678911
0.188727712613814
0.172486760091363
0.420704616612714
0.459349846869075
0.243729942638127
0.181377676697232
0.235173689292459
0.350055537035856
0.247373034594973
0.180490954246645
0.212756551818037
0.252673055771026
0.218635826915897
0.226595174214806
0.22255708591151
0.393047536238128
0.479268092659979
0.310924504988022
0.325511936379496
0.250219109995647
0.252472319277919
0.661871986807609
0.568466742132818
0.366763773467486
0.327023447726351
0.312204061488515
0.243452278504808
0.1916224784453
0.216451216911247
0.330445542105804
0.350179996091249
0.269864609236136
0.203603587778018
0.34467363442502
0.641193069601833
0.459142351489734
0.207569448687214
0.202727940959722
0.178063344574119
0.169633950450131
0.200266320168699
0.275155605899471
0.20343167713563
0.206222712249224
0.185489057242271
0.195087220083195
0.291278664799193
0.33594555413814
0.267534772643292
0.21173882429096
0.203920921466841
0.303103457016979
0.368581621547899
0.226307611550172
0.133599965863773
0.259951463485886
0.285234196252108
0.304885576319458
0.354402655630657
0.325459893199195
0.307297442929142
0.435099802048848
0.377850876329439
0.166701631337928
0.143692809378931
0.169349356512236
0.212088482377977
0.251039267190255
0.301334040144385
0.343273573291316
0.248081482196741
0.212989055166253
0.255957217027128
0.22690219810644
0.264136214814348
0.297264365500384
0.227855406482118
0.258014223329075
0.189641167278893
0.155507101750961
0.191049177193678
0.20679456180544
0.212292252620051
0.25071296829532
0.244563719495496
0.178728777248365
0.173074950135616
0.225347187952961
0.22590547727684
0.211031206881726
0.234240081724426
0.209188450989543
0.136001949837849
0.249329168792195
0.346727067023783
0.362785030813685
0.27452171626165
0.248341643773437
0.366802286755564
0.346774344166698
0.272270848425504
0.135583981523411
0.207558223567948
0.306529794769894
0.312156112140338
0.246031286372085
0.276375602401025
0.306251996502268
0.28963450533982
0.286926626383087
0.20242760294483
0.222323967551071
0.25607682417636
0.229897829691188
0.199235862494426
0.162637287863232
0.279401269607988
0.327430339370248
0.220006592686534
0.187511892064652
0.287294484373112
0.251283348825125
0.233861807867117
0.327655021035054
0.318817969261873
0.208998322589425
0.267562687022964
0.252595078352692
0.292245189175189
0.266275798407055
0.207510516172367
0.229529528923902
0.258927424589232
0.228025253028868
0.244625321347298
0.218314524521912
0.24411396304011
0.301429922269344
0.237076243954263
0.251885287459092
0.304943080831625
0.305513922561811
0.243566381554103
0.218105282080192
0.318789844871416
0.348166954978173
0.248055096475686
0.264721968439841
0.426461000968727
0.522806771578591
0.275922261291291
0.27883806125455
0.315744583973248
0.2138965345646
0.209849360339594
0.270979464401535
0.227082935084096
0.258658523695998
0.305506841002308
0.222357467629583
0.272269814478132
0.254402792227456
0.211770622276233
0.288380682039795
0.278305095794612
0.314652590076176
0.159518101340041
0.141920255229856
0.193089549373943
0.235088649556669
0.416321938258325
0.419736309281507
0.293233098361534
0.329777703467095
0.353424048395809
0.246481507789415
0.185259366483712
0.206523646567506
0.307005694725801
0.25912101345164
0.264967102995788
0.303324782355608
0.251794370614477
0.208059258126344
0.218602227371354
0.257607311976714
0.254645771773038
0.324252141994395
0.470233229266959
0.238445923633345
0.210833139315659
0.262274985839713
0.293788083859031
0.311600010388497
0.263197569751912
0.262845845572853
0.280968670409685
0.267400314817988
0.318049215341939
0.425432246466266
0.429563523456007
0.397727159117962
0.21440448905496
0.155815850930019
0.156087888209961
0.349980770580109
0.297155394891886
0.508122291181863
0.392934499135444
0.345592355458203
0.279613004498414
0.361756831018211
0.284543723486492
0.193940983787466
0.196098974711549
0.400025932400067
0.511848823193233
0.447225277548843
0.481011967108111
0.391115814647233
0.226597356438211
0.166160748772782
0.178634196677377
0.200136066899098
0.19343566860005
0.19703091388254
0.24239329347097
0.272465649758196
0.216932554449684
0.174278199826365
0.144221615581194
0.123772768820491
0.146684369487188
0.19303613712833
0.290622244704097
0.269282983510593
0.328016428032573
0.43362585983836
0.523253520202947
0.505090352514773
0.320641849840412
0.23994370649571
0.329428408748296
0.577065309074178
0.567579980701669
0.662479948878313
0.655895650042173
0.247410818940132
0.171388175519228
0.118916723475272
0.0906818032727065
0.142373540197551
0.219578408364233
0.240629400983959
0.181697983990893
0.156526042683394
0.18059868878483
0.164513844267583
0.218907907574462
0.431551235659291
0.587645869547871
0.422978908576519
0.161897178350311
0.229642178205744
0.411602805382991
0.401474868823731
0.209516396651917
0.129874085905438
0.140633071444292
0.239151464025687
0.347816169638082
0.26217120714559
0.358071974528128
0.401954785745869
0.317223310186606
0.212564194758802
0.230818917878695
0.213233458466168
0.115768415648515
0.0707609495987035
0.094404405964888
0.161032583185514
0.256974674125577
0.302525091391513
0.207667570966601
0.157058400287371
0.148648189535905
0.138402526599773
0.176564631316734
0.226392112591624
0.274699180826436
0.322234376804175
0.41955206043421
0.413189582327599
0.28137148885853
0.253594796570224
0.284449124624211
0.221172422468093
0.144445644874451
0.174402779227113
0.185479316474643
0.181268063698379
0.191376521958566
0.348919511072935
0.370762331636977
0.261118766829331
0.315369461348493
0.334111689673023
0.202415148788921
0.224609703038691
0.235028488688313
0.19933250978275
0.176040560096308
0.18214094210109
0.27398052498553
0.51850082599535
0.224145713530322
0.236383668371446
0.322656714376251
0.235050144669965
0.12623190117289
0.157209327159563
0.158619476164351
0.154431347406878
0.131016602904801
0.168539105796238
0.218917290826914
0.21633686184901
0.182441805598222
0.151331353223746
0.118753403544846
0.161407030309744
0.243271259779717
0.343563556273578
0.222927098887257
0.231895287826737
0.204640349859616
0.155008846977202
0.224000409387325
0.197124871101033
0.103077363269977
0.23294413945033
0.409046050320581
0.31036819022895
0.271456971524519
0.267456770484858
0.156764259125347
0.142126050902693
0.187860879214919
0.434629846510725
0.568053473036603
0.733648399888974
0.604542276674813
0.229190879755679
0.258456070941452
0.226269042378791
0.190058693832241
0.365471787419032
0.318978872722034
0.144763996614256
0.149112914257231
0.153388501705631
0.217359276994884
0.370827800691951
0.377469700536934
0.200565022726541
0.166324762606258
0.249616583891329
0.241884804091787
0.240854580647733
0.253740244520556
0.170734871177533
0.229386568624766
0.286145226981846
0.290340031695452
0.294767981547761
0.342151080468338
0.2278699896182
0.199709801961994
0.255513140060486
0.311990003544977
0.545840174232368
0.582770007571664
0.319158882374887
0.268214244635922
0.285036112623926
0.224750254321375
0.251753120143006
0.240373227830946
0.392262820106064
0.453948730732575
0.202683805829116
0.14315445564884
0.301634714783927
0.590444638647528
0.648132713951639
0.430302121945175
0.236015991260924
0.207681808661852
0.293191598518333
0.243499529588538
0.163629015188313
0.153687338132507
0.169728113189553
0.246180488474232
0.245433056651135
0.20879512796122
0.250814577708074
0.29237964960002
0.275195557280039
0.305191122093138
0.330844292375272
0.306641003347167
0.333800101595362
0.216937465953657
0.184940468907661
0.215789335808493
0.208325585719488
0.245825145845396
0.397770726414733
0.483367306020504
0.365988063237089
0.102968805847726
0.104825700571435
0.191060947316831
0.233116346618481
0.183517540639974
0.176719478422086
0.148447222747338
0.135796526584603
0.142260482645973
0.23080646866933
0.290757084372447
0.201668038764817
0.157562320911418
0.17704731618005
0.264659008789691
0.235453904184378
0.257753380900825
0.256369153148406
0.204215854721222
0.43653301093179
0.399727174060018
0.204172524957794
0.185792644209401
0.234803634420205
0.217093708648943
0.226825083036057
0.441980365486907
0.498883899053432
0.418638281621035
0.301910339026168
0.322473061075799
0.382168548844634
0.477575149057396
0.562847337903676
0.577784975285743
0.56817887063021
0.396173643143433
0.293530357302366
0.492604506162754
0.493356555305018
0.443497437013919
0.442988103559112
0.298691317261428
0.205681802919569
0.357689301219615
0.306790577533298
0.161842962218156
0.123217449891364
0.133853984975479
0.226906721428682
0.217568329618524
0.23899315192371
0.364350645109249
0.278297436518137
0.172927893582524
0.195417318742862
0.324446633670279
0.398806675468287
0.330314994447309
0.270990665322622
0.249092462817844
0.203053160994908
0.290995364284532
0.216199273694813
0.184134113648186
0.244585515455064
0.316351589406966
0.30005118537622
0.287190155341113
0.231732408422106
0.228836150167391
0.489132806970569
0.425193948263802
0.207469596118581
0.168017564763034
0.150130632540144
0.235874645412874
0.265316653331926
0.27474562342615
0.20812946952588
0.275453445420849
0.32614185466983
0.295932922940895
0.516141984850155
0.444370316173012
0.356707647834597
0.53039174907693
0.447459243055038
0.461138633914078
0.369619118985778
0.30073670504642
0.303812202151537
0.252724010744663
0.276425289479701
0.31953623773346
0.222521724207222
0.235635274050354
0.426491968920134
0.481118347047477
0.277529000119814
0.228860388111936
0.190882506204664
0.332750980652434
0.287158175847626
0.171033695350763
0.283878920478009
0.385177097038342
0.327169842919037
0.189405881014077
0.141687441386141
0.177396706718134
0.186954473367046
0.196962666480453
0.205456885487429
0.156131112134201
0.246424600804031
0.243691028869337
0.239925314738889
0.199269371775581
0.382787657958649
0.463664367634127
0.25778954244634
0.172284066600146
0.188696954134163
0.264333097383622
0.347428472921083
0.294876201274878
0.228235582799787
0.28473803643723
0.261318237041246
0.195123357560557
0.185810976685078
0.175227192850083
0.171603092427396
0.163881177915731
0.153978061874735
0.252135679845834
0.234066537156381
0.262831440723637
0.287056217455931
0.454421129724594
0.360372469639481
0.201628636057198
0.256601578285713
0.237647605818394
0.202217174357016
0.23140560853863
0.252874605352752
0.331376374400789
0.279132780433916
0.234108852063585
0.237627717764786
0.230321823496408
0.198602296085799
0.206648292354157
0.231253492052863
0.328838890442569
0.361344717523071
0.35134630612479
0.403446820564496
0.421898005557561
0.306825371534102
0.198440944551082
0.183745777916282
0.327251361207092
0.380086338864272
0.422994701746939
0.313535278590184
0.327645030182592
0.330826336381415
0.250555361338892
0.179755931849373
0.159694828574516
0.185531355756679
0.183026529025645
0.295333633411708
0.406628401636082
0.224704681783233
0.197567079667237
0.206829950538958
0.26636127497369
0.352872757838248
0.491790264978593
0.432700153898731
0.309540122216229
0.275638101496682
0.225675813579291
0.256336520644157
0.222942951377445
0.155056417645365
0.149052239818123
0.231577430713594
0.278199709545271
0.322484311795854
0.302598271231536
0.207949145429915
0.187431131006063
0.262009958898488
0.275092048080696
0.259043741262186
0.216528193834445
0.173982178986401
0.436763246119083
0.593797855624662
0.373155025886137
0.197202689169428
0.162390928411647
0.289354517216865
0.487687664826435
0.550284202742423
0.426101100708525
0.261254386824378
0.264678578200545
0.216586911721496
0.167617233505111
0.170997682306659
0.228786825451948
0.277115515657059
0.226574812139715
0.204040659303809
0.223419435223259
0.304579752977985
0.318344780092653
0.254072111976288
0.312184273977145
0.362165561618463
0.283392322298322
0.292881926197931
0.465887608650157
0.345215972526778
0.223902190781786
0.233777707246733
0.243263576595305
0.2645235689262
0.213584556254601
0.208500730709814
0.293613656837703
0.35797105320511
0.356959766781903
0.272717275916762
0.312450480072451
0.432514788942689
0.603704718904433
0.573656423145961
0.38050269509175
0.273401306908195
0.333336221082488
0.218500352802655
0.228068423059656
0.172626239985829
0.204093867861317
0.215513472724461
0.174102810817119
0.319736864114922
0.406864260473223
0.241594382515772
0.212477103766463
0.361113384796234
0.377468249184777
0.438522736312841
0.339192268807182
0.229077144168753
0.254139029892087
0.22978581704203
0.253552564039333
0.242675032728112
0.187797623995187
0.275996873669975
0.336327778480802
0.390243371758101
0.385464025164951
0.201939020731146
0.22729310441604
0.327392661391537
0.395821123160513
0.511806739427819
0.379240943691611
0.212847527956582
0.297788202673073
0.225676068092652
0.271332638580199
0.301805635815343
0.209698012869237
0.339646761795286
0.337969473363107
0.237673125321931
0.250273391739392
0.165157358207825
0.215787213493721
0.245882477920379
0.273618033942479
0.167212345468102
0.140691887073685
0.222151886941856
0.201807129225037
0.179421052738399
0.205758837886259
0.302794046885182
0.277568216066334
0.198135699133754
0.227084758787783
0.248530630580008
0.272359493121526
0.235927698436055
0.213961385336075
0.216233044808019
0.257583711397317
0.306901452350861
0.302650420587439
0.214195675821754
0.210011623711381
0.214362212034524
0.198876119617926
0.231970100780579
0.277391977216382
0.279485645145068
0.263542501450128
0.204507997498462
0.275371530745667
0.407638529937972
0.303583001515053
0.239190995418803
0.320006331578573
0.295568287089046
0.201897260830371
0.246902274974711
0.235521723884705
0.358080872419135
0.35400179326226
0.25537431023853
0.297896153016653
0.273394551929708
0.334535630057306
0.284379531114699
0.279340468857518
0.426380028605316
0.350328555264932
0.293805071273526
0.481757041407911
0.442032299219596
0.276730074304411
0.282794378352246
0.324931530029334
0.573738294591438
0.66832583361989
0.356140756885071
0.251899553342592
0.195984974171305
0.181465364993565
0.246952253159187
0.398533601261489
0.443225242526553
0.428152091018714
0.317851208286257
0.309336238791627
0.300222776405541
0.269680870779091
0.248477898819255
0.299479694182383
0.446323966687483
0.437948984696631
0.208514864785942
0.144698412663357
0.231836184810641
0.274186992215039
0.384360418398448
0.29884016565088
0.181469823537142
0.328459790965042
0.462005844229581
0.316012544200976
0.216933342576768
0.204031481229361
0.148138031560849
0.200134093149029
0.280619710043084
0.342596472793142
0.193776462851622
0.393057958940367
0.446210261240767
0.392590229602866
0.403508781874142
0.18968386241112
0.241137737088666
0.37215525025048
0.281804004528803
0.293081891088414
0.234655105031888
0.201419834933189
0.35918772954128
0.644454458547426
0.305751175408945
0.113027654867573
0.204313509152534
0.311618810728296
0.339049662324356
0.198861550370878
0.1798713499803
0.329938954345242
0.344590954564877
0.237938300787441
0.248654946681214
0.28595099667362
0.253900519669237
0.115999289100361
0.172618077211068
0.274154762214853
0.25136489138196
0.327112675928124
0.304276093645873
0.22866952985172
0.244243182317333
0.18573713704059
0.209351621678723
0.225417701644222
0.212843863509317
0.27726196810328
0.308328594792479
0.361789211231126
0.431179811900995
0.284748005456098
0.37381207467251
0.372415170288739
0.317622009671166
0.374016672502861
0.351703889964677
0.30898345725772
0.265139662103934
0.265536972599406
0.259190213883265
0.282599290775905
0.208828103945285
0.238975247352863
0.228875507735493
0.434964889746677
0.459887223243806
0.274334031094208
0.288873197717662
0.217116772731277
0.332276393041606
0.322121346682477
0.205928925632005
0.269598181561979
0.287279828261162
0.518201738483065
0.419324454399576
0.243462006648067
0.248782772006698
0.247139501537639
0.265349364997983
0.220981626912907
0.160295174393873
0.182288899246364
0.19999030051199
0.250168743696494
0.240128060481768
0.266529104433578
0.341343127312807
0.513287055266976
0.637239758691582
0.552877970178021
0.180272558479268
0.191493288507974
0.274940350051181
0.437037365520044
0.37647461113376
0.264767037252591
0.272400982097878
0.287309262903677
0.378599015586678
0.28462342750002
0.258981100565206
0.264314229572141
0.311269839330563
0.362128949306246
0.58926390549921
0.623310136071166
0.340826292992469
0.381785920240833
0.239327718551765
0.241958363895032
0.223603785225135
0.205497446566881
0.277954324943816
0.241673453274339
0.258378858480652
0.310955746869208
0.221768463481596
0.203165274524729
0.211681133345394
0.183879235345589
0.305967185963287
0.329174147332783
0.296744479706705
0.359314399066462
0.32712809351733
0.322382719837548
0.276503711192532
0.214734198665834
0.245637303967409
0.430952685722332
0.408871734973363
0.208487341497221
0.199326430637651
0.247692014538415
0.188819025424677
0.341229769336116
0.438108455827729
0.412032528249561
0.298359830877073
0.224188811550644
0.293241755816496
0.272498776824371
0.204461116229744
0.279496771876305
0.33388618431455
0.599541460226788
0.60114759670715
0.30443844824813
0.307430779116556
0.276377627469774
0.308815242952572
0.346187799914964
0.228223672119666
0.383557697303974
0.454928360919239
0.284781708556901
0.206859543815392
0.385102311087412
0.394201336715062
0.23176902337996
0.190531910436154
0.26521986532872
0.361571453265164
0.337956349500612
0.278589402054697
0.259007129468684
0.312950441367486
0.356479275444205
0.286095144811952
0.234215904362876
0.165189307552605
0.173265772113626
0.276264221240764
0.30183850557232
0.285705514876348
0.268158817784325
0.221761730076237
0.442636471534317
0.391043135428654
0.180372709415721
0.424763731703507
0.433394960049588
0.338540095647329
0.31282536516096
0.312186015168428
0.2866828114998
0.286902325562398
0.222281054780233
0.195771170067923
0.22969763332286
0.187221600128063
0.211284376614094
0.21765363891461
0.159897924487362
0.205563896121042
0.329099151132788
0.351603618772858
0.27191469576349
0.434284845688404
0.410268582265662
0.242008709231729
0.192119448915753
0.15670549436781
0.197850788344691
0.184825109688862
0.228739682042353
0.302753157556558
0.383332744288823
0.32062220895757
0.283782057378558
0.302772914288704
0.263189569135145
0.182282639574487
0.0995578088781444
0.132654305160078
0.278351841444091
0.196472293422917
0.215060895500912
0.262718204549207
0.202417215720379
0.255383732358542
0.168600098019268
0.162724219498147
0.2064962779044
0.185568564409379
0.139526913725186
0.159711568172061
0.16985794971328
0.221607697199592
0.201887153956353
0.257681118611955
0.318721167757709
0.281622794900536
0.373273708127432
0.324288256033697
0.27709020141971
0.289606424357332
0.316477481183912
0.312872545161869
0.271400689602468
0.226732684873547
0.217582556662049
0.203877071953939
0.224186876654962
0.212256990290827
0.195020758568176
0.153374362718183
0.215770445849456
0.202289818311347
0.144274988696285
0.218133288171874
0.498559903221082
0.415096086567388
0.229374562108833
0.301266199340149
0.398092811273256
0.220954631315626
0.116693576463221
0.095048764446918
0.204054837521096
0.293245040908263
0.286799593940499
0.137754232795012
0.147362393200978
0.247596597664597
0.341722447435006
0.354112542694519
0.567681308155611
0.548928236334959
0.535321331597796
0.378784044016197
0.155428397178663
0.249984246236088
0.20368627976363
0.248332017299005
0.241741509412673
0.240977471416229
0.217339164246804
0.330410486798583
0.350853743497342
0.205484333957048
0.229481908598928
0.352660002156096
0.317262302344938
0.272447803717213
0.254652424288564
0.245509380133351
0.35533896640943
0.367465723399444
0.294638114727523
0.233696881756614
0.267513420280932
0.302103195888497
0.241410795379322
0.265703846710623
0.277433110240268
0.263257734717623
0.380114367473464
0.388486711745341
0.330389298413918
0.29935407338277
0.277828548138408
0.325914775217619
0.524327714710042
0.571279870362595
0.280379896415378
0.25226704831863
0.257686882014892
0.297984439692068
0.282428820283405
0.131605070757945
0.189449511329872
0.232121904169989
0.186431976277943
0.216637175529872
0.273601815358063
0.332286667892539
0.34083581306939
0.334988431759242
0.235040715727064
0.189513209852904
0.332059167169973
0.349339748876283
0.193191058300668
0.138539310062399
0.311792932092685
0.229275335087118
0.201485743868667
0.200976025884303
0.166008262645035
0.105504835443822
0.258337971815075
0.249777520524358
0.138462573661096
0.213173124160454
0.270540984706574
0.273028677454277
0.229639970208939
0.173348505316374
0.0851521215320118
0.116490044967318
0.170005897934377
0.13042857257415
0.152328147880958
0.177678431955457
0.205377136338755
0.219172755523052
0.22650764405121
0.272746378880917
0.25152324862644
0.196354018833319
0.229946544105983
0.339804971326576
0.444862607962225
0.27255463982006
0.178191459674618
0.2017885766592
0.1748329465461
0.154989902197301
0.19556569384399
0.356236659627825
0.467215784379132
0.413051114184644
0.401287128512315
0.261121608700936
0.36114596364326
0.279988808321681
0.319230709064957
0.323876442752808
0.255498025472893
0.232479845884552
0.182019109297175
0.23445471412226
0.216308983626854
0.167851861715062
0.18200220053875
0.201629800487275
0.219532847425497
0.151122966326198
0.218628350587348
0.321912935208083
0.32835950368964
0.272138161812756
0.251745710806454
0.190091973509533
0.282105031959603
0.231394426089247
0.312624227108028
0.31131770912943
0.130883323873218
0.191455022573478
0.407199661753376
0.30933474395653
0.28350738176773
0.241518304826981
0.155021451611702
0.182807304269488
0.199188675194382
0.299673876810094
0.30935943752782
0.240734474681195
0.486529862167188
0.521338447583961
0.254684788923737
0.227949802971882
0.231862433460754
0.233767407226144
0.298051276961492
0.296372929944051
0.191424205368323
0.234467926738802
0.254367666834703
0.277919436245657
0.262044896284218
0.15524176777895
0.171108526048096
0.253670924308145
0.313586130609101
0.229761121870386
0.271297230172643
0.255514841189917
0.213085931298387
0.269976412457537
0.22716760718391
0.179466584067455
0.219905059001236
0.196764096372871
0.172314254702562
0.168090231450868
0.301413922652231
0.312005235093533
0.1456098307864
0.163242046527203
0.196353128651132
0.278959284418633
0.39652177748668
0.326791515162111
0.322049216612697
0.233163792599039
0.208287685110711
0.265918329948973
0.223961810189119
0.223538876044638
0.317911801423199
0.259133827841288
0.16362289552839
0.215762987879988
0.288749519797281
0.22414315000213
0.16703169150481
0.201111446837711
0.218629846541579
0.262645095463477
0.216534585135058
0.183170480952708
0.236033266581867
0.122466354521154
0.0857573933142441
0.325346496233848
0.305509172072613
0.221720263442579
0.189420214287142
0.200061213689694
0.33530095922902
0.373928037640141
0.240787079806508
0.298311669775873
0.276950605509962
0.425244845738097
0.451399575351947
0.282914416242326
0.308150369407511
0.415895467282839
0.365347896025181
0.253172596382696
0.239788984806685
0.273036153549274
0.181313080270098
0.341575327228583
0.377957941207891
0.299907982014662
0.245016746146472
0.25683826956375
0.221341818360003
0.202818978891364
0.185062655266671
0.164796002326481
0.220787035249587
0.224626379191402
0.266219474575551
0.373141771703185
0.127954867843989
0.155832620519354
0.221824820707698
0.264357023589609
0.365352625712486
0.329127781126188
0.187072263784059
0.219141473302586
0.206387230900849
0.226435951918572
0.18856047603251
0.310379012269758
0.379178301120089
0.285415270409666
0.233662329476285
0.159040561247704
0.180348405101479
0.203497276500016
0.170524305133483
0.198892788033055
0.317767745962707
0.395980024596198
0.208051161476815
0.227672121242282
0.302800706459396
0.160429370169624
0.175599337029114
0.174582469687488
0.546925903672038
0.452034369800735
0.165162754725316
0.212213339674906
0.21646893119487
0.582398510034194
0.65455036283309
0.298142870353142
0.25993709129253
0.199536213049075
0.244539580147924
0.231381045974671
0.179386136033509
0.213725119082449
0.205903572905229
0.242212715168119
0.323113708775825
0.226774830647768
0.245506570807963
0.231233934504483
0.180962646453217
0.282348444186598
0.322823619673262
0.237601140347481
0.256665200534552
0.247394366006219
0.29322973697491
0.324595078815011
0.240536974109011
0.402850777352304
0.4936413803298
0.225288189498488
0.266947997256216
0.266183077518478
0.262482938780459
0.317285466835074
0.296621280031413
0.15696091168826
0.261766935204306
0.199315736036087
0.164679880872838
0.213625068875752
0.140003768667788
0.124980191628931
0.149233914390803
0.266248314483661
0.449745319658637
0.213079848599309
0.156492091489221
0.235729637463525
0.166730350595762
0.13018636339061
0.15057883831766
0.227522090549031
0.154796833724261
0.286744383549732
0.305790778124841
0.271352761645942
0.152664378207348
0.15708633882568
0.20405200755319
0.304207797408657
0.256459805565211
0.200331412225459
0.111179487573125
0.125178155939781
0.15119150291918
0.288742064237734
0.343303639239838
0.285733066113259
0.240672047935027
0.287822141917844
0.18680850544524
0.211934200073479
0.132893874568185
0.107298788619104
0.233830505870399
0.184792266104426
0.420820945099203
0.28813602792145
0.214122150683073
0.316873468764863
0.314341960458389
0.357409705058526
0.235228995269762
0.664581775627283
0.766632605874858
0.682996717994309
0.545469233554892
0.565991644225511
0.598602898862675
0.658837415227012
0.814845428995046
0.327947597387139
0.379968057665471
0.459029035122996
0.369142181518096
0.315353999040309
0.612465335011873
0.873415286832634
0.563782526801348
0.522504273872323
0.571293063489032
0.395148634128211
0.361998465114028
0.299971138041949
0.414652916968936
0.324723441825644
0.484591899995342
0.411705372261441
0.354193621579358
0.429164129267393
0.498813022510296
0.587790946198353
0.603264995204658
0.350986373612968
0.295180751049678
0.388773163933249
0.350037164391668
0.285079094768836
0.235580583814147
0.205710515625309
0.203887699253875
0.215394893047762
0.410842153000501
0.456862637877223
0.283272724127702
0.375507163103989
0.529469378692667
0.392516514709334
0.229143618585381
0.271241400601357
0.331397234367754
0.266674041051082
0.300744126665844
0.165685254569818
0.443793771973539
0.405792728758608
0.470916955016003
0.589218866879529
0.541410983588083
0.529563866507108
0.503813591568342
0.368488167281799
0.198414790258965
0.30820896238719
0.449806586374604
0.48105463076645
0.265095040127948
0.125894112692075
0.0916478306207556
0.265803807060879
0.268408703023292
0.144690947340893
0.174504990650156
0.296544191619317
0.140476122519485
0.142398777697025
0.234675209657095
0.202028904011455
0.197386646426024
0.307070681795083
0.48700945045893
0.516533300036628
0.432924628545465
0.281750008606688
0.21954184176652
0.229591045150312
0.226709551291663
0.185886559849125
0.13600603113747
0.135754376574236
0.303275456991242
0.253357848858157
0.265842868211814
0.268913668408717
0.254096923254501
0.211389921562947
0.421698413903202
0.591538838371005
0.487347704722396
0.228945180906941
0.199199746333234
0.116083891803489
0.115803104687834
0.163799084410517
0.165396955162084
0.0907009723287249
0.10935564804682
0.174622087513956
0.251788751062779
0.639456869615097
0.640279987438676
0.408087732340721
0.366418785554293
0.525577981811841
0.302073482609407
0.2722015451713
0.540626135544339
0.517498261329332
0.406830130178657
0.226169186021992
0.178787388685029
0.144564234743106
0.153725109825127
0.173356792411959
0.195497910529321
0.183298451217132
0.164413414992154
0.215837212292365
0.193755517620976
0.160138369125268
0.121072103151803
0.176373696366853
0.258690579626781
0.546424136340214
0.336658358168682
0.254911905143348
0.263895881421921
0.278917851041278
0.286819364287384
0.429481399510487
0.426747624174972
0.169546529755516
0.191797259220893
0.222357689101142
0.211088352275017
0.17172038846892
0.161026470402289
0.211062738024747
0.239376366277793
0.225445729080352
0.312079680803694
0.522043793850193
0.449315487944745
0.236885820711147
0.218013966811553
0.150949392748637
0.211851993940185
0.28550452403488
0.213601799717325
0.167212551356044
0.239861852631916
0.285873664229506
0.204825738008761
0.180499873295017
0.242297427638059
0.305592808416065
0.346636380060784
0.36134719681713
0.258886697904073
0.146800943017483
0.194383418770468
0.249698885098201
0.162814352700825
0.177487471029092
0.200721107170294
0.148102904059733
0.1282731968644
0.136733913725564
0.164262871049124
0.260082236461853
0.226491373708353
0.178506579819359
0.196219847136337
0.294540514275019
0.271990973689049
0.295965189073039
0.400769966915635
0.454078572761459
0.313558473187111
0.137564360731498
0.1892883903731
0.146927313403168
0.173733614862634
0.446493022394955
0.768649553266048
0.347204599326043
0.123333150561662
0.145327375170156
0.124810066592426
0.10423332965648
0.234122760913555
0.326600951995983
0.238152064466638
0.272098584903687
0.321230140126429
0.317031154065582
0.343327404181786
0.39933335900092
0.296116421496843
0.157585538623328
0.201177734826348
0.128609755920627
0.107526711660324
0.141481497297523
0.127217501330846
0.122751546129397
0.184592216751802
0.22035478976517
0.180861495118468
0.114407742792241
0.143213739031809
0.123330355326321
0.115456367595639
0.104812428168735
0.101696256184136
0.170196796299153
0.177972368927279
0.220479418571392
0.263394575089718
0.30281081683179
0.275241696561039
0.366497551144857
0.286672975649552
0.200898897204572
0.210922397958288
0.219735953984047
0.353450241712585
0.286932187029068
0.165921094972603
0.156673622088821
0.406287108635514
0.569166855146591
0.576660096804545
0.392625586614318
0.209918894202706
0.123883640575799
0.124995563154464
0.191005999930935
0.183918215231564
0.144902293733336
0.148145270411496
0.211731521500247
0.242807428453511
0.261240121032994
0.244671450980342
0.191056191708833
0.159973162939931
0.115809500949934
0.230230300980423
0.295713585490461
0.22936913985792
0.216821596528424
0.167657090242629
0.210058995673624
0.213416747716347
0.141319802930407
0.138440915091349
0.221309362856535
0.243929897097447
0.190725874891539
0.146293881330698
0.213263189912937
0.19119731156787
0.171791616303862
0.24435816945063
0.282823599521024
0.300424587975963
0.396692520401473
0.405745686880649
0.288091305553266
0.286343924476007
0.390012502166626
0.318279957870253
0.0935946509782242
0.136569595610509
0.173534578264036
0.177956615599357
0.227116903737883
0.143551345288111
0.208470683789137
0.151915228043118
0.153336291535245
0.121406299839452
0.16628413293581
0.225454999334035
0.236302505528033
0.162541958979776
0.11989743583561
0.137116447449779
0.243032853852918
0.268400789620294
0.233283205616915
0.258179301737523
0.188799147838905
0.173201405981927
0.237450402226156
0.257116683325297
0.5525273375792
0.565992765488668
0.260096965363648
0.186625121645791
0.11430637810051
0.102374855624687
0.107705959119053
0.198169704393519
0.201902986412443
0.263305116434037
0.220016107458294
0.228315983370635
0.283473163979369
0.26616201326054
0.202292038501298
0.235624890370321
0.255056243925543
0.236280591583719
0.321976085076932
0.346038770673547
0.38390115666767
0.358195538396186
0.357404206499282
0.298452327569902
0.25428734729429
0.220303742378661
0.158475330654988
0.16427824328377
0.183462703618086
0.219276470351198
0.242061426655409
0.230525176300306
0.185732444764721
0.156203636443227
0.138195074728781
0.185925966665098
0.149868078975509
0.138864577073834
0.216394377656275
0.207151266429861
0.173838258031403
0.262946445792641
0.244145688395314
0.215283268528675
0.306031436046443
0.250069034335281
0.15478219700819
0.214209526363683
0.3691808356655
0.372822257382929
0.222330897114887
0.327556002680399
0.40710239728032
0.311917852837258
0.317057157919585
0.358784092037693
0.305917807300228
0.230690190011376
0.16020496126951
0.136920737090576
0.17206919702158
0.22818345000674
0.268811905314989
0.209261162215988
0.164981636374113
0.165353479575003
0.200360833944765
0.248769495026976
0.269001882197277
0.18821773564056
0.200486581024988
0.205432623527092
0.170796029777283
0.141084188648888
0.147551375151686
0.179365316914645
0.237706856520997
0.204941341300131
0.158495146287541
0.243466653402929
0.227132801568888
0.302437194796853
0.469033833545185
0.420240024802186
0.192915022674133
0.190980031423161
0.265892997935193
0.323201746283032
0.245789372425089
0.221224754766417
0.275556220113372
0.243336417152742
0.216362340275238
0.280098580600802
0.31228958826205
0.366106817517753
0.428759280205788
0.552203961390616
0.454436106677974
0.167933578040731
0.182145500601556
0.172061168754186
0.163159705024056
0.250042997846169
0.248529149207391
0.224767401676423
0.190902982929488
0.223143270863383
0.355169847875017
0.308355520646423
0.217636251910828
0.256813903131165
0.24121058126885
0.218371211634769
0.191116871396882
0.193496186935538
0.250059647095794
0.265166734107734
0.28952505721063
0.344887384716247
0.249811227438234
0.216766271257844
0.292385101176605
0.256943490262045
0.272122068489277
0.257057018345265
0.208976302595165
0.231173040955754
0.328256220815522
0.353615676226597
0.17708670111785
0.149750470850605
0.152761933336501
0.145647067790965
0.20163572538766
0.201585372115156
0.207530106741019
0.208636975478458
0.211296870285516
0.211466212121679
0.221165932661126
0.273284523850604
0.693959479154062
0.849243839346499
0.657506614441484
0.525549447844737
0.421690326658787
0.261789792143288
0.160671433686571
0.188021864658419
0.160808480094217
0.167661648482141
0.185134874846534
0.234358636918478
0.227281614782595
0.212294618921703
0.221169159613353
0.199825908056069
0.152517806967071
0.170191612858064
0.244661007478313
0.207900123515531
0.226680908747367
0.370345072028256
0.437742059941758
0.379536120838447
0.264312342315468
0.265230544710386
0.198460093751614
0.227120793146474
0.215509782799196
0.160529103062719
0.185911617509341
0.22436396591589
0.169757560403018
0.202596090049407
0.197391694324802
0.161239426014486
0.191616108572497
0.209583655719143
0.403558246432379
0.438422324312075
0.178951252120531
0.167698272174284
0.329646275852607
0.284230051792683
0.199524769758597
0.259508825121813
0.246000840548186
0.290188666798054
0.298740827313501
0.356880717484235
0.261603988823469
0.257830049531452
0.217886961585996
0.344571530081432
0.427920425300996
0.211557712885975
0.152436385889798
0.134699539551917
0.168078434868921
0.197652809069612
0.175939314934655
0.133000101933373
0.159461727234011
0.231526137302505
0.365760706445368
0.322702610981063
0.202226386565279
0.219712294052338
0.294041223663199
0.295001859277202
0.173196634311841
0.202820137314218
0.242288606616277
0.303267096265383
0.268778831000677
0.260120029969362
0.249553164817662
0.173440784378308
0.183118558176894
0.21446707992792
0.254622785818265
0.225988106055209
0.178266014121813
0.183117294151501
0.21923464811771
0.170083124722633
0.248909883835871
0.347337968798434
0.270176841813417
0.248621819402652
0.253998838479512
0.511778808089883
0.552214818809672
0.297847251056133
0.252403087032294
0.142868545552129
0.242605734382761
0.287642753369408
0.195698310260269
0.249971967263873
0.353531273112985
0.32644366848524
0.291190237667055
0.312470855925407
0.199721193197681
0.200317890557523
0.229346502967258
0.174445709908232
0.194955711121245
0.189161617319823
0.179486011561202
0.143696348166691
0.190249018557956
0.272909984052459
0.285714451081369
0.225297446577052
0.2532186982751
0.275760971392753
0.244727011950023
0.161724264460061
0.175195097109515
0.16702466471247
0.214540117882527
0.241318947942332
0.23916825071973
0.271101951025066
0.207925898377903
0.152022053005607
0.26774796022833
0.288251888711283
0.246828217972878
0.178346931985761
0.156485279621283
0.208360155497495
0.19231118316872
0.303457529530819
0.375607424825767
0.334548236632145
0.249734663456662
0.320310544766778
0.473175915359012
0.327711442403382
0.204346618536855
0.229284537582824
0.393377657478734
0.410192513320459
0.324736166513369
0.265537328283399
0.195992854477179
0.262198836893831
0.282526665711505
0.1875546718701
0.173665151680517
0.215383474151344
0.241226895765921
0.286181135805116
0.270403452970026
0.335897881906662
0.464977321268828
0.630803886385558
0.495105489249657
0.299978217549713
0.417436853151543
0.570016147801652
0.554297131458218
0.399912732464228
0.216644948513704
0.158138899758736
0.206532308624459
0.250437383783666
0.194998158321133
0.155671527689588
0.141636407965045
0.152188980669533
0.167252828443046
0.200841318337548
0.211018550379941
0.134787847795205
0.095113329232268
0.150798001806231
0.211910584145456
0.292511139756574
0.475956175055686
0.571585595906407
0.504587940829087
0.3847294148028
0.283366021500919
0.179298370225743
0.223428872127055
0.294210872370932
0.333497467565442
0.286302163969981
0.184631004594424
0.356562141607261
0.399060893278988
0.286759797322063
0.242073051474863
0.282536933512314
0.30521109591812
0.191979729836701
0.143138791713905
0.218310404703109
0.221358548126594
0.286750104102453
0.238495846913446
0.254344830713186
0.397633437236943
0.333206345899727
0.304504765460091
0.660526178684074
0.661185431204267
0.375171102541555
0.206016902883749
0.152820699165012
0.15664883502461
0.150009619029784
0.138629387953738
0.130022579423442
0.174291277530979
0.243528594091057
0.193030059118226
0.200656513338046
0.287064686708847
0.243124330916028
0.186552018250471
0.259424743052144
0.34384268284205
0.463504349711592
0.386408504547591
0.174549489534706
0.164630974496764
0.149787252742655
0.236353924290036
0.382353415818294
0.439381737262959
0.670300835966127
0.771430947662273
0.308872931724993
0.191919762456583
0.222953668232371
0.195197461899492
0.126271765966374
0.100211334934085
0.139806902421785
0.180115260934387
0.148453492229526
0.428172480683947
0.708680331458594
0.553605368905689
0.362289670018629
0.169987970104285
0.184592579855133
0.38754427804815
0.612107207374863
0.413462298019604
0.357374074833161
0.452000210623006
0.346800617371194
0.257984485505638
0.229921468821227
0.175126232260189
0.273135412056036
0.290965976206785
0.154140017790442
0.122741934733596
0.111796847010458
0.145210716371527
0.249160511633731
0.299193170088224
0.33747787014282
0.246268459811633
0.300993233304178
0.335357918363388
0.232695715116593
0.245229118559279
0.188634977611348
0.18641666708384
0.151497524180383
0.189433009773352
0.24777529900239
0.291335397344129
0.258264332576301
0.176728607957497
0.274005236131235
0.327996597928728
0.295408119902215
0.396798423569339
0.330165128328696
0.314833074512794
0.376155089585957
0.267066971071226
0.365190992852557
0.646293501175444
0.435190256538194
0.307680693034947
0.303696643409709
0.280635661819538
0.193187426224693
0.156024575758834
0.147867731822926
0.249886533851692
0.24414290391324
0.24206596115041
0.247373862725185
0.175245627295573
0.17322836538488
0.312704996816266
0.415329040025798
0.317008305034812
0.335424132980585
0.337045763401628
0.221723003766259
0.320629808860397
0.311844987075327
0.304743068486113
0.246375665534864
0.202901497972136
0.321568574765279
0.298951805336629
0.235153225650853
0.260697741627252
0.202642870480102
0.207537091981844
0.209645386634245
0.169567574097605
0.244939746675101
0.239884132318842
0.303141448874701
0.320389259448291
0.339922103850712
0.277758680217073
0.262164301303939
0.2915383969803
0.356850345094576
0.227491477336633
0.27044591807709
0.24732148412502
0.231574829233949
0.347101332097934
0.38375682797457
0.291415566567179
0.27491701911838
0.328906357736156
0.30151503456851
0.388019844930369
0.288911231530078
0.159553449815651
0.146758431331973
0.198030437072206
0.203339733897013
0.205962449030969
0.222189361286431
0.192624654649808
0.284105184230979
0.32942867469429
0.225136765651896
0.162312643307249
0.127496361649398
0.348006140501549
0.370371635618184
0.200235792029054
0.2369356824397
0.216945647178816
0.167851115966708
0.248909271743718
0.404490883045723
0.415551868907291
0.250607046356167
0.190360134949799
0.279813798148282
0.356387384046794
0.344443512872281
0.265339764807314
0.264901797184038
0.201040009841594
0.158202288724245
0.325815345088275
0.303394019200392
0.166604381242764
0.195767548864995
0.183458663203212
0.18383494893279
0.198457024888226
0.250716883314776
0.294227002594472
0.32295021912738
0.36220354015902
0.258878307673372
0.334928441752032
0.348210480930012
0.167588554363139
0.165258159229236
0.290566816592738
0.371879965973217
0.471253260493718
0.359547596967998
0.301177046476767
0.244543924799997
0.254696818814625
0.272570572045366
0.259459554847847
0.267315465710701
0.32627128743005
0.265997305591199
0.186654129711668
0.204886590298587
0.28579912574971
0.379527010785923
0.339263452305606
0.270588110020034
0.319896400637092
0.29705594726405
0.210503274996321
0.208072554371171
0.366103266443624
0.501202884281344
0.524595551668956
0.356265079435584
0.250129448707242
0.22263821581779
0.263488252776357
0.318005212181872
0.418809022010451
0.375450909892232
0.210695367182344
0.250059262445464
0.226372757437406
0.223152937667012
0.202857396893875
0.231483920813808
0.22174592273432
0.22689462279782
0.176207968149984
0.246983513683508
0.277838600546445
0.251843348738853
0.328031098650792
0.318251584375151
0.35623495878699
0.362229960839703
0.307910522316266
0.32643232190854
0.366525587907692
0.330133981492049
0.363012591885605
0.266812961756633
0.180864878672242
0.22920671131793
0.334777714021113
0.312772119367962
0.242083466470988
0.25305291570423
0.189641437867637
0.150545031899869
0.244557102020273
0.30302583957672
0.308907890525727
0.263186880235138
0.188759243561174
0.192383492982389
0.188067718352493
0.260325916977325
0.285667826095994
0.341113365305634
0.363223888297094
0.323214949183578
0.333845706176939
0.390501709739637
0.292444083418985
0.282683925880057
0.247589395761686
0.182387591247741
0.211918043001641
0.218171417313055
0.181335429033596
0.181305581079659
0.187179643269468
0.223517177232045
0.339133601985967
0.34454683306576
0.229672038002211
0.319560313768874
0.233171564499872
0.194425950021978
0.298018329084304
0.422929124654851
0.371933725711302
0.285093104426106
0.260505514645259
0.237947722703853
0.25187895238403
0.29097053021404
0.296831859569274
0.228044493418467
0.251518166618222
0.236251743883629
0.150121276171461
0.148528680444354
0.213891174354349
0.236476749305797
0.240927870197121
0.204677789461009
0.202560326357014
0.243497783868618
0.371896076913503
0.305376533470656
0.177020115516235
0.207963958439761
0.275768015254836
0.339579441822976
0.306687968977513
0.244417761176252
0.210699751481256
0.252112731534068
0.255353688003005
0.179551619830692
0.138505964751474
0.216437184906879
0.243512267297861
0.29369160524225
0.322455982648664
0.202892047755665
0.173838429041369
0.383965950329027
0.340208496813222
0.246856991847245
0.353754670296498
0.358900944602574
0.413869089359396
0.269714809271357
0.238958218671586
0.139453007585918
0.321079049661897
0.723909560241399
0.626506502150892
0.243563120745841
0.304660981505762
0.270974768612594
0.262453076207935
0.256608688507137
0.225153199277011
0.29086833852196
0.213177509892729
0.220261580796402
0.23188306924664
0.155534278131941
0.140231024576309
0.226517710727506
0.304307433479854
0.221696968258201
0.250001478580109
0.258072051305268
0.219066896978001
0.324594057063009
0.348696393461976
0.220679774482648
0.22379557313555
0.207223081181614
0.237702047143854
0.331380367958841
0.290587951444248
0.224340911416997
0.203486114385708
0.126999002567338
0.231451971973917
0.174182278138371
0.180787102818459
0.247506916269624
0.258932978338761
0.20440687373323
0.280321019466014
0.236794690466497
0.177519412903635
0.211039524192062
0.256613065868055
0.231203984117748
0.273575532771096
0.217052996290781
0.18484947525526
0.204525120703483
0.218925457557752
0.213667988908551
0.199463432191867
0.317740550715317
0.378118743149627
0.276679689796746
0.393181399290243
0.742281353490055
0.941439219241781
0.573405834432952
0.363951595968136
0.379848499714412
0.466271894155589
0.325205881781406
0.159233726027725
0.158306676638931
0.2506130449086
0.249877115354092
0.184662081006645
0.14053579822188
0.222041304157923
0.257546457925948
0.216568017936646
0.234896432755507
0.391815218438445
0.560769034690683
0.826531210732651
0.855849893335176
0.359631936877728
0.140565518475312
0.190208466785064
0.180542660890425
0.154855633251534
0.187409266817549
0.345007693180849
0.343566963968639
0.166177372760096
0.145201874798776
0.189111985363162
0.228194748450847
0.214212830651976
0.160072253959215
0.175201789797767
0.288146908778858
0.352666732970551
0.259119888630361
0.245979942340321
0.29361525231781
0.172389779386958
0.218528966619963
0.243053600265502
0.337633622101618
0.214766074010094
0.278080149252253
0.396697720104906
0.340073161992513
0.291213760838716
0.223659945435239
0.226426579040268
0.251791001180631
0.219757792119181
0.28607566607281
0.394477091322301
0.324112285124799
0.236642556435857
0.274630903997526
0.295480765237506
0.294295390700992
0.246439724734871
0.21453389186299
0.255508943321416
0.22510211373116
0.270320999193229
0.171771812585048
0.167755992592969
0.142043502562227
0.196885193905502
0.305100031791468
0.473252856188125
0.450436617334483
0.237456986283825
0.220492065578861
0.34179346059532
0.286472772509593
0.332050609693654
0.377366672643756
0.302236683543348
0.214716359963648
0.288607079553764
0.286969163998263
0.278395698904503
0.34040635045315
0.329872567030767
0.195725454049621
0.27095614465315
0.219384426158179
0.218630612724364
0.190600709775579
0.232205265343817
0.229624807830888
0.276570594045098
0.111726759152102
0.130862263083445
0.224016762739047
0.302574787878814
0.144770838019746
0.137388499894138
0.192717317765645
0.227500945111528
0.332248412503428
0.253604734360614
0.231613216788395
0.253348636885614
0.230291933493188
0.209359067592275
0.283155822264494
0.272120515281746
0.235096455854402
0.206174579315045
0.161392292829163
0.174948258120163
0.20617423739925
0.182670050505535
0.14361237917419
0.202249065221742
0.274728341741427
0.374153518057054
0.376816175405183
0.311730124602656
0.347291809501376
0.405154083510259
0.345998685090464
0.223683053920013
0.197538646866129
0.190041959281355
0.20062876471
0.231356962832652
0.306921225306653
0.41591771362876
0.362628050400897
0.217699880363243
0.22836477828439
0.259709064790892
0.326852481157455
0.279528791109248
0.232729975667543
0.347261179578687
0.276361830937204
0.252077809117174
0.333708348149809
0.321257995912532
0.265567359763747
0.203864794228481
0.255249997952562
0.346014420666455
0.242284090062447
0.166681472701173
0.31473772596145
0.415930718467943
0.281979260032854
0.203147144923101
0.17409314833567
0.168675791845141
0.20616811446669
0.201976964742716
0.260466773815537
0.302005672340562
0.280696914932155
0.399247221753882
0.531000974729888
0.425616420428219
0.32744773316872
0.250110177958045
0.208206043735051
0.182679740330696
0.161685122662255
0.185787599958756
0.183098568871199
0.213236050417231
0.311340048830719
0.448467806432999
0.473878071855888
0.362776642387636
0.171343241501641
0.162139455485712
0.236325126708658
0.329194446198972
0.257278625405079
0.168560907382226
0.167444226836538
0.251043549962048
0.296396319747012
0.202970825426159
0.204952946441761
0.222960378981676
0.227184357868326
0.231412905344591
0.244235344112773
0.248177876348754
0.269643672503282
0.277004125824609
0.259235744478248
0.351082079235511
0.380916520977313
0.300916238138118
0.229056940576109
0.232084679674192
0.238998262603699
0.430585048663588
0.350180318078523
0.230816748725347
0.389512638368114
0.354174190515632
0.447771763231104
0.374902727162071
0.439831504427273
0.437972043459675
0.135848438466009
0.239069577508749
0.408133065854855
0.315833144919641
0.181109137282525
0.284501280860436
0.28791865164877
0.160720250576635
0.16381592992295
0.16671623343633
0.158347966718383
0.224390017441414
0.238804849239944
0.39156907399297
0.266331809115052
0.210855531544287
0.229422575803277
0.245784932699755
0.205847546255362
0.170632092106016
0.14885797667624
0.238500387690253
0.269241268809336
0.196252207928443
0.151222844897299
0.21783957859289
0.213756434904448
0.18910090079799
0.188781211061298
0.175169548009506
0.180751736374219
0.239029793718193
0.303018257753765
0.266197266569319
0.217069779624294
0.239164764398476
0.242082184026868
0.20202869767119
0.315757426433485
0.311199959511272
0.260062906650222
0.267480475542969
0.171662308409282
0.168306866517586
0.197944834035866
0.268148094118222
0.366354218656922
0.306485156795772
0.138666566872872
0.186869057066233
0.215473248735708
0.450202452439863
0.345089332698817
0.26798336742389
0.315034214249253
0.243030899397651
0.176038235510389
0.214339148337172
0.265159085146781
0.371335801695688
0.296554669489948
0.125853194973381
0.219979794508624
0.305463222922674
0.342123070144312
0.416144665815791
0.325188936127431
0.233879292605875
0.16099055159966
0.157746200983268
0.158716528072251
0.252730980558279
0.229316598355217
0.257421458532952
0.303738547447575
0.342125435656443
0.375141714866769
0.351939106471899
0.286124333481768
0.317447729809987
0.485911895633943
0.299689963372283
0.288613975253259
0.455887668183049
0.30393257053194
0.169343941551685
0.183485378383236
0.18017642720872
0.21681449951384
0.4068701606693
0.316750499499567
0.183613404827992
0.238513539397278
0.145118159546956
0.130174735938271
0.151638672766479
0.197094291897213
0.218948303021933
0.212713471414483
0.193675188124194
0.278623572484557
0.370761979546911
0.19924902983376
0.158660692187905
0.189752058154588
0.139579102118456
0.176321250369315
0.238529572885843
0.230641294414079
0.296210891483264
0.350053974234215
0.263073005091574
0.24296616183434
0.325410456845074
0.331876251951479
0.2332194386996
0.178901944391147
0.32652954470848
0.392933079163303
0.349537972518492
0.49034146831332
0.338630049136965
0.262490308360935
0.542807006077219
0.313882227350848
0.300674015327516
0.479781909565939
0.536873365649453
0.479723903507714
0.500318833195392
0.397641713178393
0.206422904669912
0.219030503072644
0.245667357357931
0.334852394238842
0.287731449211692
0.22802911754858
0.23056382207504
0.208063180457095
0.245772042307385
0.255721468842444
0.202977537650382
0.214415406851416
0.22252551645382
0.266114585267464
0.337187908450343
0.212100616571645
0.262917790511456
0.252756413274649
0.204689194737367
0.181661648822392
0.208068822146303
0.199113810305979
0.192817790163985
0.192196935125068
0.148863145819153
0.122713093731371
0.163789314048847
0.187877898153833
0.240991343459705
0.225169817961118
0.371298854708207
0.2358329888134
0.280678068198725
0.419544445885731
0.316972829569334
0.135370962221051
0.0844149518245488
0.150885860163235
0.209399647358213
0.23065717022208
0.297239225043025
0.349993646935963
0.252572052505228
0.279078353740842
0.407762407205495
0.195703112505236
0.317100793049791
0.366716204570547
0.3708426403336
0.23107161374314
0.221697104260699
0.182950831602326
0.255122210254222
0.338155878982027
0.315000087318452
0.144245844993794
0.139473172777111
0.144166643576947
0.112436581837097
0.178272551246954
0.231173956686679
0.122014800171226
0.18737567950529
0.234058628090723
0.290852639826719
0.546028619656546
0.7375725251602
0.573785827902411
0.333408267086871
0.249823391855938
0.12942138006787
0.337478576062765
0.270015719549111
0.134829580674278
0.230279139286021
0.274222567301738
0.216492726656316
0.212163038909813
0.220156506481066
0.244953032468374
0.240120799433465
0.177070846083969
0.318322266333218
0.310659806021446
0.133908797822878
0.238110323929873
0.215010775556788
0.0799262081344947
0.149989803517717
0.212899280754332
0.282911791727528
0.235426568239444
0.24329202989566
0.218241782907931
0.23738842689592
0.254396179221037
0.228677247688969
0.210211421800159
0.289447142265072
0.279179154038502
0.237086243059113
0.170486930053199
0.128174432038327
0.278154997941807
0.2966186095314
0.284313796028933
0.231989630347404
0.262582153690449
0.374380972322514
0.469725360286902
0.34925052770621
0.174350187027965
0.232031492163405
0.26693556449257
0.290133972079075
0.325211217796284
0.328879001537965
0.274539456392759
0.278464355494343
0.365517453060499
0.326342056279816
0.273810720347967
0.305686077715645
0.289333004767971
0.204126659734998
0.187701546214255
0.101913985890777
0.191638372072749
0.173781279756025
0.237843957714204
0.312086703937125
0.236095418876361
0.27562524261063
0.31648973233328
0.345093957070623
0.220716480255934
0.113449142733309
0.224970602833272
0.261535656975799
0.234103626225467
0.160279198572037
0.0928110940847508
0.218124757870014
0.269393971584199
0.232914281157384
0.246685092002149
0.243566110800076
0.389532075359667
0.315959377304623
0.159862892649982
0.214020014918669
0.250247321800565
0.295601515579966
0.294262285959744
0.318724008902958
0.364533923157453
0.351838040732072
0.422032696282269
0.521096114936213
0.22402111334947
0.231915218412678
0.290249688365253
0.36349048364028
0.320506350046309
0.139802668538188
0.242802757535903
0.195980334673919
0.0991648371417219
0.220432516831101
0.366610286751337
0.362559913179512
0.366365148563961
0.235991288831081
0.324883887696718
0.292061986988345
0.17729416569132
0.225555067061742
0.159383158360984
0.16886095152899
0.185886452612612
0.1963128397191
0.134417742117098
0.120056995822664
0.199109328843891
0.189001461016518
0.219180198188566
0.199512256164691
0.259085590883034
0.305210650138853
0.177081884734892
0.223748361135703
0.331302968767512
0.219782894465721
0.319675060247608
0.145220770476165
0.189100793946646
0.203270446693169
0.227665316969209
0.232301696866818
0.229627055495914
0.246830992611824
0.166546138911695
0.255440935228546
0.274675159980325
0.115344888653246
0.214734511230019
0.185570256345351
0.171389330346259
0.209184948515006
0.138736755662025
0.135864293549782
0.128157648403352
0.162706456984818
0.179145552914381
0.20756183944531
0.359957483624887
0.434471204396687
0.277693181051232
0.227469895564586
0.293464302558888
0.319687025235917
0.143218288491972
0.242515765620994
0.176952508227879
0.153101107513929
0.126060492872367
0.212700434950924
0.202087426307769
0.228079363049815
0.261853529648561
0.250787259784844
0.255593494860064
0.236155933320407
0.286148612810995
0.30969224659828
0.182894487525847
0.19182594940611
0.190329953366447
0.145095977633834
0.226779863746279
0.228247032764946
0.169635738727764
0.179250831319729
0.155582268774168
0.209099862334412
0.229487621797391
0.244344398412352
0.27435470217145
0.176420128146326
0.131448077821244
0.131148715869902
0.168243571785287
0.16582960366098
0.116717129288782
0.148208274608612
0.125372128986868
0.105596605843523
0.0641811552294121
0.229899489293197
0.255334016833118
0.176233184134451
0.184042540292565
0.269595612612737
0.312180152098838
0.2812370314413
0.24736032403202
0.225162356594106
0.173619941600662
0.223680092286323
0.242273767407211
0.206259080929579
0.178282261546887
0.264756849360252
0.25171277568508
0.11117462237385
0.273451869364648
0.17101328136771
0.292866003070342
0.270104317746853
0.269202441381241
0.353624588524337
0.397252958573649
0.375769198100752
0.210511266570379
0.256629289027675
0.245333154928626
0.230251099895703
0.204699708443199
0.422488406300708
0.21425754220302
0.170626591014533
0.264259455466532
0.26386289002416
0.226618081790671
0.200204600269799
0.0734838690359943
0.180324507843299
0.226413589017408
0.360858767477502
0.535745542147469
0.417576602105661
0.206430474561176
0.230321558787258
0.10571670978411
0.106955898056002
0.186729450470992
0.237549189152073
0.2750877256813
0.226791220181662
0.181096783149944
0.170560693207874
0.228015144994703
0.227609005463326
0.234239561384531
0.334870800810649
0.276341433730819
0.147173572844272
0.226434959045874
0.252007782435167
0.214181435922946
0.302734281570935
0.176087491598467
0.19419283613851
0.221348147255399
0.278859336407127
0.339023836068078
0.310189190665283
0.3601846330307
0.30670772478313
0.249107596545549
0.343274667800468
0.473361309413037
0.381512507426155
0.261467479214546
0.164724132261573
0.209268332462709
0.218853624710617
0.238104799744636
0.225917694539551
0.168524400939445
0.245431989906343
0.298714582235848
0.267802046190384
0.190619008263938
0.123315187624894
0.140707478514213
0.11928121133331
0.164328005655935
0.246715769642099
0.282285688929246
0.229324904907309
0.37347084104207
0.315917693101593
0.264369347745381
0.203951772373296
0.296160701005871
0.476789214640695
0.386913075492257
0.264335600946795
0.278562699384469
0.187567955786099
0.181587696079128
0.107260291776216
0.109105006514031
0.141265318306821
0.148340076823211
0.116515894171712
0.157092375964785
0.142730680101466
0.202549541196684
0.249190990576997
0.272398292671649
0.280974576285243
0.291774523198623
0.311509908938371
0.234569982677341
0.217252508010927
0.200981214812933
0.311230504926031
0.326566750277059
0.28806608886048
0.236897833405709
0.131786274693828
0.268789214772504
0.180721601165816
0.120884045553241
0.0800135802374435
0.127478207687156
0.194354451656012
0.148102473788425
0.255879565408859
0.304868960973726
0.287742431416966
0.163852600944764
0.0880351978230931
0.165785249213559
0.318757314043022
0.271552813197637
0.468401693618516
0.415141493403957
0.2392118645811
0.368884676269931
0.301469036814731
0.204126550020585
0.220006509740077
0.295244031350546
0.342441468628615
0.194378502698186
0.133585292572039
0.227627515930405
0.293968040980365
0.340430551495998
0.267386757822455
0.134705404911153
0.124692197608481
0.156020613095259
0.139309212487176
0.128758106299283
0.136109287025321
0.234144750833827
0.186781187941773
0.140016046878533
0.167065340658713
0.0721550706113652
0.206610289668558
0.214822548896141
0.126363087680431
0.107114443243134
0.183672349866956
0.310391125718465
0.471323697561772
0.259641628908297
0.218101170203761
0.216991593373305
0.105924865216683
0.113080401037696
0.195875721866539
0.177484256402792
0.194977841036161
0.220174905757014
0.181186695278902
0.55392583458239
0.498094521664293
0.296343996076015
0.338269389553903
0.313162882841307
0.203803973475879
0.279414798854852
0.264145273157318
0.229016190903366
0.24895273636074
0.130356117382192
0.285675852925337
0.336412748828496
0.295674210944325
0.35312479970846
0.293088648564054
0.267173573588864
0.215092866417093
0.192563736205867
0.232378404439127
0.226525205210967
0.1744576143333
0.151582557035804
0.233845855410495
0.163953028743247
0.202649222383901
0.360001390841408
0.312207399128495
0.192159873238916
0.30331302687259
0.317232692269197
0.159842237184785
0.24338845968133
0.323302891098514
0.373529097623956
0.277759396688341
0.0776600262967623
0.135277136349269
0.198213486959077
0.221185691033683
0.213454758075638
0.171621164362739
0.266686560158955
0.306292754905301
0.272106082036778
0.285526891082781
0.307891848714307
0.362802903447496
0.270170703147474
0.34733333482588
0.225973918564871
0.23211501882861
0.165925666002142
0.170500377651706
0.187417129532449
0.223026800738644
0.246235681534412
0.244479333896098
0.210447099908317
0.215494073707151
0.175868392596535
0.504665463498243
0.545031841168427
0.428554843984165
0.384893326335536
0.229839539674088
0.203601163749371
0.287447264530489
0.254468965317454
0.211022914009019
0.260274138713593
0.222961518432348
0.15411976138386
0.243680792810191
0.206284130153053
0.223989476438974
0.153569069750654
0.075009186747104
0.108384702914415
0.155426534393989
0.142339039630652
0.0939352873798846
0.142073824779266
0.220708024145457
0.172467301553815
0.136442345457891
0.185415561768325
0.239383714573555
0.22906158521747
0.306490293851256
0.36561721840567
0.294744401700998
0.268689759349776
0.274429313150205
0.42203896131658
0.426073226017494
0.469952501435508
0.317814203214794
0.146138630360581
0.328614840240606
0.289723213088991
0.151898002306048
0.147716487661069
0.196729450722801
0.181790992417304
0.15834814142631
0.180268252554512
0.267777331736927
0.387452052175772
0.260372880836315
0.188851056076958
0.19398353668853
0.159053803882072
0.130617600746662
0.21933466061822
0.234737199973654
0.233681512282955
0.19882633206681
0.357267475463595
0.381132359478854
0.296223497702333
0.230918252679789
0.16827836186462
0.245686219525392
0.275611968613517
0.244226508603028
0.177695561253749
0.159624840638627
0.190143423180615
0.177290946244368
0.2032259791851
0.185415657014597
0.155891022758967
0.206101482349344
0.168746599132723
0.133354133102803
0.222405302097807
0.337165531128962
0.29024640989322
0.298296297697793
0.257535554958924
0.235489113461628
0.159367284064357
0.2367348780043
0.268191495364274
0.317510959233704
0.406507961133591
0.19680184570659
0.319488613382105
0.31332692823904
0.158812215912348
0.124447775402012
0.187566379006231
0.254097841374345
0.37597562267689
0.39791613609456
0.255395540454365
0.278244412228595
0.202124617326402
0.319779090388044
0.421925643940074
0.352664017311207
0.428605470781009
0.418642793745747
0.24939476248626
0.1999247457412
0.251092151326104
0.281186505498831
0.327549972706795
0.126508130575115
0.189819772361486
0.195534111920522
0.148978079117176
0.33118518373898
0.220685276508303
0.339333770754512
0.342824112443145
0.653564653741098
0.951984399842549
0.401544686827414
0.281223426926111
0.196871797977171
0.187943594750173
0.183405491311243
0.155733295210552
0.166940676277166
0.20263300082769
0.261204594530522
0.59125814377852
0.853704413911034
0.567262849912503
0.454958742233172
0.307159814111656
0.230638425695479
0.261739312735973
0.407154427803212
0.252475126648105
0.194172741907079
0.298468472625026
0.467023029529041
0.495953829039593
0.450930388412774
0.260230047963532
0.162267341929092
0.124338491364954
0.20566130910812
0.244755384819124
0.264534884057157
0.213879736070477
0.170425217580879
0.153704139431957
0.126038900379698
0.106520599591611
0.0920732532975023
0.0912705994962232
0.0953807054239339
0.104617691693567
0.150273398216348
0.40000795976307
0.346594202748037
0.141733604768039
0.181359166735691
0.245022024243308
0.188754758787932
0.223858376451246
0.274319232898568
0.265462739033426
0.244741907179386
0.24791900268869
0.215777098952217
0.379469841360124
0.411015735362366
0.342356760003868
0.417677253575062
0.49721542325714
0.334494033078443
0.379444521167781
0.454481023803669
0.248599523066927
0.353687192736472
0.482065498802829
0.428496422738723
0.306469717734158
0.336007854079082
0.351811182721858
0.401243996510188
0.442073456898167
0.377476329349883
0.401043711220055
0.366351412733025
0.363853922918197
0.315801574310075
0.216202656612591
0.205948464360598
0.222366985202091
0.266819503274297
0.6658087080616
0.608760035253472
0.885695380075022
0.656184892409971
0.288292467149144
0.164771683641695
0.152309907901228
0.147055920340592
0.15098765990975
0.155895019521254
0.235081548798516
0.199901004205052
0.222103611260391
0.298852626160724
0.330200368800698
0.324073714109279
0.493195778405047
0.505730222804334
0.329986517697249
0.242924130620529
0.141383867875913
0.143025850118884
0.183870976919349
0.193639278934877
0.204724061678971
0.165653571688833
0.278463819318515
0.458585966325365
0.42954145296164
0.35913950738226
0.222197127250051
0.148834143573037
0.238683399108891
0.330825120327604
0.249940563665779
0.290097807357585
0.458384623741253
0.542297824481764
0.63306649800819
0.537227171060145
0.213232380112291
0.205084572112281
0.178364803552882
0.207290273451526
0.193643461257397
0.189885345734176
0.325195736225038
0.270811386643507
0.158695219640941
0.129510341750383
0.154189952652937
0.235800455626069
0.321378679149274
0.297284073125354
0.2281299026804
0.13168795923559
0.116894057578131
0.141029660662499
0.510191984948492
0.678745420642812
0.541200994913898
0.434137212736262
0.295440068753804
0.161630392146054
0.163861199658793
0.342374301882625
0.408372983234781
0.28188995946477
0.276629869033663
0.289463610589523
0.259703257751661
0.212178206346916
0.222559143198784
0.357681871235094
0.394209237499921
0.538506073318445
0.398263523083066
0.27036928253276
0.310842244415766
0.222064224102256
0.271308846533671
0.17400253757599
0.163679084488112
0.235147474861483
0.240653027963974
0.33831652436637
0.344999851247268
0.248237259290685
0.169210323035894
0.1513947365213
0.177365134894507
0.246932520888623
0.230036889541726
0.140260369441878
0.183526325340684
0.156014839968645
0.117577217885899
0.136233047083501
0.144055062420605
0.325334234098625
0.35371088988677
0.22434275806916
0.22129819632027
0.321997691610581
0.359160258045162
0.318367071330881
0.258639947522826
0.277947389071114
0.294379724367954
0.301636001457344
0.522157029708274
0.664325430841171
0.565568002365088
0.332575569782648
0.297186304410378
0.257611860183993
0.248809639088781
0.257882753606753
0.161461027852079
0.171739274853318
0.364270610959522
0.305688787964423
0.350075531928071
0.326013169509067
0.266884551867896
0.319975152052356
0.481552495420866
0.297605696889144
0.169980595180652
0.177439058490155
0.121277535713864
0.116400899767895
0.171801523720055
0.169362559338536
0.148605379389901
0.338626594824737
0.827693357949791
0.760594213191554
0.225478927090174
0.156002611279961
0.159835118775973
0.234380380482287
0.212745590955895
0.177584901328891
0.164957502107978
0.12922817035692
0.203298123203726
0.287231313425483
0.409894163339555
0.48538111122717
0.449606468837335
0.325727452759708
0.245900883543638
0.294490097344401
0.367693234248044
0.164009816177693
0.128342639550036
0.108085327425861
0.14788716547286
0.131448150116654
0.165117557207405
0.121689820512182
0.344188358695398
0.458711416528486
0.297462432591798
0.20225684523582
0.203921570927176
0.323703793320216
0.378870191404199
0.168898627745893
0.151538147942116
0.190402452558416
0.179112390761737
0.162355182079135
0.177725435084259
0.21609923437013
0.271122077737735
0.171293844741391
0.275988513744221
0.295379870867673
0.188362572104066
0.369364944084041
0.40534427702667
0.318766322988508
0.231988738516326
0.167440743340522
0.17773495799699
0.136190588872125
0.186332791089903
0.181864596302123
0.190760106940988
0.22040760415227
0.283470042496378
0.280774540053612
0.179002540925096
0.183027491149413
0.333481017772917
0.49647373183713
0.62906551749931
0.459813288460914
0.225536469062501
0.193710307371656
0.232938133590852
0.170915210064979
0.210411908589733
0.292852010401301
0.235816279068648
0.196130935928439
0.239293893372511
0.267060647781748
0.207836822919637
0.172555744510099
0.170125503973445
0.16652000578933
0.100886759419795
0.103270671850694
0.1925872859397
0.302976973214027
0.501051491552711
0.445318587621039
0.297483212315867
0.212222960888619
0.140617348590262
0.103580212391562
0.084743778255706
0.0862509586528562
0.0583971748276759
0.12289401833069
0.174315361267878
0.165826980089938
0.171427947569796
0.146558689566344
0.153751778324481
0.203924390427414
0.22946999928213
0.206098554543243
0.170080436214358
0.154351125837712
0.137226164722614
0.100429304063351
0.113182956531719
0.128549946354317
0.135517418095762
0.262406371862987
0.271627083121547
0.15633851713495
0.167059994723791
0.176863223565878
0.233302554127584
0.328114262143914
0.318133721354936
0.191968127619558
0.186803516192061
0.255757562392011
0.255851900775707
0.170241610096755
0.265428211895474
0.278668889089129
0.222340948174048
0.139987400557692
0.100383439495968
0.1053156034027
0.0724080436729209
0.0770959537217283
0.170101397894413
0.167828551618118
0.134399598742105
0.137593950912876
0.140552633529444
0.181215524836904
0.173042260708427
0.119835166937085
0.224327193037541
0.337044969116019
0.385371451156083
0.270761221798772
0.106663669883147
0.128982101624374
0.150528803899103
0.185654645546239
0.136118360450714
0.0967366596039757
0.141021454762864
0.130504816756514
0.156343958974222
0.133784208896018
0.168381067667257
0.225025686569533
0.14489320200674
0.219277796734031
0.289736108568844
0.202477877298769
0.150785437800429
0.395692310628103
0.328276317484223
0.295862607880796
0.316017984372492
0.279080160016405
0.319542313530031
0.195410069362876
0.163765390701686
0.148924424887112
0.237084665987922
0.227289837420982
0.168008432448192
0.154377121826189
0.141109899624821
0.168193554049394
0.146103434680193
0.137295343697226
0.200037084094364
0.156944131616796
0.115468591307058
0.112575527364085
0.122182506048506
0.123876221256952
0.162190618602253
0.161685297626709
0.203022248013776
0.273673864397339
0.404636798052462
0.322737110248136
0.183108047335513
0.0910778880861482
0.143281402409583
0.182029874225413
0.201675293564159
0.223739892884551
0.299654496640194
0.409592221034319
0.370406470608518
0.214162984493624
0.128187777062055
0.13230089073045
0.126565408107662
0.130351942137947
0.142206969097052
0.108250974398263
0.0913446554566767
0.139685231962084
0.134232347106679
0.103374091262467
0.0708744350065312
0.0922162611001895
0.0745516248914804
0.0846539924344368
0.134110346095432
0.116390530143501
0.174091110600665
0.168851396679064
0.156462149665514
0.174529596871216
0.164846741925245
0.215340455052849
0.269397685566682
0.239593874749234
0.171259074414806
0.192335069954764
0.182164813036167
0.138703158375485
0.152261110910561
0.186491950074895
0.248745608858434
0.221084133777094
0.236587140119826
0.210408706935488
0.179456129746058
0.211717380489643
0.19229151492725
0.189772167462672
0.222024606625894
0.215826951444926
0.199003010810197
0.196113981323668
0.256689360077431
0.216632231065286
0.159272308967166
0.111308655019203
0.180973384081644
0.248003546707814
0.191853217490573
0.180414165430555
0.131000843347811
0.104238698304581
0.09712433627718
0.101214640556551
0.117903458102566
0.11142965546288
0.176548760015864
0.25666769341315
0.192854032036396
0.121955081793849
0.107803484213063
0.137020980876997
0.140862172270058
0.188168172496325
0.151738461085476
0.13906989579581
0.123187793816084
0.115722811953697
0.1470111371477
0.168709303791815
0.166048177601467
0.126062475439579
