0.415776638830409
0.0890264487544669
0.180971192310996
0.225929174540997
0.14369575345283
0.12914900687252
0.0788647314931028
0.096922806489017
0.118308860402366
0.0655709757734204
0.0563604034962628
0.138561653875674
0.155729204679891
0.129253323602965
0.112357527064589
0.124871963980587
0.744010138748577
0.963717284104485
0.516869699144009
0.371134637885044
0.312770454856089
0.398754187065123
0.247837683741316
0.18482954509459
0.147690998644936
0.0946223218872718
0.216709560800403
0.18336143231707
0.0562548254467798
0.0517060498812201
0.162029568159894
0.218364765954019
0.110670129185504
0.0856443371661732
0.11326170720683
0.164120805644895
0.154936764124738
0.153261082482521
0.294030986678822
0.357888220985119
0.487580700694471
0.82949397022492
0.580465249994003
0.451714332756602
2.28613775026806
2.6720945369441
0.889091607425482
0.330092999144349
0.418228901336008
0.403478609719704
0.165724756976868
0.044416044948998
0.0479329586542286
0.0473005543347223
0.0691624844473076
0.0627122409679096
0.13011174737448
0.172868022845998
0.107246771278231
0.138349320375033
0.140069191647655
0.0904796702179565
0.0815287462028382
0.175445154143575
0.172551464436707
0.114090308199944
0.286409074583779
0.588764276079424
0.458764422964405
0.11571636887491
0.128619311299954
0.165656350033382
0.167368457204707
0.111258866317653
1.18008536866509
1.18609476695404
0.407718435012173
0.188212999825771
0.0825802958786439
0.0991618469649168
0.107285887942579
0.195320881861095
0.163115544989923
0.621170843027888
0.620325211694784
0.0767097166020582
0.101353354968974
0.120427376958793
0.10616511785904
0.172099769167001
0.1345259039202
0.0685881007297776
0.0543793328045008
0.119993749618224
0.0870238302225322
0.0743564538324613
0.0603689195386627
0.0921721173263696
0.117615805061483
0.0604275583316709
0.105665548443346
0.0900923817467189
0.135275645049778
0.360812586091215
0.529880772450864
0.449140506838976
0.329447920873301
0.423712249556752
0.378459844525105
0.353023628222035
0.327923000490286
0.136066321555429
0.11371842098119
0.504793892448405
1.23215643306416
0.839279909840285
0.772780620969811
0.894160390830863
0.184144281838053
0.363163585770722
0.292550654903732
1.91255358819736
2.59644468657123
0.908676218290932
0.248883120166737
0.0943464734969053
0.0738931957512125
0.332238278526455
0.325507287260642
0.101609739950251
0.116561923439639
0.127412049382727
0.282495775034736
0.765065395062258
0.561197918962357
0.113322045006741
0.0867040417392746
0.21196451592733
0.242644525678595
0.233423280529722
0.213106996636221
0.130173740615792
0.0804074040086838
0.104570229155254
0.152530281268921
0.523499922190576
0.475780135708821
0.119641536834376
0.146883513574032
0.628450746106082
0.960843595853793
0.593713472828132
0.147411654286564
0.108331711242917
0.267888742920393
0.348071518532372
0.22315027258697
0.0495173767859783
0.120323389985252
1.39973427498151
1.32815420748435
0.236220401713771
0.0815351376582147
0.118862022922932
0.204645491726354
0.368358681943205
0.764452657964793
0.931442826080795
0.507101880825155
0.158108668707946
0.195653733613415
0.348226859502567
0.36372434501821
0.360117372470845
0.458878710907219
0.371217243331957
0.294966887334663
0.488971365173236
0.385296963188552
0.0809688333342476
0.11059671963703
0.0803908985401892
0.0897119361387613
0.442571020054749
0.881780593899896
1.53278253863036
1.26577774923794
0.281399202091669
0.12139575843239
0.0427677052018458
0.11121796333649
0.190813903165011
0.0668027229568094
0.0580212734624675
0.110932200289921
0.090208612556273
0.140817114031347
0.173523510167292
0.054463992496425
0.120422130561278
0.123634654131211
0.105422425074679
0.0710054332445757
0.0492937650783591
0.102458625534474
0.151455511613875
0.120167686480731
0.0764265380425032
0.102780790904985
0.109845065434727
0.0966312610031952
0.142160666043496
0.128148862113452
0.108732619426915
0.125329537696718
0.166825267951777
0.149575255475304
0.0538005354713801
0.113108087488344
0.218342720105014
0.143241671145676
0.207569070941405
0.48376179788408
0.897484979814222
1.13749069888131
0.546274758748792
0.065733806702666
0.0604437202347009
0.048801644137416
0.100423523563339
0.102338611626352
0.0860382274178361
0.165883133067776
0.100687595743996
0.110668532876544
0.27228964352822
0.208217098382593
0.0566373683394094
0.184597900156814
0.157511391612144
0.0516157291024724
0.0942244301201495
0.191834120980951
0.387545755071881
0.44486596422388
0.330633227552959
0.115459945663845
0.176118843620598
0.160538447924396
0.026154024969254
0.109617722314345
0.136680783790827
0.126776591158588
0.0880929701980137
0.0555747560253592
0.0900674312921186
0.251611269177857
0.115018968459309
0.125651193406316
0.29189040619328
0.223172098387698
0.0397346062255562
0.154549909745139
0.380939458111941
0.395611595350364
0.0618967224152862
0.137698029880024
0.237480015507706
0.0594414176949678
0.100361808498777
0.232870804727578
0.574052334194869
0.448264336919015
0.0711595279406658
0.158077370654032
0.138746427433322
0.110797463096686
0.122915529007815
0.19077312252982
0.195271639649155
0.140871060467964
0.157748432118918
0.160487577885929
0.11041016657915
0.121639232017966
0.1096994696086
0.592567222169709
0.608358978202161
0.0976254647043054
0.0559488681032629
0.367094483039449
0.447526998938266
0.278202058549731
0.262739264861669
0.268812334438895
0.262186501275016
0.182486301200065
0.102968484693536
0.134933197476805
0.121076053702746
0.159118964593684
