0.765939466954449
1.44007065104906
2.22734368698792
1.10317550118284
0.709788247146468
0.377583964405077
1.85713805776589
2.86921996890189
1.99184871269741
3.07205384773174
4.27469295184815
1.16781255064156
0.74777386603878
0.529861869444548
0.501101887637828
0.273694104399966
0.259948267177644
0.886115328699488
1.36383871558448
0.658452661381352
0.446321985660826
0.444528411875101
0.995057488800334
1.15208825695869
1.63646673697545
1.28619947387144
0.775546401784849
0.50754769362331
0.954731047361002
2.06427000195951
0.898935094490679
0.274451328560981
0.48488888283011
1.36878652336555
1.33698160032026
0.489219919091753
1.10981262955266
2.62912883745524
3.2364217669056
0.454696800896797
1.23552416835752
1.69791548243114
1.0208836279871
0.687043902360443
1.40431805840752
1.02505337019643
0.396184226579443
1.62614080981189
1.64102495849734
2.38130090645638
1.95162008527616
0.301848013932847
0.347384238899186
0.831590915200094
0.461121071177251
0.439703966728798
1.85704053396757
1.58673499857387
0.668241189147466
0.766100453478423
0.551275680270373
2.76466927898898
3.40369218186138
4.25921120588886
7.15543201237001
4.04638512345693
12.1027018205392
5.34049665793814
1.10980927256171
0.441986770657935
1.14298126443422
1.09812352912625
1.72729792139385
2.6826852840593
0.865014333720824
0.732909777550167
0.90505699457981
0.292111430925087
0.614775216868376
0.566122000040078
0.332635134255276
0.48804439224503
0.647498908113067
0.970787734924551
0.812694946516401
1.57402670691011
2.27009833879556
0.784454383938139
0.518751565501563
0.471958099787071
3.20858785846587
2.59035693819085
0.647569732905877
0.872321452631121
2.71678051035842
3.03408656738534
0.721041630443741
0.547056885782411
0.638174517925102
0.295048428598032
0.702761646123406
0.868429284767202
0.447123668646001
1.00698299686737
0.618969902222175
1.79254842969664
2.05139051714077
1.4163594457637
0.90265193335294
0.476384899495
1.30950683293662
6.50231115338338
3.26296607501714
1.36646819284627
1.25839208657546
0.292766204469395
0.343461367497164
0.246637789082185
0.993865364696093
1.34878726923736
1.52726358067335
0.948234370931864
1.16599344089095
1.00064829801417
1.40267346891017
0.558696374579132
0.33994859280865
0.388846350632971
0.435064276802684
0.381459249065422
0.701026565175362
1.54744596636068
2.14253146968743
2.73117958231223
5.83738345744929
7.85364408833119
6.0956833607388
2.97421006225943
0.637381466484235
0.245618689496624
1.00561850643704
1.19911845763207
1.01080521870641
0.746372873154299
0.452340344278967
0.490254179800982
0.449848170514182
0.48058538243143
0.639531762210045
0.608622937006247
2.26310615946357
3.47490956388989
2.60843180330645
1.62278135665306
0.952353934915467
1.34061838646416
1.29836995923321
1.17453176032486
0.700525724868616
0.538653710807421
0.393541699903364
0.437305592405375
0.175212550376763
0.265157363145601
0.301848232458672
0.305673145210568
0.466305336585631
2.04765983814266
3.02237517735371
1.12520086081075
0.613163801573913
0.971649402634003
0.824489205383473
0.475895936615709
0.445448807457909
1.15474296608827
0.485556886304763
0.553272494972362
0.424759960752212
0.337706248965657
0.345948247513184
0.497713431391988
4.06743411584691
4.33947090979989
3.11225722797222
1.96692342407874
4.76023298182129
16.2629748599315
7.67340888191945
2.59174564375914
0.564105031424269
1.96601447935902
1.59628334820843
0.336557170993598
1.11976934232022
0.260861818866712
0.184505820611479
0.511312114073784
0.779807186420795
0.321131092962407
0.311112567884686
0.388045016883565
0.70571378214458
0.308193775815101
0.227777308788164
0.357387652248308
0.241969767645621
0.323503276073453
2.12724965532437
2.86965396322929
1.80817742314052
0.451754682733606
0.331929411409364
0.159125138075645
0.105660130662196
0.0900150435190746
0.109780402747162
0.0931672855149856
0.148473938440591
0.157781577195028
0.162416010271604
0.14851734586319
0.42621642858853
0.663435360468353
2.18473282486976
4.90097171454443
3.59294068794653
1.13616067786079
0.228755092190514
0.284869855046877
0.216467147688764
0.287500811024471
0.194812265014326
0.309056407329807
0.355849767725385
0.136118175088697
0.540861150004048
0.611766026902301
0.403922097910498
0.556713845687825
0.872445022248268
0.701131911269628
0.6254158838347
0.656755476510155
0.426004961526923
0.60601174048438
0.308099552812689
0.301384700148175
0.932497805587943
1.22103527910826
0.342506713172989
0.402905553018498
0.320092538336796
1.55461988322198
1.76667151032491
0.746538593738199
2.86086527735934
5.16057945159834
3.19692003152928
0.343622120181844
0.402700787724684
0.377192292932487
0.138318449694618
0.231847234177205
0.801698714207545
2.06833026271016
1.35980363457924
0.49219516747642
0.499796797321958
1.27334332889599
1.73558981227582
1.07461922810559
0.596992357478863
0.222082504239775
0.0924518435295283
0.141394130907126
0.122019447538988
0.464883941469841
0.856072574564196
1.14714423901068
0.885965528172326
1.54207067723908
1.74223922226612
0.309438882107977
0.610555911031199
0.800216252416212
1.08992206121359
0.884232741201705
0.4002658712329
0.334833098191459
0.561627184148221
1.16255829229002
1.34998054432875
0.861703902119543
0.564130112469049
5.62152083815421
10.3303359640354
6.19205924213897
2.19977763470695
1.17380152230443
0.743103950782284
0.427552174855326
0.463404844238515
1.27535473398135
1.84331684269898
0.462786825603101
0.367388036016802
1.57037989006351
3.91994528557676
8.28417527213474
8.41928471025719
2.12979530136872
2.6134159001353
2.78172202238843
4.87892553104309
4.34164209333312
3.29598667191611
1.27922049858045
0.146713521522825
0.324905583706277
0.359391342387675
0.155493338067404
0.11076106195799
0.304456409235586
0.617994749457109
1.06845151318342
0.766946815098163
0.186114357769127
0.515064778210528
0.315621603789379
0.274528135593248
0.386995263902471
0.519945246841751
0.228175186479102
0.129913782230033
0.0964523740968252
0.270891430503892
0.260603483710193
0.145977715963366
0.148392717855797
0.7090777513686
1.38009709328316
2.77737317010472
1.43075596591738
0.791773029406457
0.284704814055722
0.252251807111018
0.217652882748846
1.10141016185999
1.32591448021241
0.516732190447749
0.390272411644782
1.01684077481573
0.394297607178758
0.21305112806508
0.489580352404519
1.09935778336308
0.224367490129436
0.164513328698373
0.226363485872797
0.0856988736037251
0.0861636330489112
0.177728172783453
0.182460132927139
0.0974237378379116
0.102608466255167
0.139958120401002
0.101130832262118
0.506655979037501
1.57632955397661
0.780486716377143
0.168879933988219
0.593225113222492
0.373512141873815
5.11985845214245
11.0343583781303
6.07261758484326
9.24195116417476
7.63999893741343
2.09741957807708
3.69218250310157
0.303678199545509
0.154721434475515
0.0998128446955585
0.228396726869812
0.0520881586221819
0.0840017949032074
0.143356777678061
0.312241613800731
0.232283388783927
0.0925400108334573
0.0926897082356664
0.0962255362890418
0.0868433019874166
0.0789592025010094
0.115376246303678
0.109358141052469
0.114205116113259
0.197544467540371
0.779412964953421
0.397434992940557
0.582922111746196
0.578083545578802
0.275718914895786
0.115621339118404
0.13117733032508
0.10380307038864
0.234110439081897
0.21507338896792
0.0852873624638115
0.076511508805882
0.0576065535925078
0.046698915418412
0.0565075605432375
0.0985120591762725
0.089575878457004
0.137531522084176
0.205695863377524
0.110461355025784
0.105939119087935
0.087241891641872
0.119063734553524
0.117708984328661
0.101194029174086
0.125230734916239
0.349567261643317
0.53642265725665
0.171172658760773
0.520252370405273
1.09283579613845
0.108647365630778
0.461303107307221
0.978401812803129
1.03626497341087
0.427726653996293
0.561051827189613
0.213695611364006
0.094232014480565
0.160927589923922
0.17799235989969
0.12123513066381
0.0973506132903415
0.104536629214566
0.0451749071047819
0.0677404598901604
0.0525238150656018
0.110309332636475
1.12587964386944
1.20965214470674
0.538656313008279
0.201266419550468
0.495371720450614
0.0896523329021091
0.125561134567844
0.203575830573429
0.444501027571616
0.292171517151578
0.0672847306565905
0.111268420459954
0.120373248994513
0.0608887609208292
0.0788367009408045
0.131015460233704
0.110303663636138
0.0774746576480667
0.0927339235382377
0.336650724809071
0.367108987592195
0.130927170712927
0.08374193071879
0.329725288542882
0.135466189682501
0.0477759184169873
0.245787503570653
0.364758790352872
0.0945163039451459
0.106779475748628
0.121680210730966
0.112576638922681
0.103562243327898
0.920052228208182
0.418538424942009
0.160496066790531
0.0911896428231455
0.0522955675705248
0.0852018011188036
0.0971726480909613
0.0746824978767008
0.0900293042783705
0.139115488822793
0.458872340597142
0.103126749762408
0.0854174186136744
0.179975235538812
0.0923690969560184
0.0978801743785936
0.107592160042532
0.113771757285144
0.124580191884988
1.14923593776468
1.38041765744044
0.0722092474133244
0.172888857666289
0.135941535803817
0.0855306876601693
0.115035082266992
0.0948766837494502
0.0700858253588122
0.0752743460444553
0.102972736471955
0.102909032317219
0.135233821635682
0.302679007558365
0.325915228635697
0.271386309627163
0.531983539068103
0.578974413442555
0.143422733117775
0.0581910025878081
0.0780686791387757
0.0676049336626205
0.0930545211600013
0.15694864546139
0.314138444999152
0.141225902807791
0.183952590138139
0.151353505817681
0.107397934043801
0.193873702079465
0.181265389412871
0.0986592501650816
0.103771968525275
0.10401314317985
0.1125961279703
0.0876737180305229
0.0654245247900302
0.120142487691166
0.20719052016838
0.172560235899922
0.111413505500711
0.205727910159102
0.100929024703251
0.0616964587864155
0.0990569982522475
0.105949562240847
0.191761560363812
0.138389955620935
0.114149554541109
0.153085261667929
0.443173260140333
0.90651476622435
0.603499801621658
0.256064867246312
0.125972512534266
0.0940104835355041
0.0870722607412657
0.122123517361908
0.266402264770096
0.177525146880146
0.140742356201034
0.153453595068128
0.114161940465872
0.17926451072142
0.292784303444396
0.132046985299479
0.186675139988511
0.413737492552189
0.237343826701275
0.433993759569311
0.384478244746351
1.51990024178702
3.12279434027027
0.419835227825171
0.724458807346761
1.34326500487192
0.14721144461858
0.194491549590577
0.11497703870257
0.276562217809621
0.731877755313901
0.0947629607010749
0.110163882146591
0.151943053060654
0.110789691253233
0.184652967627906
0.122588458594568
0.108913678936134
0.122387846200899
0.623410429924384
0.30756140839697
0.203995251965117
0.981495710567387
0.569124498245939
0.22723469281552
0.814146555078878
3.49831747403644
2.90942714374458
0.947471564069459
1.1174172241142
0.482940977920814
0.75277859872031
0.157652767613633
0.167385120007356
0.18244448134164
0.114460386354256
0.0731513447575225
0.134730815693331
0.170967759342571
0.275662009131249
0.455196331157656
1.21251935893658
1.20610022453136
0.279296577390875
0.18700227785896
0.612528129487836
2.23322738487885
1.98365533637698
0.502390954634815
1.34705372322167
2.87893636059866
1.06828928276155
0.473892339137594
0.141994761129004
0.0951324253598078
0.135107116784215
0.106386831795763
1.09731205468697
0.772720770251325
0.121234745114756
0.958464701761768
0.586133711845526
0.368934511714658
1.3198731236959
2.15712166403655
0.453338014760642
0.168553551539912
0.110045879130295
0.043930600905091
0.682338485619493
0.826071140638546
0.13118175271233
0.104416221101443
0.202304108498757
0.0887840617538729
0.127913188968281
0.220763899656917
0.13584532033815
0.087329105099222
0.109638110363867
1.81658230017542
1.79602674704475
0.770428244563653
0.0691187935283673
2.06143175439828
2.37120092734092
1.39141919431032
1.69770712705461
0.309667732508416
0.110458658483119
0.511182042181676
0.216309044913763
