0.084001594860186
0.078955461488449
0.105151793577097
0.179567001327035
0.206554871148577
0.285854282577794
0.24817952866693
0.288214305299057
0.249339669919795
0.333419411069138
0.152495249694467
0.0706630928583045
0.0451476646775443
0.057552179739216
0.0526313682768949
0.172222318839702
0.106450501113094
0.101255392555635
0.0642450953514176
0.0593395211240565
0.0976228617621847
0.071837045151296
0.0334330076506512
0.687731896827185
0.555107775701501
0.145496968498617
0.0815600102691856
0.162712562063637
0.131640322518892
0.112626478896634
0.0547351632855992
0.119916489696853
0.192131306964651
0.115120598099944
0.0593551067842166
0.0971057513853507
0.0863494993922977
0.0515526758911041
0.0445275414720022
0.0687872897606291
0.0604354395718894
0.0609325966611274
0.165586940336212
0.217763358222491
0.0839751813985391
0.0371319913519806
0.147055835872266
0.166763972611297
0.0663552205817884
0.0212619664394632
0.03790621712535
0.0855507381372567
0.196503858880506
0.132053742827674
0.0590066782478327
0.133958232980401
0.487400186929009
0.510974853459877
0.420678785322005
0.268840461682867
0.166271356581024
0.169928131260728
0.140881597777744
0.111535549285872
0.078961626246734
0.137996897901868
0.311405479501031
0.320081573990215
0.344881691563098
0.282895769542005
0.143098402094822
0.0648365808449938
0.0763024509729557
0.0508023236988419
0.0673585196299052
0.0892046763665296
0.0261490978646966
0.0351119926773741
0.0404999111249841
0.0737640158640224
0.0714035345038377
0.0718474694527627
0.0821755740414145
0.0568787887469511
0.0434489807407746
0.0874251629879779
0.185237595788104
0.207241563706242
0.224995323815794
0.176311670937045
0.0609326802467332
0.130693996920461
0.401547064505598
0.396459675350792
0.0618842448160241
0.0517165046060204
0.0734561850888096
0.023118523305567
0.0345961195197949
0.0326698532278259
0.0266158638306819
0.0215344461091613
0.0203670922659331
0.0564833202703424
0.0397319331024483
0.27486122005256
0.202035745600341
0.0875316927563193
0.0805220651221886
0.0920627535749339
0.0411625497243995
0.0522873547252728
0.0745555402076122
0.0698734712027756
0.0502724179578059
0.0395500311365002
0.029958351950973
0.0878148972234019
0.0868283961978784
0.024160116269955
0.038114139080173
0.0395681846499687
0.0329913113454075
0.154387561028168
0.191837103560089
0.191237303245411
0.265626278752941
0.370671252187254
0.414474680096274
0.3118483328043
0.274775323278406
0.240016425828643
0.389610881120571
0.211655127742237
0.186557827194727
0.137730130123804
0.121733623374951
0.210717711729208
0.127923580503784
0.11051508485439
0.102809176418728
0.14698505510285
0.0885863353349335
0.112935516282202
0.162324122241723
0.171566903133731
0.0914524949833141
0.0817419038094462
0.194251204662825
0.18248064253178
0.0889557814692182
0.140456688826492
0.138201910351828
0.204899409220584
0.341621201782768
0.234466212090867
0.172104354710449
0.138997837793713
0.344914884512452
0.264344087190962
0.0609969716849753
0.0264843947801279
0.0328830294381914
0.0654894480935037
0.18403108379581
0.168731990908346
0.134831636110801
0.16052713544433
0.168982705061275
0.132571652105722
0.166654594076848
0.157082615516302
0.138923645697069
0.17877193520916
0.077151774039669
0.0323228364642807
0.0960591142217755
0.106227995781619
0.0510148949480761
0.056955407424047
0.0688676276595568
0.291597305407505
0.521005006180847
0.316172777569532
0.253321709817929
0.326443201178042
0.257458220480065
0.193111071519414
0.157418995934161
0.098683632609086
0.129543593900435
0.446982811956992
0.29452811333302
0.206778783023804
0.109000855003325
0.14118421078656
0.0856796776809792
0.0302904279218999
0.0443564844672392
0.05052065924363
0.0491547455863416
0.0475994508600531
0.0502988101015064
0.0854385457119334
0.1717581816377
0.515066644157166
0.785272048258747
0.221997237699763
0.0984115883527427
0.27203573880907
0.163685736530957
0.0791446877385243
0.107529325744022
0.0728476279942282
0.0503434265741215
0.0470015885253064
0.0270673763128272
0.0541815241475347
0.0532207393711736
0.12099417722916
0.033288694209408
0.052731563635964
0.0415789369363239
0.0335395517833262
0.038278821589145
0.119666793081512
0.420438432090973
0.272312618554046
0.0437537161910487
0.0595402545318905
0.061234704021951
0.0554527087043084
0.0653104275212598
0.0811419184947851
0.0718444808678904
0.0811757674931158
0.0638142710507125
0.0458680474083922
0.0436009254538126
0.0420283519451361
0.0471496356324727
0.0358082231847962
0.0295682848685249
0.114164063293474
0.178886969072837
0.0955895601695477
0.0705046751486592
0.0869312981229843
0.242950154747664
0.0606755991833901
0.124790538761621
0.436028764520985
0.160161063812905
0.112147131831101
0.130730467388678
0.166994480239759
0.153144544946659
0.136912925274689
0.0484415799979273
0.108660136640127
0.224588693766546
0.0761127766655525
0.0322503065393233
0.0432270712028982
0.120154170505212
0.110913456828672
0.292307826862298
0.183822467350487
0.292208342272087
0.934531156721666
0.21815263428461
0.114353218303581
0.0461282628860982
0.0527584878600009
0.0424231130749534
0.083526857325525
0.102447347565901
0.0949317083747795
0.0660741995689561
0.0956198388694859
0.0835212382429324
0.103599888486069
0.0543963282133869
0.0690604613581198
0.0487612525750898
0.0580471615656324
0.0595259896490763
0.0499726999118282
0.044464838341617
0.0518265868411275
0.0502656894334188
0.0641423393720535
0.0357979395855883
0.0289872900306123
0.0656832539743542
0.129810579761495
0.0406685248573717
0.0528901947721975
0.0808709318652807
0.0670498980258512
0.044108265257751
0.0419052958264627
0.230832093919213
0.587607960114384
0.078535464964095
0.0809307768680929
0.0283966943666434
0.0505353472253442
0.067984056147001
0.067510450086425
0.0677856088220743
0.0548246751146933
0.0548645326011178
0.0496316142960498
0.0623622310429293
0.0571110309520859
0.13993078056038
0.0747537483002137
0.0391914771651957
0.0555263175947812
0.0611645392409695
0.0485787450873953
0.0269868329410382
0.0428241990396696
0.0411934886231299
0.0301030971196854
0.0488849356131681
0.0518992706776105
0.167415028828164
0.064416063531876
0.0652252773925497
0.121683469737351
0.0524632489815818
0.0177411060993032
0.0543990322829751
0.193973349494899
0.407831224603028
0.0246129464500417
0.106093229213347
0.0434753261275772
0.060636977948878
0.0366995566997275
0.0335861898996663
0.0263748464134508
0.039178268876213
0.0227201911871542
0.017664209884873
0.0290810183838939
0.0322811508896775
0.0614561374958893
0.0498129309909565
0.0295881990286095
0.0314391100628545
0.0119691520101545
0.0210652286941605
0.0406308148353904
0.0504713162968232
0.0916442865354488
0.0729380539763237
0.0694744665718802
0.0433241324651512
0.0451082510250936
0.040881394181525
0.0361000135510729
0.0377396907631103
0.0433620177981945
0.0565119195628427
0.0618303400580167
0.0409305998553905
0.0363551329671714
0.0229720179484931
0.028938919073279
0.0952391820592482
0.040429744896366
0.0455350490705418
0.0374379161237869
0.040188621174541
0.0480538250578075
0.0921995181576655
0.0195438758025381
0.0206077898189755
0.0328130112683011
0.0457070978720429
0.0295071019140479
0.0373727627053266
0.0261317978945692
0.0670634112265323
0.0714734522367377
0.0544037844571251
0.0258957270248124
0.0421355046309046
0.0606524878873835
0.219130550173326
0.0755401541208901
0.0556158682137081
0.0474196360673441
0.0241425081084692
0.0294309777366663
0.0251204857137163
0.018287459008677
0.031116287352108
0.0519203991126222
0.0372165807226446
0.0223485157065827
0.0455540301581331
0.0275431180453126
0.0279870586279512
0.0194181413701602
0.0266737377228604
0.0369048938978969
0.0377426590454344
0.0889489671574364
0.247199435443802
1.10681618548333
0.0548924049695176
0.639957617716393
0.216505403240605
0.132505150454924
0.0804717973837785
0.211506329948454
0.0521271267696388
0.0528993865611403
0.0446940038664465
0.0313893258497136
0.0366910140032134
0.0514870354309497
0.0194506384013846
0.619611674614335
0.376576315725436
0.0869436117922594
0.102427344468176
0.0233261375555116
0.014224522845964
0.0350739620300025
0.0165959390716484
0.0161445397060779
0.0312383363460143
0.0543010371971657
0.0418251347972888
0.494290695005335
0.653312379377988
0.5398347843793
0.109618638970254
0.211019210524111
0.0374499648799687
0.0526413232863453
0.0444747896434375
0.347132918897053
1.7193903241373
0.168117965389917
0.185392112060378
0.0622134026786195
0.077485005022664
0.0734121781611897
0.0976119024938523
0.0376692104637196
0.0261335564827091
0.0402048791268614
0.0642048807942878
0.0576097499407163
0.0242443858299509
0.0157075260718357
0.0190775739564111
0.0282525895388777
0.0446709506752428
0.0496511743845584
0.0496889956966888
0.0260654438583582
0.105737031713968
0.0412283535629867
0.0359216631892787
0.0662383551364087
0.0843929040208727
0.03115921053937
0.0328653082906217
0.0821374607679747
0.0807220966713054
0.060302982863826
0.128978890287215
0.0536687688279306
0.113493439974207
0.738475896396428
0.272791479506313
0.344218300636805
0.0640134879195775
0.176651460074926
0.0466458617898547
0.031429667929457
0.0171871248742107
0.0171457760728037
0.0295356808583303
0.142451095802128
0.349815563693062
0.0457552802091369
0.937135241534441
0.191536626747674
0.489139652788687
0.0458941555964151
0.121614047680193
0.168203746706857
0.0495537794892496
0.0251771981490521
0.0382260909808722
0.0786268416619256
0.0438480879082879
0.0364340043496176
0.0232148051194782
0.0525183745158686
0.057798779082725
0.158206027743526
0.0918628156865527
0.0504505809275536
0.0336414581392797
0.0529745375327225
0.0273162002145725
0.0199518797198776
0.0430046898707863
0.0919860180675565
0.0321576303438862
0.0364796115967093
0.248845506663265
0.35439006338141
0.507639156917197
0.138419778749457
0.0400998499131785
0.188039062470199
0.140050611995497
0.0186157720208674
0.0930970959050782
0.054114450241346
0.152951995074744
0.0416926619410466
0.202435749465793
0.261490191145207
0.0205503220944747
0.0539318734462985
0.0146280140782937
0.0251245659978402
0.0338396156433409
0.0115660974782323
0.0196837266532456
0.0285273864561135
0.098249886072728
0.265511502863858
0.181079408860869
0.116350892931415
0.121256936889453
0.0438686655164876
0.137846672892748
0.639927855740561
0.692702485655973
0.101669222556044
0.238158676929531
0.074332588266205
0.115375264826996
0.0285083454550307
0.0194679777765486
0.046374806582931
0.161718208885434
0.0787021095660364
0.275001226708677
0.141027751333945
0.0463028552228973
0.0326607990927516
0.0648347997882769
0.451714882424209
0.0496693328826729
0.039214795641153
0.0332470920582061
0.115325346474275
0.0359801343821378
0.0355867591070515
0.0351592604284135
0.0268013010443181
0.0389539297739549
0.0302853904605281
0.0733343846139019
0.216009603472572
0.262397111353744
1.42832206475599
0.153621180407456
0.254706846001853
0.020635959451164
0.0330143922325738
0.0257108295076645
0.0168988789316679
0.0311874075954664
0.0640924317740451
0.0464868392009944
0.0311492366533753
0.0415303268763116
0.0756161562519954
0.0533006851917714
0.0478653551323323
0.089603812037312
0.152662348864417
0.0554830795357275
0.121167875203904
0.124259319421092
0.0278881262233707
0.096088802213804
0.0463660167412495
0.276294915642209
0.124220599659683
0.566078205547995
0.0426522942581757
0.0745601100137571
0.0261468133423621
0.0264059769401839
0.0748419769083276
0.0311929240843869
0.0631899638281349
0.273273086136339
0.0532574781947777
0.0488571034271153
0.0816316702068387
0.167939705632768
0.0251907588020531
0.0256234967904514
0.0170768224461779
0.0183022523840352
0.0196878306069496
0.0608388650622163
0.0395578069011146
0.0245744576070049
0.0233392717447768
0.0492753045300387
0.0640672984393316
0.027893075488037
0.0128988312273316
0.015544287749582
0.0433028630905128
0.0259002888390242
0.0336523549701034
0.0422720853669251
0.0719063928533328
0.174480198128913
0.272640729483533
0.169761566402914
0.239159618611135
0.0625526069164985
0.0340482265894663
0.0176349858971749
0.0148779096945297
0.0134464350313063
0.0257141356406947
0.153817850603224
0.0959436027840947
0.0161576988234295
0.0232806631715802
0.0527562949407964
0.0459810354117736
0.0450983624837276
0.0865465523958243
0.0267441228967894
0.0236036176458947
0.446461844837928
0.34130909669062
0.054135177487902
0.0393978150979337
0.205076358047538
0.03530484367179
0.0176780847863211
0.0504618766676232
0.0790543466111543
0.0792502135659362
0.0352044207958737
0.031244096233576
0.0650586837258744
0.0515481139464988
0.0221769298176986
0.0191519537009716
0.0247545332888663
0.0372507678260374
0.0554237796761805
0.0421622173083753
0.08184276414882
0.078330515682854
0.064786883260673
0.0229028385699258
0.019544566859366
0.0135296108863857
0.0117905231952837
0.0320967014905487
0.115818783876638
0.232700551029605
0.0426768204072681
0.0668081256627969
0.0769921534636124
0.099895506416577
0.0504342572266589
