27.7809673256098
43.0078532495697
37.5596293529804
37.1229749588401
35.3554741013113
22.4627574087661
35.5699221743501
30.8472150227135
19.5034720311182
61.3726945089981
63.041696063795
15.5623653384366
10.1727446200237
8.9425784122812
8.64253188671069
7.13010713488508
24.1198162073272
23.5452925396876
5.27526991734529
33.9959462883131
45.5629451193013
21.842170754973
16.489755469996
3.7409205822394
3.35077759341952
8.23369049906137
12.2198514051547
18.7594180116529
30.1280239915346
29.4249058589218
15.5783812969846
27.1233530361964
142.620845151083
87.3598653016392
69.041793366329
50.5616275286407
37.5642774893345
22.163646126704
5.38259798645064
20.0426976801819
24.6350821498165
22.1134777991941
35.512516783722
131.557641987123
101.939923933771
119.88017261801
156.054913466599
36.6694599053306
21.8834818678315
22.5221696801756
20.5740331167696
23.1075189289497
56.0733610314068
77.5961146038564
51.914889588595
28.4123731611909
13.0744019961089
16.062166461163
19.9984337326295
22.5840179023859
6.90530297772277
18.1510633619443
55.2590289359922
29.9545259625083
17.6374234733142
9.48147426091725
19.7372202195842
22.7446280181893
30.7469142791998
44.4220793434682
10.0808327901928
4.87477994354192
10.1803449727401
36.6946391410844
42.3393701960541
12.130669211423
18.7766002176688
18.24390305238
5.27447842323043
27.6447014180695
44.0856840720877
66.3193042429476
38.6272298570976
18.1252112657479
5.33946466070459
12.4820614570017
10.2421814785004
15.75192166475
20.4231804550953
10.6372551835989
42.2554874013438
33.7156232308417
32.8081532078584
33.8846293073013
30.0214876558842
27.7747731707806
28.2122399577525
9.94284592596534
10.6418802222403
8.42590704376013
7.30249422381701
5.56375978708033
8.58875362763008
16.1917560016448
12.1053047530622
14.9334321646112
17.0374046393714
11.2921504694856
14.0240265782188
10.468647662598
27.6726926934019
29.7128777923613
8.56364696633701
14.8037002109359
33.5410630688859
17.4784974371939
8.20256399312853
7.92598209095008
9.01744044722174
9.83837796357342
13.0162713571788
32.1563576120663
24.9696255397787
13.7034941293426
12.2802581518383
10.7225922448371
15.2922708358813
13.6455840543901
24.6547273146491
29.2539415997157
35.4498094732029
88.0648136455023
95.3105843113118
35.4152829945162
26.1677278653051
15.3225006212194
32.3202404689603
8.4767716516702
1.77827334850004
5.24969579714596
5.80001075576382
16.5786597316993
8.87041613151938
14.0672106619828
32.4767753141994
17.4387494946939
42.2452986513541
18.3086230204962
10.3161595143529
15.7617150983398
37.3470978371671
44.9249995366115
6.34329306036838
7.25196624366897
5.18025969148494
6.30912477634802
11.7288370127171
26.66381837082
71.1184208749436
59.1217469965164
10.0408563087895
13.3584674768541
8.1950870586634
7.61394651734449
15.6410983613078
30.8056878473035
16.5973062459619
29.2277775752636
15.668844241811
10.8377904713464
13.2372206987278
5.55871926763625
4.15193913739372
13.1945939220437
17.6595886249717
19.7374118969286
13.5130211133585
8.35821511665433
21.4523932060571
23.1898691999712
6.35117857216266
11.8989058986951
27.1614076232432
23.01425353448
14.0315252999829
20.70940895754
11.6146980606144
8.16627992163611
10.1906017904565
13.1708637563092
22.4183637218374
35.2554388797021
43.060225616578
40.0532659761121
16.1986847938679
19.321085103361
16.0905810805079
8.40681866565547
10.3209682249986
13.6989879353218
46.4313540033669
23.6743178272943
10.0984744686946
13.2176826361041
11.9556878836344
9.72403677121235
18.5446778725057
28.274495051621
15.6387127045477
5.44058180352798
5.24623657267416
9.60575439564187
8.84034069704393
15.4787088221392
24.137890432762
21.7287206729105
15.4833297065686
59.4671817412685
67.1737473769639
57.5429451271329
15.1407462039991
7.35406870126727
14.607108942402
20.3748414258889
14.6810826657392
31.7504777715355
23.1811806952891
12.8097529684055
7.54002366981841
14.7972033388123
11.2094826491911
6.26358257507853
8.99816548517109
40.6523708113693
41.4288943783329
11.0969820295983
8.75921367559614
9.06126632562455
11.8020515907676
28.1407582621667
19.5597562943332
12.5619799390494
7.80296025234755
4.20765776157177
9.64276861590088
5.5594535546243
4.20337453075233
5.39576262086901
10.7336030300063
10.2605339613387
6.31578827925313
7.89592593268297
19.5579844290978
15.8186635475147
25.6405244518249
18.4945551067557
12.4369532325986
23.0549741530125
7.47683524762096
5.48108711794747
8.08149823002884
10.3973932219537
8.54856951998811
22.4247562035866
11.2943313030686
11.3390858731571
15.1239032335748
13.2852706452213
10.6183487686025
6.51808404991139
25.5461904101896
56.9781937869635
59.7131205338941
32.1389721386328
20.3403761853721
15.0293232373459
18.1667097164471
7.92120928683086
8.87983708901022
6.34353694318744
6.59846722396736
8.95725531706272
3.71702668481265
8.15773188290098
3.52132904787361
4.36563157136568
5.35065674996524
9.66967787620566
10.0695263862532
16.3828307761643
46.7787733345357
42.4204731299969
14.6227732417327
7.98334833088493
18.5098836560703
35.9869504564282
17.3704335455645
24.6671289233628
21.9532339633917
6.07031116830195
8.85691532180781
4.27275186615137
2.18151603248903
7.14799054888564
7.08741144306044
13.3613203033374
11.7115512416507
6.18375989391698
14.0615597924165
4.52440379594921
10.1840706983355
5.93298880709607
2.19589613060258
3.21227730731707
5.58975995701011
6.22041981874354
8.15870012742245
14.4774089893623
6.42179556216622
9.18649081979542
8.11951931328142
6.04240359561646
4.05244695406418
5.60147735014438
6.24415638507377
6.71276966926887
14.6249067034732
12.0353503095602
29.9771228804737
31.2820107316005
12.1183118630261
12.9092926289148
10.3753407736146
10.7254459228282
12.0271592960856
16.1913355205165
16.2251523080589
6.47018621023064
8.86349128057198
3.22917228161942
1.56436720916472
5.11399924639215
5.64370774800931
3.53234480103407
3.0998317817143
2.40625487295164
3.64619007380299
2.52102472115221
1.68151478935058
2.37622086227895
3.21115613539258
6.19097976606361
7.93052337491183
6.91422915309697
8.54792180431491
8.96958619142895
5.24280461817647
8.05984190242828
11.436658178364
5.84085601356848
5.84860854018884
3.21848024031642
2.12920099302297
1.53929940007533
2.56734369997891
2.55873428392168
3.31349143914955
5.5018089588424
3.13117195885001
2.60958578777211
5.75184966408635
11.4190796788374
6.06245306068709
4.64479872208208
4.87863886437509
5.89892843974591
3.03681447727649
3.14255293206188
10.0162048658588
9.74232968169147
3.1871316411481
5.13986473327227
3.16040079568655
2.97202197699162
5.14583261559065
4.43158034447241
2.31616936841119
2.27939343823966
4.94232221964006
12.4121399175678
13.2399556776885
4.64175338006781
1.53258415211252
3.70228522156604
3.7128448739162
3.57210582406287
1.80657164038664
4.67346233568346
4.13868528650368
6.8621865244845
30.2496934092817
7.34937164997131
1.62769937525791
1.95386405366098
14.0524032689831
14.0701240467809
2.93967696473002
2.72087723985497
3.52803936091763
3.63193926397857
2.48458042625188
3.18047584252252
2.81415627822212
1.24234058827836
7.28318283341189
6.29796526646576
2.4541642753682
3.17696218990574
3.14538492936109
1.7650859827642
3.74923632695196
2.3300573390553
6.77552486942144
4.00749859137045
3.44153329878954
4.59427322413268
5.03479452230558
2.46149547578102
2.18377047071744
1.61533966684074
1.92272778365076
1.78373787454194
1.42993825240114
2.45543698761
3.92398795701683
1.70913404565847
4.81676187639472
4.03954557488485
3.13639649603453
2.94553970088137
1.61421096517336
6.69941297630058
2.86932042489116
2.1643069709469
4.81546851352216
7.87212239705703
4.66462550376982
5.94789221201781
2.71438035188373
2.38172337966745
10.3861708515085
5.46028694100532
3.69385006103375
3.07556316347325
3.31317213187194
5.04051523277922
4.91751828903478
3.1498190672689
2.16203313450602
5.38815570052633
4.48114003814883
1.87128450911972
3.00512239947895
4.03353614329642
2.20652864658636
2.19445248870407
3.38720653321688
2.63189620558434
5.5732403418372
5.40762221085084
3.54500004651197
4.2917037750847
4.57679278141202
5.35808560600497
3.9187814835045
2.25471764523987
1.56138226224036
2.98753835159229
1.9906854231043
3.14476174053668
4.69300234302
2.02420981591471
3.75595635569121
3.9500426884891
5.29592902070106
21.0322268910219
16.6677772219279
2.95643901074707
3.58812346535717
7.40945188393204
5.2548992704918
3.70664085248768
4.9362266561363
7.49542248757145
5.82071614466061
6.25811063029994
3.91883094919429
3.2649483936451
6.33192205078068
10.2343008162774
5.45613197437061
4.68654530340823
4.04338079449126
5.01992981036679
7.36830796284274
5.32454812560084
3.45642038689003
2.17790545151689
1.16034857903938
2.38388330591506
2.26060409154848
1.47793418099706
1.65714000325021
2.75588999222875
14.3842193028739
6.37866262020346
5.47650065848583
5.92598780047492
4.0732080443528
2.67916913357967
6.95195535705435
11.6429765810401
3.72700053105971
2.94321807228013
3.00822153371431
4.84140094217327
5.09714219292676
3.20265890904032
1.84740869152082
1.13276389959747
3.22562907823627
6.98740365424685
4.30215876635467
7.83680020661738
4.55682914344147
5.01553826997892
11.1734751471798
11.2642297911649
2.14328475911046
7.32812410599617
6.83209292050277
4.33273107454938
3.3916662954003
4.06117223444964
5.20405443172952
3.02652557470646
4.38115748016129
7.76532872042675
6.09390045128584
2.50635889497595
10.9794897227475
5.29912645307025
5.57197909202321
5.716597493187
5.6210738918829
4.59058489378572
1.81827545982094
4.02737669826044
2.69498614746424
2.50513094202878
2.11248261000976
1.34789937042653
4.02248171214738
2.62888390552306
5.75231202704626
4.44691267262568
0.719178078817156
0.693130769510644
0.88459054079467
2.21078983014008
4.04686529954322
2.36226806661191
1.99807362036157
2.30394541447914
2.18198542678072
5.99657461312584
3.49859296588285
4.01409798657992
4.92542896294058
1.17640976460908
1.45253139804931
1.59078317972157
1.21412029370062
1.58535968291128
4.02070209282231
2.95608798849499
1.71689868367964
2.4771119768822
5.02152482655597
4.03739501016548
5.62155295301703
5.71615950934159
6.2606289582161
3.16433005689808
2.94052251333824
1.9177990511016
1.35841607408164
2.8334406457935
5.57019994976184
4.54125884189879
5.37608353084041
3.66452657821535
2.22334434005208
3.33529978329363
3.36029346630923
3.59581975378635
4.73907747146863
5.85928116940403
7.66032365329117
9.39972841756015
11.5688526147406
6.52764060943115
4.38518124314387
3.79154425280815
4.95702300874682
3.43088031892762
2.33715552487421
4.73651444754516
14.5159071338495
11.216045512968
6.9127825630494
10.7669943888867
10.0739367248182
2.87973544674904
5.97545056000754
6.21015597403312
4.07243372808385
3.16626015672292
2.20215824271879
3.39517042694101
6.89494772040218
5.72364674718103
1.66110176811554
2.70694925812645
5.11671672171933
2.88230510694385
1.79048931233878
5.22155735575975
9.24099854321665
5.44797699664338
3.08325920363463
4.7262790519257
3.82967479748292
3.54573519243224
4.00497749408011
1.76257116114975
1.91459171078368
2.60218024442183
1.29996159425103
1.5832014899383
2.28691735351844
1.71502584665795
1.77772767754736
3.86899900497947
1.65540911381101
2.03499172076559
1.4142145438589
1.61653745989947
3.00076104343986
3.49976063447976
2.78614947564497
3.87885928386339
14.1088294252532
7.91727400048888
1.21195975971893
2.62302373941026
6.93400782141059
4.61137689699125
2.04310312689196
3.81658838862755
3.69208140991352
3.02467211104355
3.50968393902278
1.52305714968898
1.26606486554695
1.25069882447395
1.95364110804827
4.52473774430837
3.87801370842368
3.74738233488864
4.37287680617749
3.81424095558298
1.85053255394538
5.41914707377286
4.78656436281817
4.84929775595344
6.71286348609035
3.1071433621993
3.31707630186347
7.10387609464467
5.44257706355793
