0.29661007516385
1.41797367844854
2.62186748918047
3.32917242882968
6.05685865194674
1.09734174728336
1.43507420430086
1.06330778368769
1.03215826515438
0.375616021205689
0.120381116738291
0.54480135734068
0.290703676637524
0.210928050009426
1.04891468890253
3.07445078479406
3.97370681416495
0.614477342307036
0.817895736195409
0.226049360068315
0.191661498384156
0.168864504266011
0.958342928781012
2.5054885491961
0.219866756688145
0.594350070680575
0.169070842998558
0.0754279811449372
1.45183638886836
4.661992508387
0.925603427128145
0.361799803750665
0.102612239941824
0.654187462108235
0.327560916703903
0.156382620454918
0.165068984881678
0.0863263098833693
0.476078437180215
0.301597361158377
1.04018134748565
1.37683542777545
0.218506977498728
0.437533644119829
0.400237465059551
0.118297231814539
0.140320086999637
0.0876976013181227
0.677129676187768
0.437320054616727
0.420927582251606
0.295040368447325
0.151386782867773
0.0336554948724289
0.614368484989227
2.24046381589581
3.13807649446917
0.87862084162961
0.6048633077663
0.946790402669998
0.243452246066537
0.112474889120764
0.620143629894444
1.0506857226831
0.290187526989195
0.695114946272609
0.231439300214091
0.559900972193954
0.997974519950283
2.04719337910951
0.0713720353596813
0.0289100605575249
0.0747055237939046
0.395897802540017
0.103447870920912
0.134878434299843
0.191569088417751
2.19083493942048
1.13941285810286
1.47283755983289
2.41218913283433
2.34210095080019
0.409972568041274
0.161209261913969
0.367897648144603
0.079759071144432
0.262179104265947
0.168240654144187
0.0720007194198222
0.95128194000742
0.969927539968155
0.237178611848303
0.0806308474774744
0.0593645253031144
0.246805194694134
0.0668536725624809
0.369762353234382
0.113348109377648
0.0709067963264633
0.113080971518879
0.0889621475886545
0.207464123858702
1.84917235916781
0.677588020401307
0.158087854249388
0.543775926873719
0.286792083483906
0.049911545653491
0.359132182655944
0.993495403263832
1.89492838247199
0.0812532811569758
0.179568628133964
0.578973457664975
0.0813364704988858
0.214698859256274
0.322195811345438
0.366567194013302
1.00998480636728
2.24734782987903
0.0866831515064636
0.195318532467339
1.75266778812473
0.46830157335989
3.23735986721042
0.237663243891706
0.183019323656225
0.47283718009113
0.511324794630044
1.00744332544465
2.06597381104611
3.06670313450051
0.447359988593905
0.251942136536685
0.234981182195406
2.29768632160874
1.35525265918641
0.522027178075134
0.08852088472738
0.062673189048498
0.126460950298238
0.150064125827812
0.126331671037292
0.140992256865733
1.02246026707349
0.180270282144287
0.120187635019237
0.0865640710480683
0.0677020081913579
0.261161055024982
0.109568915212962
0.165538735993439
0.341095593596774
0.0663420498158303
0.309937613009195
0.190497652120442
0.366337710045775
0.416798708409253
0.111604156462632
0.100364348827827
0.139147760639186
0.128103949686689
0.463938363921969
1.06691457073963
0.0946495705120637
0.0572463015423323
0.162233232445974
0.0637951736073572
0.204375913658668
0.0918185555458527
0.0247921925307914
0.0414345575957583
0.0495701091549528
0.0594991779538596
0.0433932051307471
0.175000362789104
0.316927974591275
0.0382599123342196
0.0771888096128596
0.0752361111898146
0.061439297740743
0.135587552732207
0.0437116175192434
0.0328861790370718
0.0378834798359536
0.494122074297828
352.16172019105
329.026888598715
16.3579996962477
16.7098397338125
2.37519500402808
14.9130483679178
5.09250948057095
6.2395419973162
8.07354490338212
7.59093507784845
2.28428010279249
0.493200322242383
1.72668630980729
0.331645081231887
1.03262732969267
0.0839043757433246
0.188332705349954
0.170225500938076
0.481845088389742
0.0375698775483439
0.282805716877655
0.110129922201372
0.243040967298548
0.0870028298236912
0.0204474787422596
0.0220083498526576
0.017132887192934
0.0209943816583763
0.0374788649276784
0.0273203056705568
0.0854834273854089
0.246492215338767
0.26811266362955
0.0532743668412006
0.023764916673529
0.0288133027400425
0.044213028086356
0.117141786121446
0.122659066159648
0.158682522379481
0.0927654038485035
0.143029024050015
0.253964895657868
0.130990609617366
0.38631883302479
0.140999210683475
0.110802088425867
0.0448600238306289
0.0489214684641963
0.0199988922498021
0.0290632064156069
0.0203415680237449
0.0287748406577139
0.03024049285258
0.0875835578359279
0.0558948498535982
0.0378601321524998
0.0445603891858933
0.073299572197331
0.0252983673284199
0.0989730162301563
0.0480875981625926
0.037766617791962
0.0761202151562281
0.0270910922284693
0.038756858555061
0.231024254605518
0.284213766498564
0.0538238725577404
0.0384719614682961
0.499360444526727
1.00119318234157
0.115880627734968
0.027813408926069
0.169647268864744
0.109472573287651
0.066089464351336
0.521417030198154
0.725404054673235
0.126051400567885
0.0868414193166348
0.0157238428833685
0.0303618383264945
0.0878232772408194
0.405154764780495
0.276696797765166
0.695673635372692
0.651931743460049
0.0702351624788249
0.0479236350541004
0.0398702270572952
0.0529038157297598
0.106331970950986
0.123490154698641
0.865691151427109
0.631015831023238
0.979814325097661
0.630134829561819
0.121978855287292
0.100945191736742
0.0674264880312901
0.176471911599596
0.0459596409386368
0.0466985135904741
0.0267312792333271
0.0240436268508262
0.096524703717314
0.0416721041140041
0.0909493313382745
0.0519930333039369
0.0189130664819513
0.0100195172783808
0.147050754305584
0.0917340195606312
0.294778582870192
