0.00278194260644473
0.00259210347559723
0.0028434313615139
0.00288215587165082
0.00254300660430145
0.00228374445345057
0.00239781560976267
0.00296592327316014
0.00294023881983951
0.0023568459325539
0.0028602406861317
0.00281578092634096
0.00218594082869759
0.00241884433251168
0.00220218314943549
0.0020640928023902
0.00216374879968459
0.00213212740866005
0.00200969750042142
0.00273639731947961
0.00252112994700947
0.00247137970471432
0.00265749539320539
0.00281042644574305
0.0028575914008092
0.00262907703163965
0.0023737622283144
0.00229965535206885
0.00229560762704598
0.0021230093365281
0.00225159213485631
0.00252565660435963
0.00247954170052897
0.00268006747482698
0.00253047776365607
0.00256069429033321
0.00249925799979101
0.0026493949591857
0.00256940797498289
0.00271820361056124
0.0026237003061629
0.00270348135025566
0.0030552511608979
0.002703687117007
0.00272311105823993
0.00265205075706859
0.00263694447146769
0.00236086307773517
0.00260998749854337
0.00285478167538076
0.00265701528146729
0.00278375972321759
0.00263543245724821
0.00259000364668959
0.00253610718132054
0.00239575833931936
0.00248642911456348
0.00274931913883162
0.00278681396634297
0.00279960418254254
0.00239857257547613
0.00237541891134987
0.00311200097342068
0.00282597794856272
0.00305881710084962
0.00264082511145333
0.00251244870696313
0.00242320516266358
0.00226344241991718
0.00210970525948911
0.0021772664428398
0.00259715045605075
0.0026564466513705
0.00263994684968112
0.00280018500961011
0.00238986291889471
0.00243432935378973
0.00278572920852856
0.00297507032621533
0.00400083424837614
0.00427715765961078
0.00367259915277812
0.00319952146342893
0.00360319106384539
0.00353883201806072
0.00362398709354764
0.00450480768237742
0.00442929948001102
0.0040414843969118
0.00420548462108363
0.00390323911893406
0.00348917497633051
0.0033141439159144
0.00310337462792563
0.00295446816438342
0.00341743888056445
0.00328586504304539
0.00276610731501015
0.00301834521673714
0.00395508828362649
0.00358896842150301
0.00288819621268671
0.00227924690727301
0.00243821547512666
0.00248842753549242
0.00251070506025008
0.00262915195834552
0.00241260675274328
0.00242318814574291
0.00232357727331579
0.00285243768709211
0.00289896717325223
0.00259235805131648
0.00257406704088912
0.00254302370315941
0.00268449976726181
0.00253171905416752
0.00242942245685906
0.00245046740494976
0.00248062892597258
0.00227335442695858
0.00255975742619599
0.00249264156357907
0.00242620971627192
0.00234007832031916
0.0028321570043004
0.00257750729517188
0.00217813694401947
0.00226561437084501
0.00241284585477905
0.00246274218644517
0.00239965087995163
0.00253973615122426
0.00269984827186102
0.00275763124684455
0.00265485836043984
0.00237596539083019
0.00228259907162382
0.00225684911598291
0.00233364944497882
0.00254676145390717
0.00257844648212486
0.00257124820295941
0.00336516095089017
0.00297629487334626
0.00283899281280518
0.00276566434068147
0.00242146828626793
0.00230315237247223
0.00232054045174338
0.00223914979077394
0.00213104120680072
0.00264269442111235
0.00265503923797175
0.00311848109962642
0.00259256687815703
0.00280398352158574
0.00250049446602152
0.00228645867265618
0.00228544333793107
0.00220328273437539
0.00240112783590388
0.00241449380175503
0.00237653973695254
0.0023834710279677
0.00293781219064355
0.00296505469808778
0.00239458476029192
0.00241263915445905
0.00271500472738266
0.00250050806020083
0.00233105991510411
0.00239233946248385
0.00287705349022424
0.00266638385001501
0.00297521611782688
0.00354440660304217
0.0040274085708171
0.00361599325459032
0.00316814184936444
0.00297221795312014
0.00259688447050521
0.0028640325476991
0.00291284928113811
0.00295205672712648
0.00248214990037831
0.00221369043496824
0.00208037992167725
0.00229853573651043
0.00246026180032518
0.00254166711817474
0.00284736484482476
0.00262364949921338
0.00241361479794668
0.00249334271883693
0.00259244220479622
0.00266841373098272
0.00288088293532774
0.00276572235881464
0.00276272506584958
0.00327363237208203
0.00324549140055254
0.00290036201287474
0.00284482695735539
0.00287430642673252
0.00321750502653121
0.00316915022491489
0.00255414613266365
0.00275837744354106
0.00270996931742781
0.00230013428030229
0.00223974691178094
0.00269009212393838
0.00285668950700691
0.00251331716137263
0.00274097237727651
0.0029265346446727
0.00253178384590803
0.00229855069619681
0.0023984850497009
0.00253601122624155
0.0025408809771367
0.00254461029636739
0.00257647937448148
0.00272249583608343
0.00267225132095239
0.00263234722636728
0.0026143472049922
0.00272074854339913
0.00267457993598063
0.0028956145998165
0.00281258737454523
0.00248454050476019
0.00259772761448468
0.00276838921254066
0.00289452229611235
0.00288339097340612
0.00320559203160777
0.00281142133938448
0.00282638293494634
0.00357358887220361
0.00383611085982724
0.00397840710027792
0.00346984458524557
0.00267920390874815
0.00311239383227683
0.0032717609792472
0.00332595429169581
0.00267837340730635
0.00261124444668886
0.00325507045256247
0.00306451997451934
0.00301574091013721
0.0030365309950368
0.00282972556156848
0.00260061465314431
0.00275157267365029
0.002979275854813
0.00258268949231697
0.00257386959189147
0.00276899134831475
0.00292625821127943
0.00288670789192175
0.00301844323265701
0.00249791062299588
0.00234515637521858
0.00279947925335055
0.00279865041278327
0.00272730638456989
0.00270419172163775
0.00246455697281342
0.00215974973230506
0.00238708633911275
0.00269913438973164
0.00278997644046402
0.00298411091555184
0.00302088188647226
0.00248861070831464
0.00249720037397055
0.00234791358098103
0.00249173435502452
0.00275461462143996
0.00263456706278938
0.00231003550967742
0.00234504667853136
0.00229556020076555
0.0021990694555931
0.00243397520734166
0.00248131169853362
0.00258337128389065
0.00260779181762935
0.00289912728705922
0.00247707719939182
0.0026996427281993
0.00309010285457558
0.00298993451134449
0.00276002937986452
0.0028059357039738
0.0028330032133208
0.00308121321031106
0.0026788103464875
0.00234923186906518
0.0023952724913462
0.00246621584348014
0.00246548006529081
0.00282547526811799
0.00274890040432475
0.00247768344311629
0.00229126279243281
0.0022018659490738
0.00244437987411355
0.00262392803555226
0.00244806546995901
0.00229296266106302
0.00281675318246486
0.00297751238505565
0.00301088784288097
0.00285953706089313
0.00248918790193465
0.00249070218236764
0.00275910757160427
0.00240787790543011
0.00254885029837549
0.0027980398894732
0.00249411582071305
0.00242491782883277
0.0026584989432089
0.0028855593971515
0.00247420258799876
0.0024225879204766
0.00282056034944574
0.00321168199124176
0.00326173048526797
0.00258388310389408
0.00265749571147373
0.00300603254930821
0.00302401762684264
0.00242990113680096
0.00251113857495239
0.00270460730804014
0.00242657324901439
0.00279660236660796
0.00302590674141861
0.00357288119083629
0.00383218591152569
0.00391537314891729
0.00403822525306757
0.00372166566501648
0.00344829207008403
0.00274184397384907
0.0029248064693059
0.00250933042749543
0.00230842198542105
0.00217876155888861
0.00225702419025113
0.00232753027127824
0.00247462417081113
0.00267121479523135
0.00278447630854686
0.00345157346580301
0.004039859218024
0.00280891158735717
0.00234081402619076
0.00212195556154631
0.00235187709144679
0.00232557901161076
0.00272260943178907
0.00230661076675774
0.0024771596394104
0.00266249378171748
0.00273773774865497
0.00295410688556459
0.0027159253523846
0.00244176531908139
0.002018182611202
0.00241111835728855
0.00284770706998735
0.0027806248757604
0.00302034378404726
0.00305518009732827
0.00265814630895517
0.00310505401202667
0.00264039308980459
0.00263704586996571
0.00279119417340115
0.00250912939509986
0.00305907442294542
0.00277178321849257
0.00218729313635153
0.00231059483880413
0.0022430438323502
0.00232655365875686
0.00249918355764421
0.00269349303529591
0.00290165008723415
0.0033459058571411
0.0031810906456161
0.00294016150056955
0.00283228915721371
0.00327214553144786
0.00295884489184485
0.00261834701521913
0.00238849460575664
0.00258614258195252
0.00294983729351386
0.0034130403179708
0.00294292497153677
0.00282152475243387
0.00270019242763814
0.00265211231322595
0.00285261144548612
0.00295290724261898
0.00269330832661083
0.00233030959521134
0.00203244040691242
0.00220241653301326
0.00297023348387384
0.00304549183500625
0.00288499991324054
0.0026069700213494
0.00303090776898835
0.00358700626245327
0.00311915872779805
0.00277114838616963
0.0025061456385979
0.00253184525364545
0.00302165417651172
0.00267464625071502
0.00234062442363455
0.00243097869961169
0.00250666497500125
0.00235857816272161
0.00227209436917764
0.00294565506385533
0.00304206663486647
0.00248108151941495
0.00304908774023624
0.00314391853411737
0.0029341409537656
0.00277952434455137
0.00256963743217585
0.00266907577411787
0.00300666262743174
0.00290146843227653
0.00239559047338532
0.00224798340176666
0.00258326290886746
0.00249758993298489
0.00245845183919438
0.00274777791148402
0.00289085107672737
0.00293241836205591
0.00281390703432966
0.002602781167711
0.00274143425177657
0.00233137814648269
0.00261920906596499
0.00287731278721608
0.00229023444564176
0.00209365330993281
0.00271212087839955
0.00306000596971327
0.00301253548242204
0.00338313366416072
0.00323436690457405
0.00386244788879384
0.00478121885827453
0.00504044319987823
0.00506448291650196
0.0044072826152284
0.00355721596498899
0.00433377929652479
0.00441148875574617
0.00368390930084961
0.00351125437373071
0.00320070132307188
0.002914241171281
0.00348478152802307
0.00313399938149933
0.00234261721888318
0.00266577880371129
0.00305382677882826
0.00274549933393395
0.00299152774893555
0.003189472551329
0.00315496733494307
0.00317388224858944
0.00444290543978298
0.00437465250211531
0.00325190192424771
0.0026606062773693
0.00258570364240986
0.00258206599409479
0.00260013169559455
0.00259731904636955
0.00289701976958367
0.00290957415129392
0.00288028440409859
0.00251007094202542
0.00270926184001303
0.00266613215144864
0.00260057238903955
0.00254063006456262
0.00329391279652829
0.00265873124857007
0.00259143397222687
0.00294901020806559
0.00269647389085566
0.00258054673879053
0.00277302882402554
0.00271050896652901
0.00311084916473036
0.0031283757316189
0.00341751242881212
0.00370093589755328
0.00410535006974665
0.00460774884232872
0.0035334897700323
0.00226751723582548
0.00242916625396224
0.00266284462670659
0.00291430871557136
0.00261252740011553
0.00296643019065634
0.0027861250089496
0.00276250526608145
0.00276547823948677
0.00260152460013214
0.00231260919550958
0.00214499810904894
0.00241427376094617
0.00270765747780222
0.00277731788455389
0.00259580123839885
0.00268956675802192
0.00341193426270167
0.00394442106972504
0.00400046096299317
0.00407610576771488
0.00431618413545991
0.00376660391626365
0.00280658403333421
0.00271301126245733
0.00283952895965119
0.00287112751675736
0.00298046293833665
0.00243812483665144
0.00247469154011764
0.00255121705195704
0.00255629339607982
0.00279399390606181
0.00248698069033063
0.00239212480797909
0.002221950033919
0.00253641446953907
0.00260332380047874
0.00245453125908095
0.00321502052766065
0.00340227883744452
0.00335630336016562
0.00279148703080457
0.00277242442672651
0.00274415673652704
0.00286090477656072
0.00284156765686962
0.0025907928891564
0.00253809270907988
0.00267098563536228
0.0028861239312648
0.00257211634926381
0.00224698126670612
0.00229486398024167
0.00253217971957434
0.00253936197250995
0.00230452340220421
0.00246790072504411
0.00262452370838997
0.00251240003850845
0.00278050688485874
0.00249218918939397
0.00246359939125887
0.00255920407937239
0.00327501235116061
0.00354299483806693
0.0041450014013792
0.0037980029386364
0.00241441910011817
0.00256926987255865
0.0028090056455908
0.00243760165342899
0.00233757085834842
0.00219505832209938
0.00237921650184057
0.00239415195559396
0.00230973212363144
0.00221561220721701
0.00237414893800494
0.00267779681614691
0.00307532002624055
0.00292368746058793
0.00293281017097896
0.00364999165911449
0.00311950681737163
0.00289224796217478
0.00287220581707548
0.00320920035112841
0.00293965283802584
0.00244707353703919
0.00236849238092542
0.00268707647460258
0.00253765133544154
0.00258255514772474
0.00220813705586649
0.00275453906977953
0.00306812237397977
0.00291895744891341
0.00395733554390172
0.00429035186139233
0.00389626494842777
0.00357484324813604
0.00398238743684579
0.00367804013578889
0.00372103570651013
0.00439792376441668
0.00416640969536809
0.00364604702615516
0.00302166477803828
0.00264897183206932
0.00282654638058604
0.00314692469974419
0.00297505167104709
0.00248518336329107
0.00252262701059879
0.00270165931738463
0.00282381735107475
0.00252374987576197
0.00240081896294498
0.00244746843187156
0.0026680997992199
0.00264418392362259
0.00288631349281665
0.00300430173559748
0.00272800550324401
0.00259341639696046
0.00243109006327195
0.00262057300907012
0.0028974828423764
0.00271289944943777
0.00277337563884461
0.0023716148657682
0.00220403871259447
0.00216098003709588
0.00247626524889986
0.00311952767087141
0.00319847321295088
0.00356792103368254
0.00308863651430725
0.00250030626404866
0.00280424319549963
0.00291273970464688
0.00251155836344367
