0.672621804055053
0.528410995474154
0.361445271135695
0.388541665858692
0.763175067020684
0.746478866096774
0.861075629273207
1.95100807101218
1.70086449125691
1.11534890621506
1.58100897362837
1.66907661692552
1.38225122399304
0.547333157373298
0.534862581245464
0.594763638306819
0.920832830264773
0.513622128903605
0.291843380976749
0.507888868062207
1.00069175023192
2.6355721759161
3.31090541503806
2.10137015185164
0.9235754341091
0.503273177141347
0.447299068570139
0.436711965263813
0.328819647044193
0.42805581036676
0.356998305961335
0.41338166952424
1.06835295070198
1.27806443592921
1.54290110173425
1.16265027654689
0.75464873239734
0.803371289163937
0.803240732255452
0.452756664319201
0.900971912826577
1.0607259697873
1.03343216609631
1.1364300206842
0.875132256454264
1.52646155752125
1.41920764264101
0.950611716101154
0.8549140984426
1.9427746557836
1.8567841041012
0.611017033290127
1.33320136161468
1.36895898764203
0.776060637832367
1.14316816446594
1.20629464784542
0.725410339195852
0.42269321905591
0.400953575040819
0.552915190560948
0.504569660567288
0.468949238846073
0.628688935394033
0.394572146928917
0.80957305237887
0.783755929654427
0.493528080785307
0.196365074818006
0.278979711818986
0.541655309953827
0.505094536405657
0.308579620521402
0.338076250790674
0.44195764562204
0.536633642622879
1.16924672253318
0.775014770042001
0.273645368334325
0.68713211364096
0.731916040756447
0.683578632603964
0.756382135485449
0.714269373282499
0.423620424952922
0.51399825278929
0.594573343863185
0.746759783939896
0.550913362350788
0.332161188091581
0.500596991044427
0.501378242725877
0.839543833993804
0.865344080891885
0.865353059249295
0.702906693626486
0.609384341122441
0.721290470128241
0.942127443981208
0.551742894744868
0.322683167751226
0.376152507770534
0.78699440342322
1.55022137849677
0.726006051863865
0.48402097087343
0.454422479202753
0.631482955840972
1.89779438561545
3.786423329676
2.89457050587376
1.01339610568294
1.03539598136399
1.28661589225278
1.06896549669637
0.532740373461869
0.762861190409141
0.881699286202169
0.830554232478927
0.812250348927235
1.35246705921556
2.92567246527666
4.76872223983536
3.34890485741458
0.901368545715123
0.760118991216236
1.01541533465157
2.06342858927605
1.37235988333457
3.79197656500055
3.25816992470363
1.37197884975139
0.775954421372899
1.34117410849399
1.28991725543892
0.318743693862938
0.397654653564569
0.354727913637111
0.504622410740808
0.736375064519706
0.744590835664358
1.28583452311202
2.05759451578711
0.584696923000904
0.325374366250882
0.460415993881458
0.98860168903797
0.675107911643181
0.536382864566808
0.569978226271717
0.81646941137519
1.40104915861103
1.12958905492364
1.06235001839495
0.976313007185206
1.12541958056615
0.509382497622208
0.87103679977753
1.38082042450451
2.12570070900097
3.70453612969366
2.09357008225011
1.17538041137812
0.561971603458699
0.310792526735347
0.316587895085159
1.28056134523251
1.89521240465291
1.11844097450172
1.43444433668591
1.15382963755518
0.701255894069379
0.940596742562851
1.8795867608676
1.75174056985666
1.3926588289357
3.7045713131167
4.35553360233397
3.52119324259611
6.70961181198002
1.1872083762205
0.583240331530715
0.385653367136216
0.464524872398169
0.522854374111988
0.505295411369983
1.16497430038946
0.716750877624518
0.975214663229386
0.92339409783969
0.729294798153197
0.618179515148596
0.477406843017669
0.950250896248299
1.00548970349921
0.831622802524392
0.718964857628532
0.515196241854798
0.65120706502684
0.78161222792018
0.636025040734066
0.564739894913568
0.766042004813219
0.985956764312818
0.652989172882203
0.477060274525986
0.34911963214206
0.475359140409919
0.362020738708672
1.62396342989654
2.36079416264234
1.69390986618525
1.52612892913543
1.07210910767267
0.854362640693173
0.750353604680185
0.760542712633877
0.849340093339131
1.10709577524475
2.88925191626587
2.91309842607385
1.30523742992487
0.880007692438425
0.581082248136844
0.540539940658497
1.0923960324759
1.5357450380887
1.28597525039159
0.732758238122579
1.04713040966369
1.53604858969795
0.81043058548067
0.706212295452864
0.599045079000969
1.7154865681589
2.70985904233182
2.56172483848631
1.56948667411695
0.745035453755765
0.715058082282955
1.03324717769362
0.638363192639913
0.435269672264293
0.540504686484173
0.481406681152395
0.419275857934824
0.415710888586165
0.616307909169964
0.49836197540179
0.754424845747437
0.481104582518292
0.926958247905329
1.57358866290832
0.976395293341191
0.372734000629146
0.516065204656623
0.537765701651017
0.306530458118838
0.289520208815869
0.352772935373996
0.546964681695674
0.565189539821539
0.494853836546679
0.419587016951882
0.472542739259145
0.312537346596187
0.310920206614275
0.447807524110728
0.460630626509392
0.62681412725109
0.643727928857257
0.303527177959085
0.712947927273636
0.655972799178845
1.53927310226167
1.27459547079943
0.407154833758286
0.87235450397396
1.22605311704721
0.581931369353376
0.752511731711123
1.22306918062207
0.743180518931168
0.310486917926561
1.57277577157813
0.867747750486093
0.17253005214657
0.355673166690651
0.287770033445444
0.199900259090287
0.558505958794382
0.675887514767915
0.746466155551914
1.9069806360443
2.84472600769969
0.911485256819595
0.555203526215736
0.750854079988648
0.715936413396615
0.794940557882819
0.675212707198528
0.592795635067926
0.489143399192306
0.740001039856334
0.786155146904939
0.692625047159881
0.411161497183161
2.23109512076921
3.55293238971354
2.84133059553423
2.213603391494
0.935242000152816
0.906127411585912
1.12195025376923
0.630912105215293
0.47307193043963
0.475091298696361
0.605254738869949
0.364691846788493
0.570798211243807
0.79268187099304
1.02497496072893
0.694528074002192
0.459104536501596
0.478372786946055
0.498652917507799
1.44570865849706
1.78338353351865
0.887775643192425
0.787219747838908
0.959936942952373
1.90951700533199
2.16123993752569
2.06190707829558
3.17529823302307
3.66751975011146
1.82872725984391
1.33517499902771
0.99713675528699
0.378700383677686
0.458408396386132
0.320594161294096
0.312607289398964
0.44381799309363
0.551974338289495
0.533291190355554
0.316940500944703
0.217361275756131
0.535227911738794
0.697734478167739
0.852123911646926
1.17140516439275
0.856137569385662
0.548398837019266
0.472115795910791
0.203235382886927
0.398337878277285
0.410895117104344
0.406552349889063
0.339746204099807
0.832655613711859
0.501461886381109
0.306584906908245
0.300020491827568
0.343106803831744
0.342742242569966
0.383164487493143
0.368491144391956
0.39825084700311
1.03881448876703
1.11690472706767
0.713594992829323
0.752922248160138
0.534143318617215
0.332456578010743
0.464660285803713
0.289155969642048
0.244039701428061
0.371225337625972
0.531687348655159
0.591864866499178
0.423813186987145
0.527086768556435
0.975333690313812
0.687036850370762
0.494087451351305
0.427785351073161
0.878046374381051
0.92622289898858
1.18149553091101
0.511691177456969
0.566242760811458
0.64475370247125
1.95663671342776
4.38355047109235
0.448374717115724
0.279833516394972
0.440036012373731
0.647954271514984
0.356628782667729
0.431428616371537
0.261800979859437
0.25406790075713
0.243216148492851
0.321967945711349
0.697014620466099
0.63751582033183
0.306994310380998
0.264075639251746
0.592437379898442
0.633214207481604
0.388807263121713
0.317783697859757
0.532640132157385
0.832333330099774
0.401397239855457
0.399146316923723
0.344250096189778
0.373079298325624
0.392408653468546
0.587881505840667
0.669500005590801
0.532655324345651
0.514726173153383
0.355583505584217
0.356574755534713
0.561300810377482
0.523647991328644
0.313225284530681
0.402177918250209
0.588112465400424
0.453088831201075
0.360301729110122
0.380439761311407
0.710427648159186
0.659165688127638
0.302186624449701
0.250252830478538
0.349223161382521
0.420311097073566
0.557868615198843
0.658997719394483
0.470569928285926
0.343140356088452
1.07189154942492
2.4789463708242
0.939816967469546
0.561264662908046
0.781607623755866
0.611635820383667
0.439885880872907
0.431524561847085
0.897642263178119
1.12400940222444
0.636033345020273
0.844310345967337
1.40028764323277
1.12537086393478
0.84050581471727
1.47685425403874
1.74706717478264
0.883649121740373
0.754420636536631
1.29381286017802
1.3381673646968
1.1912837460999
2.41917223127493
3.72313715286778
3.5896906256455
1.69873271626515
0.65613577792548
0.791252887737206
0.897206827762388
0.928434887534744
2.02248990466616
2.26877692498797
0.550442852593831
0.566244491937553
0.402324586429527
0.708972422808181
0.750661889145036
0.552046847891775
0.482775197867915
0.528859924784229
0.525276872519016
0.39856081677782
0.440667012914724
1.11153503348687
1.16534360642594
1.00519351652781
0.677831180669319
0.662544515617442
0.649974885646236
0.725421866543177
0.525962922553953
0.758837731398365
0.929134694059075
0.678206889909865
0.37702850441805
1.06514104702146
1.57387359449057
1.3943058498214
1.48799627800006
1.1974221387027
0.70713528301197
0.500887791891543
0.549367376813673
0.627318831376238
0.688501081672407
0.36789360058435
0.298436719496569
0.426099250210747
0.250696085187221
0.407931456175758
0.484613731464755
0.830585327181643
1.0232059139377
1.25927692367547
0.499481353050083
0.363076581027681
0.515238380172637
0.474186190236008
0.9916969756599
0.846292940314061
0.771813092248565
0.395064507527997
0.435345105591935
0.60976692784368
0.510687407184885
0.339001527096625
0.537782511281932
1.21608484505636
0.951533334639857
0.354569958553303
0.532078718922712
0.513153302215228
0.698337414080103
1.43795661276202
1.37926238697715
0.820719543502151
0.314723701409326
0.506096296344496
0.570779192333285
0.733233596956398
0.53302404866871
0.713467971475942
0.751759141819417
0.400044469276635
0.344892942305517
0.437993115940618
0.791181907262403
0.840255918611982
0.847331621164239
0.767126374151256
0.614157216607939
0.558491960985166
0.776846193026673
1.16218181743253
0.785997005840216
0.317523728172234
0.344487027535929
0.602747296036492
0.687078677764323
0.575075119946291
0.550455168054345
0.498508065989776
0.531019309926049
0.664213968288517
0.458609259938151
0.523764509128126
0.609940882173924
0.309177016246218
0.811262596937678
0.756920908930383
0.492866830298084
0.778276218984778
0.711316998547652
0.477543253220078
0.526906212801598
0.500374193852162
0.447968574512112
0.354134202225869
0.538594670522463
0.559281266244081
0.255997495333283
0.306000888087607
0.633766226403561
0.62300149046301
0.67834247580187
0.541099061347248
0.813093484254483
0.38517010755153
0.367142455347063
1.28110432967034
0.876513572712085
0.4225115136099
0.522231769564291
0.463683109023808
0.422518529229276
0.461696483037631
0.403943076056563
0.312857141087614
0.529751700359093
0.937959799012873
0.825571196916891
0.593611445681421
0.646667332855184
0.846780544740101
0.570109628845993
0.349421550356462
0.478373646527867
0.499170665338433
0.513517247980118
0.607456818466594
0.345865145290789
0.336035943808924
0.537095016707394
0.704971609003072
0.706208500138843
0.655781686423535
0.718151152697793
0.798494047828388
0.865407235281486
0.610343111072147
0.52814956471074
0.488392058693808
0.315969679596745
0.491345111759147
0.766026009202405
0.641405926229672
0.392643980112962
0.914596124157761
0.676574035764535
0.509311139759812
0.670855281727944
0.415662737823804
0.782785107767121
0.90808599695254
0.647715565592693
0.51713060291181
0.78220714783547
0.550054654029216
0.328951566964446
0.420683930088386
0.521098197785438
0.543330694321971
0.82063175216478
0.824754241271693
0.545970692000074
0.847562684612892
1.20879196499667
0.482892660404129
0.376375135849086
0.757166863746847
0.549321097375213
0.32832050371665
0.527227456099045
1.43059896603807
0.622808227654846
0.469037391187389
0.446952845159347
0.488471393061439
0.556259203845544
0.832662179594489
0.574904949142106
0.520861749174615
0.791948025012635
0.871082029735817
0.460923334409902
0.284676406071442
0.436247395666871
0.439289731371597
0.193376792203139
0.214866512049097
0.510646283770523
0.464380696134186
0.321567712729941
0.789449986369361
0.474909471593378
0.231963200332771
0.37174007640319
0.373123004480149
0.369166450005834
0.336666557281517
0.449709618432993
0.385505281023091
0.633756437388879
0.716998430534057
0.418303963808124
0.871527129481223
1.0873681384783
1.12658579020378
1.84775856472502
2.42926598428797
3.05466517761059
2.58076608744076
0.821918889357398
0.721058624684083
0.518799042998732
0.657909409318453
0.635127458319726
1.10992700257265
1.17430980328249
0.680081093167942
0.956359033076212
0.74122532939904
0.638178909996913
1.41441853833954
1.49223360714772
1.08669438510826
1.99202090049815
1.29268800993801
1.02773642458924
1.39575683329758
0.942646060677449
0.468624598505689
0.298302920948694
0.959723753057309
2.06297755709996
4.25087032966838
3.34956542811934
1.17682669360388
1.05885587378006
0.732757963170367
0.794805165075347
0.534152845383229
0.67241645593633
1.45117739858269
1.57178660395533
2.24805282661423
1.41822345670617
0.813160650209978
0.637218209858719
0.656711255457051
0.996339356350122
0.702195510081464
0.263864374971449
0.375482902180095
0.379505112183117
1.21447356675426
1.95203224899114
1.11960585699631
0.598054203051858
0.608756694235879
0.422873870097565
0.426178464640825
1.19314362278578
1.64668036933373
1.44029037050266
1.48003885608271
1.81808472688035
1.75419672842776
1.07487413534131
0.854607598337952
0.993133180157117
1.10856042332559
1.51861218371302
1.16059299943562
0.751015176705454
0.474104398768648
0.308807801582498
0.637484989354576
0.525772009564637
0.861749291093315
1.03132008984099
0.683192153513589
1.83201679445248
2.26598451782241
0.549324353494553
0.338595080013444
0.33042034306463
0.317248300791609
1.00979448265111
4.4481931600498
3.44058658019802
0.655993800653664
0.848480877522917
0.869173711019112
0.952467832886061
1.3092414898566
1.54666354998493
1.01896331814085
0.645565227061938
0.301435572704529
0.254346832549988
0.769178573404326
1.16119635893144
0.950377716943284
0.490265627962166
0.367593433327704
0.501751346249464
1.02970335346089
0.672946769462904
0.971671806466556
1.20495343640464
0.843925067507554
0.957626564632705
0.91450140766356
0.619549906596335
0.439524920915759
0.323560999142799
0.308819423070482
0.500577352823526
0.864935637013628
0.570585116796811
0.428550010795454
0.873662665783532
0.761959781538402
0.409889926638572
0.410501278226227
0.200256731709434
0.385636408395712
0.391161368966559
0.704363516869614
1.17628322190543
0.6420067800516
0.406626692576797
0.500597888924541
0.37695656441435
0.874908314495299
1.0939276424087
0.790628911057728
0.628754550242211
0.586587318415209
0.579808442964271
0.47826614547293
0.38652894496862
0.572399283805368
0.351992451799727
0.401133391029647
0.569403556000432
0.882646614030096
0.439792733643345
0.336441322898749
0.450361004448463
0.668106793288714
0.804161175607191
0.673334957849468
0.511306223530684
1.10570456479401
1.27373753598545
1.21435827864459
0.729879337086935
0.440071086253697
0.727499328966461
1.60129801398422
1.57511283954557
0.881701507768536
0.570322064084068
0.671193701117368
1.6778795804074
2.37691924335626
2.06517240345003
0.942144411752021
0.560885588110522
0.37339237977235
0.326455192012734
0.386258429876929
0.363759069376313
0.243752700668069
1.33007873872842
2.12042427657978
0.508176527097376
0.465271787930276
0.443281495781029
0.356585751282521
0.363302782547923
0.447473848734074
0.597583011709122
0.47137202582089
0.372954929858163
0.349642690853415
0.51949893476124
1.09421169239083
0.866167509228958
0.579028155312612
0.559393118794889
0.405576459856831
0.290308834711975
0.438145247502462
0.517494559136872
0.345680964442374
0.542340357094109
1.17327269820955
1.34905116662111
0.542451120443205
0.382329684605641
0.297430505448746
0.386968458026163
0.407599711204272
0.26342527259479
0.298822051468753
0.404117768771071
0.39744904178757
0.47925308462982
0.421632962613024
0.36762694993235
0.409716099834392
0.383001663686327
0.508160471489261
0.746386763453011
0.600662782052829
0.4078951279818
0.571638574382468
0.3995960958541
0.341431568461618
0.946720765099289
1.09004187275783
0.504703592324573
0.522227062832209
0.511738147166738
0.247238559322303
0.283223199121909
0.441895514270809
0.404424717746406
0.606565589495229
0.739261446935383
0.707718398790437
0.524154879412272
0.531467942281107
0.652703188453356
0.934164498101095
0.774593606402878
0.57147954355568
0.527978021986067
0.462045024803883
0.42860445303641
0.40314486387016
0.358885867272631
0.776776488326832
0.960543355025139
