140.061664847975
174.505869702323
146.440847980098
166.659630971463
165.905257170862
120.354283484227
160.589332793888
143.86267139457
92.6403680434919
237.405802761247
289.440606633111
117.394269666588
69.1634230638623
61.7184474491354
68.4512145273251
63.2209422073805
174.309587543189
177.038341048615
56.2028934941355
185.194988413896
207.826459056373
122.777167493384
97.6480171294729
33.5629778709054
33.5838115580257
72.4540986927941
85.671513689866
108.384138083824
210.932832775684
202.991823239055
111.873093629238
162.024271569541
441.133772237465
313.020378010201
259.878860191254
250.97719133759
201.975110598452
103.41625482269
41.2223617575524
143.84167789263
171.1486578245
115.704551088353
177.08419859382
489.230917407668
362.461847169598
398.414671157312
500.007875941172
183.182410672282
136.983285482637
126.797719601479
119.877999036034
120.032188231069
226.28075735817
319.329298446005
208.905153766758
131.148758981524
80.9413448048607
118.941187783081
141.961574374059
121.307311606788
65.8960045701609
131.104872647071
210.730744247863
175.655942971613
136.094183402053
85.1753317174385
116.596876751397
150.843327975632
177.77956888098
190.923354543114
79.0104784752146
56.36800836794
81.0172698193192
168.149607160035
186.175915089459
84.3099702606119
106.302968744487
88.4820770277399
41.3520611005483
141.151969259888
206.690057344345
245.376456457824
174.036042905428
105.327117939198
41.2053634951328
72.8114501594047
67.5805106318444
87.0395440887933
103.681725218504
63.6173196309244
164.974240244158
166.441682569065
162.889607783863
174.445317796094
176.950210459869
152.12401525494
129.546482919565
57.8863758466398
61.4414154395679
60.2276204435239
64.8315112314827
57.4219251619719
71.946031044558
102.481831935428
74.4153264371588
87.4210672391432
93.576205157214
73.4699893445512
80.3604025069842
82.8607269909262
150.616976221735
136.661625161291
57.5315201699233
95.2797986118619
137.983855091326
84.1639472013834
50.9212695850418
62.7631347898429
71.4651699313873
62.0721752750298
79.5071962917262
162.067647866447
149.901740401144
96.2438147833841
83.1904816877423
62.1385288876527
83.8640994763331
78.9005020517193
116.096134513723
137.909311793176
178.120624514232
330.025841914493
337.595435772553
168.017827409228
118.825416765889
73.8328809524644
123.065905199617
58.4091394010698
28.5581372885589
47.9302339556748
49.8164639300549
94.6591536853819
65.3144886933346
96.8699493881547
176.100943352095
101.214515841944
210.72793115074
128.475664698238
74.465340448566
108.543613193284
201.319686292841
202.667941871586
52.7916496365635
56.9606628930353
42.6497239374889
44.6172345439431
71.4728325853187
135.23573352262
270.826165400835
239.091182766512
66.4120932440521
77.9518349324605
50.7818691039427
51.976386097706
93.8214361488348
139.805229171642
93.0517317243128
141.485666546721
109.186398581825
77.5524225781088
84.0752001236581
41.1426111487608
36.1941534929958
77.9922414612056
108.849854889297
136.722543122104
99.0189344935648
74.1008882157153
152.905230261258
145.150314440998
49.5644896003513
69.4171865909273
115.492748813666
122.561484102447
107.709072864842
121.24258246874
70.4531304315137
57.7652850593365
70.7366914882952
87.1297982657282
121.785410605608
172.984196795456
205.233872893873
188.90965564472
106.388273122611
133.733904732164
119.474546202035
65.1204819007883
78.0308293560879
93.24945425668
209.750191412063
173.334561750064
101.41887386633
97.7491056307806
81.0810483732781
65.6044252892538
98.3646574572473
146.871058257605
86.6417968424199
42.6524461173085
42.2831031201272
56.6510346994129
65.0615169996273
107.87226963091
131.89758034037
144.69982829294
104.813550373699
226.567651397374
249.761469483571
224.004816688212
124.777253069453
87.1360548547833
84.0368826385642
99.3579371903816
81.4787174787217
130.718358390419
100.762837131932
63.3775016952257
49.4895840547086
76.6046208172219
74.6974626342577
52.2690013854802
70.5190979522123
193.604956278067
194.869883885049
70.8461607241251
62.6852252511868
65.756282708404
81.991685686204
137.803530982249
118.746560334966
94.7540807428175
63.3364868899111
52.078472639842
80.4917114931467
47.2996267537052
35.7816523790833
39.5321793997823
63.020790123789
61.7820809807468
46.6287952384414
57.0756602193859
106.06006095228
95.0756062313831
132.700482837715
113.26621637341
77.3016479218022
114.1155307377
56.5565288406062
47.814029114626
59.8321584361757
82.6129846467065
71.9683359436296
123.847585534662
82.5630477081769
82.4945513136346
96.6412172965079
78.6641020608014
82.563591733228
64.6649956837383
147.421535213488
236.25146782446
242.077624627093
157.010421655166
111.985751602472
82.0680880074155
104.683451770699
66.3130107250585
72.6065939405508
59.0159592987802
57.8206095431813
62.5047743575737
36.1446681528761
65.4696599315206
43.0975405435254
49.6773830885186
52.736692684342
91.397678999567
87.0680265162194
96.6484831390224
241.109780326225
229.15267442656
96.1303855719372
49.8877131071051
104.696725502257
195.306726812873
134.191222690657
144.609725293786
154.656471040499
77.5911782790105
101.523484380259
70.2939454568652
34.5869783653515
53.2841989344463
60.2609583646473
92.97092776869
76.6008775106819
46.8610703974575
79.0848648518963
37.5292520220068
60.9719257684434
44.8676398620337
25.1248654241731
42.3527088950259
62.7032844074699
53.4464663593668
59.665683622209
88.5934315913999
51.8788137037384
64.8514055969366
77.1962345221756
62.9946297013118
39.2896509120632
48.4056076195253
52.1649881022593
56.7608100129806
91.8890962419191
81.0689413060434
150.056680719455
146.864502439028
74.2885332229279
77.7345378361848
70.3023718907828
69.4552151888099
62.64963912799
84.8256405043915
81.647535391546
46.1358192814075
56.4215833009431
30.7449365375838
19.6394532021691
57.363562802954
63.2834530337109
35.3080131233986
30.4366036740915
23.7522504194094
31.0258308376572
26.4142272568022
20.0316587770701
24.4816313736033
29.6294148115153
43.7043353884098
48.2829386596261
46.5119366340498
55.3990434938212
57.5589063353012
41.2893464415904
51.2191092739099
67.7695278068926
41.3491161466889
37.5680209250114
27.8836460801022
21.7404144382191
17.198890090638
24.7315710326605
28.6938905352986
29.9189944708705
35.7968614288293
29.8935681205274
26.3184130721141
33.247936050844
60.4936471574808
42.5736487144736
31.9876630834897
32.0492930341404
38.1584211261756
29.2779645438889
32.5461681159996
70.5545224507988
64.4710730588191
28.0025422421506
36.5246791165384
26.6966104735241
21.9209540980696
35.7404464989753
37.6262728950185
22.9355635025363
25.4212018533695
37.7734850840328
60.9531908843301
59.8803583347269
30.3725201370117
17.4886892632135
30.9563124143496
30.8473782387579
27.8388072181439
21.3378430332918
33.3945667875694
30.8103523053149
39.3138183118653
106.625511158771
38.6196348661309
16.0317680934252
17.0029237421542
64.4401768298021
66.0837428019016
23.5946658153965
24.8588075992551
27.4410413469606
27.6580401818808
27.4878001802161
28.188606956659
21.3628685664373
12.720123559208
38.8989540871972
36.8163209096001
20.1535275081874
21.2353677928374
22.781353731053
15.6958111406347
26.9408813672521
24.1951529289481
44.377180925273
36.174087239205
33.708027836235
36.0635865148358
44.7624431121018
34.8018497091676
34.1514847130505
38.069043275336
38.0179671163892
25.459869457263
19.3587607702607
22.6684471197134
31.6639777949268
20.7167225399483
32.9561496250339
42.3926054149327
41.4000449456946
35.9447920392899
24.0904414125007
46.3827956670773
30.661296583623
26.5178278256119
37.8259301252617
49.5379845854321
39.2289210549202
47.9838012660941
26.6055374541897
27.3489006797109
69.8349653339598
48.46684526873
36.5424061215423
29.449385803467
29.7977840963484
32.0086423868572
32.7844691122036
25.4473750008714
21.9306689705922
34.1005507517186
35.3303984354844
24.5875550064457
31.0997952681
32.2391959265834
20.778886824885
27.5758648145516
39.8045208088086
27.0302592835494
40.7751024478685
43.5968673889475
29.8893672289709
27.2880913826198
33.068073502273
38.7626023980072
33.1528051013681
24.4260092416183
20.5687938684797
29.3052639206151
23.6086980988004
28.5186854104943
37.7385843795447
24.4747251457103
31.5163635897484
35.2224321906241
40.0856710172251
100.229968703944
88.0139503315996
27.53220623236
27.2173419270633
40.6227440250548
34.2507912040649
32.3570550375733
38.509905183203
45.3255984245327
36.2218720791543
39.7730798881126
31.677070156345
30.5311586624879
44.0356085913912
49.885734246459
39.2930484005419
39.8550365666868
38.6244895582578
37.3851445090674
43.4590801131734
36.0540779417967
27.7874601335393
22.3798459397622
14.9269369427669
24.1249006851637
24.2628543646363
17.4327525762291
18.7104408003798
27.0373214942747
68.276480956707
35.7828393397008
34.2361447699518
40.3998780554008
30.6955197351282
28.351014047945
45.6135991568228
55.8561578894706
31.645944822648
30.5302564619487
28.3376364449925
36.6174509575782
39.1208102899203
25.8379955706503
19.4365917477457
14.1167052955491
24.8597084292594
40.453173301847
29.0137211857539
39.6199324703305
30.9391243218505
31.896418009602
59.737820348403
60.628531564874
18.6277998717718
42.3270490612231
45.0258234472811
32.583053133985
28.8011479893134
35.1291040728149
40.0290062080637
25.1257289467867
27.1803991807531
44.8683623074525
37.6316071336021
20.691654201037
57.5952639129143
38.6612892808798
34.2471219358912
34.0581157973134
33.6733928479697
28.4942450975016
18.1815892866633
29.5356521806303
24.0578132826768
23.6635599362608
20.8536541228831
16.7076050589718
33.4218336199521
22.6213989642778
33.9910313316534
33.6601584235654
14.4277884197931
12.548857249648
13.5158420022073
23.2597410282349
42.8892201377095
35.9700702012478
31.7087674937599
35.7819449462831
30.3649180543903
40.3261857441147
27.6122647723604
31.0411739996589
32.1985438303139
16.9484019988035
23.5443579389636
29.4519468592896
25.1103038882326
25.3339350334324
31.695732817371
24.5003205089561
20.7303109051686
28.56781157842
41.4740205052675
35.9783471565131
42.4353586026834
39.9409349904231
42.7776378572952
29.689954070755
32.0759859267669
23.608900428901
15.8824602793695
24.3579538597377
43.7296206125006
40.8739416646543
49.1276993492796
40.4849207927247
28.3579004609209
34.3910686938395
35.2494105461407
33.8634157487666
31.7873415952882
37.8041632204058
41.9701344099678
45.6734364048379
54.3935701466405
47.5590511650498
38.1353547339809
30.6834745541849
37.6464747769439
35.9497092771074
33.8580449584962
47.2440451284377
86.2338652182075
71.7951220839238
51.1119919617085
63.5664996237605
57.1957806904515
26.6362129385792
37.7703722014856
40.5104559459452
31.1323782491984
26.3865502020281
20.6976856043551
28.3164967285752
45.1995540071744
40.4013863967338
21.5569304217326
25.8496242182582
36.1125940004324
24.0820497086893
16.1105033785266
30.4921125669281
44.4484818826361
35.4009312140193
26.6429424186912
34.9448669461642
30.4544955292587
26.6994749180754
27.5390180403533
17.1365584699105
21.6484183593019
26.1156914811223
18.0696903563528
20.6217924162276
26.0234126927976
21.2454502722392
21.1094178258747
30.838448912224
20.0778061901307
24.7783453228458
20.508094852586
19.3588540122161
23.8523170651994
31.7743820003316
29.0395396896809
30.1924693963143
65.6430369404863
52.1905249208884
17.1323065010019
28.1827402722683
61.623479948067
48.9723460004733
24.2451979136515
36.7469894228058
45.0698522916104
40.6307432685995
40.0094921144025
23.262818765711
21.2885629738293
24.1849201401425
28.7091735059974
36.209085264823
31.173581691435
30.6121742162182
33.4066054717721
29.3946113320372
18.9778561273289
35.9280742481528
32.7882615061607
35.762186435444
47.7290007553966
30.5712280728812
27.3727653210204
40.4754834316777
35.2782140756112
