0.398562840151285
0.403633708621646
0.289289806978015
0.372694212406585
0.143701449235591
0.128289660753835
0.196211502629936
0.959608769720081
5.72689489349268
7.12398398674614
3.74699093823879
1.27144041562005
0.313307974956934
0.4238277914345
0.410477195503115
0.129246353225367
0.279374571141079
0.212171731582877
0.694952193903357
0.217902105185371
0.088673478854554
0.0805478082546273
0.0559708164452793
0.0757372015721963
0.247453288156182
0.366294869451014
0.38682785885621
0.618039318228581
1.1334589264384
1.33768716018771
1.08780401344196
0.33005660737272
0.232003964412079
0.441739327131649
0.481581095369955
2.18880445534972
1.14716631918193
0.308103553274395
0.260263414843476
0.243004131798269
0.447801173217516
1.78986026821452
2.61999426396041
0.768293848527679
0.674124975730288
0.259130782250996
0.288407239216885
1.1775094149337
1.963491973073
1.71891501908928
0.553545086941105
0.0650297391192826
0.0640600918854996
0.072345858604053
0.112935003974152
0.219735353696054
0.79208269443708
0.774479188733709
0.490416798108796
0.347837951660982
0.139753718424767
0.202899901636629
3.95110025933792
4.46718677340608
1.39386194712168
2.70527229318554
6.61199140540724
3.31889183577517
1.02307773268674
0.247459663154751
0.726406742414105
0.837379201632835
0.799755461694329
0.759319859267305
0.330243469479104
0.659468959661735
0.417398909340845
0.335905196402014
0.859605012957647
0.43201754162342
0.0563871333449523
0.0777243181643029
0.0809374542177045
0.161375964020283
0.75612549211272
0.829124564378771
0.639580555141149
0.677785715498944
0.325868507996666
0.115343325827491
0.736544845829802
0.883768900132762
1.07320080981046
2.66836412273596
4.93101210971091
3.42994154476868
0.476535351586545
0.433769102432968
0.29095467109191
0.241791186116292
0.273991590463647
0.163853055733922
0.0895205105494665
0.150932860276886
0.244718868696896
0.862089608475526
1.13447022354672
0.150214928385372
0.124372874123131
0.794526259162072
1.13549131842003
1.40290301015734
4.069496314928
3.45035598954375
0.16977630105238
0.197984783609394
0.219194155849354
0.062441533937242
1.25205352652064
6.45954158268256
3.43539640966518
0.887141958078244
0.690521074682004
0.568487213907408
0.683959777656418
0.203365607971808
0.0800429813377689
0.0646957725347059
0.0886387542304124
0.214121632903928
0.641449868416773
0.333024536000944
2.49225555251916
3.48343967181354
0.745758279599977
0.211251139977555
0.129958043928969
0.236000476950969
0.0455731721892623
0.172759440369925
0.187488872225798
0.483022463249685
0.668842374227888
0.409198709609091
0.61228575144115
0.611179293186795
0.112323399694954
0.0617890776233807
0.0561431277938374
0.0764913305075807
0.60176085357912
0.848489387317176
0.622457153468694
0.353717189427045
0.883906191821239
1.24960416621045
0.564961069020137
0.678311911600292
0.573477949235437
0.454290751336366
0.196627998170242
0.0684412627715778
0.0862941252998365
0.143106521024528
0.0883518761896606
0.281248763054731
0.214005126646629
0.318107827341743
0.801117787081098
0.399334854662999
0.30262635851994
0.40558578342513
0.315926224200142
0.195212707677457
0.152663860884248
0.470603844199765
0.0807414365047952
0.160230789807289
0.331411159423782
0.519946536971213
0.137574938725496
0.279529281108078
0.186851592494638
1.43465526685659
1.62349426636169
1.54972334184048
0.240818668648061
1.35389570169939
1.3672743852895
0.501761507921698
0.0657268496931028
0.0305391500235338
0.0838854110534201
0.035594691269856
0.0145890772309946
0.01075150578728
0.050894605503477
0.680823924028563
0.468744902169758
0.0465823562776018
0.00611597571019159
0.0136974094164015
0.0169702956503478
0.0602470645095933
0.179105344150226
0.25050719066749
0.0995955641777365
0.128059026513771
2.04152768799693
3.82527586892843
1.63704937817784
0.577246210091908
0.0916279898793024
0.0328047165406952
0.028707922410431
0.0291607232108619
0.0400541603141138
0.0262321060419637
0.0259915685108195
0.0268097347079275
0.0185156387613977
0.0279862720967067
0.0401163421084821
0.138216919461896
0.281163566423042
0.541953832238582
0.381567366153951
0.253423894412368
0.120636234355939
0.042158674688757
0.0405950690052167
0.0763165915158575
0.176023442470914
0.293379960516646
0.0988015764345908
0.0744070175595877
0.161545090326128
0.164807117260262
1.47015012605563
1.72439838286829
0.443584264344789
0.15924348472305
0.817283952031947
0.898294498216027
0.224027793522941
0.301905136712017
0.289738347856801
0.482922267990773
0.740600322563856
0.385919989084686
0.220899780569813
0.497808966825211
0.722726615108476
1.04989450640883
0.653295119360726
0.335162669406606
0.367421835464384
1.54634505379856
0.706044062300511
0.0954210260924273
0.029555008901002
0.0223275523643826
0.0435128390475816
0.0834769139568884
0.120206892386673
0.565402722019008
0.414345294307655
0.392015463378735
0.403569376646379
1.40390586714367
2.1242057207831
1.17579840864213
0.239622328527854
0.133811113055463
0.0282721790289808
0.0385460618419557
0.0563095186761542
0.0702315953111841
0.284913834525409
0.606420259645286
0.231077294558704
0.255113045571934
0.101299493022607
0.0995920938453362
0.439989030191413
1.70851837147936
1.49246780330719
0.68669711602634
0.159980084558987
0.077932338341045
0.149356941154197
0.429644131782626
0.444484389122678
0.210906306419138
0.342713428988552
1.88948062056565
6.86648913867053
10.840990262625
2.8284187799035
0.146207526333537
0.0575910911740722
0.0578241242802482
0.117640934622628
0.33720490495298
0.508802891743561
0.193946287115855
1.05430098171209
9.88766716106174
7.95091820503987
2.17364095793418
0.71914146592882
1.06018123669475
0.72269626768525
0.305246184670425
3.44124371775311
3.4643965706027
2.0164840655019
0.618532418722712
0.0310579793160683
0.197370640595246
0.213614607884331
0.0739481674138493
0.0793717148448784
0.11886938914558
0.230499576791498
0.350849297639701
0.327835719263886
0.0496610861501038
0.066360174752882
0.0913998529036187
0.0725019612800121
0.0868212089499415
0.134451186020093
0.0576744721533597
0.027304755604826
0.0251405124561729
0.0719583250324748
0.108530026877831
0.0386567090173092
0.107229033059055
0.0768174404761261
0.0590890085098088
2.30451918157184
1.26777003416734
0.195218923751484
0.170404853303558
0.402851764382002
0.366029032407606
0.10883115508469
0.083745680775088
0.0174074291232475
0.0143880557118414
0.0640610727831644
0.0657534402220415
0.0282053147312976
0.0649675789563627
0.0551922720743372
0.0202163486355786
0.0180150802529402
0.00903889602454347
0.0108050830960601
0.0169706432309485
0.0280334215758054
0.0587456012953008
0.0551041788281924
0.0394491858506842
0.0263679797758236
0.0115508836202111
0.0381980005867527
0.095348311538322
0.0271685536588503
0.0483541896503249
0.0267633979227003
0.0497209863206763
0.0633176520383897
0.737822070937459
1.08159626991222
0.490719764915323
0.557200585534428
0.245836407619526
0.990089402356989
0.0170220582902563
0.0329901375491667
0.0445993535336834
0.0670833571384533
0.0172718906758476
0.00954932698181963
0.0222951483929934
0.10750566998713
0.027195157112135
0.0104128614098304
0.00875560165569395
0.0191831692386946
0.024670973110148
0.0134752299910402
0.0255601481607511
0.0371613595604801
0.0177409769473573
0.0381385865782614
0.121487982025043
0.0559043130750124
0.199531825352633
0.716946481437273
0.0464603637860932
0.0439775651795457
0.0246300682261981
0.0207859410504984
0.0449080256858782
0.0531896521709412
0.012209610782653
0.0182347516479392
0.024153020572915
0.00707815613126337
0.00901781541343338
0.014113574343392
0.0108139096565646
0.026554448831021
0.0301088538699875
0.056238053876463
0.0273851498123951
0.0281409468340082
0.0411869008772892
0.026830821971771
0.0402433694907486
0.0122831096576075
0.030622920703107
0.167346438156538
0.0555451138971655
0.131360741296408
0.183551935460177
0.0489020494580924
0.0885805366022291
0.0848814102376258
0.10539940733498
0.165896059042116
0.0484393014055964
0.0259490865853821
0.0155295738772883
0.0179930873963216
0.0292977353359972
0.0254741793134269
0.0253958748054697
0.0140020066375469
0.0198070867013795
0.00486562104678367
0.00885853688223911
0.0486123215034617
0.0270836754022095
0.0235272204032763
0.123737638895123
0.0743868133392755
0.0360267436107638
0.0171716331155433
0.0199280338445013
0.0256440544528732
0.0445230906950936
0.183255439788818
0.0437744212385629
0.145545239470037
0.0386737051996236
0.017963841872714
0.0138160440090451
0.0223731487029706
0.0508279363374027
0.0462512900384129
0.0273797542550685
0.0370511594924202
0.0157928310892664
0.0242036118112097
0.00685398560175142
0.0201179383681444
0.0313745529310596
0.00467540225202982
0.022707779441177
0.116237016173096
0.00921199752339129
0.0151066973154421
0.010140647833991
0.0217713754292119
0.0157182177188446
0.166636264155497
0.0167630231667385
0.0146915334130414
0.00978270506122309
0.0135444635368932
0.0158498656535439
0.0201603623031079
0.0365055307933858
0.0113536884170851
0.00841557850817161
0.0133623381546943
0.0106784107328741
0.0215582458740957
0.0353167537315435
0.0163180415169288
0.0134553245677307
0.0217445890992947
0.0493747824622789
0.0695496742063669
0.0698340008467806
0.243129761150607
0.0482203986262384
0.0502105208551008
0.0175971308904229
0.0384362355267431
0.053755153960935
0.0218501062134279
0.0158351101488741
0.0207822955791701
0.0104129569554864
0.0233441354461554
0.0353708202236832
0.0347026598299496
0.0372577352334856
0.0821030115732039
0.0587377279876469
0.109911535085475
0.0307791444920455
0.0305613049417192
0.00714388075434503
0.00789166374224678
0.00930528998768011
0.0356004235632296
0.168754451863404
0.116348856444336
0.0151884595482718
0.0264946321404459
0.0293207436563728
0.0207675057455216
0.0143157813832632
0.0167781994929554
0.106246945872436
0.0472637328828252
0.0199896219979005
0.0274642003391298
0.0565899513380816
0.0489532326232152
0.0332961965310149
0.0450802375079673
0.0209463472937132
0.013806248563545
0.0157162125292619
0.0105486824828697
0.00804530529393965
0.0115166255694982
0.0373725746381729
0.0734559122801464
0.0386293553735386
0.0393602464504199
0.0433501238420867
0.0434053813554295
0.0201562760619306
0.00817443961764059
0.00731165077104117
0.0123326070611943
0.0237077848810404
0.0725584947749992
0.0281317866515053
0.0288274340843592
0.0378097910845537
0.0332640482296726
0.0624237882809768
0.0265627231382685
0.0567277160617589
0.0159559339190214
0.0419294432188531
0.0588484711318082
0.0955455723860866
0.068243686108425
0.0296397236691296
0.175005170105045
0.161927795304349
0.055064556630337
0.0560276133535181
0.227723359559523
0.0457421281262173
0.0204058228083667
0.0235993459267748
0.0623747429538053
0.199995999234783
0.040141750194847
0.00687188046424812
0.00785357972940892
0.0136850189876868
0.0427971516037993
0.0739164495609652
0.123514906335292
0.0423941148256069
0.135100317282457
0.0734248605161731
0.0858958267172167
0.220946791634523
0.0685341301191837
0.106444330428945
0.135486092474053
0.109177058426426
0.230608847197915
0.0144119172350069
0.0766657154363745
0.0457627780131363
0.0188256009950168
0.041083379770841
0.0219689457445814
0.0424039088959818
0.0428132752450316
0.0366822032385482
0.0282701638930633
0.0116152173392191
0.00948746435266745
0.00618081520929465
0.0990629731323811
0.423486814839305
0.0207600359143617
0.0734532094023575
0.126857374565948
0.478498222953261
0.576980028956287
0.38397603077102
0.452840683906185
0.908865484978969
0.125368425996967
0.123782942001626
0.0666242483283636
0.0386166780441933
0.0155276634626051
0.0422422591677443
0.0235267094207581
0.0202661482516625
0.0318897602385643
0.117639640029385
0.0667579715515179
0.100016222705051
0.326332797425424
0.311263049718558
0.489846345428819
0.34364396913958
0.0372702744702371
0.0494212851700924
0.0204946312454977
0.0192910381132249
0.0166850746590995
0.022272455157182
0.0699340249683269
0.0554071334227569
0.0394143846295724
0.0922603418639893
0.134165285528726
0.0395310973728796
0.0353068225235074
0.0619125893443271
0.137174213567639
0.133531548423947
0.0248293538053845
0.0409959341582851
0.295758170487011
0.0490409387221432
0.364177108003808
0.0193996890537628
0.0318385660894408
0.127359390123495
0.0136022880573242
