0.207093804919935
0.243196463473615
0.203761229367136
0.318510787445582
0.232780472053983
0.218828644106784
0.342594068263574
0.357130100431274
0.229483522303824
0.137533905530388
0.134668842392716
0.112370744667029
0.0971313025273991
0.0715263043694859
0.255597669894084
0.252605353330018
0.105386940561633
0.0741393753029328
0.110337540728837
0.102516869417117
0.120148782675295
0.096582404443835
0.0793267367946786
0.263808296125109
0.357496451620988
0.14899764908259
0.0943433645507327
0.143571136601808
0.180278933892498
0.209039214647486
0.163965683894593
0.10088422022284
0.0761167396286899
0.0792667674609222
0.108319773672891
0.110926897977481
0.168609091055871
0.17447993760732
0.0916795535799785
0.0779917419578353
0.0789520191997478
0.228170519944919
0.484464474312606
0.382268008161986
0.123224987916051
0.0890325202224682
0.194048118016626
0.275014300405324
0.164599677352341
0.076056356400682
0.0698170932265675
0.0625103091701972
0.131713835072783
0.172934777087831
0.0972123073746722
0.177750556536728
0.370954714853589
0.280966710521007
0.174138125472658
0.272098975014039
0.250924962558994
0.0803850670230243
0.107240462804974
0.0993807675515646
0.0821764290567191
0.47278730291147
0.684312295415948
0.771677715600314
0.927419370572123
0.837204551049548
0.338585094697125
0.0791248137993183
0.102551840012938
0.0779522836683432
0.0923148386151585
0.0785784997023614
0.0538512417460837
0.0539090066186742
0.0614733669720958
0.110081857898273
0.130112013411406
0.087191522468058
0.065578100343261
0.0589922566004913
0.0619567747043628
0.0430774198095135
0.0982063600841284
0.159714822247013
0.165122028117654
0.107979986798648
0.0801590475514559
0.0770198672322363
0.227235993905685
0.323698295136031
0.188637599404026
0.256812853859558
0.403925184526765
0.160473304508953
0.0898733700697266
0.088235650953824
0.0485875995978077
0.0470194156949854
0.0421423654107461
0.0632945316452026
0.0870086086539991
0.262491763071897
0.459962238948172
0.232895675042229
0.089691306099996
0.0948182348853419
0.0686197618546611
0.0640176890479292
0.0536256544946897
0.0713957833656452
0.0901524485677867
0.0914418102791641
0.081074948589562
0.102611532166034
0.12837516695987
0.0855191629550294
0.0884476282803161
0.07953970068689
0.0632798432281273
0.106536379296382
0.179120372136276
0.222198838420208
0.405902803032633
0.461450127538864
0.281092358291896
0.226720945306491
0.161134373306662
0.191795724439752
0.227330289141947
0.234431978036353
0.19434986632978
0.214227317812005
0.182285852505073
0.155093174453184
0.108969415837729
0.207945904257246
0.177563675077573
0.0847101019659911
0.171222916991393
0.281065854315344
0.333509416529314
0.248423350839513
0.181011919119328
0.215777676440619
0.202690740690747
0.208690868537804
0.220460006222995
0.126583558454625
0.487622112633554
0.547407839389621
0.258496449745668
0.252189442713181
0.168952504976353
0.148431255035605
0.152623811420064
0.144494830699741
0.105869737172764
0.0683128254945251
0.0628926548293293
0.0982543137263162
0.316938252127809
0.350505795648452
0.179416447698916
0.148610929969069
0.171966124726939
0.0624978530623975
0.111900836862931
0.191999569634076
0.133369459766948
0.141923840059849
0.112006229887705
0.0832213529841116
0.0978623684307226
0.0871010717664218
0.055576934107673
0.0731087588473543
0.19555239647857
0.2769012238365
0.251704739042373
0.260005343099869
0.180783563012144
0.344896603749283
0.320276473468495
0.134646712118025
0.179351401790618
0.146680785913954
0.139304095038806
0.130982119174149
0.113173779040128
0.0455567572185729
0.105802927049457
0.146362777935547
0.0721964124125679
0.0784856971029996
0.0470736516334886
0.051285816811027
0.0833273935402117
0.0870360293745815
0.0650370812033883
0.0955474211511599
0.543567594407661
0.681742629371743
0.28282658024123
0.16892451783174
0.148904955664208
0.473487359893917
0.547078729182629
0.267673417414165
0.15600347968068
0.122629742934613
0.0551380737450329
0.0537907987472731
0.0268123424449612
0.0615645580010179
0.132946615090014
0.160896426922653
0.0983447553268422
0.0921252298923913
0.0663806866376353
0.0584207742873504
0.0752704947095295
0.114834353987472
0.182116504047584
0.150833022779071
0.103291286300225
0.10021356943438
0.0893766487093314
0.0753157591537439
0.0655023832991257
0.128311068299995
0.140082921895588
0.175184616537382
0.0882202082836338
0.0710761472300079
0.0564567853666769
0.0629571247544663
0.0770204979913827
0.0768906541468403
0.121678161496614
0.133435287855665
0.119333059387535
0.135514784963768
0.136687733876552
0.0813748870753568
0.0610038351082362
0.0859211125390233
0.0777392353905777
0.113165348621946
0.119449977013858
0.180735603786502
0.267428626331741
0.275145035559862
0.11235885022279
0.171606891571871
0.18962790883421
0.180444751390898
0.139178154158393
0.106721099959825
0.100807760693349
0.191116989677178
0.387427346884062
0.28409583237191
0.379483469343904
0.5110370222473
0.897549941643472
0.270191583603368
0.216216716150535
0.342316828152754
0.177271392680577
0.178999983015957
0.0737393317504257
0.0981012996491969
0.179760835172003
0.153109371800769
0.162647726323769
0.12257843666932
0.108287975068266
0.100551108690249
0.083201622488256
0.0750054936044333
0.0576815347885358
0.0615098654879173
0.0690643450947909
0.0684210557764242
0.100535799635307
0.0695283780988203
0.0917391149633308
0.0859926428063924
0.0955301765246351
0.109367418807187
0.112480049194488
0.122515341120696
0.123294359123525
0.04445375980019
0.0981033064300214
0.0916403329238738
0.097821860356309
0.0614967403458872
0.185573908652024
0.303507927075608
0.193042431906903
0.119539564909457
0.0642920199468293
0.057344282024756
0.0773936822894707
0.132938361064233
0.141815392450739
0.115841216734012
0.139341634773045
0.137247618269487
0.13203728493761
0.110047140450992
0.0704829883611055
0.0489789626873085
0.096308842647373
0.133605433494016
0.0884600329235934
0.0739345892484149
0.0934640581430008
0.116625247813709
0.083797835900179
0.0840827289507398
0.103162068398157
0.0989192982330903
0.0733889922692792
0.0962429036033998
0.0799844350084294
0.0545291960159088
0.043391087529299
0.0357644033481692
0.0302450257426911
0.12623041984366
0.0597947558667416
0.0748169359990375
0.0623567682551148
0.0722526034659909
0.103715056948513
0.104666765376366
0.0937021368958956
0.0654167482158178
0.0892370846987725
0.0843525628701348
0.0696755878011301
0.0581889277553979
0.0663885754882059
0.0757082018443915
0.102461823664165
0.0949528131626571
0.110541645876129
0.0803067237535332
0.0652986753621581
0.0687548625177907
0.0950827576171005
0.0913451906485917
0.196548949460486
0.118602336405332
0.0954133131416538
0.0552542761142526
0.159320055597065
0.0765898326351152
0.0747923060045685
0.065148050101986
0.0792944148232533
0.108173171207833
0.11096573548974
0.0917272027304358
0.0909861383867333
0.073401877890724
0.0804333051803073
0.0442728964054295
0.0841720139318948
0.0494886427601037
0.0832887960520406
0.101933989873214
0.0787733791616852
0.0852164942992951
0.0550802231329605
0.0474444761859551
0.0538485003412411
0.0462656467355376
0.0447862053287562
0.0504423023258584
0.0611519803825671
0.100662662147544
0.151199648853031
0.0495611338112855
0.0370076412075792
0.0421334436091138
0.048465182650949
0.057862172295845
0.0557169894733362
0.0623202525462302
0.0637453713634178
0.0685981374687747
0.0545398657619245
0.0382873188247142
0.057738317878966
0.0713082015895016
0.0670713343031422
0.0578108740779904
0.0545000961229812
0.0253309462237007
0.0354059971460633
0.0455894225408944
0.042086101510904
0.0282045308257612
0.0371023602827471
0.0410855376475175
0.0632345698243412
0.0490659064370567
0.0400126128103032
0.0759616703305472
0.0830357272560872
0.074030835595273
0.10818484726124
0.103488905661056
0.0764636708496279
0.170184966082682
0.0467405544854487
0.0361723692842785
0.0644235847332501
0.0584747945963827
0.0460938731866552
0.0315212954296413
0.0500532844733387
0.0528331424833534
0.0232000539157914
0.0368861327438877
0.0487020541300212
0.0581609072877394
0.0623613022693789
0.0687756249355825
0.0629339216688072
0.0698698612262324
0.0550585620092662
0.0623982199083096
0.0555532043520431
0.0502924481078588
0.0478628681380312
0.0547133165482854
0.0465523601921771
0.0413531368542638
0.0872907777735916
0.0435156943495723
0.0284794891727703
0.0338209676855785
0.0695668561447164
0.0820732982420014
0.0536936752867919
0.0255991836867763
0.0243296452958264
0.0325180843814282
0.0527231261882438
0.048744862775085
0.0902239181411508
0.0904945894961372
0.0809189028842749
0.0664508235109621
0.0616878403129175
0.0946409691599575
0.0762652751516595
0.040851095005054
0.0668660536356106
0.0643288541130003
0.0690392694596719
0.099461891250456
0.123834250876273
0.0903780941153831
0.0370526467503134
0.0620844804104725
0.057427934821449
0.0592336661344701
0.0754140882857914
0.0748770520707106
0.0400120368325344
0.100600981677927
0.111944503832466
0.0902702261512392
0.0724717041407009
0.0794096050254679
0.0985093296112111
0.0390495130775148
0.0674369750020128
0.0228176270109054
0.0389820917527703
0.0386013601620339
0.0232463481193781
0.0538732517417359
0.0505885268394858
0.0309065146063411
0.0517791300642471
0.0456594604442019
0.055587019836929
0.0325001823921908
0.0561790739619023
0.0411643309335102
0.04663092899757
0.0485658409318978
0.0526816918666493
0.0448139540265542
0.0276085081495918
0.0507320664806674
0.0570893208831976
0.0604632442522634
0.0627787121950336
0.0387049654655029
0.0401361702996207
0.0531244652010988
0.0525483595816081
0.0423090121866165
0.0477022557983825
0.0617301215103081
0.0443436683155522
0.0446042171593819
0.0845938091446298
0.0859048066546796
0.0727157229419877
0.128875105779846
0.0430509015847966
0.0369411834252754
0.0412935036072253
0.0341877018781083
0.0596329781644518
0.0499806394894024
0.046387253965448
0.0567941384063368
0.0687586641958158
0.0569154835451772
0.0365038275258784
0.0392737938412411
0.0367477569410185
0.0388415636502098
0.0587678273029538
0.0545525421068993
0.0371053947340104
0.0395046901326435
0.0732477623554287
0.0698195060701002
0.0409664997138893
0.0537489905598521
0.068552326056362
0.0644224253251995
0.0480023715824812
0.0372500434236346
0.0882445821935827
0.190630799334425
0.180279175556242
0.114758045288355
0.0695342565737296
0.0526489761071793
0.0577346731078441
0.0802486165320883
0.0839835624533281
0.0686766748803207
0.0516639037339891
0.0827432550663258
0.0828159586993671
0.0806063952904176
0.0417687418727866
0.0573804853628636
0.0780455612482649
0.0950165809239251
0.0719653954907718
0.0697416120114315
0.115708454411711
0.11180955842162
0.0679243081233283
0.065242360346121
0.0638710813792819
0.0512078299852491
0.0631626976894015
0.0874291404128091
0.0964320236316125
0.0934759125245383
0.0426589490821266
0.0412245731559976
0.0607036910765965
0.0408563351447834
0.0280227596664089
0.0250261069718696
0.0390505515694218
0.0774864830171671
0.063369177510014
0.0420860309966003
0.0414871291787126
0.0401945641436862
0.0456625084423709
0.0411941664073852
0.0338950331619136
0.0380121572572976
0.0574208550771658
0.0453906010779926
0.0416001998521722
0.0465250984239694
0.0526987964728826
0.0572195560142806
0.0560696007693113
0.0441534433677835
0.0385624003812916
0.0288253338922028
0.0349775703451653
0.0343348783617679
0.0679925859858745
0.0343664687287513
0.0342795213147143
0.0282408128952754
0.0228627193775502
0.039401960543165
0.0351678938879067
0.0520580918467004
0.0633154926499003
0.050768705989195
0.0686620753038098
0.106289784052552
0.0833092380909879
0.107190950574854
0.103066048777227
0.0531654864260431
0.0612062850758895
0.063378689089759
0.0746747316692841
0.0363074939349581
0.0510497037491618
0.0449779962206003
0.0442069233480628
0.0440500546811783
0.0568164356724302
0.0513690076474299
0.0716204284138525
0.0557810497931082
0.0684687061076959
0.0847556235612735
0.0943715316473754
0.188910322262121
0.244167341780288
0.145505340207231
0.0907881577527318
0.0472070249495968
0.0579814326482318
0.0745648319415191
0.0473143629239736
0.0453465203760353
0.0602267416606841
0.0430966417340917
0.0314876835769584
0.0338548419283769
0.0465796106883654
0.0431959260161256
0.0536047873133512
0.0364794956463776
0.0803387223351202
0.0496327461497129
0.0446801156656044
0.0430785504798929
0.060308344391407
0.0644913022467476
0.0629087224148586
0.0556506091704516
0.0490396868016355
0.0522199666836373
0.0365629166426417
0.0432403480962438
0.057296958857111
0.0369407818172251
0.065447049198349
0.0813418144876666
0.0442577782304747
0.0390785675312851
0.0454622985255912
0.0462178077602615
0.0452051882469609
0.0433140432806066
0.0194153323320906
0.038589109123124
0.0343903773319408
0.0249068788231194
0.0367342944216086
0.0380192738856178
0.045089171054878
0.0628353061750906
0.0509747507162416
0.134907396593102
0.03926478192093
0.0441519232696128
0.0440280597982017
0.0784774047789044
0.0789780695688265
