0.332100849094561
0.402316916676786
0.358977158899173
0.371403393683191
0.252421665020725
0.337819646987191
0.544643280838538
0.502370348076679
0.372772096934111
0.442574431919956
0.431013421803335
0.352271154149457
0.535115004919007
0.459133536958807
0.327439696557586
0.477325614389904
0.407636684634724
0.269281691161492
0.358619656678951
0.403818600428635
0.300189868297867
0.303285446542011
0.314614109283911
0.409118329612199
0.41608491421759
0.360763377616829
0.393123542754149
0.474472051981526
0.509758970967983
0.358428125671717
0.286335742409029
0.369890959734258
0.508963322247601
0.530100704524265
0.576110094128768
0.524185131646451
0.434984663525358
0.483471720404269
0.341892599149133
0.499310146449203
0.573343273508874
0.485404578274506
0.517745167761903
0.657610143767897
0.576274613144167
0.4765947198937
0.605529702707191
0.532123478803918
0.537091675938467
0.549883634484248
0.69568916436797
0.678571741778184
0.677944760134175
0.698834432273683
0.765337094369711
0.638092950634852
0.690177337391901
0.736431309406817
0.685521752421969
0.708113336142952
0.599564680178734
0.467854602994372
0.825191635660919
1.24682838230513
1.01391253234543
0.540649063375963
0.521055227985801
0.491402432048849
0.481628303623539
0.825497215708829
0.633592000566937
0.922718425052341
0.799472399440279
0.441604807938655
0.657255027942428
1.00121928232243
1.15114901983761
0.790673339103258
0.554231194092685
0.916244235962872
0.549685067731953
0.489475651544087
0.367801079985393
0.359499068895007
0.526675490937225
0.379949058430919
0.500104018630351
0.533050297356059
1.26894756629835
1.27119282857074
0.544308059408994
0.549215092977521
0.922782627207214
1.48086807964008
2.35302986461502
2.00814934280033
0.694804732945045
0.474255062781858
1.40406440861151
1.59218736863646
0.968027696774097
0.929888675574905
1.34483581839852
1.32506084811153
0.733497271116867
0.439759992014127
0.516374721019753
0.579201441418387
0.911149222157377
1.07838964926286
0.88114517232038
0.467802363585254
0.563903749952571
0.624763740028352
0.400268912817861
0.491526625398613
0.823285140205826
0.915854015536834
0.645144889808143
0.758057836153086
0.860727677837951
0.692963649788816
0.671933257697877
0.642908906975356
0.547500390504571
1.00177472742781
1.15414975329605
0.653178522065693
0.479915605244142
0.524580142810827
0.642354185094855
0.557635652925104
0.685200135936607
0.659289083426061
0.326825715219562
0.500746497431468
0.862645811703159
0.97524588511622
0.767051308584856
0.586171430769023
0.734569498788429
1.5667597454713
2.7718913384485
2.54069987971222
1.6410387911989
1.2221146902555
0.594772168475513
0.638838542000992
0.557589516774597
0.484427718755779
0.705045816297648
0.846897002124976
0.677375218569957
0.765872813958889
0.690243631036978
0.4596368396523
0.659988031287162
0.488757600634901
0.648733106285529
0.702274283188867
1.01175365153298
1.07573484126529
0.507637311961102
0.42453779395877
0.414527507554728
1.30953092286849
0.574348851770204
0.660542570823017
0.695917386876795
1.04730602247619
0.631311561099126
0.860166734943152
1.62960992915672
2.27592016726339
2.23166437764745
1.62157012299109
0.914677121674836
0.917804315576596
0.679232907392382
0.700776646997757
0.638452262801134
0.532519581775972
0.45546170476261
0.679595169980594
0.647848812513727
0.626337372713059
0.572379113953108
0.49807687976624
0.678569103054465
0.630014024601578
0.620532976783837
0.640183228075295
0.6336393751733
0.68021863289326
0.793094089802537
0.601048220036294
0.485737533981488
0.573608627583279
1.09033779775728
1.19609200082383
0.928454306785375
2.6967073231866
4.62021218475222
2.00350851125785
1.77209758871016
2.19749071257881
1.66853832528799
1.24119626315009
1.00048683430708
1.09397303195998
2.13523079772131
1.93702829931254
1.41176615305959
0.728541947678079
0.892833095829807
1.42917719870249
1.0616400370045
0.60115725717671
0.542893016323006
0.413361067847691
0.488270322200836
0.561927256393141
0.466681991024765
0.5523496257138
1.07870905161775
1.28742378687872
0.795766682499441
0.544315100175733
0.610888887050538
0.680682406239618
1.0252686339109
1.72100754994857
0.721673978926549
0.803426650834396
0.912525811150212
0.663485280480755
0.672628846063039
1.08745773723878
1.09870593854257
0.609697580651734
0.689005318667359
0.776210627302578
0.597049445934779
0.568462375059886
0.74816026371603
0.541348071074967
0.391601901969738
0.396550028611905
0.428381021993804
0.437534112551044
0.427080540987811
0.546831937491283
0.989827117424304
0.652122327587147
4.50773762603745
6.47932504724329
2.57542232778893
0.970113548116899
0.528756851950717
0.884687469905306
1.26518104143695
0.875114694582214
1.08076434949708
0.560045027312807
0.425748878328021
1.3441558573434
1.57180610900485
1.27369318695877
2.18531351626739
2.49970444213382
1.04850602045848
1.73601204931866
2.35674087354345
1.57225314967649
1.02588029821425
0.991966689083572
1.2135225042804
1.17242881716995
0.924779235501177
0.654365141661215
0.337010814204655
0.526222964993229
0.723896214315606
0.484000347062306
0.572883641833173
0.845013253701403
1.7966012717153
0.931991100723006
0.929342862773857
0.358349773569031
0.378544222445447
0.526066487048129
0.615170225097722
0.910960617353638
0.918653952312224
0.728784988528553
0.90794918129791
1.06781140554284
0.373131432274233
0.96810107121043
1.28791309072977
1.1998740287886
0.959227798880023
1.24857757232455
2.057766375513
2.60680806262239
1.96169327058299
1.27451757536364
2.14112803394716
0.859816466681433
0.510201780016881
0.50098686888049
0.506714996708669
0.647552304171
0.562865873511752
0.704711103372336
0.61437119243373
0.501957566768954
0.990159924999222
0.644934060268095
1.34311395935903
2.63064270860988
1.12613674950257
0.352945546144955
0.468580694245987
0.874531183887009
1.14534971882641
0.871761760123792
0.689495481619719
0.813013582113613
0.628041184902024
0.614545497502534
0.646181561353563
0.782995895249419
0.96576049026665
1.07947114282526
0.679464323416441
0.767118760658088
0.570309303808656
0.515554136560061
0.459607070016561
0.524216753152144
0.665025437192991
0.591970608856778
0.446784880314
0.705861458838387
0.701685315424409
0.640053746595873
0.422500945129278
0.481581509650683
0.63008050420403
1.26784831326266
1.52275895572131
1.00428674810328
0.736388606253399
0.581667737748734
0.449210305188971
0.480750698939701
0.580720189966262
0.455551027762902
0.978667074770685
1.24382299805442
1.29742912695573
0.720798541541261
0.48288784922524
0.891323979073695
0.832749716037326
0.526626383668308
1.16423325591432
1.35514127251707
2.4483908726045
4.10045518578525
2.08251710299204
0.820098842218309
0.968514774314667
0.495568683117023
0.915902455834355
1.54460842322348
1.00681389966763
0.882358656710064
0.349074569135603
0.421042654537963
0.541675317488448
1.07995016687416
1.24175681859658
1.65934760922944
1.6146127886488
0.638522601755371
0.46997253866527
0.653146971866811
0.635514752548569
0.423704713149172
0.463780900874706
0.664189787946919
0.524253120643742
0.524093358462476
0.621401667051674
0.534640112606575
0.512959836067989
0.46247795978528
0.480237589450992
0.620825260336009
0.823041307714431
0.825878249453668
0.468463493993058
0.598270203902732
0.594936744376468
0.469382799988707
0.659732922416239
0.619368143943871
0.511334782659882
0.330908416445647
0.402150502468142
0.647873894009669
0.795096258012192
0.36558668078498
0.468892395981778
0.329694228341413
0.448627241343549
0.597957474121192
0.376495255057221
0.627617548108797
0.778238449806561
0.76911855757189
0.672286708369777
1.14522739192722
0.833301556997111
0.603229119820254
0.821769826194325
0.951068158218684
0.983466611904289
0.990517790845018
0.658235119272163
0.543170766916154
0.554516514669384
0.472660125712635
0.785062806052341
1.03225757939441
0.757013589895811
1.2630028094726
0.701844798220161
0.441046764810208
0.589502380097786
0.695014894470445
0.636285600402633
0.406577539885435
0.342515208929709
0.573815878965003
0.883222957548087
0.883059087662629
4.10425026031318
8.27085244082721
0.890351646601418
3.33612582958575
10.2970252747384
3.59598351689922
0.373604479672583
0.614287567274817
0.741383803923623
0.495272038066768
0.448319846580607
0.302931747145251
0.428428132897908
0.452109492662191
0.490356417133402
0.823079046944913
0.401738796391195
0.599720323493935
0.809246649071272
0.621850483193952
0.545012698512258
0.678343912993882
0.663732373259419
0.639255075495573
0.642425557120412
0.492415157116809
0.425517098914413
0.689194020406302
0.818101816362891
0.783019518550318
0.468592408102666
0.44110043936624
0.715260377916786
1.29365118608882
7.36249201959
0.665910193530474
4.39506076993773
1.30750058865133
2.29333638063073
1.03607293977418
0.935651259769453
0.615818047699849
1.45341153638543
0.984523952072185
0.382180263105638
0.524174872305601
0.416077944057835
0.608571146606981
0.466754938518046
0.405690933884891
0.386771091153426
0.383497934185545
0.539829301704894
0.464438665637291
0.615154177173265
0.614125628328385
0.421737127754473
0.58236917908038
0.443953941106819
0.550394889758343
0.361917720461524
0.343377227197273
0.636601365887709
0.809252637895653
0.486128790443194
0.379806006068339
0.474302412650321
0.508430606653876
0.277518169010326
0.222264805746728
0.409532821597321
0.389046807641818
0.362651158598312
0.549655288159661
0.459384821483075
0.553219434725118
1.24579666951081
1.13074208359914
0.399611240414558
0.29651173816578
0.39314692652117
0.97480382873122
0.947901624849876
0.509862990857007
0.362571091798398
0.646193192186444
0.549653955470812
0.507623457819934
0.4441125864078
0.45477108122665
0.427464301575512
0.572393367696723
0.500839010394997
0.31352486249097
0.312857639452316
0.36217757081177
0.501015622865343
0.315304906596641
0.352241948272554
0.319268029780882
0.421611336890843
0.598762109016868
0.568300900653509
0.447665985934981
0.271860112511315
0.427564035032378
1.13980627349021
0.946144639651272
0.343195346120788
0.536178979273688
0.917248793670599
0.60402096615518
0.511224705857224
0.624808036443054
0.806413183627551
0.350508608572917
0.355125282829345
0.341968127481036
0.560040627380083
0.843331211703639
0.35193081510699
0.330371885344791
0.250327957013867
0.438728560430143
0.488473695121
0.345715666608359
0.202673814984333
0.375208482604231
0.502661386537935
0.623987667676342
0.625730624783592
0.938017452612979
0.651609337428343
0.446875739067106
0.754956175279077
0.415974085324007
0.806713785353905
1.2769231641183
1.29460594459695
0.509346254494532
0.469339339068085
0.381603373299928
0.537581885302698
0.495150612779598
0.477204688855365
0.410902571550929
0.322876022697279
0.641397491165919
0.763085293810207
0.846929175719424
0.608020090248844
0.416770559506075
0.571032088102048
0.398038182458002
0.465222530881313
0.430035066165724
0.549041458193713
0.5227826630421
0.69452070320503
0.516490241337143
0.515517781870326
0.773854109881921
0.87381866395255
0.684593716764933
0.813071949127757
0.845706651598466
0.732906931607492
0.716109562456184
0.64342652588526
1.08891608347714
0.602651605557611
0.619198495150296
0.742188054411969
0.722534422637953
1.04067782049917
0.861481206584768
0.411764256470203
0.362016522046859
0.512433028729011
1.09834511937894
1.29545182108658
0.820995752268943
1.74054616468766
3.31373451323947
3.06018410815801
3.51217384494397
5.13096705947693
0.597453485640439
1.37486301517754
6.7426473262634
0.916597709807023
0.551209821552781
0.826436567021878
0.527841446564265
0.940243214535644
1.2863206599259
0.588056469662123
10.4228240327691
3.79586149887015
1.61081058213278
0.813982036827908
0.414112505029305
0.425964752425696
0.870342504940606
0.628234927806566
0.443052189379709
0.522758972703868
0.763364280421298
0.441689824145946
3.13409814798352
1.24058950099783
7.71411854331953
1.81362581742141
1.33852263514806
3.05828506303482
1.60204050247706
1.97926214454565
1.44538403426419
1.4562794518782
0.759269801173425
0.376009781351091
0.411312752355159
0.412891631724681
0.34411681552828
0.541122078235937
0.463103512683731
0.48457022771143
0.310334148065521
0.399106988671095
0.657548939852149
0.46786950065633
0.58275759211038
0.652960399641195
0.587941840826537
0.286547641884521
0.334322050407246
0.397308869029197
0.374084880164546
0.806858991752042
0.956414278136537
1.59083104932994
2.23857225036864
4.82277756467321
1.61827345053658
0.66381949143198
1.10963475756778
2.02081581059956
0.580284774918579
0.614372870045061
0.783765074052638
0.438070912169241
0.618750661798246
0.503998482453994
0.401551118815681
1.24296302714812
2.7178292593722
4.14897666740854
2.33256160717366
1.54167390100542
1.05952889519016
1.20648617982318
0.856020435105436
0.442146658751392
0.485428885541124
0.710418722700005
0.286815836031937
0.252322815181564
0.279589384082621
0.298160275655733
0.226982422300347
0.359852541995217
0.511016342034939
0.602199532336074
1.63046939814479
1.70781148120135
0.920809497649021
0.635496535153973
0.480052294356821
0.458339285388876
0.57005396223795
0.580197265551777
0.209333765258977
0.186825140208644
0.598707600224238
0.770438991827486
0.248077349784669
1.26963201120739
2.48939104881664
1.21392357942943
0.5977707866541
1.21261209039927
2.49188514158928
4.145094493048
3.26091792284625
4.62905680552464
1.68354829728629
0.42821056010069
0.451129550045869
0.323380305165804
0.442725909557412
0.473984473746638
0.314256620709014
0.332557469462951
0.304202337206337
0.282256961178937
0.247534131321932
0.382204777442466
0.423175088526955
0.365591528990802
0.933931810989727
0.955202998371192
0.32439869527072
0.184570132583083
0.26688989276595
0.36370765736917
0.522002746108651
0.297519108218692
0.470687695752938
0.578132246676727
0.251848813438376
0.835489235452316
1.39866275756373
1.23867232766012
0.640662292995721
0.642010277251442
1.39740337403814
0.542328851820448
0.346735336756689
0.488345357802288
0.507924059678115
0.321223295310737
