0.0012600158681199
0.00109321813877523
0.000938885993342128
0.000981340550437617
0.00109805344266743
0.000883483317487154
0.00101442073190155
0.00089285574856872
0.000932075846887094
0.000864946742440991
0.000924554970044137
0.000920524575934938
0.0010235300442077
0.00118387722828147
0.000920816177210894
0.000979289817205216
0.00108270806557283
0.00123057533734819
0.00135555275520668
0.00114937173456072
0.000904939415070221
0.000895784183958272
0.00087475951685847
0.00106523723411811
0.00153713080047736
0.00108774037733132
0.00121473880971597
0.00176738514134548
0.00122070337569076
0.00111863176486289
0.00107310113456092
0.00160878037336397
0.00104592818902122
0.000885541259987185
0.000979718925904292
0.000951401700966866
0.0010153463898786
0.000980878765502907
0.000915494872865903
0.0011090152532695
0.00115874078451588
0.000861394846632639
0.000987551928717039
0.000988703258491819
0.000954211663793139
0.00093613307079747
0.000917195667334603
0.000843367439938832
0.000852284089829851
0.00095790360360509
0.00119101109668328
0.000903223069995026
0.000919281261828004
0.000794465023382445
0.000968869930099144
0.0010208290529155
0.000872736369222622
0.00133548377531681
0.000945403593257867
0.000922470523976723
0.000967692150704759
0.000943489309202098
0.00101827325483542
0.00161626279371356
0.00116650176764591
0.00104697761135989
0.000959673381796669
0.000975117176065327
0.000906108687670785
0.000949096856086555
0.000853457915939849
0.000870172295268784
0.000957194133093443
0.000958265867324899
0.000817142240009696
0.000879694076935699
0.00103027418751676
0.00121497221668458
0.00107109227449118
0.00105733048836014
0.000941189607909572
0.00146807913382987
0.00155428756783293
0.00244567256297735
0.00121931868247336
0.0011264667291305
0.00111657650767423
0.000932534627000495
0.000985668972782166
0.000829570356946052
0.000890395976717201
0.000879793026173625
0.000928777283624563
0.00097017607638872
0.00084103227479977
0.000888766828212418
0.000842525074551001
0.000892037238021369
0.000840624296669788
0.000836785009564756
0.000787568591550842
0.000842681952641669
0.000842175739400339
0.000910772444289442
0.000963296859890391
0.000892603542721014
0.00083321098089936
0.000926382165654137
0.00121525211160774
0.00101885398038654
0.00111979635443914
0.00110013176842598
0.000978035213444115
0.000986541203458566
0.000943869152265729
0.000808425176618117
0.000979053565166149
0.000947689235275481
0.000948312765770051
0.000877355861636836
0.000873513715217064
0.00088577304044295
0.00100326053046571
0.00102337280412223
0.000935225118633385
0.000938552720143849
0.00093082296393049
0.000911460345890266
0.00109229715173863
0.00148320757010049
0.00146022700775153
0.00102131288492567
0.00126549783066975
0.00112305135832302
0.000962943838687034
0.000866015785192529
0.000909602872538394
0.000987473641813761
0.00106190812356051
0.000853988872872603
0.00083260062905188
0.000928748837232677
0.000951878055039733
0.000973472299612708
0.00109389641049561
0.000959918286576526
0.00109105647324939
0.00120796984717581
0.000977282707022598
0.00103473790376718
0.00109868985899638
0.000901564274241055
0.000945553036615076
0.000928633668011067
0.000887736861082574
0.000866601520165496
0.000996779525084382
0.000949700474812329
0.000918441749236559
0.0661296689990238
0.0887454297772894
0.091983275181946
0.00347920704204476
0.00164746666145565
0.0013835921163449
0.0010337541424739
0.00090940142430538
0.00100127813274648
0.000966497970512753
0.000870050097884139
0.00108083217773404
0.000899576433847669
0.000918474480253699
0.000969764325974817
0.000844635248004725
0.00102127057641119
0.00104583792059076
0.00115474987444811
0.00203707538564427
0.00226063806247239
0.00128477409895439
0.00095591894412543
0.000863019800725205
0.000902691071871496
0.000855203303598319
0.000875402439010521
0.00088806917529798
0.000846958423028143
0.000872814500553053
0.000867542013935926
0.000904761106703084
0.000847216890161126
0.000918229007964673
0.000869805702158006
0.000941317036107544
0.001240163350979
0.00125361114424565
0.000834681224758915
0.00113083165913667
0.000991390850020133
0.000893816796331714
0.000995676743543626
0.000997282566768912
0.000933707894443446
0.000847407489979477
0.000862053144506979
0.000914437826920851
0.000873878224597995
0.000820298865976771
0.000938805985582602
0.000879380068890001
0.000927896604383929
0.00100181192244763
0.00105466572559379
0.00141741945334836
0.00168954278939823
0.00176454154154891
0.00172359503824442
0.00150434963704466
0.00118584088450805
0.00175525597728373
0.00106761479006641
0.00100794322079713
0.00103101974889706
0.000873435460746936
0.000962159467158872
0.000883640350411824
0.000992913244265229
0.000966678226516868
0.00099029009627375
0.000894719296677813
0.000854729795750982
0.000978728410603072
0.000814899230026553
0.00100642104989353
0.00115219108646261
0.00192025956845195
0.00119446502964355
0.00201976372520245
0.00226594442794403
0.00101618130946584
0.00126878646537652
0.00110875505556242
0.00104173598274984
0.000916107776633984
0.00101029649404706
0.00101506349218549
0.000992803364175394
0.0014053043454057
0.0012988051572085
0.00161356113715738
0.00254534488848877
0.0015259054099909
0.00122935040482332
0.00133378974747065
0.00285708695475099
0.00170371864631491
0.000863818131152634
0.000854638077428941
0.00134340830726722
0.00114765015799996
0.00170099758534156
0.00145725066182492
0.000912716900292251
0.00103068143464139
0.000996535424743751
0.000978601314213512
0.00107377577246035
0.000855356273897331
0.000946210505480407
0.000978160639184032
0.000942740610496385
0.000882300241723486
0.000979031728122348
0.00100989295814652
0.000982398452213441
0.000960667419158161
0.000960627771868315
0.00100637177955979
0.00102839422049958
0.00106680208929995
0.00113791058029273
0.00115816507155009
0.000988157492180312
0.000959008034586264
0.000922698531542519
0.000887386124240857
0.000968222588796731
0.000875334325134404
0.00101188604776694
0.00115659268213207
0.00121697564626585
0.00106630281715832
0.000933760970774265
0.00180755768954568
0.00123928466799003
0.00102147571912434
0.000983292133324516
0.000870025642257139
0.0015938937980551
0.00126097052861074
0.000964815974871805
0.000964280181916442
0.0011109321014355
0.000906957757573821
0.00107438942683495
0.000885408348473639
0.00125447360189297
0.00132790752484613
0.00107606363685321
0.00115643065271636
0.00103943873644076
0.000881419815972065
0.000852154642344165
0.000857070368937786
0.00088224728417905
0.000867695803038833
0.000816135892293926
0.000900986100360148
0.0010268053192949
0.000956693664913566
0.000904894613111948
0.00101962543597773
0.000937700109640736
0.00103573223631458
0.000909860475094395
0.000922395980290029
0.00105357791580039
0.000959601148068301
0.000991285632957528
0.000835782868481019
0.000943684076877813
0.000964866962166806
0.000928831389191788
0.000972222177825663
0.000923006336002888
0.000865703895152549
0.000901431882210857
0.0010726222431112
0.00102392309669483
0.00117830957209752
0.00393474704801744
0.00157327520913931
0.00106928599126235
0.00102789628714679
0.000934779272061826
0.00127521701624626
0.000960818667669418
0.00096486691889309
0.000934659493585712
0.0008896867494462
0.00125256958998856
0.00158815206961899
0.0010892347086113
0.00144433929942317
0.00131632663804468
0.000907373518929834
0.000868093498381296
0.000901286441388881
0.00100076466994594
0.000925055121275635
0.00121028518822156
0.000953961846893488
0.000958097525716621
0.0010090800897439
0.000963742504183425
0.000886953159999778
0.00118966110836136
0.00206562341928732
0.00118721604899849
0.00117914228690588
0.00132969693961563
0.00118632704378576
0.000865534215048647
0.00112351018253735
0.00105339803628325
0.00144039265860532
0.00128237997139347
0.00123620813854843
0.00124238491703156
0.000885785429735699
0.000923080192379184
0.000910289225389062
0.00084586651860762
0.000803947954047873
0.000892330167888527
0.000881695959265261
0.000945770037719369
0.00114645380003135
0.00113024661117964
0.00155721956112261
0.00122941172681573
0.00103139317245902
0.00196578298465026
0.00209280581376596
0.00182298808901708
0.00120328884497491
0.00108884908957488
0.00087478149442848
0.00106977323527755
0.000896119338139587
0.000994299755075666
0.000979491055242241
0.00114016201580113
0.000961829656961478
0.00100284138325487
0.000939804156239864
0.000890901894782194
0.000854730076886997
0.000878717177079017
0.000888293574880745
0.000812288631056339
0.000891397047803329
0.000884458255351645
0.000852515591309915
0.000955852200963018
0.000855433580369665
0.000859992582465189
0.00111041235421566
0.000994737728915242
0.00103082168199444
0.000926441672359192
0.000905095962459537
0.000786051931466301
0.000918665666030261
0.00100843445748038
0.000939412824783461
0.000967871746355439
0.000950098916571786
0.000920228509538594
0.000889931923914101
0.00109589905057074
0.00122554266691724
0.00198104332356593
0.00112011580442551
0.00110430911860337
0.00103994247574572
0.00114015096328806
0.00103083383631689
0.000914929749021428
0.00125007670197266
0.00108976192165717
0.00115009740653529
0.000938957589869269
0.00153334204316824
0.000946109996955583
0.00233104433284607
0.00101759005447799
0.000913786224766576
0.000986020044546366
0.00093528180688833
0.000999687140077805
0.00108834034842559
0.00105748341207642
0.00110715138455913
0.000964428416457743
0.00089484985137751
0.00127012336696384
0.00142434405779324
0.00123637966660274
0.000973818263385268
0.0021148635217577
0.00111350112339803
0.00100889391063771
0.00114885249009688
0.000961738331428818
0.000928343833345921
0.001066177175561
0.000919054481353248
0.000969678721718644
0.000981443946277754
0.000988922082250698
0.000824385931611016
0.000895705870580286
0.00107893398953815
0.00109617250618052
0.00118785122067459
0.00122542233538861
0.000962581031143585
0.000889317132675072
0.000949744200171288
0.000964046295989701
0.000939962990776289
0.000887239445634052
0.000969187860694423
0.0010899117424252
0.000990281330846266
0.000949981426512574
0.000930326346849627
0.000967659489547007
0.000812922984941988
0.000826658999289855
0.00100904799903349
0.00103342033578297
0.000931569905657108
0.000982510234979778
0.000960350900253549
0.000887445837687609
0.000833495146480878
0.000833800538385536
0.000935377370154166
0.00101001207928497
0.000922685776125036
0.00097722335064823
0.000910861631301802
0.00103181431188098
0.00105751567489232
0.00112030043771068
0.000972038171384761
0.000955370868287535
0.00081182071991004
0.000945300661971512
0.000866289098755521
0.000883671567181918
0.00089900878914581
0.0009108386042252
0.00100933412375835
0.000881923090547428
0.000950534991730221
0.000868981577883973
0.000791898334118179
0.000810583709161417
0.00106727153365042
0.00097689163421113
0.000907338842128939
0.000961721652058579
0.00102023027955082
0.00093459419013922
0.000927642784540023
0.000917349590822437
0.000897472833722667
0.000918147708907338
0.0010467682899132
0.00104840882347988
0.000843847751531005
0.000844307392143198
0.000846739349735082
0.000846384382651608
0.00106573835757295
0.00126654357979657
0.000976002820137565
0.000836235418281656
0.000873250531708183
0.000865870692359294
0.000972487347925955
0.000969777223863039
0.000904602849292349
0.00105442140334446
0.000929052963694779
0.000968584437250577
0.00139668982035313
0.00136636518695455
0.000921311074937517
0.000954849863691816
0.000987084886507851
0.000989799384573717
0.000885431287138213
0.00104759236752582
0.00111426528776544
0.00107931323173346
0.000986895038018215
0.00107966108130431
0.00120528665008647
0.00145708569727337
0.00107869185214584
0.000965614443260414
0.00104133509357838
0.00135032202950861
0.00135731857447289
0.00100532268362651
0.00100756320626824
0.00106753232750855
0.000922083362689088
0.000893277466084956
0.000933228173706893
0.000899925311952413
0.000968532119790511
0.00107662654126153
0.00109821368890786
0.000964490255610529
0.00091692177754573
0.00104767986052172
0.00117363491495106
0.000914350089395129
0.00104033889922643
0.00104529281092917
0.00135969965589602
0.00208482005035453
0.00161251026244473
0.000967701648901342
0.00129512556555424
0.00129889237252082
0.00115785837764288
0.000919121330339162
0.000912792842492616
0.000817990316257229
0.00147236633584596
0.000952189874636128
0.00120786943078371
0.00101206130771123
0.00110835491375224
0.000899665343855498
0.000877076533710896
0.000987676077768864
0.000917388947468703
0.000958108450379362
0.000823788091938112
0.000839037517127218
0.00107023313519737
0.00104752181084658
0.00111680967609404
0.00105767818445448
0.00109211978616345
0.00215632950194609
0.00132083412128969
0.0011592268299053
0.0010717523572209
0.00130158499054745
0.00230767073238602
0.00123245554235115
0.00121014213107722
0.0010191273519048
0.00102465264595532
0.00101315004452157
0.00233891512231654
0.0023726133514109
0.00221169505136269
0.00186541340048097
0.00135229047498262
0.00138237428254207
0.00159889158691813
0.000943185223119399
0.000843865936807683
0.000890944328101133
0.000942218852816708
0.000840380340107389
0.000824898986334323
0.00087684905380904
0.000848533058788047
0.000877631090327658
0.000929624360972858
0.000815112093354374
0.0009030515099757
0.000936940095232251
0.000972978122008598
0.000972058322758606
0.000924913074212712
0.000971193440049239
0.000983099807060892
0.000945464981754464
0.00111332453179451
0.000871975389533003
0.000834306507470466
0.000956530391797731
0.00102002222790605
0.000974949990058326
0.000890820239335889
0.000928692279839069
0.000887149998375732
0.000865095479460633
0.000861649982401068
0.000897698045629864
0.000987808208254705
0.00092498085005826
0.00107038133428939
0.000995846816818854
0.000998387086427468
0.000910015172111781
0.000808339183042668
0.000824307828620628
0.000830647214933736
0.000900522864173014
0.0009926977243452
0.000847189268601266
0.000814283457294398
0.00091496954269629
0.000924622472126773
0.000881085352834012
0.00093303828213323
0.000905777542911266
0.000874282068331755
0.000873431938782178
0.00091100111771676
0.00091638502071503
0.000891554329856268
0.000987803921311466
0.00100322488445831
0.000872024123535658
0.000794522830560584
0.000882014366624347
0.000993771178261632
0.000895265070223558
0.000904718963451892
0.000897741915441905
0.00110032839975097
0.00107104005156155
0.000942456876249245
0.000938112774504978
0.00104416281663587
0.00113193123889937
0.0010412729018425
0.00107450213113157
0.00113205236135583
0.000861282347412187
0.000870216805827271
0.000958853293777586
0.00104510125011805
0.00107045626875275
0.00118979544422178
0.000934688764225971
0.000981685581246822
0.000941171231909902
0.000828806366142555
0.000885061476781392
0.000950053414856528
0.00084840806133724
0.000815916713444158
0.000906140151719303
0.00121752143446842
0.000941613776027037
0.00143941232753775
0.00104578660957083
0.00100445138113526
0.000949995362763278
0.000947237994766681
0.000877892937497413
0.000858952534445516
0.000862104438542023
0.000933443133059213
0.000939419048396039
0.000834431569069016
0.000806293882811601
0.000828391310634471
0.000819052242821051
0.000890340533710733
0.000888926499464223
0.000939559258050424
0.00091505894888738
0.000919166155250451
0.000953597135173379
0.000928801749272477
0.000984973573769622
0.000983810025857846
0.00102375418184679
0.000882264608670995
0.000837696822914671
0.00090233074292979
0.000939979879625713
0.000975138539015891
0.000971831900968657
0.000845240101459291
0.0010117752256418
0.000874925868548815
0.000907875168106349
0.000993773548080086
0.00106874697308768
0.000937010993511473
0.0010612633333146
0.0011200433231391
0.00283285188932847
0.00168593973733876
0.00141531292245426
0.00195273122327136
0.000973599952445536
0.00085550541506694
0.000911029508016494
0.000837415625275203
0.000860705500074198
0.000913790396600552
0.000869628655150725
0.000919449470031053
0.000912574280703728
0.000898397717364634
0.000961684784819424
0.000902754283604368
0.000868499660127477
0.000902566700098571
0.000929035432836848
0.000891734904907337
0.000845210056151393
0.00094445308591238
0.000936564851959398
0.000872733177009427
0.000890719623141582
0.000961998370179962
0.000902737708938139
0.00085988791178511
0.000905078149788494
0.000982045013213326
0.000930756379183469
0.000932519280202996
0.000924643416788618
0.000975368387203699
0.00101787222464259
0.000894594862087467
0.000909055115878324
0.000938011640742832
0.000967341213006953
0.000936322775413411
0.000928715160562853
0.000934291844369901
0.000850245548919154
0.000781635084845522
0.000838224445168773
0.000889031884305008
0.000981035924557201
0.00101676451192873
0.00122937981493264
0.00126543062294006
0.00115947871136689
0.00111340931184527
0.000970712858540156
0.000854732030685514
0.000884522535235385
0.000928708820109301
0.000990802768813346
0.000879552919556637
0.000915341014234593
0.00086574854166419
0.000927871277108528
0.000946314992330317
0.000980524072458444
0.000877495499327267
0.001001903063114
0.000883791543749203
0.000911041152793114
0.000933779638820394
0.000848761076992814
0.00086847982402972
0.0008342229520172
0.000846261939793427
0.000910534358734059
0.00085322609207939
0.00106541420567754
0.00095920335753759
0.00100262839417956
0.00138085679770265
0.00137320138732823
0.00088474446965086
0.000968434390606084
0.000944616298664135
0.000895341299157816
0.00107057157019611
0.00133698629466866
0.000832085227753345
0.00113374751015205
0.000953071102333391
0.000839300824543615
0.000836454148478079
0.000906384995711845
0.0013718469335895
0.00083120650599544
0.00131327568789644
0.00102831177564236
0.00101501296852384
0.000937834642994389
0.000833566427581282
0.000812539496260815
0.000872512213456706
0.000891483476760735
0.00126864086941219
0.00100675703670982
0.000854307619800843
0.000949569259858638
0.000914457800725198
0.00111313826166294
0.000894066178101183
0.00112583132530003
0.000882457509174351
0.000877289377201245
0.00100600279291217
0.000931753923560022
0.00100798793163223
0.000871075313563138
0.00080875053068934
0.000852048491010108
0.000924472586933137
0.00094162516058555
0.000908706913072691
0.00121901340554048
0.00144603555069202
0.00101780940490377
0.00245080285964632
0.0051947571878318
0.00149279315938944
0.00135235790539526
0.00158363129272647
0.000972281447723075
0.00116478108931184
0.00191043951136712
0.00108539479832908
0.00118572068295765
0.00109562348523197
0.00125135873785618
0.00147043308632452
0.000903568114480083
0.00105807211371309
0.00123866901738133
0.00130400797514403
0.000819922498421588
0.000856403904314584
0.000904886241921127
0.000964968617264703
0.0010718894014127
0.00123906600290601
0.00108874546549337
0.000967700995777702
0.000964249915208754
0.000842819758004141
0.000841324843112739
0.000888571094454947
0.000810636817637472
0.00149909488273006
0.00226097066448772
0.000940141987191433
0.000956391084802828
0.00107960541882668
0.000976307759619748
0.000927720682701262
0.001029237703783
0.00120108251695425
0.00108120698046841
0.000996021568026321
0.000866319853252
0.00090503003674158
0.000920871766725315
0.00103561507904367
0.00125699082364202
0.00105415838331756
0.000915490803931001
0.000893717620866059
