0.00536162111940897
0.00596033892583412
0.00571174745551038
0.00514701420192929
0.00547392640458084
0.00569755202756228
0.00550069907848414
0.00523195348938514
0.00615954275205907
0.00634022674085227
0.00659352131547676
0.00555241486745976
0.00517238492069016
0.00509428163743134
0.00538251383209397
0.00514980544242902
0.0065711370566624
0.00619861996509693
0.00671578898506863
0.00721716050684915
0.00620250713866029
0.00510022934720456
0.00497383361192723
0.00509359779127583
0.00577632049745327
0.236854301587039
0.288379617831501
0.00586569521472444
0.004678523987521
0.00555376587449662
0.00595632746236633
0.00543399773703562
0.00450620025594436
0.00561397635994469
0.00544014905988964
0.00489002272712526
0.0047557831237665
0.00484464165177164
0.00499956203223257
0.00479947471231436
0.00467636930931513
0.00537456370333749
0.00571272751245256
0.00648412779170585
0.00612020497025734
0.0057159211724723
0.0054940045739208
0.00497436038261289
0.00571687774790337
0.00507313558052965
0.00543127125818912
0.00650254049898399
0.00573815960200801
0.00519788763100103
0.00549345032003907
0.00623832055347007
0.00433627722033884
0.00569341103664949
0.00597020461760784
0.00704287028867867
0.00745484028541325
0.114975156891905
0.11692426220343
0.00820092786463022
0.00753681943966445
0.00662581305499119
0.00666029360799333
0.00659741900008845
0.00559531916470277
0.00557538144418658
0.00553104983151924
0.00544735242178028
0.00442583621571416
0.00509627057162633
0.00533023393927841
0.00657335723637571
0.0052258229497536
0.0062421884992111
0.00515961931371065
0.00537117018425846
0.00527834115398135
0.00619165453416104
0.00645862460719053
0.0061020618897203
0.00611108390183712
0.00606356169579384
0.00651503456645003
0.00603536899778188
0.00586158083088635
0.00569789869344856
0.00529308212672488
0.00544830116702982
0.00615706915302835
0.00615113240741618
0.00603454523863213
0.00585472010341615
0.00549292893373604
0.00856662448441731
0.00802712746758126
0.00587909397372048
0.00623929660797774
0.00585573715089357
0.00601805126722511
0.00668033088533824
0.00595796395950179
0.00653814013558049
0.00626152865008465
0.00477680016519478
0.00569647723043925
0.00597214788935817
0.00690609486490725
0.00716422037712251
0.00686740754308463
0.00680429794620856
0.00730892516510794
0.00656532118818071
0.00561221292881671
0.0060806674132152
0.00599247009630281
0.0073139754679304
0.00625951285408282
0.00538585851610639
0.00576523773725571
0.00519284879041137
0.00503611767624694
0.00482893181871613
0.00557800248130468
0.00621899572778938
0.00672542206618522
0.00885929725494372
0.00990932634808465
0.0062392527868862
0.00552437064144348
0.00536554915996942
0.00613706060083392
0.00611394551354223
0.00533119813059536
0.00533867799345995
0.0796637540697677
0.0777000639331408
0.00547402372430825
0.00542854856647579
0.00507793774399499
0.00524340285039838
0.00649368129246172
0.00548135527685705
0.0051246432827198
0.00490528765108157
0.00494587433176224
0.00482629995796659
0.00502198455465628
0.00477856220472008
0.00509344620439532
0.00507553194085261
0.00526504101093829
0.00497876549985769
0.00544593572547205
0.00574312364913946
0.00620730429117133
2.52969224442043
2.59032068610464
0.514842547804281
0.013068043327351
0.00787667668616714
0.00904775990811225
0.00769704757766558
0.00559055413718625
0.00480820444935507
0.00471851166796965
0.00567173767307268
0.00556288314304118
0.00504678063069407
0.00486586466479656
0.00451933904832243
0.0049716682451373
0.00685237272475941
0.00824750756816229
0.00948133237617857
0.0667706630003576
0.0698779420137415
0.0138310668760205
0.00715231102573187
0.00576511452751796
0.00541027780357038
0.00516307728353365
0.00626087041206793
0.00662016572359884
0.00532308341796787
0.00537002847154481
0.0059077513129531
0.00591400274367678
0.00494972169682466
0.0060509552762072
0.00512937872394377
0.00496923239561652
0.00601505653315736
0.00589568611342482
0.00621619393978382
0.00493449435343092
0.00504474103738964
0.00587065599129437
0.00545311936835431
0.0054671939380567
0.00475440225828115
0.00529542354595584
0.00555674743383853
0.00502928479417608
0.00522935134596704
0.00505822756859764
0.00517159910061996
0.00532654047907719
0.00480573954831161
0.00540288694712576
0.00570650364417488
0.00523752491343693
0.00727923550967974
0.00681164030251961
0.00566649027952643
0.0047061506372933
0.0058115626378215
0.00594365960526151
0.00495281761361944
0.00522350115325378
0.00531833425062021
0.00500752340631126
0.00491503411765563
0.00498011176380646
0.00527213197415996
0.00472241563802404
0.00505468786443436
0.00565647206902866
0.00516079898219891
0.00560782594460214
0.00551490472925864
0.00593248346470903
0.00558355515659422
0.00476522873131962
0.00566190529844539
0.00635159986266989
0.00608291683501083
0.00523140714501378
0.00538962047671032
0.00499458835462042
0.00496393109525348
0.00459415226136017
0.00459802400708707
0.00508920983993828
0.00502398719270338
0.028086674109522
0.0362658675222136
0.0124265565522961
0.00641652280119799
0.00494741464440578
0.00498695993368064
0.00568432366418154
0.00615586219807856
0.0064558758786727
0.00775466497443437
0.00702671895938981
0.00778093015114368
0.00734384443937181
0.00598663929680321
0.00671181367587065
0.00604785015020956
0.00557612236793673
0.00640569922137236
0.00638210618038705
0.00549128225781813
0.00532764638660097
0.00533891437551842
0.00547811394484837
0.00520764030454868
0.00520853086692101
0.00611598032450545
0.00648232166204012
0.00659080188995486
0.00572631823564946
0.00522889584340147
0.00546114408486869
0.00530024119609831
0.00506697957205253
0.0136201350762789
0.0207594455328225
0.0123926506336531
0.00967508211444701
0.00689868610570181
0.00516336057242622
0.00691797326749396
0.00749122581032593
0.00634712050693343
0.00649459870802587
0.00563598033972419
0.00525238455966714
0.00642317158533248
0.00614346000056024
0.00780879870885672
0.00630788825552467
0.00553891016602377
0.00584915984323406
0.00625951777119229
0.00605140849559905
0.00555756576943253
0.00463895438596077
0.00445631053345639
0.00595129572843109
0.00513832341330671
0.0052987824856049
0.00537149189663541
0.00489519816218662
0.00566701128950324
0.00826034901259862
0.00913024557581539
0.00822636632768479
0.00874274054329978
0.00757504411840362
0.00750853433424712
0.0071556743192474
0.0067976883886673
0.0061147031362694
0.00621878114580136
0.00556631378222377
0.00560102035081282
0.00536661653898588
0.0058033238557002
0.00698490645830009
0.0060212657558206
0.00550229526298469
0.00537147783071036
0.00650457100490451
0.00578994308751273
0.00520481480354387
0.00540785478105476
0.00582466718668509
0.0054333684157866
0.153357690679851
0.152649556487907
0.0049314438491958
0.00521799473451165
0.00555268599409071
0.00550005070861439
0.00668330127549903
0.00953263946472756
0.00754736555239483
0.00624175058008998
0.00519029990465042
0.00552179553743472
0.0064710520042836
0.0063600366675121
0.00622105568736263
0.00681914793974523
0.00679125116219585
0.00745921874707544
0.00666974891376179
0.00543819638076175
0.0238829524298769
0.0215741617304306
0.00572606334821
0.0067672341488082
0.00486317855098934
0.00689197894792625
0.00557497409536803
0.0101639222037959
0.00639601869186734
0.00514737997716359
0.00670160001793322
0.00681026912347116
0.00549003795474713
0.00502859954985183
0.00521756302385441
0.00584194111812146
0.0068784564544187
0.00632709577779831
0.00646737185330927
0.00715394824283112
0.00813964703621922
0.00795442102446453
0.00860364609270324
0.00757193197690024
0.00505275715956839
0.00504745797939821
0.0058020512421585
0.00528051226832555
0.0047176246419761
0.00499930964455942
0.0055849426694701
0.00508532888958864
0.00484002301808854
0.00473957135257204
0.00588378617500124
0.0066229986579859
0.00778523286857401
0.00542889317688754
0.00492159429450192
0.00963662953739749
0.0116751573389345
0.00952406635399419
0.00544308789117692
0.0055385900502044
0.00520778100846968
0.00609316125897246
0.00536789122065063
0.00536319921073408
0.00518159936567997
0.00455453436761497
0.00502370394667203
0.00706274033228795
0.00574568671860564
0.00485594658343516
0.00516223510188896
0.00592540530049713
0.00592044671576234
0.00526565696006545
0.00522183435349429
0.00580471223481017
0.00513772087299045
0.00594505475293725
0.00495267161593044
0.00534191398675889
0.00536067911226309
0.00567994126257727
0.00482358381282906
0.00471486744156561
0.00573770537331756
0.00557197483012196
0.00454344834085615
0.00503510690455932
0.00601384592917364
0.00528316413282145
0.00548444908751616
0.00568717493041389
0.0051573041898617
0.00878447293943261
0.00902787051099288
0.00584016393854901
0.0151336424895064
0.0139827293107001
0.00471920095644282
0.00612793119447736
0.00671369314132069
0.00539468996713739
0.00572467929968226
0.00573587655875726
0.00659530582530167
0.00577466832165886
0.00653465406101426
0.00503372456016949
0.00842819861274197
0.0062531247896325
0.0055749936652217
0.00518644726621881
0.00570958559565634
0.00597376689664424
0.00609696270416397
0.00593116473877617
0.00575124106346942
0.00636679538911374
0.00596989095948972
0.0052809038134017
0.00430582165284817
0.00483550236177895
0.00528880267846476
0.00554613931647542
0.00989274949258482
0.00597201083242479
0.00608719808008206
0.00559621409246761
0.00536779124736343
0.0058294639510847
0.0055887759450686
0.00549958506755743
0.00475254856059852
0.00481630992273899
0.00462409454978635
0.00490907349452856
0.078020285836882
0.0793382712797373
0.00774893148847041
0.00703047227273653
0.00531344037718623
0.00544168476093658
0.0055105725166306
0.00527701916891591
0.00493286119772894
0.00581054695089366
0.00613778670420219
0.00515262624218772
0.00524196495918434
0.00484523197781022
0.00574846180622065
0.0062950371355927
0.00594283821463512
0.00683359647578275
0.00606067942038499
0.00542098790475205
0.00497918440158136
0.00492465965305105
0.00540989376315342
0.00602763233592265
0.00553876174127742
0.00582990140992789
0.00611525932569788
0.00615894565796234
0.00533067670362339
0.00485178020672377
0.00556256552103102
0.00694403819715377
0.00597831330307428
0.00534599220556361
0.00535417151184009
0.00547139953582856
0.00555939317679411
0.0053446153220972
0.00482979153340757
0.00436677884595183
0.00532484575526439
0.00543218488440354
0.00494903381944062
0.00594105613070704
0.00521208788941958
0.0051409316324287
0.00556661676902429
0.00571299045880165
0.00533311667063921
0.0052456196379531
0.00572167851250508
0.00620169504804108
0.00557982197832768
0.00569347606951269
0.00501913551760577
0.0053831404003674
0.00563220846821513
0.0054618463856226
0.00560496915621823
0.00576717250901768
0.00549924730622464
0.0053719872992829
0.00523516501531629
0.00525685355861349
0.00497151016458502
0.0072527789036501
0.00535002258122737
0.00576222505971203
0.00492937357679717
0.00539278414741056
0.00492936524807891
0.00466234536178879
0.00600641610737915
0.00696055098777551
0.00602825742563887
0.00497601055705311
0.00489484941016829
0.00568854196777724
0.00628017649446262
0.00516710395531837
0.0105463547020908
0.0108940552008373
0.00543239808853941
0.00549776848563357
0.00575560345460586
0.00567273064328256
0.00613672164042586
0.00573949864669951
0.0063151276017208
0.00624335732122729
0.00523338393851002
0.00577420134095302
0.0059954981513006
0.00612159496943106
0.00580790752627611
0.0054235323536529
0.00481688469658307
0.0046498775494799
0.0049031321973424
0.00491911099499025
0.00591951493948101
0.00586776547737721
0.00509297852150555
0.00519012159021997
0.00601115997623086
0.00581175887412554
0.00539743896791143
0.00556138618114521
0.00616764441705892
0.00554589825392726
0.00638878505976493
0.0110771599789001
0.0138143393487379
0.0147051479785831
0.00732692921368829
0.00728008322051843
0.0075930826262512
0.00673605624711693
0.00804643318349693
0.00727191252980674
0.00659479206458571
0.00632208332059244
0.00550976731346493
0.00597962031975567
0.00687214060049226
0.00726959761251448
0.0056401171888855
0.00603595296550696
0.00670529035479568
0.00589984919280699
0.0071972670768292
0.0066769811114975
0.00842831987796544
0.0066728640516624
0.00627965303076115
0.00613584966172992
0.00584489535406919
0.00727886000624849
0.0082129078802587
0.00855719740378518
0.0072202407542409
0.00676750397087998
0.00592508616095198
0.00692798878805721
0.00715611348685266
0.00776160711585599
0.00750376280476173
0.00589940118297818
0.0056174124367538
0.00589091724541398
0.00570260774893772
0.00670195309717804
0.00673959747387921
0.00518523947860832
0.00523009244300621
0.00589538301357245
0.00528571270750849
0.00495682388198432
0.00459500494147776
0.00471703486703411
0.00487367874884521
0.00528419912577577
0.00564282455531228
0.0058416587750865
0.00602391288646708
0.00593480719160978
0.00560686625509532
0.0056001665668836
0.00545943100806456
0.00474739293619235
0.00547466124029777
0.00517088606539027
0.00498557823861403
0.00508035671501469
0.00614521798691374
0.00548089491279186
0.00491460776527298
0.00486695319025759
0.00525706954313848
0.00664248192300238
0.00629621396109663
0.0057405366743682
0.00565375371918619
0.00582583937003251
0.00628334381381421
0.00575819142966027
0.00533527887715113
0.00546642450527176
0.00551776131176133
0.00502225727977773
0.00495438630954793
0.00554224675069164
0.00580227192849429
0.0076080207237354
0.00790904437087564
0.00526470990873051
0.00556690549602702
0.00604063342046772
0.00586409112323896
0.00655246432228394
0.00741520305927283
0.0063107481771754
0.00585116930324717
0.00673883950421562
0.00747856610962186
0.00587737471751738
0.0054511690329618
0.00578204005343142
0.00625183693309277
0.00573024867376956
0.00586147719532036
0.00645095732402341
0.0059908687910294
0.00569453864607016
0.00585183966792998
0.00565399050937079
0.0063577601333105
0.00587507636409503
0.00551044389651338
0.00578709039495211
0.00567730709671404
0.00488090027820041
0.00529167067995954
0.00473052683918178
0.0051549390735648
0.00580309509341098
0.00515526765834801
0.00464574082541433
0.00476031520693857
0.00449839398691225
0.00436104328118939
0.00506382776672355
0.00476638937605999
0.00470674123264256
0.00467671553948283
0.00491293178541753
0.00502136323902673
0.00547932338635558
0.0054884089454279
0.00506530259771276
0.00537004834335511
0.00524406419640457
0.00533320306472253
0.00540004830073957
0.0052102857173479
0.00521995353057054
0.00531112785229699
0.00556053261612589
0.00545113824810942
0.00600482379719032
0.0061406799729005
0.00567003876597642
0.00559403048059746
0.00574623420806272
0.0065641222357877
0.00585902534374757
0.00591160610945558
0.00500833253035978
0.00512257857690858
0.00568103763169422
0.00506721740585671
0.0050083909633887
0.00504530248223866
0.00606947516062202
0.00637520056902236
0.00577256740676936
0.00519742193761923
0.00460155534249804
0.00491233498322218
0.00545346547077721
0.00520157663805666
0.00439600568075253
0.00536755357902283
0.00613382934071203
0.00591156480812085
0.00547834054158527
0.00527696341231339
0.00538150265490787
0.00513447498970077
0.00536807905490362
0.00473015439192402
0.00629774596438933
0.00497880077475017
0.00488442843215262
0.00500523577762774
0.00672590161993115
0.00661732952721906
0.00607522784549591
0.00537719729670599
0.00438161065233925
0.00459011234843085
0.00451288893998756
0.00500780589092749
0.00507979423273173
0.00525998466317635
0.00531276202396093
0.00530003089609882
0.00537460490847898
0.00529620934155202
0.00543926994697419
0.005311834754397
0.00507179311607088
0.00489866536488351
0.00517350324017898
0.00618252647416148
0.00555866458608886
0.00502489924970275
0.00554151073657277
0.0060197790169925
0.00657652365232125
0.0052976254908946
0.00503728709207669
0.00429628473340233
0.00485947212281712
0.00540417093712066
0.00517678360221749
0.00510299376610288
0.00522090985279483
0.00540097195186731
0.00520099293057897
0.00446198975212229
0.00501705765084449
0.00508471275891639
0.00520080000652182
0.00495679278526739
0.00569210692119149
0.00549923945849138
0.00536150128027957
0.00566878268456376
0.00610462141091179
0.00559714326876738
0.00584443544853078
0.00644050246017283
0.00838795835542579
0.0073357892316921
0.00612440179121519
0.0055471425830297
0.00508416099025332
0.00454519760804225
0.00456132763024833
0.00511826217136493
0.00539674616969057
0.00452479993923056
0.00484228957678858
0.0051687076032626
0.00533017196357951
0.00483345198244464
0.00426477771609704
0.00495358045620625
0.00482797334480877
0.00573374022435682
0.00545343314784148
0.00497538791662745
0.0046403373975753
0.00458324581024104
0.00455401469610507
0.00533819384126767
0.00622818674177153
0.00626713885513502
0.00586344041368429
0.0060491437546898
0.00544255705411937
0.00584482890471826
0.00694074685236747
0.00491408445972858
0.0047368088583293
0.00548491976391343
0.00598892645177242
0.00515666285585661
0.00505152717972448
0.00533136498091673
0.00480113759734651
0.00496476065112606
0.00527675762277021
0.00478632067497944
0.00527449953072628
0.00504422985668409
0.00543509550643097
0.0052639357328782
0.00503579068674834
0.00515873184527665
0.00458918451166345
0.00471144359377645
0.0045643168477201
0.00521351051364055
0.00574344922817132
0.00718009456965777
0.00525857903020151
0.00496231659974725
0.00518641294994786
0.00531359894332935
0.00517042576111083
0.00482700368120507
0.00541269362521335
0.00530039459384564
0.00474988473663876
0.00497993754975935
0.00524890690741668
0.00488659304386319
0.00516740167164237
0.00443821103736982
0.00517818064093705
0.00537721391630431
0.00529429539498177
0.00584170098142077
0.00768710083231079
0.00765433331321752
0.00867651317561326
0.00875058878369813
0.0137967268479456
0.00892420234079108
0.0108076676517268
0.0125692400030446
0.00928442159168459
0.00860902497165945
0.0100387070430504
0.00741263111487398
0.0053871924646429
0.00674937097593004
0.00641276438874045
0.00595712981056243
0.00629067231313122
0.00589485258677582
0.00668096975108645
0.00676700292881543
0.006390886591958
0.00561363680286516
0.00531391081864672
0.00574378052252321
0.00566960384243086
0.00524224289303419
0.00414807839308121
0.0044899265158198
0.00488941654703459
0.00521609821474296
0.00440258028652953
0.00484654825128921
0.00543121611571526
0.00631819054224968
0.0072810292556167
0.00599800782228676
0.00583465291171718
0.00631293416189995
0.00666221839398654
0.00614973042533782
0.00785847810640343
0.00696316453368458
0.00593992228080491
0.00589557034026799
0.00654897348448808
0.00538204870471212
0.00547396668065415
0.00602169869675772
0.00595010897319798
0.0057916132304684
0.00560234942978856
0.00574350388313452
