0.25279831052924
0.888408889628727
1.41143576284033
0.501659379285942
0.198210074648027
0.0662534847758713
0.74075341980048
2.47300309940635
1.14714984125911
0.99425702383016
1.58889095766649
0.339746553035279
0.440892203571888
0.536157223683926
0.573964704650507
0.144362267240123
0.0372571559282076
0.148978814703433
0.382385068590902
0.299674011320546
0.074155689373444
0.166210413882291
0.282486403125035
0.0987023634223858
0.231657236246188
0.367297419216896
0.307757869268425
0.240395885388801
0.198632789355583
0.396772512206187
0.684969032222045
0.124105961090241
0.0456908827780206
0.292097067888977
0.393298088354378
0.440815785469599
0.784538169544961
1.27604558511163
0.985364058035504
0.109338952005567
0.413292216366915
0.834907968275097
0.739475635341854
0.391755839903819
0.975415636684583
0.569926527014614
0.251966879663686
0.943630636971969
1.87115078286159
2.5736065046231
2.10878373314373
0.234958149587822
0.0505716546954635
0.109412916763831
0.306550852830235
0.154976778477897
0.205272920110355
0.384830730626725
0.196429502889347
0.137336224418277
0.12672102228158
0.561924668904794
1.00994677705995
1.83011848456035
2.31615154113182
4.84230499926124
11.9942954709933
7.27763931610413
0.398906406917833
0.099219605074813
1.08158444237227
1.37765014164055
0.867256849064729
1.43646192472227
0.978604879302576
0.649317834222044
0.161472326286601
0.260769999603036
0.500950791690339
0.207914156134827
0.0519285516380257
0.0924625371476442
0.0980396425023247
0.063676125928962
0.0744355301655956
0.504302187362457
1.53068330646744
0.661379438119173
0.232018522654679
0.0674551820422561
2.29477654996273
2.17325006108673
0.449205774481853
0.965028518248906
1.80620736434406
1.9614801546881
0.629657455501698
0.339944709579568
0.232079843750739
0.0541580275758353
0.241533264743403
0.244011941710219
0.0469176022176099
0.304459698654033
0.49079521513269
2.592044091797
2.43612377252961
0.608917715635894
0.477673230699422
0.0984388719766194
0.712236774429042
4.71967863447417
3.89725467452426
1.26077611250915
0.645729989011988
0.0227717233219013
0.0523625116511553
0.0323981605555679
0.228841415224979
0.603884094877905
0.501040696126666
0.211970636003256
0.169661447461606
0.12268650864007
0.23562775566779
0.104454316134527
0.0442707894587827
0.0835054613977703
0.0730533914934499
0.11452272497839
0.326459917657764
0.383722721032315
0.718568584729951
1.11891262824527
0.335082752233455
1.81015778658705
4.44189858456402
2.76040245928075
0.450387723999188
0.0923685831229349
0.67823940957691
1.33481733239389
1.09629116006145
0.73045911957725
0.458240875805563
0.338658698428923
0.211287765479671
0.0938427535220788
0.341862495008823
0.375338472319821
1.04453812008734
1.71525486559832
1.22528904567098
0.9137767265302
0.767918066481358
0.88750541665363
0.781769871003171
0.676031647038976
0.606602860688229
0.110822700155043
0.114343218851603
0.110147036854217
0.0561349795457448
0.0671115770942771
0.0281702213961013
0.115511024645664
0.148289184397247
0.421860325759288
1.5528427891949
0.418359928506691
0.155688652721521
0.193888579056556
0.189217552110138
0.0638935464836287
0.10038797376204
0.238821777603996
0.0665164595898497
0.185150698583788
0.275130896643001
0.243041404465726
0.0867181121719859
0.0958406000354195
0.948770453658735
1.93148360382
0.610763544562629
0.173091816566041
1.85965927094049
7.71784393041523
5.56419111244556
1.17111264110931
0.0415096918956771
0.42757351627348
0.148084522938906
0.077364457305691
0.0798863634899629
0.0663692498663026
0.0289025673591
1.39183815167464
0.513990182757189
0.0637702225895089
0.0106427118989568
0.102625006321409
0.358600781639299
0.291251631369474
0.275647861881578
0.419782352944017
0.25798949549601
0.0394784118967162
3.84521337148722
5.00990039036095
2.7158673029726
0.378292957095465
0.0871907064474094
0.0617826041031569
0.00987240134362245
0.00678436797136691
0.0198445477277995
0.0186853292908254
0.0300396437412327
0.024572309171515
0.0111924156955163
0.00850731009466719
0.042851838790821
0.183382406221444
1.37408226685869
3.4878303178909
2.77075423904108
0.56305174508772
0.0869909195166161
0.0746485309285696
0.113059112620922
0.0839491124909768
0.0593764618635904
0.200128475693395
0.206599223461285
0.0336096532776419
0.0602772635678025
0.0623874886049522
0.0997240011229453
0.454026198946928
0.669670989583818
0.318127714516586
0.190127255398359
0.246250043697648
0.121336948658349
0.0955184729739856
0.0530512750313819
0.101408556067094
0.81173423406292
0.897570532188363
0.457302438180866
0.388546346691094
0.0943348379464387
0.869466839866383
0.95428917619391
0.409085437370064
1.21898751137329
3.59448182265847
2.95845591304027
0.280365530910218
0.10872989427176
0.0831725101179257
0.0153721825829037
0.0539596396256413
0.158906748296477
1.35547924385717
0.519436746146756
0.354329488391946
0.225338152240129
0.669041625770886
0.983072941087058
0.763237954754556
0.342337996498945
0.0644490150403954
0.014107186084361
0.00685874835871686
0.0119516494823639
0.0481863627782686
0.137679213470706
0.195528592091705
0.224401617993982
0.453086854839269
0.433879553240681
0.076628475118905
0.0949634116788949
0.107518460460631
0.196726375989591
0.233411962861665
0.15928098943211
0.0490068270996908
0.140285368032015
0.258605987142119
0.239671310623652
0.101317628235165
0.0659045730217384
1.81233306536889
7.17133959648038
5.88369105886637
1.57837389404948
1.77481168015692
0.890761936165112
0.183423407225742
0.111254352138185
0.360115703164608
0.913287245457341
0.455310547630764
0.255729247961987
2.24212065152263
4.63413529662108
5.20727442779842
3.70196652865711
1.73996879930403
1.36220021766102
1.55751294402845
2.56571162402616
4.18993378311265
2.80334693703829
1.64009122694228
0.176028503365353
0.633640642966628
0.724470106968039
0.0909254148001091
0.0109373354804259
0.0911460018351795
0.227415562506061
0.588987171819054
0.480594379783817
0.033931513343592
0.0979943532261011
0.084164422919038
0.095000632270959
0.13856363733618
0.0831301886913226
0.066236511695751
0.0105932297371199
0.00879931665652298
0.0697843878102652
0.0968469208323549
0.0295115644614211
0.0356113272285416
0.149960815575046
0.421030769948419
4.27787572610152
3.91278078007975
1.0799874092018
0.21341404742637
0.100635119910462
0.0617360608549404
0.193264628345235
0.213786062617982
0.193897126847972
0.237374120462819
0.498317223784275
0.41194486728274
0.110894541495619
0.0371689213300975
0.0662216754199205
0.0532844014951867
0.0146454900797231
0.0519394951245075
0.0201923669278587
0.00708790765249598
0.02754061654263
0.036601258849515
0.0175030795648192
0.00877331118681625
0.0139869463089312
0.00718276069305831
0.188824276953766
0.617718229124574
0.232930939928127
0.0148838667326477
0.0913926053813461
0.131700265876563
0.915730698443577
2.82365491461248
0.698836984623884
0.580729769586599
0.931997407371695
0.0942674868370436
0.312809012112573
0.0817445953417388
0.00899522243069056
0.00367100046191487
0.00561730392351691
0.00297957082862759
0.00481824860673392
0.0124502909195657
0.202181529626465
0.113180594037573
0.00326254647531061
0.00264080780582275
0.00650992572544516
0.0156507366286189
0.0173304973763835
0.0117713161802497
0.00944316666617652
0.0100692593471851
0.0268567498605947
0.396390070847625
0.327588590285026
0.0632074621916774
0.199252555618448
0.0486814892226795
0.0214625653077871
0.00906995663728704
0.0475940988531054
0.0262763769254287
0.00616874284325656
0.0125624044402626
0.00573782429125431
0.0052054919575391
0.00289033900248711
0.0029934896113268
0.00483538107660658
0.00448234175402771
0.0231395200715961
0.0541534463577583
0.0221704155925168
0.00860666836749184
0.00673423902785062
0.00417833594021304
0.00730432351844505
0.00925630073062194
0.00874429267858987
0.033229186738733
0.0692333531283537
0.0210363264989207
0.0416476409577294
0.128880397324231
0.0512643155559873
0.0875784759648415
0.098429918383936
0.514284115478127
0.62783034743636
0.146998341757792
0.134994133974956
0.00657078996680703
0.00735010090637239
0.0180771100778116
0.0130384097199396
0.0118459664176038
0.00648843136585444
0.00690534534523912
0.00353888158040871
0.0029966272242236
0.0139738518464712
0.161509303076792
0.41595378296429
0.0314300643493439
0.0425617900997425
0.0157217990162429
0.0137053158363946
0.0179214184269988
0.0227905195556902
0.0691455513871707
0.0602093141088219
0.114816723276316
0.0973543439745726
0.02315940914031
0.00524353223965688
0.00535993460406635
0.0226983348994781
0.0202238558616118
0.0212763601404154
0.00465458607031594
0.00530645871721086
0.0112645870860708
0.00631823747204212
0.00584560444620484
0.00768657097772224
0.0115467560790064
0.0013187129267647
0.00695148794414001
0.0107180608001475
0.00651670621506321
0.00446996427879997
0.00456226116995988
0.00327120822839111
0.00864015830939142
0.0290227454969769
0.0194895726163042
0.00716806721250686
0.00378186299865317
0.0025717190265366
0.00824497652793951
0.00934448880203525
0.00508472157495838
0.00289273877118026
0.0030535530436415
0.0103472889176052
0.0139607289655075
0.00539947389116939
0.0447241583112328
0.00943741040484638
0.017431621694892
0.0269046068637996
0.0182054393427198
0.0123021845082538
0.533022465335687
0.476156110971404
0.0186519164780078
0.0303719791002173
0.0164874258048604
0.0529236291377747
0.0148919841439326
0.00460059863768689
0.00387235375927603
0.0161830824039615
0.0336061443658609
0.016609765146041
0.0124472772672822
0.0226693383121356
0.0389591932490278
0.103959004878206
0.30853497141796
0.105688229025816
0.0605469814257935
0.0170869513868566
0.0113783611986625
0.00847019563944076
0.00859872173715644
0.0091847483673924
0.0217733202114134
0.0366795457436757
0.0141404790905057
0.00900047131415362
0.0103020600929127
0.00577567904520371
0.00362622682481046
0.0059356911184152
0.0140778549156647
0.0172099969196052
0.0046532932312661
0.00346454386060279
0.00599738161386085
0.0148348826558674
0.0311393011817148
0.0155007555544434
0.0152589118993474
0.0131627846070216
0.0039594014371218
0.00307500099031425
0.00505705214156129
0.00666737540343138
0.00940154150363244
0.0142300124201729
0.0243800919175442
0.0288188650946492
0.0114576548299511
0.0912209062392034
0.0950805942014878
0.0434010217272702
0.00593025032694358
0.00197187084597568
0.00293379617222976
0.0056523402130996
0.00280502085583468
0.0060350732240933
0.0213586258809501
0.0421757201892915
0.0155412130012082
0.0151077966328191
0.0379448344969114
0.0232999490664421
0.0291348573743244
0.0789191822981932
0.133290209921746
0.331021039368277
0.215111129056244
0.0847803649699694
0.296514099619389
0.155901066260056
0.065087680954554
0.0426490452360822
0.0104326296847129
0.031895174014263
0.0336053762226842
0.112290250620434
0.57181404155156
0.052388993324745
0.00345898788778884
0.00509726458345343
0.00878733086885456
0.0187414288871635
0.0314764183169518
0.011465618430864
0.010165560480315
0.542238868551099
0.505386386384015
0.30950712062128
0.822264094203563
0.422259208501861
0.0479609028110934
0.24055344874794
0.787873696036821
0.507601162671341
0.338786284154102
0.526293494777844
0.159000556713022
0.03414515398764
0.0181963847935898
0.0127187539025344
0.00724544776964485
0.0129800734834192
0.00619806255932912
0.015132774090428
0.0119610817470024
0.0205996987853142
0.243280882833691
0.0238547733684809
0.123058132673101
0.0143833444301968
0.0351783812364078
0.040378407345113
1.85261461209566
1.86919930980099
0.398881897356989
0.906942810361764
2.28200706977361
0.140470052905956
0.241793270667013
0.243076221999852
0.00715700571646446
0.0204942809327502
0.0730008461303822
0.388986039526837
0.268774941830308
0.0219115568382419
0.410028146039557
0.563836897203712
0.0759434678147759
0.296418391476944
1.64043464594944
1.70443496136118
0.310985237056402
0.0167260458873591
0.0335589453137993
0.215209388977754
0.113990860356581
0.0101786468065777
0.0163508221164156
0.0884005398762064
0.0292650247928793
0.0769301059686649
0.04987354615267
0.0226964844414198
0.00821529632203232
0.0213464474392615
0.300002944933181
0.322092173555209
0.0093113777684104
0.0174940684373087
0.792875839578828
1.97937023113363
0.811258887080145
0.337604535819683
0.0409925902600398
0.017833522893349
0.00603025091972704
0.00949131212652027
