0.141616618788543
0.553684461925262
0.748893772668487
0.44560033562152
0.201479696454217
0.255739125224509
0.55220261553579
0.139797057240747
0.340013043783279
0.116380818893977
0.114205301891676
0.238010275449565
0.0883778551023925
0.117372561296204
0.385846828404217
0.180070147404469
0.150044647131326
0.173156335204403
0.138557843613436
0.129251125466874
0.232189852888897
0.289432066097921
0.0951255336660976
0.200231175899519
0.100749672708784
0.309509242607946
0.549730992429451
0.323067867893523
0.111070885737927
0.219283548859042
0.297959539869721
0.306534908163231
0.305348649393581
1.00900804032702
0.726527909845193
0.25613883781949
0.212479462699562
0.0805326584588901
0.110188650598039
0.167953071642472
0.177546458990951
0.156728026972036
0.186215730546289
0.135755921371321
0.340160727420668
0.196935007069224
0.0919192430924224
0.280985253640921
0.406215317853512
0.140951981177694
0.211183466149468
0.284341342922378
0.4530753977553
0.397793279415093
0.286280881124146
0.285473156623649
0.660249943318275
0.446388759704126
0.304783050254724
0.215590896684617
0.154333183303226
0.181741717928815
0.162171813754084
0.39208262864988
0.281175805491472
0.153216087904896
0.263588175563944
1.46096040024272
0.834513294492146
0.204164773870033
0.0950736785404947
0.232438130256594
0.19736975164746
0.214548295102697
0.157717400515743
0.144029314229889
0.11912212644207
0.144518189867393
0.264049075209218
0.284547668536153
0.228402215102441
0.185996770315394
0.44428168054518
0.53900963880333
0.200370561087374
0.182256941438927
0.142235693969919
0.377901292986568
0.243542881635592
0.341656696148849
0.321275704609034
0.178743652934102
0.7524572739187
0.326883857616361
0.319490953445143
0.263540343422539
0.0623313764776924
0.343501409124539
1.04425114955972
0.356005675402615
0.500377475559416
0.751924678389591
0.287638816541329
0.117226216220192
0.119613576768187
0.0740802648619155
0.145529677523861
0.124579509539061
0.135432970150338
0.148914951700234
0.130425973113891
0.349283938585572
0.250578523032947
0.138072396454864
0.291752060615336
0.55362453202506
0.554754999609091
0.177322725635977
0.37636008343335
0.639762979527835
0.372122986919726
0.262059706545442
0.304322675260042
0.158666668808608
0.122230490935274
0.134554233626493
0.183895824630624
0.239761295605181
0.0800201335131062
0.0821548132476619
0.0732157386298717
0.123010680000918
0.196500305521228
0.273536732166039
0.0853423340373295
0.102426904154098
0.0779977975168327
0.251661140339542
0.266527322791937
0.145217019375042
0.186827577964842
0.188208184832177
0.281952972239945
0.167018569042812
0.112667226313109
0.852256749253017
0.58516404190555
0.647057266778857
0.527380535880275
0.131486901070918
0.126506511170229
0.202168666248787
0.190938998371339
0.390101960843948
0.316938032597414
0.0823503587568668
0.121859831293403
0.223016092328929
0.406142148102452
0.151360701772345
0.122918310495811
0.131900797162906
0.271466614431096
0.282429465422918
0.181695013763557
0.11552280426774
0.118407869064111
0.0875204045163105
0.250796865257465
0.148420309045387
0.0769194824990078
0.194737664391766
0.300202105667533
0.165377384969997
0.0534642956545269
0.292404091281381
0.62815385458277
0.539107844967296
0.400795474863704
0.243121553046751
0.227247162184996
0.263837975038463
0.211943915003861
0.127905972756542
0.085756830957478
0.135051583232679
0.255854378731271
0.257884176723398
0.217321527509671
0.198553819398336
0.75367174279032
0.866382295594122
0.128730509294122
0.235317022296332
0.121496523165311
0.169705409019404
0.202999973909745
0.206645389604458
0.783349886195763
0.250608243457096
0.103383729146139
0.158259112218169
0.196570227464882
0.106355054459192
0.313561893159043
0.51154568763044
0.346792400282113
0.174550015842946
0.131834768330476
0.213101071149754
0.261480069306471
0.0937591773877646
0.433486240217417
0.468853294560399
0.150711880234685
0.063199529721796
0.169776673469195
0.157687370550657
0.506261411718619
0.36380366856504
0.0823458858666037
0.148335755682496
0.748521794522417
1.07985946594625
0.340838681053341
0.781697076575892
0.578531699493536
0.296448061082157
0.411633001694858
0.459616088154055
1.08436678878931
0.509586234306446
0.662892371711688
1.17760526865713
0.945686890147638
0.346848035657024
0.159660057178564
0.0868335637214381
0.18745537034603
0.168400234283703
0.101517819836884
0.211998481770645
0.176815173916342
0.280346388470757
0.295702796404436
0.224159266631203
0.170759903766439
0.150220205118208
0.172669772039811
0.258964972163819
0.400470830732669
0.205695482340149
0.140488409549926
0.624638851903281
0.975746023529775
0.819269780585186
0.476794807511729
0.22638954905968
0.200593414406847
0.170583481341676
0.143526702859888
0.10087715923776
0.0879743802034067
0.504222839830889
1.33370815918113
0.7094953873603
0.231392726719319
0.417057754234525
0.166350275648466
0.24567603503904
0.787119545348543
1.07494177433385
0.798594942335511
0.773946344636848
0.648988365173309
0.324876505485194
0.172982898599895
0.109936401742427
0.145520621458361
0.258351691452181
0.118243025396409
0.0353979066409658
0.0725161775954181
0.0643321337635815
0.320175280155873
0.520530149102272
0.316595154476142
0.0806319993069896
0.123569721965146
0.159898487777155
0.125898918883281
0.0904977451210463
0.105428983895587
0.0870913039388643
0.0978834382790314
0.2551958613516
0.323346021800355
0.551157979560581
0.380395891203306
0.225983853725638
0.242020740369616
0.0393118902876854
0.0939200162166164
0.0662629885543035
0.0469455818159564
0.105343166104269
0.320883139822892
0.772779317030268
0.8581938077264
0.312335944332521
0.140630392893304
0.174196477298465
0.181016228686788
0.0749339815023184
0.0685736473147343
0.202362553685866
0.26168831574278
0.2245018989641
0.254631724059372
0.24452137660107
0.0883571659346584
0.118270510924725
0.22413888985791
0.139332481304836
0.123662866958639
0.18248594202674
0.04666800569046
0.130688902558087
0.0445499876014725
0.0375360139115301
0.0280131827173825
0.049609353748641
0.0227628760273969
0.0421834430862312
0.057119060711411
0.0567452071456994
0.0604486702592964
0.0325090899983726
0.0306012898358592
0.0602524926806498
0.0511050319184468
0.0286383514334162
0.0506059138355835
0.0371780315454361
0.0495793367135655
0.0674172137986096
0.0649170257930258
0.0452690620277854
0.0196110061869532
0.0261994714141363
0.0443705543783909
0.0700426312987642
0.0693865727147144
0.0222304574177075
0.0450313009428009
0.0622479810393257
0.0434202749591684
0.0445858983759681
0.035963588552381
0.0716643034030687
0.0493385219681626
0.0287337735281852
0.0281067173297401
0.0252551136426758
0.0268553430910523
0.0337548376184272
0.041445658823883
0.0517335567895646
0.0679565233241408
0.0343237347500708
0.0509675191499725
0.0623950118278892
0.0409057682703476
0.121900175048972
0.0528391890089246
0.0230846349571452
0.0148131321364765
0.0202909375329843
0.0876335867992732
0.0695008145117737
0.0348537612221495
0.0270332515522516
0.065042615409667
0.0447299646739902
0.0477897490913427
0.0145303976421018
0.0113901585706301
0.0201623231112557
0.0301724250084693
0.03465865690471
0.0341772850006908
0.0183959387575824
0.0262453192233752
0.0320128180228289
0.0281626353895987
0.013176790810842
0.013279806426238
0.0387615556767095
0.0340256808357294
0.0221643964882633
0.0383648868442774
0.0846538997713135
0.0659721735753864
0.0148752364418172
0.0246765104172175
0.0200364667463265
0.0322472605027022
0.0203241482580624
0.0232952449403791
0.0188058370308808
0.0172542496284074
0.0416591789725717
0.0244813580206681
0.0411067756270733
0.0414229147566375
0.0426354651727211
0.0269328346074356
0.0406966674929775
0.034355388000231
0.0448684885596552
0.0236601812911777
0.0217063100769137
0.0329124230185298
0.0138948861857571
0.00931085057691236
0.0323496585337833
0.0364640163875022
0.0318467812933099
0.0284590824536921
0.0236479136043685
0.0187050438898529
0.0190245947354102
0.0208334677370934
0.0456160270823892
0.0273568544418178
0.0226064741304371
0.0301817420642287
0.0541513937072207
0.0308216775150978
0.0363221481513248
0.0576737100965495
0.070666534097561
0.0190827239772508
0.0491907945478008
0.0316219135362226
0.0109909137153721
0.00937390442809959
0.0243759433875007
0.0386262381609573
0.0267449619042767
0.0279247449192596
0.0224292451501189
0.0307733575047153
0.0420897978829363
0.0314073608158239
0.0535178588937932
0.035277830378847
0.0264169582713112
0.0486672695255204
0.104472160202099
0.0491300036724904
0.0317152138531608
0.0303905117615902
0.0249521544745177
0.0238521006204839
0.0390025918918909
0.0236216913366898
0.0366636738126272
0.0782530344001785
0.0553990814874537
0.0392049174369618
0.0412638479538084
0.0422315488145167
0.0723405048819958
0.0778792468959398
0.0623965029105107
0.154763447033069
0.162875782792771
0.0698651444694909
0.0249323451271757
0.104953551807153
0.0917585085179191
0.043188591016952
0.0463387422578552
0.20963482783731
0.0637914885905305
0.0366035238211637
0.0391743065109283
0.052897170940662
0.0534346764307087
0.0489450344010432
0.0237584883849499
0.0507925036474264
0.0301579828127593
0.0302737342674166
0.0370509688526909
0.105365474087823
0.0436556148166349
0.025614889248957
0.0985162081161297
0.154180437690126
0.0543298405635882
0.0533275049435827
0.0310080741918727
0.0406773826076066
0.0370870100594045
0.0379480073915529
0.036036479177442
0.0378137870424035
0.0472338810080226
0.0641989187102684
0.0958167974997008
0.0679239441639957
0.0617085011882398
0.0685646486138011
0.0538889659705498
0.0955708168408662
0.115401312180315
0.0483365721539749
0.0533652890622803
0.0322438643691908
0.106756820147786
0.043590737579898
0.0583262665236737
0.0294380517764657
0.0997448716408015
0.0439544403040532
0.0665704751190212
0.119471091942317
0.164042944532964
0.0957001393216614
0.0573315476284945
0.0676077667352606
0.0600882254077146
0.0505277488657638
0.0470370747476112
0.0687945793458663
0.154749877760161
0.0902541486257612
0.0400361404984744
0.0360340759510392
0.0455195618232995
0.0394624265505158
0.0649303310747333
0.037537611510811
0.0385706320081984
0.052736740810351
0.0347461767337659
0.0304629335734169
0.0147576056401128
0.0186759105438561
0.04085201391244
0.0352124142316401
0.0425949713328909
0.0191495430563266
0.0308735762209509
0.0476127544092692
0.0524502441052232
0.104085417028067
0.10084562577837
0.0359334466250424
0.0323324108736048
0.101072837438282
0.0919362933487063
0.0216770862737876
0.0624087806938898
0.0891291991660338
0.0297113862267814
0.0251604209436781
0.0321522813635991
0.0502729611239554
0.0219610153964344
0.0245913032577436
0.0183168667835647
0.0157223283014174
0.0279949452287239
0.0412905132553457
0.0591022812866408
0.0750903249696673
0.0618699751281798
0.0406188233695286
0.0566175116723767
0.0614961168656063
0.0377091233217749
0.0325180278005182
0.0450497511594882
0.013692689981039
0.0247769748937387
0.0551536894079693
0.0407559700526835
0.0641865721775947
0.0533481698775009
0.0180312309557559
0.0326361998748991
0.0299682392723067
0.0278252602283198
0.0286670830075287
0.02644893818961
0.0228732582363936
0.027412403892887
0.0357987041026369
0.0333066695312067
0.0526660099041666
0.0384739918348087
0.0453108032341423
0.0532005934074088
0.0632525884551045
0.0734579361975136
0.0562125690940222
0.0397915260331922
0.0711851418308816
0.0661907107382035
0.0271774995029558
0.0268938005950886
0.0331118916840572
0.0192659456615836
0.0270294415892079
0.0201901702508004
0.0135355023776412
0.0135506253449105
0.0163700170758267
0.0152337291649566
0.0267973065756409
0.0385442281358299
0.0425079858671151
0.0221504827379121
0.0244150614809946
0.0221362744832404
0.0333967299237488
0.0678259212038392
0.0338263232231342
0.0236823066485848
0.0286276383373402
0.0374738690317033
0.0240945918114032
0.0520728456253016
0.0354945988507125
0.0503928607432171
0.0373316052837891
0.0482344784851663
0.0233556319964171
0.120623324065227
0.0262976322391385
0.0248365612781977
0.0233086471605378
0.0197038373144913
0.0454582354297239
0.0541257748724518
0.0333759038024797
0.0372994349170977
0.0592935201126634
0.0301329846445364
0.0595733224230842
0.0653509325058465
0.0303432606266992
0.0286730861977061
0.0244602594292187
0.0281557221505857
0.0166151961287751
0.0205804907969287
0.0943090168749652
