2.78377903223929
4.43478514517001
4.98327202404458
1.55784106118687
1.68005646574064
3.30456103667388
2.8652726764949
3.59107221494658
3.38148591805019
4.84384239345426
5.24837536734444
6.9717601943938
21.4885640437819
20.283291630531
18.2976322743168
11.8284434112743
3.88489650457866
7.74364900814703
5.75051713140607
4.33975417620372
2.22163614930239
4.2676546383008
10.3114146190725
3.99846876047795
2.15688353503396
2.14223958906681
1.79108650322924
2.0007903731084
2.09827446399118
2.8629946559781
3.79586042039001
2.8676537987653
1.8794996446608
1.59629003753424
1.97652096712387
2.00994539319174
2.19117854332625
3.86604832541609
2.21335254466504
1.36988276546869
1.65769770062406
3.11818868509858
2.54105557210894
3.5878981732234
5.00955434495937
3.51859608907826
2.82532870152229
3.28410805919337
3.20247746954381
2.27752159004643
1.71121451191983
1.58985425097339
2.07940758050394
6.25796954415
6.29763725982458
3.40383396038309
2.86299860097588
2.60634211050491
3.12025383381798
4.62687059090104
3.18339776987269
3.26849444569135
2.00714309782632
3.4454215486298
4.59413430896458
8.2694890894083
8.96560546240637
3.1519941992426
4.5290961659966
4.14521299448187
2.49496133670787
2.78050160654502
3.34182072058483
5.28635114732981
4.50942022944245
3.05787044494411
3.10176263105038
5.632654826943
5.59456661952749
5.35470185920599
3.90933130302901
1.67951525474644
1.38119863124113
3.55230019915568
6.43443454707442
2.72997711663151
3.57270560166701
3.41576360834669
5.05623244411648
2.45399622432708
1.48871400651121
1.44227359088287
2.26883123275922
3.19206408997113
3.53173497371593
2.69240055752106
3.0102863743225
5.38363654931253
3.69466188150541
2.14702590240935
2.57335196274824
2.52236168155259
2.17986821555904
3.37451361860668
3.85401622997239
2.08596862956461
4.21721409595009
8.63512565773276
8.76434304238883
6.40657507450442
7.03993174680655
3.94702635093871
2.15008351245385
5.59462609376164
12.167400866923
11.3475140289008
4.73659953089017
5.65513651450413
7.5390319533371
5.46310673603672
3.76168037767586
3.28416422933591
1.61584933479147
1.39607060820808
1.72221214225317
2.01919962879493
3.03214783697513
3.04936832468996
3.13227817039773
2.7526427290107
3.7894334566936
1.87231115444229
4.29610794234102
4.20160714875914
5.48544724884666
4.66274900705395
4.67720781285781
4.61125486549206
4.36212270056495
3.76316628125139
4.96525109646435
3.0148686457122
2.65956929741811
2.20706859111369
2.46882463446569
2.44435181713307
1.8482939544245
2.24484853533016
2.62943991804292
3.11035667455399
2.32462987629707
2.48382717166029
3.20147665970773
3.53559656589956
3.44071029021727
2.56915195678762
1.58618841302132
1.4839975210211
2.41903678568269
4.77122540643417
7.39321660890704
7.34840753916949
2.88417058226053
1.18162285737736
1.92524587698096
2.47356545164317
1.91113869101388
4.16371961459158
6.99903919284082
4.17168518890104
1.96833029585219
4.46270925120935
9.25444751507047
9.43074212736359
3.98820097860799
2.46935354362628
4.57986104765134
4.94903138033309
7.46836428949996
3.5125778836427
3.96537990976545
3.06276608631665
2.20657030377309
1.62990236342128
1.694991980855
3.52813852537468
3.27694162998152
1.63999704043495
2.30928435252634
3.46589924795221
7.46856417372221
6.17829373489141
4.33596879541255
2.28069704116164
5.76893906068765
8.45993314039243
2.91993620536606
2.45806027155872
4.66562405074546
6.68900749968459
3.89347065660904
2.18950921591079
1.71520014952193
4.76459847860341
8.44698299564416
2.48588671234651
1.3987424466903
1.46178308846889
2.77055221478247
2.04969430257895
1.34843732487669
1.27587387567376
1.39831915160347
1.28845418167095
1.84547770286587
1.98548194260134
1.85845169333739
2.67809977341526
2.37091875405905
2.71651413079644
3.84843065599037
3.53675348002298
1.87717053936785
2.17337370294603
1.53886921687595
0.953082897372775
1.02731919383744
1.98113664098601
1.92202878395677
3.30807253767441
3.60998242607445
3.56230078185435
3.20730890970389
2.43315168536982
2.27412068893578
1.7574445782283
2.02390187604378
4.16543830838346
5.13394814814414
6.39234353128573
6.1680013916577
4.45844178140855
2.60460889802158
1.72838596925101
1.23861959959789
1.23917425882657
1.16834965168636
1.15718554481229
0.905775217638112
1.12070074924213
1.28728392350875
1.15276432057583
0.758196610805367
1.43170500054624
1.32242339568708
1.63375849746748
1.5370166782768
0.950557167991364
3.62849761035727
5.12882596658382
3.36799417138967
2.05181240066264
4.05133601786101
2.73592425533161
2.3806297504969
3.08281792059263
3.6820945141537
3.07211588026695
2.6837898241035
4.18527138611017
0.754662022842636
5.81738862770758
10.7412844272963
6.88156640535243
5.23772068815861
1.3845918666981
2.04493219122174
5.7720399144551
7.54555838295956
5.62814873040116
3.38356682588108
1.45350790724936
1.31656727657089
1.4502605129182
0.722860166764726
0.828455086688842
0.809004099815366
1.5433440381851
1.87411024565749
2.44255272208714
2.80599265320189
2.0145025898767
1.81278566154713
1.4212736974286
1.47466255858209
1.40842527088513
1.05674610825207
0.788049522286834
1.06944271324779
1.76897156760202
1.24592278337207
1.0301887384297
0.863237341863337
1.04169160645659
1.08855048156342
1.01370520547142
1.70468327061133
3.86082238566333
5.31005322578843
2.89475136061758
2.02344161796308
2.11914182453617
2.89881266260615
2.46164132984135
1.18275829399176
0.740492309534323
0.750578158080627
0.639175672608783
1.28520859053562
1.64468661270438
1.67566845597274
1.13108071747961
0.854662232556829
1.17679538101105
1.49364853957492
1.62756245037733
1.25419080099303
1.35270898005141
1.76959865190051
1.19045028054509
0.608383892591518
0.768021351814668
0.893915932702607
0.877915123216699
0.626649957297163
0.839675028606388
1.07514545471892
1.16418636154595
1.41244465941683
1.30153929450094
0.931213539106026
1.49367708172569
1.35483924685973
0.721985852335076
0.698635869359027
1.0792488667512
0.809143801149703
0.944766850166834
1.08440499253531
1.07556365264852
1.06123363910392
1.15023271669196
1.00903881459105
0.86395917391267
0.997836227243697
1.01210277407067
1.05414853091047
0.734825278807419
0.768735832902437
0.779582592969556
0.583892908374633
0.855768411709974
0.995542655141042
0.603808533643511
0.514752607915408
0.66791325409025
0.939021267808922
1.20868655050829
0.851325123449025
0.804595390225473
1.62764630340077
2.56607639638517
1.33081394629765
1.21141684711837
1.03187577194134
0.987526844362421
1.08033276072603
1.09077605182532
1.20209032053388
0.767961085594382
0.596937538778423
0.881292299297242
0.86150623491517
0.625052273848343
0.842673600684241
0.558743692470068
0.728264745620928
0.947059660025254
0.569903368233084
0.977525040446622
1.2383148196902
0.939165197798335
0.814139982808175
1.253966140747
1.77869411522189
1.37064126248463
0.860630426213678
1.06552845643764
1.36138307640635
1.68402730926192
1.03965787344078
0.95890062241762
1.24349837980019
0.857167003880245
0.882685462886559
1.05502183964315
0.729493580841396
0.74791291562569
0.338648767881814
0.445018805653088
0.694891872661769
1.0887775995818
0.851315683932524
1.11269237255726
1.39424874138817
1.68644294089451
1.39721228035009
0.737065646518864
0.821114368337974
1.67662502340683
1.83926463437191
1.98519275449291
1.92134142880192
1.53038891141765
1.11364351255989
0.91378994002744
1.19581734773702
1.75485002199981
1.35854771077149
0.896799521288401
1.13980241720902
1.05997133242455
0.966609851228469
1.11331845595969
1.31025581489054
1.43623661957083
0.921126788969288
1.01146705189017
0.821060012064416
0.951301978530466
0.964833133659771
0.634175560726075
0.71660757583853
0.787008910255842
0.793552705317065
0.780297848682599
1.03814056587471
1.77775706400564
0.98257320188871
0.618087601039103
0.887342288228849
1.34133543738169
1.69424137896446
1.35717003038397
0.7249014362796
0.940631982764096
1.76735851829455
1.92756518990853
1.74215179661933
1.41621301573209
1.2793012074121
0.931368317955872
0.747257796914263
0.571447888715269
0.582263198033521
0.710596395165565
0.86465683882649
0.888990969277484
0.690335384243053
0.727456974139504
1.08426659882855
0.600496738273155
0.546425031729824
0.591254604138864
0.598525266897228
0.760326370180726
0.7879712624049
0.649755017577627
1.29911931103831
0.763080406657285
1.24554726379431
0.89934014820537
1.58603937657053
2.08505005730574
1.84069038567979
1.9991292044424
1.49214015807895
1.1199840585717
0.919966398365167
0.963612412821705
1.27075924139417
0.941774438855075
0.99146831964343
0.877509886412427
0.454930250852734
0.564345098450924
0.575753998843449
0.809746414233996
0.872608655441964
0.795234419331765
0.873910463195337
0.853623812076377
0.679947999875879
0.495460173444698
0.515597124055388
1.09430008588126
1.36646060741341
0.755440875176418
0.432906297889774
0.611845381952618
0.618744545936556
0.836415032692867
1.80592111669697
3.54171014267105
2.74203002574777
0.701825681428699
0.841053397152469
1.13918878146354
0.840389830042724
0.3260357244769
0.427917482489262
0.581661839926286
0.478943045066936
0.542097708186414
0.524802260798835
0.820522338503318
0.870432696661894
1.05210822869953
1.12239809058913
1.10756595271965
0.954949409091564
0.81792910340707
0.888823696137924
0.803638141322783
1.15137572881057
0.928187596730401
1.16232955977913
1.06685952610595
0.639251918345163
0.502790783785115
0.487897276863192
0.505468213911747
0.487606214225903
0.407017329208733
0.58772536406927
1.07312563055668
0.501976044841269
0.618721972885631
0.660231329226337
0.667119376495472
0.544377531606969
0.738695847073485
1.45086854857469
2.12990766299281
1.75305325652591
1.49787522748045
1.28612647860413
0.942048627332825
1.37089201837221
2.44043537697274
2.25706068725761
1.47473707913308
1.05293206279117
0.779141141377931
0.607185482520985
0.673712986103712
0.767275244606195
0.889198923904326
0.510985406635
0.934772436382819
0.928315304091651
0.947908911437369
0.882094757837948
0.836905389984423
0.796634379452913
0.531273568423704
0.535305805895915
0.750156077162271
0.994276693163025
0.679346687197154
0.457959919216504
0.462213229557176
1.11378164588601
2.31785289470725
3.25369915646673
2.47498975305312
1.32783307460302
0.950925375659296
0.654947999932112
0.97009129617841
0.874288957266851
0.570705615325662
0.792865369143924
0.879930999582803
1.71385497704895
1.56782700797723
1.49976175495139
1.00244452733756
1.05038180872232
1.1186979543304
0.914800653922515
0.906324646828761
0.816411751846969
1.20524120839603
1.22399358607996
0.660852040488252
1.19107850492635
0.993863431785182
0.723535134397564
0.566406917409117
1.08410514113113
0.974017561548684
1.18585756926105
0.984481697436873
0.920965438168665
0.565866563655102
1.17699204676168
0.871676612832081
0.786249731922102
0.674166716587806
0.766849113240706
1.00418798390428
0.885793413951799
0.637504155155853
0.649526690042001
1.08133994505007
1.10521326629631
1.49683871241467
2.38861488590971
2.52301403317898
2.03500765416179
1.68519942092638
1.82930565663812
2.26360437338225
0.952152421017267
0.662219244159458
0.80940481377898
0.980404445921725
0.889303861047833
0.731100747974002
1.54926274139309
1.71014153650773
1.19012294562237
1.37748436153477
1.13424317801456
0.777778122282703
0.834876664114323
0.840960516579799
0.880337258390497
1.06578667999906
1.63242407148959
1.41772224692656
0.934829200647173
1.02702115208788
1.33222461261169
1.34088828838619
0.839673700996311
0.735762457602952
0.629340482630676
0.617253866889591
1.11028365437528
1.94037999395183
1.98865387252268
1.73674507204237
1.65607058556416
1.18505438767452
0.779506358982324
0.830454993695862
0.544863749773852
0.533148471159085
0.514299825962009
0.463073322953803
0.782886117422457
0.844799223670752
0.579782211389637
0.594108211041958
0.622592575143334
0.711548919330555
0.404152974065296
0.309518434303813
0.891412162710042
2.002874047591
1.21778802081164
0.70934816147272
0.502904337893901
0.519559376150264
0.608954687871928
0.524060816302307
0.455601824713057
0.462584950810973
0.573192575938467
0.558224792325417
0.605677469677683
0.429777567713655
0.830452681720778
0.566021704721258
0.650528697045097
0.980241776214828
1.05482966534832
1.46644329744345
1.43842627302883
1.00774317966573
1.53544918173145
1.52539457177243
0.79346208056716
0.711105551470021
0.825892412015988
0.768040924856236
0.782847680487222
0.891674197239295
1.04521282602948
0.814595954856299
0.650258702170252
0.819555763233468
0.665490535149013
1.3250448041286
1.15030950707075
0.523417771709162
0.512470445156582
0.384069430656856
0.690381552916728
0.88615231419116
1.24744900316651
1.12014931939555
1.82857353236924
2.14292766467845
1.41452645664794
0.876453027807084
0.876976555959516
1.33586945653762
1.20741438584692
1.01351321514571
0.730701368058609
0.694316475973468
0.792934171228769
0.896203490011261
0.715222940914367
1.16676028721244
1.43599838652328
1.23926481374272
1.10546989001571
1.70462925204801
1.68675898179471
1.61235368121146
1.43954122421372
0.642549300693573
0.855979913189067
0.73866806482883
0.698664822824099
0.871381426617655
0.484251950638588
0.694516029446489
0.635547752701367
0.289550112719031
0.337855090971961
0.516434372073977
0.75232156309775
0.795190303639947
0.637579696064711
0.561929114826732
0.704477575429323
0.623602417859392
0.58315844702327
0.792902690027192
0.58722002736859
1.18815155784382
1.5711761904493
1.48600761787912
1.23001763636731
1.05148997609767
1.53140917701189
1.46890510969296
0.871674337468532
0.67974103083411
1.1921263367869
0.82599675137092
0.709902876630227
0.738645136667165
0.491459118727114
0.559212867052981
0.731810954505187
0.619564894088274
0.45287679247641
0.686996088443989
1.0983586075285
1.07267509776615
1.55134518351571
1.5384377747699
0.880436264671347
0.687492960465937
0.607169347532957
0.454612029452084
0.622881114450223
0.792186312896128
0.659778514476166
0.693908814729959
0.643002514910516
0.555482722417157
1.44422365583915
1.28379590479247
0.848257359467598
1.52034206480268
1.25647391020081
1.18527196500173
1.67729102550139
1.43553275610017
0.963118208316316
0.721589487818475
0.917681244810713
0.996520030394547
1.33607920431135
1.40501679317624
1.0953501292547
0.607724169756154
0.924109462986928
0.950767339909808
0.680332947646891
0.441350423767343
0.530269720302035
0.761862986144187
0.862339834227151
0.596360271344823
0.594657995667533
0.406119600600404
0.564680275624064
1.10132756644233
1.40789142677083
1.80325457800439
1.65705521567324
1.46274068458803
1.23954757143551
0.880497435495521
0.921364981698921
0.8208406436796
1.00794153102881
0.703477943791835
0.448513856044339
0.616698273026397
0.669378295611747
0.679483688351388
1.20392368407832
1.08059314295862
1.12618982443804
1.31108041310768
0.941051570680662
0.479823060723003
0.727169624219016
1.01971508489409
0.806510076600425
0.641971134078928
0.583084459596492
0.380050293703641
0.501916688468672
0.389531295544802
0.611063144063524
0.40134117200652
0.393832113883441
0.517916101727395
0.572181310599764
0.554876016000739
0.709703202751272
0.950009624278012
0.959289479660942
0.564952825090032
0.598943471543586
0.555208668088945
0.334986454228724
0.645132041248939
0.880244475282733
0.785814395946396
0.881214362331321
0.729467672033723
1.20489685971897
1.79812844511494
1.74803079486505
1.16934299488456
1.28927577077754
1.22905939386791
1.22174409101893
1.51920433064693
1.01988808075028
0.513470623208487
0.620320652130782
0.493957371698785
0.499324083359471
0.642869769825105
0.629888237771464
0.604596052142077
0.796730431178116
0.927986111448289
1.29463736254023
1.43870569598369
1.08351900448734
0.637054065946998
0.770098689486873
0.645893255986893
0.545530983219609
1.04876079368295
1.1442182821153
0.806573318864257
0.574897276556269
0.485979635288241
0.546176515517077
0.599632687379535
0.694080852449782
1.12270218108997
0.837152019646961
1.00219488358287
0.727555648207214
0.425406096598171
0.54667481778255
0.488495086772507
0.432800880446974
0.862841410483426
1.00208234525395
1.17223513858224
1.26957219175017
1.23382920309292
0.972277739436714
1.13606063942619
1.27857121352289
1.50673691899818
1.28841419725224
0.75868190339974
1.06028296100933
1.25145127264323
0.874285388410433
0.804998951076647
0.601444820971227
0.344826936254946
0.336737438164739
0.426181773151411
0.56628625259985
0.77306475070916
0.630506082706681
0.342695076680307
0.57287302654724
0.775630981110248
0.557703510330119
0.581887360324714
0.598193365812353
0.608037360976562
0.66859745357338
0.726826497700614
0.705076879017512
0.672252507464004
0.643625484957204
0.81923302237718
1.56072504490517
1.36154241873463
1.42120654589879
1.81308090299401
1.75058878947321
1.90989248581598
1.45772431830531
1.30858980305665
0.978055720381896
0.654055078337352
0.602926279102619
1.50113982597218
1.81770966803375
1.19472071976627
0.599447696561592
0.605806374795245
0.559644357129696
0.285300330289103
0.275138140340869
0.332952667993122
0.661701563413551
1.0890483474608
0.935469088363073
0.586509048212651
0.483948949824187
0.549795578398378
0.606611892016109
0.439810281750822
0.502806818209336
0.669504415588156
0.643794306990692
0.945770919780322
1.09077360376835
1.26238771498723
1.28494520716425
0.986525303785194
0.999564380399981
1.18866647307492
1.44330999942324
1.34997969714175
1.08001527099001
0.826980923556948
0.664002959344635
0.544162136567423
0.557826634394822
0.656816380745245
0.660870416453836
1.00167512356644
0.881510671096099
0.809609979981515
1.46260344567948
1.17650048870626
0.589423773770134
0.651516423847225
0.592159089243148
0.339228466581331
0.40487374734761
0.467388531404731
0.469217802606856
0.559029573624402
0.520086980052171
0.645012716614382
0.779441363166505
0.392884932828778
0.338897033212389
0.712769468348485
0.764465700560942
0.670937918212469
0.635888670180406
1.20174844698524
1.13390527893484
1.32692167960955
1.26975965091959
1.30789356533952
1.67286235575535
1.18769355895514
0.984420250375748
1.27772591794721
1.44320821266292
0.71661595912446
0.630298870798266
0.688506198231208
0.703890541315392
0.536842876184595
0.367697942436187
0.61765978300884
0.757544443351271
0.395721518526509
0.343371002707164
0.503507383089921
0.699099178593453
1.12087616098366
1.09281240833084
0.350746707303589
0.501662725877463
0.93112415309515
0.823164429172313
0.499077018650089
0.500705083473958
0.619638729580388
0.774875653332648
0.830139874561811
0.651470013231997
0.501390535264072
0.421808394800704
0.473780580913673
0.756601864703479
0.658857401550932
0.518390505309126
0.561865858913718
0.574634976530433
0.589680478571889
0.875837224873934
0.936606272310541
0.722155096316544
0.49693090046295
0.668349089534442
1.00356808138255
0.657877775202574
0.47536338904095
0.528182896535939
0.56401946944932
0.479060929570091
0.484695169931179
0.803453411539611
1.52281672996301
1.23599566186175
1.29863500886567
1.54324088007132
0.801067312078813
0.748727945839421
0.706456223646295
0.971121946958228
1.00298307050566
1.34395260444908
1.44052609194067
1.20228637461823
0.81110313876074
0.810407097235037
0.821673565483193
1.00958370723247
1.53985143937172
0.978955637294881
0.893281601629997
0.748121709893311
0.91684059728546
1.25266110986499
1.01947275537764
0.665432040541209
0.788786563979682
1.01141826432647
1.12643048376654
1.010737919648
0.875104204251804
1.11178057394717
0.823957817068285
0.723416555594345
0.480468427493652
1.16501551362876
0.729292179070111
0.582847418123841
0.496470854293642
0.999595716129028
1.74240855893545
1.94535974355191
2.16411857403033
1.42713465950593
0.820828701680711
0.996252418969591
0.843267671197785
0.760603913573862
0.555796839177059
0.543010669973939
0.657686338428647
0.713170197755372
0.558099663170273
1.36393260203587
1.51596642214548
0.989954244833534
0.635523285731994
0.98823202717472
0.997564388059374
0.962826773790993
0.913440249957394
1.18311305454182
0.777725030503278
0.539383092888111
1.00064125434126
0.968540404866373
0.530971781292997
0.804907337149274
1.04831171339793
1.0001518952286
0.948827010581042
0.95023688793541
1.10033847500825
1.50016092505531
1.24195589169501
0.641585992334106
0.845576420256876
1.30672877162834
1.37125701104371
0.946909028908131
0.525807157683965
0.971972663962598
1.52123220990283
1.29249802021708
0.604012202710004
0.55370771886484
0.904252452270846
0.655056920048133
0.534759477874921
0.65830503478723
0.54117169604702
0.751716545911793
1.08919863568199
53.2111844577377
58.3798653958418
9.64756003434027
4.6736857049904
3.96382601208558
4.03535391710317
3.38035951624453
1.17672027235703
0.786698330657089
0.86910854478841
0.62132424194231
0.567835302598123
0.545814028658839
0.454816476188537
0.832929017818982
0.899016912890626
0.370664038231198
0.534066187755881
0.596357435759904
0.613680024709247
0.529106754281514
1.03417503951429
1.61207738596071
1.58473596200101
1.54870648494855
1.05727395914168
1.24346088029662
1.10595037055151
0.909968475084943
0.914482161714115
0.92163683439556
0.681300194181193
0.760508495403675
0.653032400198901
0.522632538367999
0.4579995817138
0.547466935241488
0.636882335170372
0.700613436776621
0.659921288523078
0.518557397661494
0.553911356117742
0.880599808151835
0.338811687151805
0.393222781028888
0.738689853203305
0.721045705036955
0.495140604475163
1.82473177621517
2.70733350512082
1.45946430961869
1.07134933192734
0.628253267603349
0.548038968107569
0.546150280782403
0.532567946826888
0.662662599609748
0.988576058757397
1.30555870471113
0.878414774550683
0.911093395205576
1.30668000165078
1.05981906258735
1.04604496907017
1.22755094200363
1.4549839780628
1.12537945020433
0.493564184905097
0.700035656376875
1.00023747371438
0.516495767237608
0.635036687416625
1.03514489008
0.970300948168716
1.69779304408328
2.38356437095307
2.04612292124676
1.13207503837024
0.828286201289744
1.08740732221519
0.722916998576414
0.969945855309767
0.905712911630984
0.652486296477246
0.676913804632461
0.653822710902092
0.961381080903198
1.25827582685605
1.16532777193985
0.813703397427926
0.521682460562575
0.688056723044906
0.922756417969902
0.56973339753872
0.63131018959619
0.558603541852783
0.588437565225885
0.830560259867034
0.651052614637796
0.668822595712007
1.4217540121974
2.60490838963133
1.73059323920095
0.700963692048104
1.39312629805111
1.51713207730292
0.821060480498414
0.896011867268967
0.999151414958491
0.909375871801602
0.480744031968787
0.344237806484289
0.573399792312543
0.615315438470391
0.715958337280516
1.15020899993733
1.27540718975983
1.86126559445437
2.08787986057668
0.962726844998552
0.527476395440138
0.747489464945498
0.849242083313761
1.13718848284233
1.0061220184175
0.841980157732964
0.499183537954181
0.523220579028278
0.749847392378904
0.653350393961207
0.831099868935442
0.986975335745684
1.62101067550339
1.24747362264345
0.590697327612158
0.522872345836083
0.648613583478156
0.794075587750072
0.639475443360921
0.456147915061367
0.612989256535014
0.672154262964191
1.45259774362969
1.07695657589845
1.70250289841961
2.09066269586959
1.71223235509628
0.955652580192181
0.82185055050394
1.05203173880621
1.02122465359038
0.983068620119378
0.962588165467018
1.16851896260824
1.13861783561355
0.788805361231381
0.611048592614693
0.468132176532298
0.989879347437652
3.56578865716014
3.12241746506798
1.68269301771746
1.98050439332043
2.54660261487079
2.12655468147493
1.18798034056893
1.15179690218267
1.25096147314693
1.16810152271451
1.00108630161602
1.01378559946727
1.07642467962492
0.975858336033785
0.604899955260814
0.571183802377205
0.510512589931339
0.61448328376861
0.875222536219376
0.985580660886756
0.82684487074417
0.753248714200482
0.704823778334699
0.762123147952482
0.840752027440171
1.43946696707737
1.32237882178777
1.88439543495823
