0.0747313012269503
0.157953815367876
0.216722437061751
0.196910371051271
0.119145179341019
0.114055952815387
0.0623502552644763
0.0321100131922734
0.0792668625556881
0.14371569911606
0.112097549850205
0.127873950063221
0.127434316515846
0.102045819592422
0.0852336015042841
0.0844638936125427
0.126744133903578
0.128986523327649
0.123633050640701
0.100014886106426
0.108461069771349
0.131956142162061
0.105122169691593
0.117458887193635
0.167254631370246
0.22904492252606
0.2964556465513
0.236141340405348
0.150915492313884
0.0966114033403043
0.186926814252218
0.239604231283416
0.156346814835043
0.221797190841593
0.151323995255113
0.0747419327731439
0.0467992409373237
0.0789653067146271
0.0918078348653501
0.266087178670515
0.376170472788393
0.242367144734219
0.0606524617327471
0.070539164809153
0.164983080673731
0.141976659456962
0.111237509510998
0.124865699534965
0.105410255307132
0.0885594161116397
0.205328185532953
0.221834166336876
0.166118081501248
0.110811222931104
0.169668864290031
0.357243050732866
0.245400808695989
0.168007891478824
0.114195620228403
0.0957732301277205
0.0774377936797487
0.0635680774978969
0.0804581924948291
0.212922765566833
0.190588604573862
0.156786474859493
0.109936491211794
0.0729104872809825
0.134716741786953
0.111574599000453
0.127173317460757
0.100025498625968
0.0845667723579113
0.0811895481851549
0.0700219989294173
0.0892896598581377
0.113918238534327
0.200827915422938
0.176525352467083
0.07106024908645
0.0816463471114161
0.0924722972077701
0.187650043227391
0.189637764305066
0.0934186831399101
0.0710598320563669
0.0890831874449328
0.0967631482377415
0.184846334640386
0.38503083001638
0.122521125898258
0.150570446834613
0.120485377790886
0.111658550321639
0.0819359507407914
0.0530610166610255
0.226039540673712
0.363694773270402
0.238700844645433
0.0691746118217986
0.0717541293029693
0.0649080240330333
0.103506422229535
0.0793305688451119
0.0774479748557799
0.125873892308207
0.109800087980017
0.0881215685970374
0.0868144492783031
0.0539208237399961
0.158058626830224
0.194374584947628
0.145952762793458
0.111552540343027
0.0654490878631358
0.134935493568189
0.119122862392249
0.163381322198008
0.206138206191429
0.107338960013252
0.0903419140360996
0.0909706280453259
0.101691125181517
0.0896957314343781
0.200279082090282
0.187434451214516
0.0879375069633041
0.092051121614445
0.0511710602863373
0.0774016305954431
0.184580413167777
0.192852688400223
0.107145562911721
0.162586617728917
0.433910135958501
0.418811297586946
0.129218353904262
0.238267562554908
0.234037661727268
0.156855067959426
0.0702244241481766
0.0723414382208172
0.0983408059959895
0.131891542372231
0.0894205037984761
0.102997148278373
0.0945265813466368
0.0865932559418468
0.0665139699759247
0.133151593543239
0.195244611275182
0.217482356058955
0.144195029417757
0.0743527290948253
0.0689100580440926
0.0716939080091612
0.0628461386935027
0.0510721478399749
0.108961211690589
0.0960292373766437
0.13419045648729
0.157295396889276
0.150420276685507
0.109737357811355
0.104493575697731
0.10588459435131
0.0959527598548372
0.0941111711968352
0.129794145884489
0.0967406080229829
0.0797717522519139
0.113307392861841
0.149916489132285
0.111572757653598
0.0945331834110965
0.26651440713424
0.247796180338157
0.0939917125655919
0.0779630226990703
0.121618952797564
0.100758978488121
0.055788434612041
0.0819646717194689
0.252576269712018
0.208623582863072
0.0464313466183829
0.0910735585774596
0.201693722858018
0.247024291238421
0.195472168021582
0.129605507839715
0.113319696612462
0.251056978905844
0.239859489141052
0.0714761182949192
0.127966286443846
0.332001811057899
0.351626952497454
0.184693513667895
0.0667088605478543
0.0805153838419846
0.152890920512834
0.207805052814776
0.169878356221387
0.123958172358618
0.101982131465729
0.233125922187497
0.179792410757271
0.0527990435489415
0.108036444751606
0.219941145998281
0.161010919999244
0.168813684535583
0.223783195636592
0.214545646184867
0.122002430736068
0.117687285204696
0.185523056643439
0.0861923730037983
0.0520141063582388
0.19254722860836
0.142024563648677
0.137453167270963
0.163077764172773
0.137567613799494
0.0623832678283144
0.0510769569976419
0.0568603309457072
0.190343413671664
0.160462054862764
0.0982684162198416
0.189789167973655
0.159425569788223
0.0879436572377533
0.0750389380398677
0.0905258999010078
0.11314681576111
0.0681818189271135
0.0867963929256076
0.111550508636348
0.0445602412793545
0.0468610485270525
0.12027282826707
0.0516339805607981
0.0585761641105647
0.067945889005721
0.0821426320176616
0.200109046969206
0.192469406168487
0.0704398539676483
0.129571546662353
0.089235159433066
0.0794764518423153
0.201945882944564
0.403292450582201
0.262803136444446
0.206036871732971
0.27948163653658
0.172443688431896
0.148055068549266
0.225876942020717
0.246431402500108
0.187523453774227
0.150354846197368
0.0784558790169065
0.181504167203127
0.160044013963359
0.123370574589676
0.0927261444584559
0.178729358557656
0.447568647154796
0.446341137950385
0.258434520235291
0.171364992409469
0.283735336927191
0.234342106027513
0.137031087214918
0.121331797298868
0.13641948913758
0.143213604546897
0.0823234416376744
0.0712788269251038
0.0428210897791706
0.0747697709921354
0.161102802119018
0.147874116396131
0.122470807840498
0.0962650534538184
0.098606231831922
0.18445050516073
0.157148925655402
0.169934206299813
0.0745062844867086
0.190083307002396
0.246082515055983
0.133163094228354
0.17017565004537
0.0945142932235198
0.0995934518551285
0.111080773654036
0.118442656073672
0.0730441350874886
0.0792900105515595
0.112076703834019
0.179316881222423
0.269894535536153
0.220348063357212
0.173205408277855
0.125597000518042
0.131559063279549
0.0943040591244273
0.0726658966651222
0.0745435262095071
0.0710637249963516
0.0903582621545001
0.215903135555239
0.22144538073754
0.108781519496317
0.104661150483817
0.131353686033389
0.150589888813812
0.292949379617715
0.315728276681381
0.121589729917878
0.118271723722837
0.0872259987448007
0.0681893932955528
0.111343772119506
0.178475936296166
0.43257363331125
0.257490324356713
0.220222229471825
0.338492863360493
0.498891633539936
0.176973966124832
0.134284433168646
0.129272142867895
0.0781977421208597
0.0890525847298213
0.0581503481832196
0.0392642932507097
0.0434774355667351
0.0684138197390994
0.0842246009784559
0.0515958641882643
0.15187679912533
0.117690900160995
0.11077070888883
0.0730247471956885
0.0775713812496661
0.0638976739918043
0.111308108815982
0.125678076508576
0.252852782246816
0.251784185984945
0.0775276688738389
0.0461314335787888
0.0373025419502581
0.037853540228503
0.0371742423817208
0.0514408895621565
0.0611464400226806
0.0843009014574196
0.135218966757488
0.111170298388187
0.0931364957396092
0.107471077360746
0.128472684385203
0.10793241660931
0.0562555160708303
0.0665438483735185
0.160907433168493
0.111145872727718
0.0850513739943394
0.154948083191805
0.177554488585004
0.112643750234454
0.11130880614728
0.331292492522687
0.474739653322196
0.264329855340006
0.189367606076875
0.717211300098002
0.721736096727879
0.337044293237319
0.111169639542551
0.165460264811083
0.105868768515873
0.0477712578285745
0.0944901291708716
0.0870453802571367
0.0501236453070722
0.0447239106882933
0.0314143425398717
0.0584941120697961
0.039519757299493
0.0278274668590891
0.0375071095877542
0.0632479412772146
0.100729952858499
0.136501518613527
0.298712394631972
0.381545238013407
0.141687060135248
0.213114301396507
0.197565552334302
0.113428866693687
0.0751013727812515
0.106113968955534
0.111981225216031
0.0818712912116238
0.102384346203387
0.103841147265883
0.0649497017474114
0.0510010102557957
0.0686659765105021
0.0953696582153925
0.0734539565301145
0.0869794791721558
0.0948763437466472
0.0548452872120823
0.0792796758128018
0.0548204661844605
0.0644849161381945
0.0610923834749032
0.0620067046647051
0.113508241053546
0.156420662917599
0.110504238463026
0.0721888390544909
0.15557343312821
0.153296742186872
0.189221272023432
0.190982740529599
0.132058390166981
0.117599928703082
0.0587859926969007
0.0480637636471417
0.0487043603036773
0.0875734675909746
0.156836074230864
0.0951733283877511
0.0708991795752408
0.0832507768494024
0.127132990718115
0.0744557683197902
0.0543992884567111
0.0206273843705126
0.0498368017477374
0.0994580528895575
0.058353625456168
0.0881144180787829
0.107378457532108
0.0595409628259169
0.0662134026929565
0.108601265858373
0.0886612929015623
0.0451317619287772
0.0874956475337013
0.0715504440320323
0.105663648703132
0.114930683644123
0.0825688687533662
0.0908535534901044
0.150857197242559
0.140066974812987
0.0479314407185407
0.121700875288125
0.132352178482735
0.0727748984063702
0.0570747018897922
0.0651859282717075
0.046009439756594
0.0563422435391926
0.0652822162667582
0.123037428948629
0.151245045073679
0.155074405071796
0.171807678065056
0.10928389887737
0.097321355703407
0.130729891404368
0.097330695484982
0.348387730565561
0.236200152743439
0.315568462177934
0.173777991551812
0.157086391951662
0.157258513681433
0.237499190863355
0.258253078401895
0.079687066163781
0.0725226466437937
0.0425774364989596
0.0529317296092297
0.0786819682851975
0.0815755302998178
0.0564296272227259
0.064615759305219
0.0844449965903305
0.103066958056922
0.0793671118136181
0.0851608630691497
0.0801136936043575
0.106651077655761
0.0994052436850364
0.0441369874019909
0.0642120526979516
0.0603622749723319
0.107648408931621
0.114353361953497
0.091812428889227
0.089955055067554
0.325772562866331
0.370698113781866
0.138909767287931
0.273870943360112
0.332160411129525
0.176204470711566
0.0912477935896705
0.0927478669835155
0.0759869277418427
0.07467802534283
0.0875677311682914
0.0689099500260481
0.0655242061232212
0.174189463506558
0.179824984932627
0.120946158589524
0.169061978703112
0.0811670817613107
0.105007802084937
0.121370704076748
0.0910721467027705
0.10571272566907
0.0928549041434331
0.0741034015212661
0.0850144718280408
0.0798858483992466
0.0514715573326886
0.0969858422527635
0.0801466119819136
0.0603840938780863
0.101141389321604
0.112849714363063
0.0907744503221203
0.0778946739119166
0.181028325250845
0.128353917019085
0.0612230099238934
0.0786348562066782
0.190635214395551
1.49743328024698
0.738935418267309
0.0892386412618597
0.0963765447665639
0.0857652987708103
0.10337543874693
0.335423964523466
0.303357104810954
0.0638625200483518
0.0757907289051749
0.0403107239756311
0.0328792587880714
0.0953274434344865
0.0531199029310405
0.163532542593724
0.177415552833353
0.150417682395672
0.120499356148465
0.0956902930674282
0.0641853310313591
0.0519795995931082
0.0845486849831498
0.121930030525159
0.170653393099876
0.0725492948125648
0.310261813681074
0.261889427659206
0.089461482044456
0.0924617237813261
0.0614018035504446
0.0423300158998804
0.0459321486285813
0.063314494929999
0.080839382336796
0.0898802917104946
0.098149084011835
0.079797071685402
0.0492116329918499
0.0848758130086486
0.122013913378221
0.0610402167543935
0.0412652361230495
0.0382513346272657
0.057132357428703
0.0604751292425276
0.156983113033327
0.157947055980196
0.0780223247170198
0.0813782976957424
0.0687281268218019
0.084466898590192
0.0694913035396111
0.137249937526337
0.125120232913313
0.082742181368811
0.0731663968801545
0.0693262407930148
0.0575882347806545
0.0814526442577436
0.134379523720293
0.244949628957415
0.214323458958304
0.0562855010749893
0.0541671023318323
0.082267560116076
0.0901244228998136
0.0734965739541777
0.0485654051336825
0.0500394499862776
0.0990504751543207
0.113506798810628
0.0653363729074362
0.0590870758111386
0.126157516709224
0.112907288160639
0.0722726417776527
0.071796433188509
0.182333670456265
0.205604141918062
0.0962034767975488
0.0861589996529927
0.0996096654821
0.0707439521101778
0.0714481851697156
0.0919370697932251
0.105973660974804
0.0649124729442044
0.0706466969741329
0.0647838737355598
0.0798710794531379
0.0941124409716081
0.077404241492983
0.0604222002256981
0.0422553634161942
0.0458027248488945
0.0524575110765719
0.0392120597944631
0.038287148427205
0.0549419189155266
0.0527001891175815
0.0412225869861672
0.041607956637718
0.0589163255093487
0.0637008478319116
0.0800852033655997
0.0634707355934025
0.0606425371360879
0.110887079495857
0.138670655156555
