0.108858779856154
0.0697615721478567
0.0635629035141277
0.45782603043915
0.674876979214494
0.119408198276304
0.102149656661006
0.0642508198140977
0.163133781466056
0.244602460919911
0.282228741267377
0.44903429140387
0.261967983692083
0.250157108246778
0.148471363059908
0.127402583043296
0.120580073737358
0.0963025091582994
0.100270460147533
0.1680808580998
0.10269920200842
0.0530847156836677
0.0893151325439511
0.120877836509534
0.101796831039346
0.209786541393681
0.176641711528776
0.0986458183451065
0.107736804775088
0.0758287254488444
0.0900760040644442
0.106422944379088
0.0657061906544974
0.0730641114790187
0.105914654738672
0.10398585666349
0.127807605321636
0.110535798065329
0.258881843107062
0.0871963281154269
0.116786144916989
0.459020961121956
1.02654115847377
0.909293116765995
1.04190564336236
0.10519484366751
0.268196291754586
0.186120725682555
0.0843190302937421
0.239020830856173
0.239601538937562
0.221033499051271
0.0952478673338427
0.0721906988535549
0.0658723871125697
0.1564942983201
0.152116294141911
0.224087760995209
0.138369212849199
0.178259630073382
0.473494993339224
0.579475580785826
0.288046283077804
0.135126342363951
0.0950632935098941
0.217623278122349
0.269616152678803
0.0925822631172225
0.744640838367117
1.81127207755205
0.438986146728167
0.231308200812153
0.0562456836764821
0.212840261147499
0.158202621987231
0.135556854593041
0.129337020088603
0.151803805791531
0.139434260587678
0.104233139098524
0.0933689272391409
0.0737994422598487
0.132644923950859
0.162117967221679
0.25166499656878
0.148232977808704
0.299522465226532
0.149647098871643
0.0876602751633166
0.306408242436716
0.596032372899158
0.333749381142014
0.193192157057912
0.176287818893241
0.13984645253615
0.0740495980755071
0.107357379177671
1.44312731413865
2.1313976607737
0.441634920531923
0.544813987300055
0.165579587708451
0.0619267030595569
0.0369753322688605
0.0548216776182514
0.0625049724542596
0.0634150671654715
0.490719905250198
1.38514042575355
1.43616965007297
0.236557186431524
0.097728909144116
0.182976977702955
0.18272914891675
0.102640413308213
0.0861266159641834
0.179862785997349
0.0916387503525966
0.0759273494347666
0.0630741639460692
0.174167317576978
0.176022128314728
0.180040809101059
0.301660797033385
0.11213662647173
0.0899212363888867
0.115112749814166
0.0985104178071971
0.0833315033303866
0.0922338222183018
0.236958580158225
0.46519397018982
0.153216031117808
0.0903300614280802
0.0359991522812463
0.040770164064251
0.126327088823724
0.23630754897128
0.151328658177598
0.13453453920514
0.175171802615612
0.116212401769887
0.0602297149676402
0.0390016351687824
0.145732673163319
0.233192397719753
0.121283329436528
0.0919233737516619
0.0850470662003431
0.101649600646314
0.107723701425863
0.116566011219737
0.0756170810233596
0.0905292897449141
0.0593624981470632
0.0705442897126948
0.120297338886106
0.14571339474497
0.288396026663111
0.37812762728526
0.171520217257254
0.134858641375386
0.208270396813457
0.212676921505364
0.621760505287972
0.761324032837049
0.177327327636624
0.47824650731009
0.636552817317326
0.101364594599721
0.115021267411477
0.0989438729500734
0.104908378108598
0.297557415753687
0.328664593220915
0.184146848442616
0.069569073219323
0.108944256325582
0.167464773843379
0.23210686407516
0.250779662341565
0.197912118374062
0.198190577142918
0.131820132987308
0.0771708223122659
0.144711496005668
0.149569468346014
0.0695826036109767
0.141312739016136
0.517714812870857
0.630686631230002
0.139887475163883
0.0730534230971207
0.0773029012446853
0.178862526502759
0.229386861511523
0.220789936148005
0.469962853150916
0.436815901190496
0.466190884165499
0.243952366447399
0.125333536510106
0.163473755531173
0.176617599779525
0.0853436585514583
0.0866041038449142
0.0640574236205639
0.137578242331402
0.15025903900789
0.0870504272290255
0.192891253762143
0.409382701047704
0.442607975801128
0.227665508191071
0.140000230808097
0.206977975401222
0.135370312344571
0.0706808728774799
0.123771682202518
0.311907288488994
0.133532100853876
0.171904760783151
0.284276978468715
0.267776591410205
0.179014724542473
0.0833482243381962
0.0387200819395552
0.0880057304962561
0.127512792308139
0.112907749199528
0.095070129855901
0.125510102085519
0.178421547498298
0.150753401860139
0.182038939536583
0.261140519621081
0.179144358756956
0.20567018568605
0.0889213897149283
0.0832063675325467
0.0795320489946744
0.967415032698534
1.50718547301799
0.969063555538847
0.543197369079452
0.12629475179239
0.101803588010785
0.210376130286291
0.3106534565863
0.267073915221837
0.70960180430271
0.570907605281193
0.181296159593567
0.199089170788716
0.706985732806313
0.210114285079064
0.382947180034386
0.214094420202654
0.11317655832393
0.226002670688103
0.177879566380364
0.212416076850491
0.180895042856756
0.250649124644654
0.22200613385247
0.312859923171357
0.234619589831662
0.293311118905739
0.222625364965723
0.437543291443581
0.482684708250559
0.274381116127431
0.158059844388385
0.233654124792492
0.338069843686452
0.380312617926263
0.745593328520476
0.656809529516866
0.186636846096257
0.192713981795375
0.316769195064185
0.82501194048804
0.148298801832348
0.263936872486273
0.687875151524343
0.488954288400341
0.137894005938769
0.159726750768306
0.29195803060254
0.407380917525582
0.3334310977364
0.128336600417188
0.156856602703353
0.484732984016308
0.915983082145738
0.129529415337254
0.775773636051864
0.571235720330085
0.382705649048527
0.454732287235202
0.278468812453694
