0.140214308944745
0.128865359784502
0.149940814709956
0.13091276706982
0.141598438140649
0.132275100468534
0.131329354190827
0.132970360890652
0.142037005844172
0.134340770254259
0.123992406925393
0.134020374164621
0.117839989704242
0.132613136890809
0.116006037965562
0.134773244570838
0.115708337812638
0.131617825918333
0.118221673128335
0.132765591119557
0.121210439170319
0.129041859125777
0.117790970808559
0.134005128014842
0.119641630294549
0.139613701802497
0.112697504761998
0.122928063550862
0.111269245817085
0.117835269369283
0.116528427052187
0.123559844122165
0.112616152503782
0.131460997590166
0.113125445664906
0.140591584974868
0.115534399425428
0.148606873462277
0.0961698998273635
0.146000829459358
0.135200997216776
0.141407243474568
0.130714677837069
0.143060045551982
0.128521082542942
0.151619031426236
0.134415600975411
0.131559069827177
0.131558953565129
0.147152464113909
0.135813056271255
0.130883903115272
0.132809867833639
0.118316398096518
0.134040441422774
0.116288098498922
0.131392091928352
0.115883720227732
0.13084426266887
0.114260249722644
0.13358751212011
0.12484038694352
0.132611194506433
0.119075570905085
0.131151810325309
0.116083744638753
0.134623765874207
0.113240989797894
0.124828463305562
0.111988092749608
0.117626176795273
0.114803347834561
0.123894248398927
0.113997776209083
0.127782627399225
0.112815540237912
0.133966423866147
0.119456006888117
0.145970041268224
0.101797424189411
0.14974917847216
0.119622246040126
0.143930835241333
0.13095997570775
0.138467564225512
0.128808686609412
0.158773194620668
0.13482106806064
0.133516779137141
0.129518686254225
0.140491223638117
0.133522679296466
0.141760839527529
0.132807042070527
0.122556861731109
0.133267102027509
0.11777788144493
0.132718925269354
0.115737781622891
0.13262968550902
0.115279094151881
0.13071523897364
0.120968701310089
0.132174778941738
0.121997008234776
0.129961549700126
0.117807268357731
0.134545079281874
0.113783957463002
0.131382117648756
0.112071952999862
0.117530400239272
0.111185053650979
0.118429398626897
0.112944759742713
0.128016139599821
0.112889184366395
0.132637020575886
0.114713967912763
0.142387219004929
0.110834468312957
0.149505345184541
0.104770435935474
0.147355216237673
0.132982305699275
0.140214308944745
0.128865359784502
0.149940814709956
0.13091276706982
0.141598438140649
0.132275100468534
0.131329354190827
0.132970360890652
0.142037005844172
0.134340770254259
0.123992406925393
0.134020374164621
0.117839989704242
0.132613136890809
0.116006037965562
0.134773244570838
0.115708337812638
0.131617825918333
0.118221673128335
0.132765591119557
0.121210439170319
0.129041859125777
0.117790970808559
0.134005128014842
0.119641630294549
0.139613701802497
0.112697504761998
0.122928063550862
0.111269245817085
0.117835269369283
0.116528427052187
0.123559844122165
0.112616152503782
0.131460997590166
0.113125445664906
0.140591584974868
0.115534399425428
0.148606873462277
0.0961698998273635
0.146000829459358
0.135200997216776
0.141407243474568
0.130714677837069
0.143060045551982
0.128521082542942
0.151619031426236
0.134415600975411
0.131559069827177
0.131558953565129
0.147152464113909
0.135813056271255
0.130883903115272
0.132809867833639
0.118316398096518
0.134040441422774
0.116288098498922
0.131392091928352
0.115883720227732
0.13084426266887
0.114260249722644
0.13358751212011
0.12484038694352
0.132611194506433
0.119075570905085
0.131151810325309
0.116083744638753
0.134623765874207
0.113240989797894
0.124828463305562
0.111988092749608
0.117626176795273
0.114803347834561
0.123894248398927
0.113997776209083
0.127782627399225
0.112815540237912
0.133966423866147
0.119456006888117
0.145970041268224
0.101797424189411
0.14974917847216
0.119622246040126
0.143930835241333
0.13095997570775
0.138467564225512
0.128808686609412
0.158773194620668
0.13482106806064
0.133516779137141
0.129518686254225
0.140491223638117
0.133522679296466
0.141760839527529
0.132807042070527
0.122556861731109
0.133267102027509
0.11777788144493
0.132718925269354
0.115737781622891
0.13262968550902
0.115279094151881
0.13071523897364
0.120968701310089
0.132174778941738
0.121997008234776
0.129961549700126
0.117807268357731
0.134545079281874
0.113783957463002
0.131382117648756
0.112071952999862
0.117530400239272
0.111185053650979
0.118429398626897
0.112944759742713
0.128016139599821
0.112889184366395
0.132637020575886
0.114713967912763
0.142387219004929
0.110834468312957
0.149505345184541
0.104770435935474
0.147355216237673
0.132982305699275
0.140214308944745
0.128865359784502
0.149940814709956
0.13091276706982
0.141598438140649
0.132275100468534
0.131329354190827
0.132970360890652
0.142037005844172
0.134340770254259
0.123992406925393
0.134020374164621
0.117839989704242
0.132613136890809
0.116006037965562
0.134773244570838
0.115708337812638
0.131617825918333
0.118221673128335
0.132765591119557
0.121210439170319
0.129041859125777
0.117790970808559
0.134005128014842
0.119641630294549
0.139613701802497
0.112697504761998
0.122928063550862
0.111269245817085
0.117835269369283
0.116528427052187
0.123559844122165
0.112616152503782
0.131460997590166
0.113125445664906
0.140591584974868
0.115534399425428
0.148606873462277
0.0961698998273635
0.146000829459358
0.135200997216776
0.141407243474568
0.130714677837069
0.143060045551982
0.128521082542942
0.151619031426236
0.134415600975411
0.131559069827177
0.131558953565129
0.147152464113909
0.135813056271255
0.130883903115272
0.132809867833639
0.118316398096518
0.134040441422774
0.116288098498922
0.131392091928352
0.115883720227732
0.13084426266887
0.114260249722644
0.13358751212011
0.12484038694352
0.132611194506433
0.119075570905085
0.131151810325309
0.116083744638753
0.134623765874207
0.113240989797894
0.124828463305562
0.111988092749608
0.117626176795273
0.114803347834561
0.123894248398927
0.113997776209083
0.127782627399225
0.112815540237912
0.133966423866147
0.119456006888117
0.145970041268224
0.101797424189411
0.14974917847216
0.119622246040126
0.143930835241333
0.13095997570775
0.138467564225512
0.128808686609412
0.158773194620668
0.13482106806064
0.133516779137141
0.129518686254225
0.140491223638117
0.133522679296466
0.141760839527529
0.132807042070527
0.122556861731109
0.133267102027509
0.11777788144493
0.132718925269354
0.115737781622891
0.13262968550902
0.115279094151881
0.13071523897364
0.120968701310089
0.132174778941738
0.121997008234776
0.129961549700126
0.117807268357731
0.134545079281874
0.113783957463002
0.131382117648756
0.112071952999862
0.117530400239272
0.111185053650979
0.118429398626897
0.112944759742713
0.128016139599821
0.112889184366395
0.132637020575886
0.114713967912763
0.142387219004929
0.110834468312957
0.149505345184541
0.104770435935474
0.147355216237673
0.132982305699275
0.140214308944745
0.128865359784502
0.149940814709956
0.13091276706982
0.141598438140649
0.132275100468534
0.131329354190827
0.132970360890652
0.142037005844172
0.134340770254259
0.123992406925393
0.134020374164621
0.117839989704242
0.132613136890809
0.116006037965562
0.134773244570838
0.115708337812638
0.131617825918333
0.118221673128335
0.132765591119557
0.121210439170319
0.129041859125777
0.117790970808559
0.134005128014842
0.119641630294549
0.139613701802497
0.112697504761998
0.122928063550862
0.111269245817085
0.117835269369283
0.116528427052187
0.123559844122165
0.112616152503782
0.131460997590166
0.113125445664906
0.140591584974868
0.115534399425428
0.148606873462277
0.0961698998273635
0.146000829459358
0.135200997216776
0.141407243474568
0.130714677837069
0.143060045551982
0.128521082542942
0.151619031426236
0.134415600975411
0.131559069827177
0.131558953565129
0.147152464113909
0.135813056271255
0.130883903115272
0.132809867833639
0.118316398096518
0.134040441422774
0.116288098498922
0.131392091928352
0.115883720227732
0.13084426266887
0.114260249722644
0.13358751212011
0.12484038694352
0.132611194506433
0.119075570905085
0.131151810325309
0.116083744638753
0.134623765874207
0.113240989797894
0.124828463305562
0.111988092749608
0.117626176795273
0.114803347834561
0.123894248398927
0.113997776209083
0.127782627399225
0.112815540237912
0.133966423866147
0.119456006888117
0.145970041268224
0.101797424189411
0.14974917847216
0.119622246040126
0.143930835241333
0.13095997570775
0.138467564225512
0.128808686609412
0.158773194620668
0.13482106806064
0.133516779137141
0.129518686254225
0.140491223638117
0.133522679296466
0.141760839527529
0.132807042070527
0.122556861731109
0.133267102027509
0.11777788144493
0.132718925269354
0.115737781622891
0.13262968550902
0.115279094151881
0.13071523897364
0.120968701310089
0.132174778941738
0.121997008234776
0.129961549700126
0.117807268357731
0.134545079281874
0.113783957463002
0.131382117648756
0.112071952999862
0.117530400239272
0.111185053650979
0.118429398626897
0.112944759742713
0.128016139599821
0.112889184366395
0.132637020575886
0.114713967912763
0.142387219004929
0.110834468312957
0.149505345184541
0.104770435935474
0.147355216237673
0.132982305699275
0.140214308944745
0.128865359784502
0.149940814709956
0.13091276706982
0.141598438140649
0.132275100468534
0.131329354190827
0.132970360890652
0.142037005844172
0.134340770254259
0.123992406925393
0.134020374164621
0.117839989704242
0.132613136890809
0.116006037965562
0.134773244570838
0.115708337812638
0.131617825918333
0.118221673128335
0.132765591119557
0.121210439170319
0.129041859125777
0.117790970808559
0.134005128014842
0.119641630294549
0.139613701802497
0.112697504761998
0.122928063550862
0.111269245817085
0.117835269369283
0.116528427052187
0.123559844122165
0.112616152503782
0.131460997590166
0.113125445664906
0.140591584974868
0.115534399425428
0.148606873462277
0.0961698998273635
0.146000829459358
0.135200997216776
0.141407243474568
0.130714677837069
0.143060045551982
0.128521082542942
0.151619031426236
0.134415600975411
0.131559069827177
0.131558953565129
0.147152464113909
0.135813056271255
0.130883903115272
0.132809867833639
0.118316398096518
0.134040441422774
0.116288098498922
0.131392091928352
0.115883720227732
0.13084426266887
0.114260249722644
0.13358751212011
0.12484038694352
0.132611194506433
0.119075570905085
0.131151810325309
0.116083744638753
0.134623765874207
0.113240989797894
0.124828463305562
0.111988092749608
0.117626176795273
0.114803347834561
0.123894248398927
0.113997776209083
0.127782627399225
0.112815540237912
0.133966423866147
0.119456006888117
0.145970041268224
0.101797424189411
0.14974917847216
0.119622246040126
0.143930835241333
0.13095997570775
0.138467564225512
0.128808686609412
0.158773194620668
0.13482106806064
0.133516779137141
0.129518686254225
0.140491223638117
0.133522679296466
0.141760839527529
0.132807042070527
0.122556861731109
0.133267102027509
0.11777788144493
0.132718925269354
0.115737781622891
0.13262968550902
0.115279094151881
0.13071523897364
0.120968701310089
0.132174778941738
0.121997008234776
0.129961549700126
0.117807268357731
0.134545079281874
0.113783957463002
0.131382117648756
0.112071952999862
0.117530400239272
0.111185053650979
0.118429398626897
0.112944759742713
0.128016139599821
0.112889184366395
0.132637020575886
0.114713967912763
0.142387219004929
0.110834468312957
0.149505345184541
0.104770435935474
0.147355216237673
0.132982305699275
0.140214308944745
0.128865359784502
0.149940814709956
0.13091276706982
0.141598438140649
0.132275100468534
0.131329354190827
0.132970360890652
0.142037005844172
0.134340770254259
0.123992406925393
0.134020374164621
0.117839989704242
0.132613136890809
0.116006037965562
0.134773244570838
0.115708337812638
0.131617825918333
0.118221673128335
0.132765591119557
0.121210439170319
0.129041859125777
0.117790970808559
0.134005128014842
0.119641630294549
0.139613701802497
0.112697504761998
0.122928063550862
0.111269245817085
0.117835269369283
0.116528427052187
0.123559844122165
0.112616152503782
0.131460997590166
0.113125445664906
0.140591584974868
0.115534399425428
0.148606873462277
0.0961698998273635
0.146000829459358
0.135200997216776
0.141407243474568
0.130714677837069
0.143060045551982
0.128521082542942
0.151619031426236
0.134415600975411
0.131559069827177
0.131558953565129
0.147152464113909
0.135813056271255
0.130883903115272
0.132809867833639
0.118316398096518
0.134040441422774
0.116288098498922
0.131392091928352
0.115883720227732
0.13084426266887
0.114260249722644
0.13358751212011
0.12484038694352
0.132611194506433
0.119075570905085
0.131151810325309
0.116083744638753
0.134623765874207
0.113240989797894
0.124828463305562
0.111988092749608
0.117626176795273
0.114803347834561
0.123894248398927
0.113997776209083
0.127782627399225
0.112815540237912
0.133966423866147
0.119456006888117
0.145970041268224
0.101797424189411
0.14974917847216
0.119622246040126
0.143930835241333
0.13095997570775
0.138467564225512
0.128808686609412
0.158773194620668
0.13482106806064
0.133516779137141
0.129518686254225
0.140491223638117
0.133522679296466
0.141760839527529
0.132807042070527
0.122556861731109
0.133267102027509
0.11777788144493
0.132718925269354
0.115737781622891
0.13262968550902
0.115279094151881
0.13071523897364
0.120968701310089
0.132174778941738
0.121997008234776
0.129961549700126
0.117807268357731
0.134545079281874
0.113783957463002
0.131382117648756
0.112071952999862
0.117530400239272
0.111185053650979
0.118429398626897
0.112944759742713
0.128016139599821
0.112889184366395
0.132637020575886
0.114713967912763
0.142387219004929
0.110834468312957
0.149505345184541
0.104770435935474
0.147355216237673
0.132982305699275
0.140214308944745
0.128865359784502
0.149940814709956
0.13091276706982
0.141598438140649
0.132275100468534
0.131329354190827
0.132970360890652
0.142037005844172
0.134340770254259
0.123992406925393
0.134020374164621
0.117839989704242
0.132613136890809
0.116006037965562
0.134773244570838
0.115708337812638
0.131617825918333
0.118221673128335
0.132765591119557
0.121210439170319
0.129041859125777
0.117790970808559
0.134005128014842
0.119641630294549
0.139613701802497
0.112697504761998
0.122928063550862
0.111269245817085
0.117835269369283
0.116528427052187
