0.00337153865643055
0.00344870660263892
0.00333133617722308
0.00310616048526469
0.00322511894803523
0.00302203341076749
0.0031540841628691
0.00369556392316193
0.0038152815265249
0.00329645402503233
0.00380026692557803
0.00363416099005731
0.00325901648690252
0.00316530079285077
0.00385564499890203
0.00379609734227773
0.00374769738910008
0.00312520605745853
0.00293129671612391
0.00380318613595396
0.00426120464809715
0.00400709122757885
0.00399831260821942
0.00352120127960611
0.00386305640790646
0.00343043013877834
0.00311672973432537
0.00354317639709684
0.00413066040321084
0.00416481838678502
0.00323684149678516
0.00334644603612314
0.00367298668593732
0.00353615497349403
0.00384681334887274
0.00361078254692674
0.00349483530109561
0.00394931727693831
0.00413289462946696
0.00420376695204884
0.00377291126138066
0.00380510949399995
0.00342087032901122
0.0044563383986476
0.00354911463086561
0.00319945133711525
0.00434097126647989
0.00323774371721658
0.00254171583558123
0.00312164164738817
0.00320273474868428
0.00343261759332102
0.00429055005801685
0.00425919026303401
0.00387038245313175
0.00407641688431431
0.00390549047188874
0.00402684604004852
0.00362627883563851
0.00360279334294869
0.0031396984508938
0.00341658280950609
0.004522012727597
0.00384028843109622
0.00372000819032554
0.00337608470678683
0.00314063918656498
0.00359635473989968
0.00402998485173905
0.00357271758923399
0.00361952667578649
0.00451934728520506
0.00341367369544841
0.00347467411141921
0.00390032535408892
0.00392019455620412
0.004058920538357
0.00429674998040722
0.00374205781502161
0.00349379743361722
0.00362571910688169
0.0028829115925867
0.00292398262588832
0.00344302443260277
0.0039397751635847
0.00474960124144101
0.00402734693358764
0.00486639626264099
0.003015121695599
0.00364546026338488
0.00301089963261638
0.00381294781357348
0.004456460592915
0.00397324628694534
0.00345325218063755
0.00350942857993867
0.00866834811519321
0.0167437139820775
0.0296677970621686
0.0671126084824021
0.245547866933343
0.308552139945875
0.154748119637387
0.157758821385826
0.16078487818444
0.0915147413504056
0.0676101008111571
0.0479869865688616
0.0301276138504301
0.0133218475590532
0.0115674459792373
0.00804483678109814
0.00954228828066345
0.00822055047929806
0.00713201055649219
0.00738894926843392
0.00754256061151441
0.00768887929659874
0.0083205245793963
0.00662256020196288
0.00578977594333147
0.00575512447328285
0.00540673634807885
0.00625632331591563
0.00731970489296844
0.00719631677259274
0.00676328347868732
0.00743836554525127
0.00660862965439589
0.00626662873208969
0.00550695355149833
0.00595356072093712
0.00529368881508213
0.00495546634879826
0.00500059020004736
0.00505387413573177
0.00486650589935809
0.00495023587992407
0.0048992044892677
0.00518712214498397
0.00526463002444208
0.00477109396941178
0.00467338525943856
0.00473829569327397
0.00455532860270509
0.00477144545592739
0.00574643299093108
0.00552564506627088
0.00397946605621591
0.0038387766894426
0.00406338316593243
0.00378415412527526
0.00431510257295183
0.00435621780329816
0.00384537913734786
0.00423353676332985
0.00371462890793744
0.00407235377985039
0.00461988212028249
0.00446072745614859
0.00466580628827756
0.00549656525473285
0.00507553603873841
0.00484727603101926
0.00389100722418639
0.00373924405969919
0.00420869790785485
0.00505244516805835
0.0056372814966877
0.00496170027212745
0.00532308705230739
0.004003037253978
0.00385713450625154
0.00435328957859822
0.00437439995915829
0.00368938691613989
0.00396156719980999
0.00433842799734056
0.00552872203118979
0.00554708859894868
0.00441195573674068
0.00414000451856503
0.00432731539874971
0.00413584839990016
0.00477975725025672
0.00461376481769328
0.00490717232138295
0.00463770914962736
0.00364063081013339
0.00395991330377463
0.00466889115849156
0.00412301487953924
0.00424695697259467
0.00483626578743193
0.00451141386170587
0.00456119169235444
0.00470118613236118
0.00446993211960997
0.0045333320545747
0.00395658579310527
0.00472823485838781
0.00473952543882727
0.00494166990572578
0.00428671036107317
0.00439956748849503
0.00528451835958457
0.00483023302292309
0.00444274471862891
0.00413826977871724
0.00450831401570171
0.0049364111104156
0.00454656725194823
0.00413454702939096
0.00511912567850286
0.00544720058263807
0.00440768913273696
0.00361190458547284
0.00427335630306087
0.00351298113682589
0.00322188956608713
0.00359286614786974
0.00413290234272867
0.00440582089342011
0.00401704347582852
0.00395609258967059
0.00476655320900621
0.00504576013467207
0.0044260306181941
0.00432934470676573
0.00446049217891676
0.00413873905140541
0.00429954368061991
0.00397947429092766
0.00398740595068447
0.00436911957625679
0.00360026571931682
0.00421412759224787
0.00476941198192148
0.0039827963332032
0.00365152566349884
0.00479232184941607
0.00471464319814834
0.00446470316907683
0.00461092225093946
0.00432157849325521
0.00364457636146042
0.00343533356708303
0.0038472884254551
0.00428758832238505
0.00376591911077522
0.00462333475046126
0.00402469920224224
0.00514883050592268
0.00506315164095786
0.00444635962145777
0.00322745885344921
0.00356402642522613
0.0040812192698355
0.00417776557257788
0.00403190832577516
0.00430078220277444
0.0038757034825818
0.00548573197058128
0.00653440926941113
0.00483763647921767
0.00479347384064533
0.00432550907615295
0.00411282179161913
0.00394123170999856
0.00456271201177674
0.00499027447451553
0.00488308453087883
0.00526667820268898
0.00449693750451033
0.00409842862257634
0.00487715483637358
0.0041252586201419
0.00372191873204738
0.00372479753129405
0.00452469621906156
0.00499457168116695
0.00464161773092991
0.00464151463776534
0.00617357152199159
0.00523311054130327
0.00924390538634585
0.0260690895982839
0.0331194498548967
0.0212430342358777
0.0126638569078492
0.00606281799543258
0.00576015218891873
0.00550737805351599
0.00575766889268321
0.00473577521700434
0.0043831419685567
0.00373550374254921
0.00499057049826916
0.00590496405579112
0.00425770799636449
0.00436506628065871
