0.208961776430398
0.223196608741338
0.30417781786067
0.336876119944551
0.24630049563474
0.375290678463731
0.401777011007145
0.379731424261902
0.45086473662946
0.346002461143824
0.199705922482907
0.16917644992162
0.192758961171758
0.218072843422629
0.285653368204031
0.336363472354235
0.369231050428106
0.306689805724001
0.167841111308661
0.195075695868496
0.191590993386302
0.215354346143016
0.207914146213356
0.376464663428337
0.387524438711009
0.421151632419703
0.408032057767838
0.26986199131293
0.284829480529827
0.248603677897208
0.219855461510357
0.284591360853171
0.295047859158928
0.215959630484819
0.208063262226281
0.212090373729298
0.177937520705899
0.25567123858536
0.238532467401226
0.226763827814639
0.25933611499662
0.287627836267323
0.346814362626162
0.290627860898888
0.228493042955045
0.175054358160864
0.251740762138936
0.380467662484116
0.317701585945735
0.278834565080698
0.415945044348897
0.468750243155208
0.511731870663709
0.642491014981339
0.33691733183618
0.335253905835337
0.283313855003511
0.187990813211082
0.265222098042942
0.350604100079228
0.379825845530323
0.199668595123279
0.158397913946174
0.262652792972093
0.426954008683448
0.391669380107539
0.225603623137071
0.260297972370544
0.378300722003906
0.301632457407937
0.210124400739033
0.284897809343588
0.247301268191186
0.267041462715403
0.267073853160968
0.281526042298484
0.270016261465796
0.253029943050317
0.348560117613425
0.542423687041321
0.695750117836071
0.47717568048362
0.222989141366158
0.274213894842209
0.360962108265156
0.467857618849335
0.414823221246211
0.247912854480414
0.312285624540991
0.253346789827353
0.205721485249679
0.263715032968884
0.322619871060746
0.205976119736279
0.193468893294323
0.275717473417041
0.155867480333166
0.248763032310235
0.324142955640876
0.430522780432696
0.799457317396435
0.67042576353723
0.472306394946861
0.379327974237523
0.337567557446593
0.243456270782951
0.175971203712493
0.277442324606356
0.353111815742055
0.357508129478088
0.334621309358637
0.375127270079605
0.587169221596298
0.365936987531827
0.210257858649466
0.319801213535313
0.540933767780536
0.441553470936191
0.176250928297564
0.239769891796279
0.371135249131089
0.312625519686177
0.190685557117499
0.221946718605183
0.194756943111321
0.193933380903662
0.289215200507437
0.265739571894182
0.213099093297627
0.40269535606034
0.462313272346381
0.336885708764883
0.262490713196258
0.222311187695518
0.221311596408571
0.207529499723977
0.242060086325895
0.261095108099533
0.247454217108656
0.24881315418386
0.323276169977595
0.418216936442582
0.419361555310428
0.407988423642635
0.390034297518743
0.431362040427636
0.47679876593369
0.828609861734228
1.14712844376296
0.97780286460387
0.562596993783584
0.280842851601659
0.141609355512499
0.160474170216536
0.24902807734828
0.238430674724268
0.36102680766536
0.376351432878757
0.230500290681917
0.231065944199855
0.152890677068638
0.17225449289463
0.166041246618479
0.181154463017288
0.171277094868824
0.116541613358528
0.174238534917724
0.209958575140359
0.208475695023047
0.156441007821128
0.134825552427905
0.237281143052292
0.351756216853642
0.332474317470227
0.368586492851186
0.222402420249746
0.213676982719434
0.17778627357449
0.222854909849071
0.2549504104387
0.204198707889976
0.183532952234087
0.28792289142383
0.344662977323457
0.296799223311784
0.232340388597146
0.197488209866285
0.262804604798499
0.334759387154392
0.276164662149884
0.505522786382784
0.442286600587263
0.211615709235114
0.245190207833164
0.222397614718422
0.188610814790525
0.233514595543125
0.220250966464275
0.314598989696526
0.389284644146066
0.219020910164537
0.221421239114535
0.21709313832065
0.216578152023421
0.238096588745661
0.176482568078437
0.220976242179534
0.351426720569733
0.289919776322793
0.19089378540549
0.518083637210558
0.460896884598463
0.179718287275478
0.268846707636203
0.314472705828296
0.185103085594256
0.159234250841789
0.236507260850152
0.249451141369198
0.234733269170017
0.186935194396586
0.219403415891351
0.20936050798244
0.190290745954631
0.259314562454142
0.246444022632304
0.188151063970978
0.284124676844187
0.187626254944487
0.140948500496839
0.1739710460022
0.143780730616716
0.161436802351002
0.251213213117822
0.270729445392722
0.186344430632531
0.172445763339275
0.15867793705817
0.173734372173666
0.257688275537564
0.387793616409882
0.267492915154463
0.280771376455635
0.277812746759653
0.369172375187592
0.327869733830501
0.254587164632045
0.185490104129848
0.196694164370005
0.148067721137545
0.149680341206266
0.272804524134119
0.277033617287113
0.192399379497279
0.218980739913271
0.300629480695393
0.445715052424513
0.531279399102517
0.366643510816118
0.428472919441454
0.35993190735483
0.209037501048785
0.204896587690899
0.308653249242346
0.213914000498435
0.136904723647705
0.225483411113525
0.213193185788779
0.146931098291554
0.18144014537067
0.198054888835683
