36.0715433623624
30.30548440806
11.9510365760541
18.8524589568521
51.0527884846331
64.5562189998219
41.9771322834699
20.128795282842
9.49799270516381
10.2524770462362
7.80174671591043
13.2023403367218
21.5553091770031
33.8957830500233
29.4616437046059
12.5370688777573
19.3603407045288
20.1507915030277
19.4782090851338
16.0748790982296
18.4573786635949
40.6342472443663
55.8989606538924
27.9992638005654
25.7428643203552
16.4846479604414
15.1336845414233
27.4435352215499
29.2807768978357
18.3704624287303
33.5403619581365
33.3997445224689
35.8916998157759
28.2509777929858
38.763160175584
39.9978572205317
36.5372388397647
19.4731908032071
18.0656829411651
31.1451351339431
51.582736673841
39.9531061392953
41.5605045703799
236.630581552957
195.699484836537
48.6141273270995
72.0065424605271
27.1868216008727
68.1909675143322
35.9279380403882
19.8050431648816
27.2783438486613
13.6652359551818
17.8181178432655
45.399043473519
50.628434472979
29.9017379759487
21.5101248667605
9.85467516311516
8.08608374843067
10.0673030435736
14.3712941984387
18.9649265615787
55.3361126811488
44.2184145157914
22.7527385798779
18.1238498940937
9.89162192625579
32.3441145724858
37.7900243251328
10.6180182555362
7.31520603116322
22.8888566735313
38.18975871274
42.7698609415941
10.8500656183178
10.3831135964914
10.2748662471372
8.46286705695141
14.8056079507264
29.2227133096464
42.8377147924886
70.0367111031211
51.3683680620682
30.721814878034
14.6317848029964
10.5326513470991
5.34342763892564
4.91334619290992
8.03322552161096
28.9758350848155
53.2695282468346
26.8937401909775
10.6741738314101
17.4452007073905
13.783684352336
7.54532540367197
11.6415050843458
12.2025006581634
7.34606835400958
9.86265447567189
20.5570960720229
26.7923061683079
23.5564885218747
16.5727467026636
15.4787293668364
17.2949255338336
11.2628376144484
6.8997853507986
20.0235591041974
23.5896175099776
18.6956276464195
42.8184700637491
30.7840682847394
14.6879032765851
26.8731112911706
36.6556394725232
18.9250679467
9.00202790516741
8.83512790500992
9.17474825582714
37.2534813706505
45.5979053478997
13.8036238771985
15.0507053660027
12.8365923578781
15.4896063727046
6.96364040957685
16.2180851704167
29.4390389461381
23.5497742922785
22.5062817581301
17.5813283302957
12.6787271337297
13.7528648516359
5.88013359087232
32.585610349723
11.7754204189943
6.4386842127796
20.5105467687838
22.1693096342009
10.7501199223226
7.42486987694243
10.7296873255051
16.7653853746376
13.6117383110092
15.5633000404074
8.168716433046
15.4701077809767
35.9020749281298
19.394079336328
12.718745963507
6.1072222961107
7.88573307119514
12.5996963320167
13.9084654045825
17.4230203590614
8.82206636848085
10.418818490886
24.9550700294907
6.16118473965998
6.1583943364751
9.68128294103527
12.4739675383663
7.40633846451081
4.24134513628972
5.25517093768418
7.51550673837524
11.0635533192569
15.8642063337246
32.0314309304977
19.7736549101912
18.3772912583433
20.1092513110736
12.8409610329273
11.2471864619485
13.2773759728258
13.9341252448458
15.1911619850395
8.31224932049874
12.2068702415938
24.2165202663435
16.55625251066
21.9519787005706
42.7366248330773
15.6726504610195
11.1754384339727
8.61977263374651
10.5814756015689
25.8277303155985
43.1435117511185
24.9239702854723
37.9179037176128
39.9301772735897
18.4252310750944
15.6940009347231
28.882215499972
34.1039613865124
11.7103684324223
11.6139212982436
50.9074164692858
55.2581951793623
15.7231943735098
11.2187397464835
13.5241819937505
13.7306582923817
16.1381361771457
18.3899433843761
7.32220742129722
8.45800483956518
7.36504640616221
8.73544820395001
12.4121279640657
11.6789989488698
23.0677876431606
25.5939124334481
12.9371337295809
13.5210975378875
41.1683311083751
33.8566561557789
10.9528316259712
33.8266475431795
54.0200542226005
10.1242925055775
8.43772215500503
48.9544255174802
54.7491800631433
32.1869608724657
13.1519569821116
7.12106539948469
11.6327264641947
10.5806540682804
18.2497650539967
67.8101365079916
47.6197460398392
15.6564031472444
18.7216945827601
19.4752320027149
22.7230900141879
13.3567467117829
7.65930879772501
4.64980019920754
16.4470027080733
15.4209009648364
10.6688903962759
6.28486580785208
10.2389698627799
7.83011729990492
4.65620872318786
6.41557164986887
8.75054881268834
15.9791564327952
13.595802396329
11.7831686710766
10.8970950460547
12.5916233254718
13.2059570246648
18.1446042932142
7.79516170018007
9.53958599227844
6.34584998050701
4.44666551573839
7.53216022943962
21.8775918107597
10.5577771697399
8.74168357683092
6.24579054939398
5.22454372967514
5.47555585480693
7.61476367586634
39.5017585302071
75.7866433027357
33.6160616903804
32.6508873910031
39.9438969208428
16.0511418255824
5.89358025144187
17.9559748771477
11.696696659889
12.4842763375509
12.1073793552547
13.3207628750651
14.8943015465385
9.10740667300461
5.6543554459162
6.9441225582439
6.96638033295533
10.9905336242989
20.7494296901097
31.3728665201874
26.6093395940666
12.6937586221055
16.5555433616746
5.28231517241075
15.2493422038019
24.0427148221528
29.9252740147751
66.830904198129
21.1217577178111
6.55637401196026
5.95456201697354
3.16722533506305
5.37551557238859
5.87998765037904
12.4933622177328
12.9584488309084
5.31293687356307
6.72543375763695
11.6833999986191
16.2306975902546
19.59530645162
10.094355676513
3.32049811416562
12.2710915396014
17.1624201982834
7.06839102824015
4.89208642345506
8.37634941013148
18.6094593826131
15.4480361184849
9.59345171093436
5.77435771750335
6.5251539533299
12.9564845739862
12.2533559410802
7.64388734070727
14.8522615488774
32.4212370362318
50.235177051614
19.6762187922312
17.5468637024959
34.4350514460962
38.0145727098344
3.91241839874241
4.8922564104931
2.75545501089852
2.81054129790321
3.97979058619372
48.5543985438868
34.3916746644004
36.0976575867343
73.3480747300967
69.697603020036
11.1748964885131
3.31272289304517
2.93257946128371
3.74398972684258
22.3461078978334
20.9764684523749
26.1912793635854
29.3336704017644
23.8400255653351
9.75812474174673
7.33703747478931
6.51691744496946
12.6764953101381
266.500263039204
474.581557204225
92.0117021999418
88.2095034035338
30.8995364038121
62.873752994369
9.62450146893627
9.83073189829693
11.2340963160828
41.0667255384448
74.3983279425868
72.0569649058558
4.54155912296925
2.46456088878639
1.51308681180606
5.06019943762546
2.83424619337016
2.47029384641343
5.15158531105728
58.6427104783722
159.351567553835
122.85507772022
217.203678056667
201.536617983719
18.898647222018
48.2574018612894
2.54213639901198
2.83999835200859
22.8271259137314
35.1734849162915
7.28498542708257
9.60813689481316
11.5582704607364
55.9849637457583
95.6644414246411
6.13550861709126
6.63737542552737
18.3169254935958
6.42282737635607
7.71637053901033
3.19760559837866
27.6585957725394
260.419442984433
424.361049333979
128.53277717663
6.9691458897253
14.2061667514616
6.04831455335614
26.337550858059
20.6659491261498
17.7108811918736
6.91348479602266
9.68688882714
9.62098263591434
2.65483889131622
4.02025684970636
2.18390882234136
4.97395660307397
6.15585392239642
1.88146443757978
2.5761177974449
0.889910605541956
0.718069970095516
0.922213930325544
3.90301326282181
3.02717569449568
3.33813523789653
1.77775938165134
2.8284930651747
3.70099511474884
2.82482666286296
32.5329462322998
29.5649047627289
3.55470726699623
1.36263007422962
4.57259864616074
1.51634642932534
3.67104197436492
4.34847201786268
2.0133669350161
2.35378501959756
2.39108949673468
1.09376542956398
2.10624597071337
2.7233392195719
3.94785680533008
3.16339969334781
2.20462684698184
1.98635321874552
5.14320165084411
3.20811996681523
2.23301460844933
4.31021445990302
3.02627521128799
3.33685772721596
4.38898927363588
3.64833344326285
3.71293895465606
2.024929611485
5.06520049647173
2.800805002884
2.03178273225881
5.80889977699813
4.22545615981143
25.7663278657732
19.7566216668699
6.68215466223842
4.58826423913248
1.28856761086326
1.82677190974658
1.94612240023851
1.80488471431294
1.63407657576864
2.66171469201027
3.21202248584504
3.33197521932783
5.42511435780005
4.57189748097068
2.64118768646872
2.77181290597211
2.89831603461697
3.01715080483569
9.62892183123363
4.50224551616106
1.47677398486233
5.60903583021137
4.46488754811597
5.10512336339154
4.25102698439242
4.99694705584859
4.82359879976041
1.83700260618542
2.2988441753102
2.88385870667718
6.49050219782169
6.16262473791478
7.9855567284422
5.08734268798442
6.92879630915081
8.7063480904519
6.8881951051287
137.328654648052
234.752308011357
40.0924838613817
99.8157207372208
7.25065786570443
7.09036334957671
4.51390320100739
4.54088809986645
3.97352606189198
2.90452305553882
3.53697262410971
2.20939891330072
2.75717819036614
2.05238880797128
2.98896004612469
4.26504613164105
6.52775874113942
36.1384749150151
45.4887240791611
16.2609369353015
7.55385166718474
11.0683243156458
4.21212476920085
6.8579653870694
6.8650691789366
2.18529771280097
12.0714884481799
10.6306529302304
18.9485124232097
22.5955590297515
5.02131880021938
4.91856771548757
4.2944811636829
44.04634416026
120.459967095043
261.620853850434
157.278208975144
2.91386255996712
11.1406896110347
17.5110068841825
31.4156089093993
6.09835247492254
78.7881411825692
103.629665413229
41.4105074715383
11.3777007379234
19.7701213413891
30.0992283291646
7.37903556853201
55.1869883425653
60.5596957239094
7.12180640994041
58.7506747973573
60.9617548506944
4.08859292947826
7.55131501310871
72.9568517998889
17.9696345318819
54.1109109721603
8.59210680033589
63.6082521989669
75.6276497155256
16.1163954906657
5.04289027393486
16.4166259358275
30.9282077973572
12.4044234228105
1.35257272164142
1.82380438487705
3.84267757983431
1.70531581626795
1.62237167836688
2.84949168022162
2.34812257265593
3.90916380715014
7.73896419885226
8.3246754343214
2.78850605947365
2.47494407647035
2.66398329342532
1.30789206722383
2.11781642108509
2.5621760873677
4.21372639842336
1.08112524569434
3.33368963192433
4.06532449766127
4.57163947071699
6.12626044116564
2.40689472160277
2.86511803615006
3.40211601809463
1.68621274054126
2.15874379119163
1.46484916918041
1.76228084256791
1.41152451527975
1.28197784054839
1.34193466186253
1.29140426358569
2.05409546438111
4.06034128797259
3.92637059707877
1.82974600772402
3.86352100205119
2.32261815599868
4.60619277800552
5.95012466763271
5.73595547366822
2.37262271837606
2.5787371444478
4.64694449073239
5.73897694444758
5.3161057711352
5.37035731487745
3.30287520380742
2.76193810230808
9.19866707044785
10.2477803311894
3.90496760777801
10.5420038083546
10.2332429651223
4.07386027523185
3.48629549518286
18.9329739298103
14.2873901491031
0.778028892056307
6.54404390699853
9.95930670239957
9.43192728435074
3.27351379419425
2.46781468153594
3.41847689504892
3.19642757535137
7.64718771694805
7.60707124558826
26.1490084151839
38.1205979001571
5.82808987641245
4.04061485743371
2.14322581742186
4.71350181498712
2.48172731117222
1.39821946607462
19.3204149183148
16.714871558622
1.80767497496184
2.60088214005761
4.44949319606634
2.83838958764742
2.26028942950665
1.59600694922687
1.28634717563049
3.57085087783237
1.30357855422927
1.47057255199209
5.51129799227519
2.53570589449104
1.20955856358267
1.87388160952183
1.41758548842567
2.85982656169039
2.4494487461526
2.58744818214087
0.992845754540813
3.81231159745929
5.30489483972742
1.9937511739856
8.56643755756127
14.7326975464858
5.73475700908719
4.32626452042101
3.34362885549323
4.40469462098391
2.28480330546968
2.05341939142675
1.31655369682637
1.72663834044686
2.32301046774642
2.38931694474566
2.15458276962046
2.52585911475733
7.02416657694496
6.16996541367084
2.1696572568024
3.78921766309121
3.89148275783949
6.55014420022852
2.63813875782135
2.4883186231346
2.05245653347748
1.57179431770193
1.86670650293122
2.60329879242424
