0.26411060351924
0.4209087055774
0.767286262605198
0.715066954098039
0.398944486225423
0.270925292792083
0.260997695394819
0.202264722077923
0.191888788761174
0.235965791082294
0.327454280086691
0.346852694767599
0.461186595974477
0.589058196991626
0.248447795707789
0.5864651434792
0.612730061990005
0.502900320533966
0.440801844349819
0.284779071086764
0.228112487876818
0.520358435358168
0.66842840628727
0.396780023174855
0.484179813179515
0.672376735505909
0.840680989097747
0.871748252379487
0.408788746678293
0.176406858562807
0.386381283257651
0.569064597815045
0.810338867050489
1.0045866278977
0.547052675847525
0.447358012384821
0.350650669000975
0.236779487243427
0.270886280271689
0.31701301206841
0.388891464918325
0.421641054279365
0.278200626983065
0.339321701614379
0.425688011364676
0.424840333351667
0.337747285882809
0.550346239600382
0.507528575138743
0.469501263384942
0.422412187504823
0.491305768380966
0.501895882648764
0.422283407018225
0.338473559099655
0.858714638699081
1.06306530078651
0.572351551245883
0.328303192459742
0.311386514760319
0.379055641483266
0.372131861743953
0.293338934220967
0.661701862976123
0.523925859854539
0.360055705690966
0.356332433514105
0.275086084534186
0.356259978548545
0.354422877232415
0.282685333433398
0.408482294766549
0.602395035488385
0.418939837659982
0.308820880584514
0.385530598641877
0.322150413829202
0.273143933306326
0.28010499540068
0.300537896771182
0.383758215555214
0.659496482532455
0.903786375580178
0.813721785424735
0.436248058818624
0.336281069935869
0.392188814483381
0.192118745247467
0.621222934281487
1.07996194288277
0.872976828773338
0.687544076950915
0.506955766705793
0.361950634514297
0.507368023949027
0.387593045685385
0.619542002669368
0.971430695398483
0.712972847419456
0.537914301067275
0.435914690727792
0.508778178927165
0.292758899275893
0.203329933402596
0.321912530089847
0.35868146717912
0.307414441760052
0.342944634826918
0.340392057760349
0.29436837526811
0.425618679388818
0.628123008728012
0.748792312952057
0.44645534632648
0.275539610299022
0.305041395238035
0.290837050408319
0.663872454412042
0.715766961473608
0.480595877282387
0.618596886441197
0.798641522601308
0.543959051475365
0.290761722573272
0.534998177147422
0.552625444290341
0.249647624208177
0.214541211699866
0.142315778262379
0.205434268743029
0.289806175729313
0.242511138133809
0.186965524815085
0.485366690600749
0.641503069083569
0.466270902506244
0.514382978908279
0.990691621356122
0.96333463318844
0.59746595252801
0.213302632076497
0.329479249475475
0.206877441895545
0.303976223643355
0.379012398646058
0.32221647761558
0.451316016534162
0.499465890769167
0.347439822424312
0.353008426834806
0.585901509250128
0.651219773848891
0.504887101994808
0.706303227927256
0.674851754025373
0.267710477359231
0.340422390452379
0.325108492987064
0.246400252222959
0.281875974275853
0.366724617318514
0.300417667373841
0.348033821173794
0.29772303585885
0.278113512170279
0.141893367662031
0.230230853144368
0.190815804805926
0.288444057302598
0.34150026124618
0.397485030410135
0.417092094472603
0.360599085456811
0.288076568109016
0.279079357201616
0.513147818887473
0.710991595492157
0.526428694550805
0.30287860199133
0.393510741236826
0.464317214414405
0.355179737555112
0.30019500435746
0.525750606793237
0.629478758860081
0.494091229514398
0.455783298845321
0.498834696807696
0.734591531966903
0.717549177733632
0.71564309910837
0.638587743131477
0.50278502949342
0.629700915569198
0.364932365559573
0.297758347223878
1.28893301243288
1.5868737176567
0.53775148804487
0.287198419043171
0.208973321811881
0.361283111256303
0.473454936369834
0.386241151449938
0.684463171503212
0.970867881452757
1.03282737686613
0.636451541186524
0.240983985004713
0.26654463992556
0.287244184024415
0.305208561696207
0.321090991780113
0.43507567712414
0.510072640357086
0.370920714438213
0.179659846886297
0.325358942207189
0.329422237790614
0.350532861408622
0.43619883775779
0.522799583664405
0.459064883720438
0.531208221360457
0.560927612219712
0.214833459550679
0.25264958182056
0.206322579287985
0.993241763625209
1.03243575932827
0.476487187246518
0.666688170879892
0.366154087599241
0.24637377967011
0.300775400358759
0.369226344714838
0.377348489810466
0.337716695613577
0.657527747383233
0.780013295791723
0.420844000064365
0.277816768397648
0.424185902230058
0.2142401334696
0.299700718527572
0.366790190485174
0.325841732361599
0.315456885015472
0.355577719873738
0.311498426903937
0.185518139076648
0.293880167960776
0.334214131162664
1.61277698393164
1.55550203778372
0.585341889560326
0.487321648386564
0.871618958415426
0.778815871944276
0.44182127890241
0.829197775289514
0.688521904044279
0.591907164656005
0.438384249415857
0.227403091314926
0.511784434048798
0.68988784999081
0.388128212167038
0.413683942888322
0.38161652370751
1.80045053242383
2.29974659839151
0.925851399624335
0.666864648092432
0.90819900848723
0.843017386265578
0.466698173113855
0.362013154383821
0.529334556600773
0.672552564293649
0.309941422088469
0.140506534284901
0.281276850531784
0.298291725972153
0.608256702243285
0.375676172782554
0.246549092443021
0.175809566619193
0.614350367306591
0.636121116735033
0.696139454148574
0.656992789539897
0.345011928446221
0.717738408376672
0.702407573775648
0.288024991957835
0.621393842113365
0.719730703837452
0.478885310032626
0.486599761555424
0.474578436791522
0.302983819513329
0.187317354487802
0.285182864444698
0.755411273094296
0.968380554422848
1.11385533975539
0.881785125878258
0.336046581689199
0.408538288250531
0.408632150056408
0.238020092382097
0.373336670984114
0.269289527393008
0.151344098745244
0.428678203760541
0.40504834809166
0.292403315591711
0.346209004713517
0.804425944465947
1.01747425758309
0.733838724240274
0.833246914017232
0.883151678519979
0.470883287998618
0.376467972559705
0.438612923611933
0.29834059391948
0.212729449362683
0.326502561310433
0.292079278520859
0.21681785453372
0.228731521684373
0.199289050299948
0.34601664511827
0.242946909695997
0.210521769138173
0.227858585261301
0.23300702792984
0.187115996083548
0.170861227914379
0.25647621723344
0.273890385422468
0.232399161165739
0.305371008836916
0.260038512630497
0.355363056166272
0.268563515270595
0.119284475125272
0.167317483404248
0.14712284756315
0.132978480943596
0.281867684520892
0.280440413759466
0.243837104139075
0.269848301360651
0.205924755447763
0.150930146307929
0.177230736079784
0.154057644482722
0.17562962693442
0.182690681401069
0.186060325314416
0.218954332682082
0.265170623539883
0.149656648221388
0.115236834214337
0.303675714685983
0.326829638534857
0.185039803725812
0.183497669572459
0.205641400707754
0.254678047235239
0.272719074962288
0.225438329924749
0.239753614357669
0.310852157102803
0.318826070823888
0.645555574636508
0.638490702909416
0.442592739944377
0.211751262020902
0.163092220958322
0.105350460286892
0.178795344742338
0.198339943928662
0.22311848684712
0.212602849707693
0.131281498023506
0.114013762815381
0.131166852699094
0.128668850729096
0.16068545092799
0.190857503392411
0.200018945977126
0.16170977920364
0.157978905772142
0.136966224319117
0.199610131411997
0.278891807202617
0.528300961821173
0.432434505540792
0.422703548472348
0.184666152864498
0.267756790492146
0.409253405654141
0.260588419027766
0.277515631158622
0.20426504256617
0.120367710307722
0.216353469797868
0.216058506335102
0.22881454502693
0.198940040189634
0.175782219032128
0.223613350137233
0.169442314636047
0.293956111825705
0.414740384077903
0.607645645030115
0.247070602331184
0.156059953552276
0.122261315380691
0.156720875894992
0.172269878759255
0.178548956219187
0.413704722917738
0.342324748480778
0.293575897134234
0.331611767560897
0.508469306762836
0.409085246763828
0.235021933713497
0.173039828224341
0.199730056417582
0.218139446392007
0.126951923202294
0.161141373474618
0.13158167232505
0.165480130113913
0.588523434340605
0.277332972967358
0.149871055159658
0.0842695446127406
0.308971832512914
0.160284841166831
0.121550550892224
0.138376725232184
0.325077532308741
0.210371700069428
0.134575690979874
0.277911960885162
0.41316545777966
0.275594163283056
0.146795188782961
0.301049602358221
0.246295451048958
0.16756908939829
0.24143609640457
0.206715337730485
0.224555904701158
0.269133553255593
0.197796613341772
0.232680498485257
0.639317867622696
0.620295153180571
0.205453271985769
0.286022230610814
0.474011477581712
0.288642643346392
0.13465624928101
0.203239572720141
0.217879856025405
0.215439396438506
0.156255750022845
0.198140718511268
0.217533087035017
0.516230997911658
0.488367008003857
0.316695722809929
1.00550712837051
1.10030906170043
0.236335106979962
0.736619082497468
1.01272583516448
0.838156384183582
0.328309350565654
0.316702536049881
0.292053657796925
0.372707640975629
0.42117360400131
0.225913291605892
0.190440732017722
0.13558421500526
0.132418202201564
0.137741765899079
0.0959129104025691
0.22487948480677
0.206779915710184
0.419927302166458
0.494327578440433
0.291781229507019
0.19006055406495
0.327305168468286
0.28400759918203
0.223500910346561
0.231788115164865
0.162454322280579
0.161706036522466
0.248846625122527
0.305532120622553
0.261857596856587
0.13927149319826
1.2199126981199
1.30609548475766
0.313190075415091
0.648873029902821
0.904693308248801
0.456435489260076
0.318137659397217
0.292757878015709
0.330048126578026
0.176147910391689
0.241268054129357
0.147815114044109
0.147670405432548
0.473382224749344
0.50265472950914
0.41789000004361
0.547001922596867
0.494294068459653
0.497275128814953
0.452624958621234
0.334080082085765
0.342054003110763
0.287663846954789
0.232223843492283
0.196070339697383
0.247401765869445
0.245911663541057
0.249318481650027
0.203308230340756
0.168266637575228
0.240840882185649
0.241687381272686
0.292606599808295
0.382982041734668
0.480582388688402
0.413094362942741
0.185369418046101
0.321486700351021
0.469908502425993
0.295314252170711
0.303953836456165
0.277175112217359
0.275593242865328
0.303477312606293
0.328649183047323
0.561480832283312
0.526255009080657
0.283771476106086
0.187409346402646
0.134042849888087
0.139450891416971
0.249699892739481
0.214513450800213
0.152994499512434
0.167911859197871
0.349670753696175
0.398755392726906
0.318293866786576
0.235110092772174
0.217024435623872
0.255305650913432
0.197411505822361
0.214448003362432
0.27532488130305
0.366791300634518
0.293994618789097
0.160827021114193
0.161941527655746
0.156203004057402
0.12203731634594
0.16195086055475
0.218877173162619
0.27857303070013
0.272336627017437
0.430813550542934
0.413253869210615
0.191772115599323
0.200343974580559
0.27270428539093
0.246021070772191
0.215360660519353
0.229009149903241
0.19044261382502
0.177766989506063
0.317631834436922
0.343448978536709
0.33395747679245
0.372481570817618
0.262378381663455
0.305409681623582
0.207381010703572
0.232485404424827
0.367469931422345
0.246551703480438
0.202757621363701
0.252692263103711
0.306200753149826
0.368557491386815
0.386818206213532
0.356490553459923
0.299217631608999
0.191065407835378
0.18409151100323
0.262043506250518
0.303556115063742
0.219763273594397
0.131657214782209
0.123810693894339
0.257101662012841
0.269402248036977
0.131364692111918
0.160282256265243
0.263022611281221
0.317079045626704
0.235732594405273
0.200465058945765
0.428218622512355
0.668517586592335
0.374107146329514
0.225771341342785
0.201924977719119
0.149552026952405
0.178894476974249
0.265741808485862
0.192061734745564
0.235848573602342
0.18374004685031
0.16655559451505
0.206916343864498
0.152342592374151
0.21577922263833
0.170962987818886
0.126024161511152
0.147878009036579
0.171658147021062
0.126565721282796
0.075978366993182
0.0695927546282811
0.075956271093972
0.107336780387635
0.144459880091723
0.154662046855985
0.138047050596168
0.263366141212513
0.291459863465372
0.187896015991098
0.158058233695682
0.499740140230818
