0.0519239762475111
0.061518466453104
0.0727567475048432
0.0709994350159135
0.145262924093574
0.0698257048193855
0.0561301335517345
0.0514106160875502
0.0368017867093387
0.0298906188171496
0.106493345826136
0.137566738507943
0.0352475305565148
0.0314935715824684
0.0856287260034737
0.165427944506564
0.108726052445895
0.0769418207109938
0.0614601013774746
0.0916816138133332
0.12237579834617
0.113344918085072
0.113389499404717
0.0828487245310891
0.131024743382973
0.0995290042742441
0.220988053689432
0.345786958853673
0.183541008419299
0.0785927592124904
0.107395677730143
0.159323633705828
0.121614273690573
0.131457303204883
0.0823248424242583
0.142027322872236
0.150254276946846
0.0683475118494096
0.100791729281726
0.143518229675655
0.067004594305348
0.056495885251902
0.1001234056037
0.114000000682474
0.0960348480391409
0.0624402521140312
0.0486698436123079
0.0556860110955955
0.0524461664767401
0.169961800414289
0.166156752479171
0.137912367767976
0.0597976978073321
0.0336456835694188
0.0582246241129722
0.0629689867735957
0.0761803194277643
0.0572687457748511
0.0760829356807993
0.0812918798249768
0.0861857216003051
0.187730027119602
0.234710580811503
0.129677906320608
0.107160751937452
0.0783623189029191
0.104159652650352
0.0687331842778005
0.0408081236415307
0.0560920789474659
0.0978110897332021
0.102065556791473
0.0548111067215243
0.049097157273971
0.0572908083099116
0.0497912146630766
0.0632331519948366
0.0493480185900963
0.037604507813823
0.0512718503596194
0.0489278594126176
0.038511347292304
0.0473245076408814
0.0616126828615103
0.0412865389656292
0.0475805824522076
0.0418991429076863
0.0275006695935815
0.0330768236047211
0.0585386391236571
0.10329628300943
0.161929390469282
0.118742645030844
0.106679442106073
0.200033237468522
0.176815676426422
0.130725010892959
0.186504167426271
0.22281270617836
0.132945024310204
0.129029821855813
0.156181960503344
0.0693853203751117
0.110872095171117
0.127540035704584
0.0959731719370696
0.118526089184948
0.154195956255398
0.132207180349619
0.0819125113835818
0.0587886886146037
0.0573897562032388
0.0854139597106204
0.0962506427177792
0.0569999861911835
0.0809119605859767
0.10530274066417
0.098732199576109
0.148035019895352
0.109923021708506
0.118430205498453
0.166963269594763
0.102748184897806
0.0702118253279703
0.068922044651897
0.0692376490798256
0.106531483074393
0.11511300502851
0.101205846519098
0.101576863231833
0.144961787354244
0.0808030966624067
0.142856958121771
0.0692468851152024
0.0769330793690443
0.0719990486841518
0.0925164725799354
0.103002118719913
0.0932767277626028
0.090299567138067
0.0678346639678943
0.0460734264402757
0.0749383412934684
0.100207645930543
0.14067397923904
0.144796470080876
0.0898432278193825
0.10060711267474
0.212364488491103
0.18103459244115
0.0498895635438509
0.0500543485480154
0.056231548773565
0.115113335592216
0.224616439193558
0.186612352299437
0.131197174172123
0.142886030596424
0.0717761909577972
0.0654028388300475
0.0478624836326892
0.0938892710507317
0.0928999546689184
0.0752260768836779
0.0801617573746194
0.132890762173124
0.137471983371323
0.182453871618757
0.178771948853472
0.166500774442401
0.114991805093745
0.145068655983284
0.16047410508403
0.1329560717804
0.21062864506974
0.21661977986461
0.132379543389186
0.077020505460516
0.0764768461960637
0.0191093203081282
0.0354825027167271
0.0358423519539496
0.036864513024428
0.0543995212149257
0.0814477051272676
0.127113262848938
0.0875003520292075
0.0688763850072082
0.103917584770766
0.0716504069728458
0.0918373588517185
0.083155019229575
0.107463847041555
0.0887005298882717
0.0601202147168502
0.0638981124268833
0.122863697704316
0.115318169908982
0.0902873552656979
0.0572121988962347
0.0663027476351532
0.0569014409006068
0.0337355362929159
0.0796634003244458
0.142404203319437
0.103035758360695
0.0773180456947704
0.108258194506566
0.101617985288118
0.0727821733248013
0.0515244727676935
0.0459994288457773
0.0939289936875139
0.161158523155762
0.10186411150932
0.051322784442584
0.0582483197014772
0.0485517738664821
0.0446524306534017
0.0291900108022763
0.0449133282194902
0.0949003313265676
0.135390192687091
0.105426733995978
0.050675124028258
0.0673184226039485
0.0670965150612752
0.0621499094946654
0.113600594736876
0.136663955913323
0.125827313639907
0.151463449186749
0.091113305243527
0.0917260718652905
0.118720323921758
0.0380263719334177
0.0918401346368433
0.122136227640294
0.0577269743670043
0.0764261190886408
0.079883732601675
0.0600497687131201
0.071730116946382
0.108571506739856
0.0531549703820264
0.10663140810759
0.14313877445216
0.0564248782118588
0.0603039563530326
0.0630569632276626
0.0658324568214612
0.0692593551036681
0.0445560658613424
0.0628399109242895
0.046440677054471
0.0800467937324696
0.071337068039078
0.0365820159366174
0.0396870469640184
0.0406624344832463
0.0361834337052589
0.0340576920670179
0.0680778391042282
0.0603105806197465
0.113525512843864
0.105615757517745
0.0374231128817625
0.0663155226001751
0.0696807717327395
0.0921233248309125
0.0608409382392245
0.0848080825497888
0.0611534955330567
0.0431731841461091
0.107029466147719
0.14624920276063
0.0696114623362874
0.0503462262457187
0.0542071332044961
0.132375547047355
0.0951734370498713
0.0941359777621083
0.108868630634612
0.0355571613889848
0.0573784172160538
0.0755099397636027
0.0610589471345744
0.106048286692576
0.121115350058519
0.0819120740136111
0.0608295184843688
0.0350285803443825
0.044454399625863
0.0651512415966244
0.106484741547171
0.139901056416761
0.0924617721553724
0.0418758347784931
0.0714242656525779
0.113835852891699
0.102133853491599
0.109572982554814
0.0792508834744751
0.0203069966079622
0.051455383268915
0.0480223035441895
0.0489328225442514
0.0312044838748795
0.0691394583182268
0.0879379500317111
0.0488900776712902
0.0343028586607612
0.0863409395724684
0.13471195040727
0.140051004925623
0.17378182607216
0.156530920975205
0.105530712679918
0.0929545192013916
0.110473924152501
0.119713232393736
0.0525023942503577
0.0867867982888337
0.0722609660889639
0.0528715503567726
0.141329445052528
0.134781144690628
0.0641899115669032
0.0499391715262452
0.111481181775424
0.1323293898816
0.125892510204098
0.0453507483820977
0.0353497983724994
0.0530107722210085
0.0805631902185279
0.108008831701175
0.0621117556460042
0.0857245688615213
0.171354146519515
0.12711412206703
0.0966628717846735
0.0929949340167803
0.0676458999999588
0.0484942640962961
0.0657422513243485
0.0706193932077599
0.0641796008958648
0.0972633505847789
0.0714293239941818
0.0502761999205683
0.0898737095178438
0.116102820240487
0.0817028012170133
0.0774018825164868
0.0884377673995692
0.0617790954548535
0.0531954134951456
0.0556426182614018
0.0562186414442139
0.122598705815915
0.145513836185026
0.0780807124797697
0.0831397061830945
0.0437946642280968
0.0308289961258995
0.093457824719683
0.0736167242733747
0.0618169797001199
0.0825425406225346
0.0641824280460194
0.134631365456448
0.189327223639939
0.103542988708231
0.0950895289121591
0.0478011495563246
0.0968846221979017
0.120970703923883
0.0933761957900062
0.0863777694500889
0.0454412229087095
0.105734247150646
0.146485488043986
0.131511676242175
0.052860474560018
0.146359969226336
0.168614232384682
0.111206129427239
0.0942177004987238
0.0878752862364021
0.0755209873439093
0.116211880635676
0.0991149495377407
0.0570654015107687
0.0882185837724381
0.101537708384605
0.109312978999727
0.0926550557065047
0.0661125973831016
0.05071817367882
0.0985378126196286
0.111255371203525
0.0821876068450599
0.0627248608052354
0.0761685700734652
0.0924256030976999
0.0829608769839105
0.0815340684069966
0.117555807710523
0.107459054460333
0.0626266424556667
0.110369054527255
0.0707629415744344
0.123908316908999
0.0991839505626754
0.0333998257631761
0.10233086136399
0.106191707936046
0.0696820156790102
0.178680421201975
0.269811258276402
0.10096277917511
0.10710761358976
0.0477360008233389
0.0327950104398117
0.0536329869341425
0.0913903155273147
0.111101294864308
0.134458367606504
0.109741908678765
0.0902350673534251
0.092876623864756
0.120515799207119
0.123062023135118
0.0936100202731689
0.0819312739925995
0.0909747361747421
0.100295001737502
0.0616588000233853
0.0739802812894854
0.0749482969667834
0.0329262225216784
0.0428815386546853
0.0391469432476706
0.0430087309478369
0.0700143986446606
0.068409469195769
0.0289168745829073
0.033405082479804
0.0641805369408207
0.0615177383936946
0.0714392976544601
0.0894287217404779
0.0501823772324261
0.124668634157379
0.162274269218754
0.0780757429587364
0.113017222985134
0.0668868844228663
0.0406155901342606
0.0665368848088201
0.122014732554089
0.183002766590523
0.105531232964303
0.1004693361989
0.0956004167184397
0.106244784441335
0.139198658056825
0.0786476609216004
0.0577725216027397
0.0460734845491812
0.0341637425106636
0.0300462156249495
0.041239933387079
0.0528808917708963
0.028643542480925
0.0301931765159706
0.0618216912322191
0.062779550442707
0.0834171581769384
0.0516880557010478
0.0309337527905352
0.0634992388859144
0.0495910030140347
0.0599140963147619
0.091900530715615
0.0889018656987489
0.0428503026318702
0.0329708959061811
0.0673722967697932
0.0479119190926
0.0436753449422007
0.0743381804018737
0.0753302519286095
0.0474783073809636
0.044165624179096
0.0495608356999856
0.0698110239244679
0.067781143963396
0.104387103132611
0.0815859214830256
0.0434178881509119
0.035477758387354
0.0424467902204962
0.159197434048406
0.158473268356442
0.0883653688984282
0.220451310421933
0.160888074791389
0.0981564886368202
0.0897173168633715
0.134899846927701
0.0971950648238217
0.0415054530215792
0.0560432068157944
0.0892611838144606
0.0988186205267749
0.0579297007517808
0.0582350233423924
0.0552684884550135
0.0504099557001527
0.0610327752473422
0.0607677822656702
0.0749874464053828
0.0564342291096257
0.0620905859540573
0.0676570309697668
0.0486228790364905
0.0894499262811264
0.0918531168091491
0.0964918567370756
0.125156879562062
0.125809228123101
0.138896249864709
0.100534885779346
0.188734247970112
0.191909974920801
0.146761176733179
0.17043292637108
0.0690863098753943
0.0554521937871891
0.0585668314115602
0.116463896983521
0.0950129265944062
0.0502181348882486
0.062660644553361
0.100930536838406
0.0951350887055403
0.0570911311530774
0.0486356282799386
0.0513355472891615
0.045202870818334
0.0361935046534441
0.0539717525676634
0.0787539768441737
0.059532782702475
0.100009556811653
0.0722182924058383
0.0354209716440402
0.0682695386067749
0.153947783292932
0.112998717483739
0.055370727598051
0.0569002341952331
0.0615349623859585
0.0551112392992422
0.041025955445865
0.037873258768592
0.0645901581519426
0.0544563755281693
0.0646194229919674
0.0795976988451397
0.0889555338553896
0.103083146293016
0.149925318242136
0.0874643798044305
0.0849774757772028
0.184367048671498
0.0949620766559665
0.142498341437401
0.15385857647512
0.120797913716627
0.110528460157435
0.133449476694777
0.123605591162005
0.0808449814691231
0.0626165985526291
0.0396087600474949
0.0476623738367275
0.0491026176528992
0.039629767368939
0.0504959592850028
0.0488059959040813
0.0741904294248181
0.0533068200909996
0.0966604055897884
0.138302557941613
0.068149836407017
0.0574054087957078
0.124496907448265
0.102221074075286
0.129604017352123
0.0877098131661373
0.0644604791376745
0.0521816981717092
0.0437539075646042
0.0581560344397747
0.100357410479299
0.0951856749964637
0.0593868112648545
0.0537261691442791
0.0740678114798275
0.108230018955722
0.109230363354482
0.205192435813417
0.215512533339307
0.22852662086417
0.192806427880889
0.18170023501345
0.109491891744426
0.061703666258824
0.0883001080867865
0.107789748766657
0.123933733999175
0.0841956408105909
0.0329149248221976
0.0468697821167283
0.048920194726539
0.0600695529677049
0.0855202431858208
0.0802394225476656
0.0563451468481658
0.0451229552031185
0.059104330492792
0.0429101972051628
0.0434300410145306
0.0512346475496952
0.0964807752012104
0.0817952258117805
0.0902417489565582
0.105646816952727
0.125959107773266
0.0682404739291137
0.0706881156658079
0.0310534608346916
0.030851600956013
0.0343688117967861
0.0431011093500617
0.0534150237236022
0.096837931735348
0.199927284065515
0.197622036290932
0.14075745034268
0.0773801577937677
0.0473931906757201
0.0679706987783981
0.052948873389771
0.101309046822657
0.114168391927302
0.0987501695578141
0.12315031643627
