0.0246800500775654
0.0228526099499681
0.0269723531539476
0.0513280582437791
0.0540016385944269
0.0619567906675535
0.0592810358735675
0.0621786681070211
0.0560676770816405
0.0725284943032839
0.0353281265466567
0.0245517675281007
0.0152756948152022
0.0148178931476589
0.0116796940073089
0.0366152992772935
0.0265901762474607
0.0272259663568771
0.0199880136947584
0.0199166114635945
0.0282214961952969
0.020174399441633
0.0116135652325439
0.161848064509839
0.507576747675233
1.15116223296247
0.0574539589274977
0.145437515145058
0.0326589600884986
0.0301307964270263
0.0120534412293955
0.632686664851055
1.46421592851711
0.633003528120651
0.399042026869139
0.190803509793002
0.0314060145233372
0.0161823613986375
0.0129409452565692
0.0144830295301921
0.0159811477705467
0.0235506507893547
0.0570317155441849
0.069981612804638
0.0296002246838226
0.00877113915146994
0.0442854086293137
0.0454117940435811
0.0121587868400091
0.00581264899262108
0.011450698262743
0.0219244906233587
0.0505749412936933
0.0558568899609745
0.0618733495532226
0.0403413625953404
0.145293401119173
0.115030848765089
0.110645677624275
0.0857834492663503
0.0477116965723693
0.0620850846844216
0.0362960204445168
0.0255629026454183
0.0209521638225316
0.0831874040790215
0.296559828471132
0.083172907457743
0.154445819798419
0.0849422629586007
0.0475096056457485
0.0237313642862911
0.016960842981729
0.0116270965839875
0.0158020876194412
0.0187293933507257
0.00511742562777117
0.0095685573843452
0.00859389866081225
0.0269843871894751
0.0244203818757266
0.0177637464701362
0.0162258743778259
0.0110522616262889
0.0106697192031272
0.0224824562098438
0.0908732227853852
0.0809748890803906
0.0740348977169011
0.0585195731844266
0.0165154911499719
0.0305574086139232
0.127515981896796
0.0870102154553294
0.0294314523781738
0.0182218936315796
0.251703032350726
0.876145712425989
0.0456935125502673
0.228066391520794
0.0220013248763927
0.00866740222452237
0.00555916129896856
0.0111582261406308
0.00985389890108969
0.125042171881346
0.0485505351099064
0.0147552934605861
0.0247290431048858
0.0355382028131722
0.0108144459883907
0.016155628891185
0.0229551724765062
0.0178143711492832
0.0155376046111483
0.00931843242284391
0.00952201309059085
0.018965508415974
0.0273207723042901
0.0141936508459174
0.0102853691697435
0.0119454264648135
0.0118918096963174
0.033654566415686
0.0857321397272512
0.0585713152828877
0.0670666904186631
0.108157826877581
0.126028067151675
0.0964439546069355
0.0725597969246811
0.0589783286821574
0.0997307423477829
0.0537788767511531
0.0346414490160579
0.0228869800345944
0.0284803491080226
0.0473049842454154
0.0302298461264813
0.0303710347746314
0.0288797014321814
0.0279677108141306
0.0190651283850237
0.0297281779955327
0.0529743183930029
0.056829201018087
0.0285088029738083
0.0314707795468886
0.0594406986107331
0.0737821375359733
0.0291013319634873
0.0443231094074881
0.0376317610837147
0.0553449434902167
0.098571650181909
0.0815389240199877
0.0450270691282307
0.0352267121579485
0.118635327204138
0.0979475711466949
0.0407201002694779
0.0144857488081066
0.00740499533500403
0.0193325852511181
0.706693604870064
1.15307462893648
0.243212915652021
0.0981994688767248
0.329242644634766
0.178983877377691
0.055880928946952
0.0527115225087015
0.0338765013287705
0.0752994927263182
0.0236056428804677
0.0112439259999425
0.0312471820120167
0.0365663775140998
0.0162129140087449
0.0141769710236893
0.0300851136408034
0.0902220591071683
0.147909140663665
0.0802674528183026
0.043018424209295
0.104199003100379
0.0591489492601225
0.0443601852070363
0.0471690400661335
0.0272868654155941
0.0377529271641595
0.146948011137212
0.108050073637909
0.0842068830049589
0.0260534840318607
0.0353745903952997
0.0226214612666495
0.00796623247336446
0.010217223063328
0.0135474563796483
0.0102939395078267
0.0175618858790769
0.0201588124444622
0.0165751144178208
0.0757472540021823
1.21657799089767
3.59246696175811
0.0563137114425213
0.221444537285793
0.0629650875917279
0.0662977669024623
0.0434209683240468
0.0483566604102458
0.0140429714216158
0.0104026731829113
0.0106468977209578
0.0091884366374604
0.00901206048008734
0.0135333515496775
0.0367920928180707
0.0105037933001065
0.0132182203399101
0.00943763187633074
0.00831099350218131
0.0127784029632403
0.0414955848916611
0.0863855620921674
0.0657443137686654
0.0146258077450953
0.013608134112588
0.0170869833189318
0.0150946152649531
0.0259104843136815
0.0282100321250097
0.0231344638627237
0.0185124467179011
0.0162488225306707
0.0152237091233782
0.0106559549801966
0.0129150520333723
0.0163001126555431
0.0327681127785052
0.0271853549380634
0.0434545810415574
0.0530272069156249
0.0410775105847969
1.84285252496203
4.33467359340953
0.499471303231279
0.336305858965709
0.241974778984317
0.210162236771164
0.0646303266325506
0.0222838069945008
0.0328965444198238
0.052291313148208
0.0616383574463562
0.0551679610735789
0.0185604523518608
0.0268750725028494
0.0449264586492613
0.0209317942093499
0.0101433464007491
0.0162452609366693
0.0309692627772275
0.033695544510785
0.149780888339271
0.0693482759691238
0.259822943282385
1.46317666750968
0.70354733483002
0.0354931970191387
0.0122452672617046
0.0117271963731722
0.0136827858707356
0.0159457030451102
0.0250855610260843
0.0232722662390007
0.0192273543412069
0.0826922157334542
0.327344484526903
0.835586280628207
0.0827941378201696
0.20768635768636
0.0187766738038357
0.0162887238910467
0.0135128525150618
0.0104083062181276
0.0139989619725137
0.0116875007049724
0.0135023777948099
0.0217610260236028
0.0115043745730357
0.0115607334846343
0.0142078687460317
0.0433223580089596
0.0118049294349123
0.0158825945861836
0.0283146374447047
0.0240035274385689
0.0172147675142426
0.0250048612047007
1.03450537907684
3.37539748102566
0.120520430471438
0.455716671574838
0.0354984463311638
0.0106558817568294
0.0327536380860836
0.023671755437917
0.0125409728148585
0.016209540665525
0.0178550296177855
0.0114941385209526
0.0179887983257002
0.0191648861256493
0.0426539708320847
0.0251727907844927
0.0121469107390704
0.0135483497546677
0.0150816488294782
0.014080969470589
0.00994999001659373
0.0110818287450684
0.0105047903836103
0.00817719318102251
0.0105865398986855
0.00863819365128382
0.0158279562761537
0.0158672887339654
0.0123031110235709
0.0424402827526012
0.0483752793774898
0.0104644948819491
0.0749749124176685
1.1665256851592
3.48748584105518
0.108813153154293
0.530589738247247
0.0279798927848547
0.0177491964362437
0.00853378983854367
0.00824945310573891
0.00646125557882077
0.0075532121074007
0.00491606674961679
0.00600554847900653
0.00872857461688799
0.0137025264314575
0.0223268333425845
0.0114653273524529
0.00926994589861893
0.0133148867463904
0.00503998912250193
0.011953303891598
0.0110792341216383
0.0119683802264766
0.0390700034027339
0.0179325226146117
0.0175875234353148
0.0437551307137421
0.0160575876491184
0.00867426192523073
0.014411850437532
0.00981042341276525
0.0101823937241168
0.016333248942646
0.0279102355154307
0.00840207867725153
0.00830588292400824
0.00653336181984907
0.00883602541619888
0.0384819241852597
0.0191169290726902
0.0420719947227331
0.151734451213684
0.0382516127736415
0.0293049156580931
0.0347970521479513
0.00463054730832386
0.00713625167864137
0.0103732969316791
0.0113970832514883
0.00742257024616342
0.031875348155293
0.0286124415891019
0.117092418418846
0.301623254318152
0.0383662983313003
0.0619948521908315
0.0319620370605261
0.493751017614384
3.41409353687772
0.0838162757251506
0.310148116815658
0.0543144156484629
0.00536679717225535
0.0112192679293394
0.00492119151199769
0.00473441210898542
0.0049516960496101
0.0109079987938958
0.00754737187274651
0.0064558896059473
0.0107289143736863
0.00459807653350143
0.00396737030083239
0.00591258799218508
0.0071872053425373
0.00899599646667727
0.0140706962289723
0.815454803352186
2.81089963845299
4.11035308701789
0.166114471884512
4.57731406295121
1.37008638017383
2.15454860612854
0.399911714594598
0.33647831616818
0.0276598250788682
0.0231282826035944
0.00853871373168127
0.00851239005948222
0.0087980474275157
0.0550551100025532
0.00556714426475061
1.67433354868143
3.79285372490948
0.091861646640832
0.60385198281694
0.0334200377876876
0.0547372225837124
0.012899423446181
0.00390736645470344
0.00601158875811044
0.0172838881251377
0.0183683485786517
0.133023477055779
3.08630872274796
7.49323103890634
3.95444269707119
0.665696883658122
1.33851098924005
0.169291311837052
0.0201648083224227
0.0682937702547449
2.64281636782938
11.4194359561383
0.299578315130448
0.933207023809313
0.597875115282746
0.344692834404729
2.01605524539188
0.0896781372591294
0.235712761905103
0.00986254655177184
0.0293015878159418
0.0195764740837321
0.0218450930616696
0.0227193830113706
0.00433255013914837
0.00339606120202154
0.00548141145952525
0.013598552623034
0.0105889349347592
0.00835681706585877
0.211872141908139
0.170202690041875
0.236608500018402
0.5115413169836
0.362171675726869
0.0317514722934721
0.00909714573582053
0.00684346108638494
0.0164372025421259
0.0293294368284376
0.118378033870137
1.11021394146753
0.349041662811774
0.325084708526125
9.47976560225706
10.9277154479804
1.84375492789286
1.28679743782365
1.2735889569865
0.110512601373897
0.125465085357149
0.0116208420329819
0.0149175544393461
0.0117831945111908
4.12454698494096
9.03006496146228
0.275665414188179
18.4894417873425
6.08936889758601
3.71063400594766
0.259315250498588
1.62341304083172
0.527069915103091
0.175587731043486
0.0593890426545205
0.00898954351224727
0.103256368761897
0.0599291241521655
0.0600236379347314
0.0189930574915531
0.123693781684895
0.0752464217473461
0.701345653185366
4.26716077122915
4.42284245694079
0.334624102688178
0.905529835892788
0.0721613576605601
0.00699243426334334
0.00640222987480278
0.014895068582863
0.00755491519059421
0.0417330409338023
3.48440191258057
3.96726306560788
3.33511624564852
3.20987003156707
1.29063014814154
3.57533541484406
3.96705880290723
0.170447226642683
0.588976653978143
0.683738085942899
2.41628271397625
0.085101351680757
2.50193250801531
3.6843083216266
0.13576575470441
0.275513303300711
0.00697375946752571
0.00748979070269843
0.0181260090788782
0.0048752081305421
0.00649235113894055
0.00737583581932721
2.2509365146012
5.30398927875574
0.74651184227471
1.2703700925388
0.340084995810634
0.0555943316398841
4.05591352809829
6.93832637184887
1.45841068892152
0.148628150910894
0.860021541442293
0.120641157215644
0.0719392101818039
0.0216405738326526
0.00800594902723723
0.0597760279785717
0.168138418894233
0.0169861244811953
0.13913273682841
0.0427058818500677
0.0160010634262075
0.0847096289888622
1.26602989693063
6.24615427851109
0.0876059237237633
0.293292459066385
0.0702304127945882
0.043295595277264
0.0141944609392199
0.011496088786898
0.00717683468124308
0.00473510242421564
0.0204938108665361
0.00574011226932156
0.0238539482545388
2.97968128330834
2.24863760560875
5.3620881713328
0.695254762388232
1.26329692657973
0.357379252412388
0.0166013716541786
0.0144525120198314
0.00698778858998068
0.0119482553172672
0.0391724944626929
0.0235143667590337
0.0101260182732961
0.0123105685708462
0.0340045440753876
0.0324060487464217
0.0128650512984871
0.0649594629605097
0.138152171533959
0.0124203570260434
0.0735449794207112
0.0414832603913451
0.420984597762563
0.96692701985247
0.43694208311168
2.5263182502122
2.14951047857419
4.13169953453613
0.199141083877887
4.61773723428951
0.901728552142009
0.545394520776119
0.634211198712228
0.0143824320645159
0.262272200267281
0.964648879805529
0.0366615044173685
0.0773198190097559
0.188767155012418
0.75079529174639
0.0369895813452564
0.0374305561996436
0.00539217094620677
0.0091976200150275
0.00939691674244231
0.010095655007761
0.0108685575368242
0.007626367819434
0.0201637060542077
0.0250305586792829
0.0212067489636821
0.00921565082690612
0.00362679799422403
0.00638209587604001
0.0108226182146725
0.0078636329714298
0.0103657956867315
0.0123273632740715
0.027107500280841
0.212164864602644
0.779115267112891
0.173052117128569
0.32439289184421
0.014434831041173
0.0308349730708034
0.00845714481198912
0.00771629465079504
0.00300203482972288
0.00615954540000438
0.0520896471784886
0.0137440960161237
0.0176272947142952
0.0154001704018596
0.00807941377033124
0.105444670488668
1.18914871731401
3.49829674884708
0.0148643956752651
0.363352701833116
3.46647269956834
3.27659915317181
0.251445564853281
0.140590285890933
0.191632062219165
0.0130391110467759
0.00618234925373952
0.0118328826901153
0.0280758036492095
0.0221230717408048
0.010619726462654
0.00726446405519716
0.0134531580332292
0.0203336143618453
0.00627362565729087
0.00671765879586514
0.00415991034298727
0.00779250548050337
0.00999982164373859
0.0913810535351808
0.226147760444471
0.025178001037401
0.0676017711125884
0.00816902621250963
0.00695450942971771
0.00882847465882748
1.2003388261764
3.13847005753804
0.116377502255818
0.598701691579848
0.00834157804400327
0.0324613177657475
0.0465573217142466
0.0682696450240773
0.0808566816720926
