0.145016729560796
0.0723282025524966
0.319175847494069
0.915577702040774
0.766607195221962
0.505898194739632
0.324795709589219
0.269849116991535
0.354007701530086
0.120605362688057
0.227371903919303
0.230499989970315
0.591294805978811
0.617973286491579
0.0650944887047852
0.0457074498705746
0.0757003348303073
1.28436332013758
1.65160038043325
2.08425398290877
2.30285731872789
2.4023986070537
2.98140589379924
1.15365513630666
0.205636401019712
0.349533370610458
0.238391442307065
0.196005700502201
0.31826492032255
0.355979773415672
0.18346970464267
0.195166909101386
0.12599154065943
0.051822906959687
0.102454783247825
0.104690798722486
0.851430901909927
1.12988259067944
0.842361694382696
0.458497031439113
0.354297085159679
0.494121085564051
0.0872822960910475
0.168467074596533
0.65422290062143
1.04456919302229
4.28680505283694
3.36369988058439
0.818608959106374
1.19707846746475
0.237990750298991
1.03840408999833
4.29742038058715
0.654237538595374
1.01762311003514
0.456153478828113
0.0632020422214592
0.0771935662273552
0.36758599247574
0.352073344334939
0.523913468744648
0.228417211312368
0.408220728846701
0.82330977982295
0.215320560206387
0.16441872025575
0.231331836276944
0.463008242693672
0.234185215326259
1.08293970816303
0.907476749274736
0.582562436443182
0.504971323577682
0.255496884712874
0.213026657241582
0.429018024291397
0.565219579496364
0.146501544905637
0.321225120548429
0.336471804851446
0.669162145061159
0.287080851414871
0.440372337361338
0.101457863523053
0.196882588087366
0.23681739121503
0.218779739506189
0.0933185537387935
0.0863097128120151
0.146546284043716
0.148099607670588
0.0920202851218567
0.228465555976227
0.198070816536796
0.0577846925720561
0.122555722189243
0.215907225904446
0.13229608607021
1.03811304837461
0.232542275847352
0.255575740380778
0.0897646942994738
0.25385001024293
1.11544161468862
0.249079318890096
0.583313724492617
0.275770252194641
0.198021225481266
0.148366848999078
0.263251248030304
0.470350752397094
0.764552127340367
0.181145618960956
0.196372099771942
0.538994628717621
0.728022983977813
0.244549461052178
0.646991216962138
0.277671911449287
0.179696730877214
0.314674221371934
0.100996739562982
0.374484992093402
0.370177716365543
0.317038925834325
0.132861109278048
0.182593821129765
0.0678749627949292
0.104683186297001
0.0739240604279244
0.074251461907656
0.145849826532088
0.140348083729793
0.147732996028421
0.570352063550812
0.721323605500229
1.08728778753939
0.369442482453799
0.140294582445873
0.133919367468673
0.286996502256624
0.178454700223982
0.183420074296017
0.257209305528378
0.138405086921181
0.120000815490488
0.170613307734847
0.143489492469133
0.181231406737558
0.0583473369077265
0.127799790742101
0.138417493158531
0.116448490913015
0.279317842704923
0.254290645539658
0.208895200410651
0.203639430406329
0.0430816845304924
0.0358667211604131
0.293679933776369
0.120868414999391
0.143104876695793
0.585680612230024
0.559240055403205
0.363645066278177
0.237981401298887
0.0940355011405767
0.375470947051839
0.163927325788273
0.123269254988642
0.0999298553435898
0.141173327806062
0.481144310402484
0.492781902550307
0.410159351576774
0.173510694205242
0.649541695923796
1.12506270220141
0.716899083923413
0.177638807605075
0.139873012573834
0.133689931285514
1.59298239570347
1.57495605329173
0.213866592082219
0.215275649564317
0.0686819673018918
0.211440369399614
0.421366842572951
1.66513997525504
0.276479227616014
0.214295366596473
0.132175773857127
0.0808171429933262
0.113106879091039
0.078476928617004
0.0603129956577686
0.0726518410751684
1.05744687495143
1.13226919147169
0.223640082721647
0.0759766434966095
0.138983532631694
0.083562859299885
0.453516618309059
0.432652337001913
0.0890894793286918
0.130029758489194
0.337439069290593
0.361639736973593
0.904832374339886
0.719428230062517
0.303510140605868
0.732793962984204
0.391485423719796
0.0774666678847948
0.031660271761277
0.0684811294513156
0.382382116398003
4.18624464892109
1.28659961211295
0.44499434813656
0.306494776253625
0.592052343903256
1.99158559431277
0.400613446722334
0.220873570127479
0.458527484217148
2.18943593035568
0.981545533544243
0.582094082644562
0.173131273662203
0.051226365833312
0.124156044773336
0.637233612845422
0.297331713503096
0.358821350620288
0.248649337206285
0.14306682647428
0.140069228509752
0.0543120448868211
0.0919034679672615
0.121478361447775
0.198384403728995
0.730025160380522
1.34906304655649
0.593651791557267
0.536551400408236
0.791288459246362
0.306047343376047
0.122495490566471
0.360158228232352
0.412080478086642
0.296984513694576
0.678358125537684
0.806037855425399
0.204876169898182
0.23994301744877
1.48336995743405
1.52425091975999
0.101080823678812
0.0793150628140375
0.224714306229508
0.52475954446123
0.886434081195033
0.190780340707483
0.151652636474476
0.724014058731283
6.32605456733391
49.2749233036698
37.7661699522531
1.62782879972996
0.369923264862188
1.21598140404532
0.395279955746683
2.17565277099246
0.894935596880403
0.934095902172528
3.63628546270446
3.67412119670687
0.23040206816693
1.17510484740329
0.497865881715252
1.82536063192601
0.474546738245348
0.174799712193229
0.107274491048731
0.201778030553911
0.507804168669538
0.326184998724564
0.124137893482226
0.527830080803369
0.815744414502186
1.07356872288077
2.79963554686575
4.31200849574318
1.25965398986692
0.782138959231761
0.178141137118617
0.142345577627435
0.363549244346936
0.31410900355112
0.156825196645708
0.0740593087811486
0.156667941764064
0.0975585222641259
0.0568136454122725
0.0356998760234316
0.194298029003293
0.132581074319497
0.128145041782293
0.245003082407363
0.666837658499205
0.368349920789807
0.0760158022835409
0.15035111808003
0.738392814278345
0.956391801170597
0.675902183272561
0.465050871306256
0.0864057333667396
0.143199239400211
0.601304472896457
0.483652438355634
0.0970005255374854
0.17930196390198
0.662674588336022
0.791345101314068
0.642830101526747
0.248875123639074
0.0488970749351196
0.0907753246454325
0.147686300692999
0.198503569040465
0.218397901327196
0.089272389578255
0.141013893950893
0.253495435264501
0.33511509023457
0.159514206446152
0.435704949232768
0.343040711487701
0.118069808906897
0.16364189783569
0.132694568401129
0.168633780115247
0.335535749871372
0.465285987472865
0.0749685076641371
0.0535490379071947
13.1082314758003
33.4236919460117
13.0333577854465
2.34893917169858
7.8439020574154
0.989715434762554
0.119167907181059
0.10049360376344
0.235167844922572
0.399944125793997
0.156812487584502
0.229973357247612
0.394808184955113
0.180099204454668
0.088046070826749
0.359669199644932
0.711750337950664
0.230729159084196
1.2984434675237
1.28536948660158
0.735539402392524
0.195550384718409
2.17379760634662
3.15696948674472
0.103839729350848
0.144005773217824
0.169508202468763
0.901234091053327
0.417696590996204
0.0797953461710547
0.0522845568380481
0.198798119361734
0.427876052901405
0.460101651062142
0.191868568479465
0.0792824583050763
0.155651290894769
0.245105736707273
0.68468591032427
0.56539874904793
0.207868544565174
0.25607811331139
0.0852597336386084
0.446608094477773
0.734906325631914
0.104170328292858
0.0473227977326043
0.0457627436824111
0.0703841128477429
0.417172299979357
3.63120260124156
1.85985088033152
0.192863578365724
0.0895994186823616
0.113924511921183
0.381193944772187
0.295126857510103
0.0953112934345122
0.10517118535175
0.593828825485136
0.910560585708855
0.131096593745752
0.049545795630612
0.685929581331825
0.570416603067024
0.775038185474243
1.44269893197571
0.0344635101524437
0.0370040622403021
2.1830003931588
2.2400921706091
0.0878203671648964
0.417531129175513
0.389743580484422
0.362723070055785
2.51837957790507
5.25664137026333
5.92814760956671
7.45189623843479
0.161119883928784
0.192915800149145
1.26227751492657
0.75515929845012
0.223041380497294
0.0728679227786187
0.0573656451362431
0.0599414403900065
0.0738268021074644
0.150561591499077
0.206127143006634
0.140955160679058
0.101423947299962
0.099854028125704
0.85557848365193
0.97071288955319
0.337035105632126
0.173832810882602
0.100006589184953
0.210016682326396
0.408094384774884
0.608136515211992
0.140928463706704
0.791391998078099
1.16817817364328
0.336608700868375
0.0505130780471066
0.0580277245057031
0.184577945010831
0.28143605243228
0.0739560286743007
0.0580493748128844
0.110022218537304
0.284352396415442
0.409335074209605
0.139307768670094
0.178526199556077
3.1835251706547
1.14208162385298
0.242643140174597
0.422969084400919
0.183063675818846
0.0567471392397455
0.0746733084380749
5.050242996685
15.364678485375
1.81373570118294
0.0306438166889593
0.137399874186487
0.144766504157916
0.0799142752846001
0.150980017084714
0.278665497459026
0.554648778754751
0.248114095154401
0.204884534836464
0.278753823640777
0.737638562387985
1.02572172812237
2.05753553936857
0.229109414909659
0.0721439026333704
0.988512466698306
1.35239797495001
0.288472065740811
0.0755954334095857
0.071699563366551
1.13340946685831
0.826828314278638
0.304632214139676
4.18905097097029
3.59242131954441
0.337880149261462
0.123502565680278
0.141429943224178
0.223858299856909
0.31275496084068
0.0871737201986755
0.351230007095848
0.151788732471578
0.824317440235151
0.616769356936023
0.0530923010112484
0.350458023280473
0.252497032386152
0.0917803338382326
0.0979248822959535
0.569530438028882
1.29433826228338
0.885079757420969
0.28418086173552
0.240180393249523
0.223966964556154
0.192834719566243
0.125941793915162
0.0945993121588899
0.0893461968479613
0.815272979339383
1.10499565513087
0.11061219789833
0.234898893711539
0.161485611611063
0.18774242892195
0.187600508715575
0.795014439723149
0.23844008750406
0.18957093299253
0.164428346927631
0.273402241998733
0.460873870874355
0.37257912532939
0.125359378816295
0.155713568610927
0.179352598452688
0.225132646938409
0.0602563411418227
0.187034967659137
0.237916628863566
0.08454490601953
0.0912353362616216
0.178042626220334
0.0881057662282226
0.20682866312087
0.247652365635289
0.239781769629473
0.107216080112012
0.136658802939237
0.224714813987552
0.33897148210547
0.36713340149238
0.122605049043063
0.0860105633662637
0.0820612204349796
0.17047534616757
0.170847823133296
0.159541236855981
0.123318017632742
0.349238662272772
0.217382981155004
0.18407421126858
0.503227776876821
0.642561616255046
0.237550596498851
0.138776701195103
0.0907559100529199
6.79770784636709
11.418708440333
0.110779812055511
0.042875483545588
0.219049755285996
0.162338057891057
1.36610879778872
0.337832099754583
0.697371328369532
0.2704675591133
0.630825938833422
1.29799617488944
0.249841544967731
0.0733522879570043
0.0636319892559183
0.331075500332726
0.852198678676581
0.184039349970323
0.0719764293307241
0.143604897047167
0.246192943576004
0.309358652411643
0.493389258002542
0.0589354247789979
0.063697241601873
0.0464071868883518
0.35743024234449
0.36520750618339
0.080889795121184
0.0500217330876599
0.0780009475974589
0.147672680234308
0.491008183854196
0.417526940471021
0.0708578829619158
0.0688664592011407
0.306348370412133
0.234704003389433
0.600373451893264
0.737363391206745
0.324770651981266
0.587138733929687
1.05623680523259
0.376814103427422
0.642377966910953
0.630177672844745
2.43561571757038
0.755434061974813
1.22912238636538
0.572695259332317
0.093737585880541
0.104292333308905
0.188127868025987
0.101135107985201
0.829934930057359
0.119523300044768
0.252730762746035
1.78235372228252
2.36383818958791
0.908784280876506
0.222756740920277
0.536683797424603
0.411837320078089
0.0895839336076893
0.136652496948151
0.102559814929378
0.0647209578931089
0.0234329557918692
0.118608679319479
0.442471570072188
0.197336995874898
0.0952581753624695
1.20758114021677
8.72951038811013
3.42475881552794
0.127731078685501
0.639272826067921
0.700108615622794
0.575849067962563
0.311330714635138
0.0920811088275608
0.115168878807188
0.387688240513384
2.19404567533312
2.54342452704452
1.17075435621156
0.235876708577639
0.108719907300702
0.143004107686691
0.607734950229392
1.87260656704609
0.393413873130191
0.0709322080783118
0.138911604707588
0.289166388721905
0.193131834973539
0.209486667951911
0.714063154459539
0.562700346517729
0.105386399667694
0.570518853135347
1.13259816423992
0.184230095902511
0.130524409080206
0.250008673711549
0.13294206001009
0.951221079934971
1.504551964871
0.180668868866886
0.133616384714628
0.0717568343430896
0.145426044116937
1.00808449316018
0.659691174589425
0.176422973811617
0.105964917338303
0.174680177420373
0.471068080171861
0.322210900553572
0.276974541163669
0.148187574899954
0.255208100151743
2.01666782347327
2.09726272278552
0.757054907876475
1.52419501484571
0.254939936604776
0.659892053413239
0.193218128372025
0.0287564545849724
0.0773482850527485
0.0590616518672024
0.371691796034992
0.46009035238333
0.394796175113158
0.690197695928427
0.0477286323151224
0.0740232642574772
0.394623096259678
0.22859651639781
0.875741337576858
2.19910426321105
0.604857940657541
0.27805759391975
0.189011407524874
0.07644415310244
0.0799874445851745
0.0900232730486775
0.181003934203938
0.0852241638789768
0.10380719211857
0.359237217060946
0.304810744167859
0.259967644045604
0.22318461565874
0.179308126498466
0.500344232207187
1.46476822205483
5.1406298586089
0.535428358950888
1.5089004633968
0.0948782278586312
0.188051448938049
0.442986420578994
0.387012304307012
0.289820339693936
0.193013003306862
0.329663113097622
0.594595185176197
4.20742949334103
1.974732949171
0.209965614894011
0.778895862098165
2.6554511162676
2.00231693574759
0.086488659500067
0.108610902256688
0.550477690186393
0.796635879782272
0.132916187569346
0.256165134678224
0.0991632905295288
0.206610962084288
0.328605745604923
0.0971781190203795
0.0623587766489947
0.113765601124875
0.372167292939658
0.270934995828808
0.068741966345548
0.0526386726167189
0.112627629163447
0.113528725366997
0.112399973377724
0.748674096211434
1.08720984521858
0.281813925066523
0.110622645935482
0.576018985808353
0.380022065708204
0.0407701503208746
0.0898103714940248
0.109081183547801
0.970232026073118
1.4012121758035
1.90546104339054
3.00974715986531
0.20177639438357
0.142572888680304
0.0439485386689742
0.120372493822544
0.277487313791955
0.564370152054811
0.944083544854575
0.215571009340452
0.236017075435011
0.179652852245835
0.830512657550701
1.08363203432126
0.342515313346609
0.0708811007574583
0.406402485947671
0.71551707834466
0.280876149266166
0.122895030922389
0.0677795151164525
0.084434448699057
0.44415626624661
0.911407582734139
0.086588341913383
0.0923047099001415
0.11010095586129
0.0751964081553846
0.656109187875613
1.05110926821863
0.113442245722992
0.300802284299244
0.759202587068392
0.463206761087042
0.465732747676539
0.114547829335348
0.218205509658748
0.214023338070239
0.250683646711771
0.169457575388982
0.149869197595383
0.365679911183034
0.340319666890927
0.158393939641793
0.069010046572721
0.0655100056196771
0.0814412800622236
0.0781729974297376
0.141054922161958
0.126778553856325
0.0937326260190536
0.151906964283939
0.181522082006191
0.267758463411095
0.0351033428287179
0.0631975385423772
0.389626299591216
0.325084290183056
0.187357196066589
0.0320007296091247
0.110513112081693
0.142837665006752
0.141352432251457
0.140179305669406
0.102938550634212
0.0771625504605039
0.160774902524863
0.205744220436157
0.0797462411008073
0.0498525886548709
0.118012788694049
0.139146644158342
0.235377748817702
0.332512090762959
0.155697972351202
0.0491430706010709
0.265991206921946
0.337730057566778
1.27239523118237
5.56369757806096
1.878240620434
0.0762266288038958
0.323873777970905
0.260354435147937
0.111243986448763
0.0720874092638888
0.0997560623566114
0.188982095449183
0.162413941846724
0.115214047637982
0.289046817940797
0.0987680710647784
0.0499454364408146
0.198347378281206
0.681696257260534
0.627229013471343
0.194437639777592
0.0706887549760692
0.0785398583516549
0.278400791474338
0.412605358883545
0.236937239309248
0.0836578942272059
0.128900162559137
0.188169216838855
0.248737530632994
0.256893042968566
0.192569850424689
0.604183890956678
0.184029449268034
0.563275278757482
0.079208965696104
4.28781190346518
12.0111950225688
1.33048403461452
1.90487716847009
0.656427919712032
0.208094283434454
0.754285503523265
0.151708161638295
0.0514679056695812
0.300804654427503
0.335133013054489
0.601656175471393
0.389925556754628
0.0585718675906622
0.0804052334192088
0.0749695380120376
0.113912195978985
0.43015828287612
0.28729142473832
0.0490975943030518
0.0852538960569438
0.1764046554481
0.421469102745057
0.274127911155956
0.103974677235545
0.0409944737826033
0.237851601670679
0.294470185056983
0.189791096225879
0.139442286141829
0.160067348041534
0.114466671300433
0.125253421977937
0.168924239355662
0.361452798089689
1.02044071859819
1.10830503959691
0.683815050807419
0.413090359715224
0.0784363664843159
0.0593823675632453
0.102206664557301
0.267824665629731
0.435193144032627
0.233783652720179
0.105729487698063
0.202552527153819
0.0943255902438975
0.175570526200641
0.217108729955267
0.104789290854239
0.517863796188202
0.413929807795228
0.0342178142700886
0.0352895271275637
0.305960613733161
0.315143139797005
0.186518917738689
0.0835900545605237
0.0396264600555658
0.0550453511045572
0.0693152755850028
0.135167215240323
0.0481200043522791
0.122616148825337
0.255515099642073
0.410604728317631
0.111296463380661
0.192004631445816
0.192903816469316
0.137445635905052
0.212411706276887
0.126220053948
0.0427292521503139
0.0554831126883693
0.269968594033443
0.335563886168056
0.221327273295357
0.0483809756726333
0.0924275641545729
0.0921369410506796
0.0906047864025674
0.0514085426505293
0.0465346064349796
0.138433801450022
0.990880760927089
3.28547589425464
1.49023563081679
1.33989809937297
0.647724890965421
0.0740347120774816
0.187828869775989
0.387312702241597
0.141463151634074
0.135425352602368
0.192308418933322
0.264425273964485
0.882178552380319
0.601430115974955
0.129099031721501
0.10312262847785
0.0774811263031973
0.272092380964727
0.0832860399788382
0.0989997452558077
0.0553443446589705
0.24986510662616
0.380677925141388
0.240155295710232
0.0855113645223117
0.255151340928532
0.284034039085881
1.15473051202292
1.28002770124956
0.541696269568981
0.115090231665404
0.0306512452884576
0.0627301980020707
0.185839285489153
0.0861397257789184
0.0736657559483217
0.167636513477426
0.203217695218216
0.175993527277804
0.443123583132914
0.400384341758421
1.11229338617993
3.14564959662183
3.89826516063667
1.40503733157327
0.151531778763392
0.412676839904339
1.87651487558546
0.625032132515721
0.0835720672458445
0.166899235156694
1.13409632761591
1.03617891998893
0.967001843610726
6.99658276383444
3.44844627828839
0.906413721970061
3.34803162779665
0.250751284050895
0.710404037606527
0.116939000827665
0.509704141885316
1.18280441038494
1.23126311307756
0.261080681039142
0.0856843437806473
0.130696305099225
0.43966350363075
0.598506730402883
2.06991038310967
0.463218782443361
0.272207642961992
0.675296995740196
0.431997861144501
0.318812322695052
0.361510070901729
0.306516309811824
1.88214003458598
1.4146809752032
0.517431729400537
0.423355459983574
0.49544747265601
0.175753160345162
0.0994982592089932
0.0606586091488916
0.409541061844395
0.197614086589187
0.704873804454082
3.30918511784009
4.24744378368656
0.710296411546513
0.474663985374394
0.283278755186801
0.995749313929772
5.76372100910782
5.5025172142602
2.06985428442719
1.48514620868338
7.81998453102727
27.63554405686
22.9566383935395
10.5439868535645
5.64363585528992
11.1616383881279
0.952005748554813
0.580744614131875
0.157511806876937
1.77844990091207
0.61042547643254
0.64810043740336
0.801764268051458
3.81301725748985
5.70070798703557
0.615682252433261
0.826257378814905
3.89136970630329
4.24049632041937
0.911361510293888
2.76583819386389
2.11747825187997
0.342347947659573
0.727115114703891
4.60545758962486
4.04830418349844
0.561967197786482
0.830913605022064
0.166668271757096
2.77924481211403
0.922803928160606
2.13337085867311
3.07241149539172
1.40229547754826
6.10988452525096
14.2433114566803
0.379066850211619
2.93138439076538
0.360270234580735
6.59297092819937
8.19542284346636
0.748570010134247
0.520459242570919
0.445694929128701
0.170376811050189
2.68517865035728
0.55214077874543
1.21418364883605
0.515781159260507
1.87569473473377
0.271852228002465
0.213983351510331
0.76074778762408
0.204399941547626
0.178557396791695
1.11868658040652
2.8874037550936
19.1793254699692
15.7744960848408
14.4562233283349
9.77180050492516
0.905059129020065
2.74733550694746
0.429467605989944
0.185644478185005
0.626677529601483
0.818203600335603
3.77692501482782
2.74025249756302
0.135875125930829
0.812902720635659
0.117570861282616
0.243964113444858
1.3198186627414
0.570049040396788
2.9851255264644
0.0841736767530664
3.41760461931634
0.218585184909843
5.30453227700947
0.822224329792972
1.2799023948314
2.5339014306415
2.28762525288308
0.19444090965954
0.29568585448453
0.565913663398519
1.95391905739628
1.53684256871581
0.550735584866492
0.61330263092915
0.713406860232553
1.45457295278717
0.321529518336164
0.195452981369558
0.315475098420689
0.138388620888789
0.706313687935051
2.08114074480522
1.32750953149765
0.0899236621181212
0.244566574933499
0.967970725157308
0.139198574752918
0.176437960653731
0.06361063897731
4.45681273192443
5.13983339086788
0.310490565054954
0.2537844737231
0.238500954763763
2.97882885203081
0.728926654205854
0.331064788792941
1.84347049095533
2.95327419904039
0.533771436672038
0.282022372829042
0.31778656486123
0.0509468628277699
0.265184273830837
0.186195418621011
0.139091699139451
0.139366705260359
0.169328908364828
0.130963172627733
0.671477798003481
5.89707774538732
1.85901391903096
0.250595896882312
0.496780699331988
0.381105553212522
0.0881114028496693
0.113288197244445
0.285298866969215
1.49636048991996
1.41907408716965
0.52986236703152
0.288778006310601
0.121514439991083
0.596371277959402
1.00993864203801
0.491755297618763
0.0986481725683174
0.131188441171422
0.172738878676975
0.118827190719873
0.505698607921953
0.0697393309527166
0.331768429566759
0.157668787456297
0.593922814685951
0.441114787438744
0.1154744468727
0.044154325504349
0.0756858532807503
0.177150092080829
0.183066165056852
0.250530419844409
0.152348277517162
0.193840307765732
0.161076536114409
0.392420713899243
0.468790627106817
0.460367853323852
0.213050443065558
3.55848254621285
3.28147943439693
0.799424927167711
0.466919107468856
0.202155378907819
0.057544625469498
0.0431193926119738
0.156071469749458
0.610833794392642
0.223526939740132
0.0762947843835565
0.181786014595263
0.387329658102758
0.394216293383678
0.200165771101159
0.109765553904518
0.100807808121976
0.0823638143334346
0.145280501490245
0.293738817386852
0.276082415446082
0.243317886434733
0.179869805266551
0.101453374034302
0.133411385448423
0.131292622937171
0.283950059178499
0.575162454866669
0.578719880961431
0.0637921385243995
0.101095588575053
0.0781116670252212
0.0845697091244189
0.069820956648546
0.0427981877626447
0.0686270893017956
0.146989329617667
0.102608743851041
0.124529835368004
0.0952470262435152
0.0903364159759571
0.0749008603639729
0.107538361162969
0.14583113149435
0.124328077258887
0.128629598461219
0.128210981804146
0.236933574890079
1.2164133004364
0.568577038280985
0.38741839083632
0.646767825587194
0.136825667236449
0.0759281885553524
0.438597675119127
0.169451434355719
0.424359913623711
0.0966296392821813
0.309784283780549
0.164491025398976
0.0834345357279978
0.0796178819434072
0.0559207947034247
0.120500838212532
0.172261958442236
0.112921625701708
0.102927129256949
0.112422818647567
0.110574704034611
0.076563690343369
0.097873663116048
0.073023985898641
0.0530361763554791
0.168163398957455
0.116836870700944
0.0870230245221896
0.120386774933046
0.132782419429544
0.194558241814903
0.106710119257048
0.26518958767293
0.267170633946521
0.216809112158373
0.75479055212224
1.96022060442323
0.445498324890778
0.483617666143585
0.558288916912285
0.214302602516098
0.0973737451154146
0.106418664787409
0.159841172353528
0.212883873321412
0.147841397824373
0.271354721698006
0.425600534149575
0.267825734231789
1.03388248383048
1.12536155741005
0.351563206035038
0.169389977658267
0.209492409581737
0.168309443432642
0.162488753673023
0.101451911957147
0.193957136720198
0.173255181249329
0.0947697514376919
0.111240294562744
0.0931363119389254
0.188844889423561
0.087478198642354
0.264186507483635
0.201928263600198
0.100530064602178
0.121163151350198
0.208914613443176
0.113543527992638
0.475562641344823
0.205328911855431
0.255552877385033
0.189408273417949
0.138055269638371
0.203860842149191
0.190415987268871
0.140355961362888
0.203047158106391
0.155739030705409
0.621838783105306
0.56724401863637
0.659779696264986
0.251042572671638
0.757548319845707
0.320154843395896
0.0924328935731782
0.128767355484209
0.120419735066452
0.747017877238391
0.0892375201165381
0.0939079007308642
0.0408525754591908
0.111735600530968
0.116950465784093
0.145417815025865
0.290741072600357
0.180705090732998
0.128840232769369
0.191483883715237
0.232010996831794
0.136941020206992
0.166285556661617
0.0637278297604307
0.151998224347117
0.0781614069652466
0.0803121286369064
0.104312359623041
0.265391713283554
0.206274796966979
0.343182739814095
0.201190485300247
0.13114402793971
0.0948298371612781
0.238441742076626
0.550069234616506
0.615625585252162
0.137007665892888
0.324421302851223
0.282060356751031
0.683469172321933
0.269978914089533
0.172442297723077
0.478526743797992
0.481801494808479
0.113560412623577
0.226492461290761
0.19140131923144
0.087595002499
0.0547682221963591
0.130644803583625
0.15991132160345
0.209501447046694
0.827451755302643
0.874704132083471
0.276952754482445
0.108516255114604
0.133162776575042
0.270705938831557
0.0730979756479939
0.365689145056046
0.0646618607677443
0.0805905009530343
0.424894890532284
0.301607451796438
0.210596053854124
0.081440991930838
0.0872081332553651
0.198231470825608
0.226624409135212
0.152369847463797
0.188382274674408
0.158869989961625
0.225220767403403
0.114962176269951
0.22383678141971
0.179516657765521
0.10947267290682
0.154059142216771
0.145838234691706
0.158806609689612
0.142461916495176
0.518934647194216
0.68798092789698
0.614352517863628
0.592735312262178
0.318676751476584
0.13142571483807
0.287463327171074
0.210285472070697
0.195914372174509
0.14990658472252
0.376404240826219
0.167179047022578
0.124916842205889
0.118972662100182
0.183903767948039
0.0566045925203997
0.205788895569836
0.179045223074995
0.178388602703476
0.198624861074832
0.31343791021005
0.639448183926577
1.0266300176298
0.523993463567433
0.553005067290875
0.156127313245062
0.0546302131074189
0.102309578467256
0.349353951808819
0.781547822511767
0.40080362684173
0.189130932970633
0.139710248832935
0.207076094158849
0.127214501346302
0.293165923423129
0.186944948597411
0.237183487240202
0.60163522185812
0.19997119733663
0.201557576911475
0.125944952465284
0.143921790727361
0.480474926701725
0.312018334080857
0.108534693866885
0.130199924857974
0.354385345762414
0.320406321350663
0.41297982612093
0.161278834389318
1.46622196648047
2.57512123889522
2.12330542209931
0.844145829420317
3.41291952343591
3.66693265132814
0.911986711897882
9.56673643468459
5.54469100274418
2.45969708197108
2.58280806845037
0.315612841147293
0.218308319756761
0.673249765789782
2.16996103881682
2.24505315204151
0.661997736902974
5.78673699237971
1.35219542331843
3.15916289302412
0.142478693025907
3.08775350126177
1.84718329906158
0.878846040305624
0.216656017557795
0.0462626112958338
0.328532850110756
0.255849053449719
0.627258716254559
3.01462033767874
1.04377371087118
2.59272035871985
1.06954237084993
0.292029639469199
0.141986139351437
1.90530850717712
2.4020723957146
0.803644904665962
1.84693689493527
0.848472416709152
0.832766734548247
0.116549833889677
0.498484136913939
0.220025558206001
0.191203445327894
0.274740550059463
0.809216846321143
0.153982514950124
0.551153260767843
0.923984675020116
1.42756283135293
0.134370690815373
0.908898851661685
0.827923012812387
1.7126291227151
3.55015543375188
5.73005650756324
0.856532165178813
1.44944083549055
1.70932211571997
0.584675826520758
0.159794080161947
0.85125136479265
1.73602223588013
0.766926023259801
0.591228050714728
2.92579856096904
0.839016881703599
2.25999825691915
0.540538373127272
0.712566077138693
0.216523668623608
0.11125976990197
0.321204953670686
0.118158069173793
1.67537020516199
0.18635809980936
0.818581424936228
0.397101488250108
0.49978934644281
0.524543781045358
0.672482728353586
0.200764077051898
0.231065148885796
0.398686375498867
0.080557452990534
0.103084996664281
0.313500953841982
3.35995121316133
6.77849433168485
2.8749980888673
0.272912037325873
0.127636790049319
0.368512820955951
1.2856760084883
2.77493214642094
0.761952096097639
0.554096129428381
0.293626777149615
0.113094892953577
0.172588373018584
0.261475247204835
0.196860131506432
0.19861569348237
0.558648529624306
0.154562332049449
0.105520036883534
0.119556043924294
0.493956705173135
0.689095039325163
0.972645170076132
0.37256448422678
0.151684495577292
0.128430662853675
0.217951495757382
0.0627865459357438
0.0831948403245549
0.0704520713557574
0.188032459860585
0.141418450730136
0.0835200352087522
0.117582732775936
0.0834284110420148
0.247816417830416
0.560180630292274
0.175261559829583
0.17509283232249
0.531862034780532
0.269582113810281
0.123137230870752
0.450636831369683
0.937039337198562
1.53659962826493
2.01102457706058
0.32483187704563
1.59363909174599
0.682124396518807
0.584377108370295
1.74302165647537
2.19550401583053
1.8421787352471
0.728111176664751
0.662690466772225
0.200967374115531
0.45587907256158
0.0982809093099722
0.135581400362115
0.10973856057258
0.162915423108317
0.0926743288315459
0.129028516947044
0.359506169622987
0.256680261287932
0.419906065089346
0.235904693900253
0.192424094804888
0.414174023474063
1.29216761551222
0.19796537608765
0.494007826893315
0.203602917230985
0.236097266009568
0.543871027715831
1.25254009812726
0.239088868517632
2.22416825032571
1.09878780508605
1.53700660119222
2.39007743677747
0.622313558270203
0.789100064625669
1.03956101462467
0.694202349436328
0.109960880341414
0.0728854428539103
0.282117073379557
0.190250877272942
0.0658630077677163
0.117412673007543
0.0772611515240528
0.241545173981551
0.254821203782186
0.121680789874217
0.130282285390537
0.157522691938789
0.172143011722952
0.451656528746414
0.218599407189158
0.193362266234661
0.0880732358593876
0.136608683000682
1.24383559402644
0.624386823460694
0.257023988650496
0.410313367500652
0.586341719489305
0.531951641036652
0.144286645684852
0.276716398332179
0.283902171233755
0.229848690249845
0.120404656193764
0.488626825564223
1.96272174478658
0.697682532397298
0.186966317104642
0.274162423216869
0.335199625778336
0.263624998788375
0.424496687558546
0.128430697460751
0.264542381015045
0.284724352139491
0.164431604606582
0.242148386361166
0.104422585841601
0.30714690133636
0.258882625674365
0.492252506323304
0.31907467838324
0.230996322880876
0.427276877846527
0.278660864225355
0.755256762307632
0.379003924758605
0.113512029486168
0.150934826451685
0.11222164907586
0.546674227465258
0.221163215634468
0.0707570348851343
0.287417344039774
0.251257086920758
0.0823560196132078
0.172026375959022
0.151419156232929
0.335591050964138
0.564399841492272
0.142549821859647
0.511921380012758
0.206314993836134
0.31808976711791
0.0576638492622304
0.325737690877612
0.248310785450824
0.651354009815057
0.577981841609275
0.213971247251443
0.245079710719504
0.149535354992919
0.718244689402504
0.319262616896797
0.571803406728053
0.421820877977196
0.697918242207944
0.620363073321819
0.185472828711091
0.216617939273477
0.152419869185858
0.305786903524279
0.33664002124935
0.15166646786652
0.258879926487847
0.19749429096084
0.241746630428106
0.171669859772381
0.145189054063737
0.0902407462692381
0.263948852308596
0.252917137459732
0.677400187148012
0.717451337058532
0.42405485856901
0.14142926559853
0.0979205349598421
0.213409720565101
0.233084937094178
0.170417268771843
0.0602004509167787
0.12273742656221
0.461897405623764
0.565474992316412
0.211253293187386
0.170455679684136
0.258572174301796
0.137015151830369
0.230726835024279
0.197537631504095
0.151662560053699
0.169977123780642
0.0702208198525837
0.0643119652913349
0.173141611631441
0.339516648722583
0.344034677671617
0.146032138327247
0.515216474909353
0.410275541787688
0.265019652265474
0.319821137429817
0.171446619755083
0.201197713894141
0.217903182837286
0.164946221239177
0.262483245249195
0.374185657503547
0.202073983590076
0.179084778616489
0.196199670350698
0.391217046170999
0.0764745078292169
0.0876087014281354
0.200805223185162
0.14512728779533
0.497174294959298
0.871166897955948
0.0801074546474367
0.148058869096069
0.188313560497454
0.111720078657564
0.288271365518593
0.204493857083067
0.180683001435307
0.196774684549777
0.15535891835885
0.480908117007107
0.380660434915048
0.0994748341192462
0.252141610755298
0.273228938706865
0.12615474807223
0.313394671164914
0.194624053019678
0.262672172153315
0.296551178947392
0.286764946305808
0.346363940112428
0.206220369075417
0.410971502015641
0.334323913189405
0.156756754677079
0.352989593408721
0.369644973025681
0.227664800810019
0.0834600477953908
0.258837090051673
0.207638154321268
0.161144834109929
0.1926619771956
0.228058026214361
0.107127608205212
1.17067939778772
1.13384733795274
0.20354167183099
0.0713142976149217
0.0689825011939858
0.224318318975285
0.304916633254808
0.396731291077335
0.127842902002446
0.197612839441432
0.315924269141415
0.386409528455923
0.195827711862031
0.150572672981304
0.798918784848387
0.824096343636079
1.23968735971244
6.02439022698683
2.16436816844592
1.0495752311511
0.301467069647249
0.307070301357369
0.544198246443907
0.816263607703762
0.30550347603312
0.475485834013149
0.492628026514962
0.912462143244264
2.30530580131764
0.542236349761376
0.176305616939555
0.0936994410939446
0.65805216197903
1.22285519241579
4.0839165367586
1.48536862867379
2.93780822098911
0.656538510293485
1.23840712563782
0.243731826479375
1.59020696874941
0.222784419566883
2.39742784858275
0.913988086245438
0.339220947540961
2.08114179796075
0.969214858921563
1.48521905338188
0.345649977654488
0.260447628088547
0.195587127909591
0.0841475114925232
0.0796361326456474
0.0310711416843085
0.31299590133342
0.162292487731851
0.182116169325504
0.199041065709848
0.151548267780553
0.0866558348805933
0.078839699528556
0.162822831861365
0.140779068910166
0.189216020641592
0.311384233810156
2.70003697939419
4.4095513148069
0.419443000430041
1.26311523231799
2.29264665481541
0.35770298236742
2.51223064977163
1.61543118027323
4.4982751318648
0.470771177286152
1.19678523746077
0.171731339680305
0.114112985252448
0.327299992702331
0.450813060849248
1.69280889707611
0.641193937443698
0.390679231133639
0.246288951089542
0.19082059308683
0.126120273009278
3.84748683684759
5.44033800812328
0.814743985829496
0.146300583763872
0.433366982246932
1.86842967772918
0.45342493005604
0.239032749764337
0.520439739691525
0.057785375858715
0.376536591786906
0.653426765726689
0.770317207548785
0.13495383635487
3.41406700769244
0.953084176686297
1.56263066415284
0.414172201234037
0.121343496999254
0.034592784659008
0.0356866148488643
0.0583962383569764
0.107602241272752
0.162838508058327
0.271610043978213
0.219872936037762
0.267100677548603
0.478343961602196
0.380802282926957
0.187657675873257
0.38665264693185
0.493953850763612
0.675635854483889
2.03396074704911
0.369357128170201
0.484085778575209
0.140132492229041
1.02643830640061
0.946689694733938
0.732342290347599
0.0396789515227406
0.103448408695732
0.198015086337991
0.247756393157475
0.346406375117608
0.587239869104988
0.268568631858585
0.803696554637405
0.695930800981549
0.617984711409603
1.35545434675175
0.639828602032705
0.424168262267884
0.277571270648451
3.42285690565186
4.45663519543269
0.868682445835956
1.39705863647848
1.6563130077034
0.738201806154884
0.370483537495448
0.0874313291767953
0.0963347873444637
0.460305292108521
0.126417715468607
0.106065261100383
0.250445611209088
0.358818183475131
0.644135865160891
0.179526017854116
0.21688173771938
0.0663527908477414
0.080248624669452
0.692414421488855
0.438634914555358
0.177335070328603
0.120787678441598
0.149210298734733
0.18113014369083
0.387673651828394
0.604501336776189
0.163697081835867
0.324386687681576
0.16721067028182
0.191832191734244
0.063083819169654
0.104903676841018
0.131004023334178
0.0887120867461707
0.167684082261267
0.395331404380156
0.410423731713056
0.17566280558605
0.992652806882814
0.254848300670387
0.420023039930595
0.404067795706865
0.121891887974376
0.273992897024954
0.255649454400286
0.316891288126889
0.444693131557267
0.311732328967889
0.233393254947588
0.317122724688239
0.124425944297187
0.378205567794204
0.471816815208909
0.479743900546202
0.114183548311653
0.20198273698403
0.406210560581489
0.176600502589038
0.213625630823861
0.102968446741621
0.271933772296059
0.380073693875106
0.159765897112181
0.0887439889520783
0.0707533130097761
0.305004638045727
1.03937912400789
0.485152402558747
0.117531469566411
0.289282549668462
0.766542368441751
0.511984576332326
0.472520097018538
0.146194377854254
0.217649195385288
0.592989268524258
0.32138212723173
0.192620559700197
0.104404438531288
0.672978956126335
0.67603839743896
0.425860841725008
0.455749008957552
0.642111007993201
0.480033120880186
0.261790790678597
0.297974023668866
0.157661370807426
0.103527172475407
0.195445319543254
0.411168906509654
0.272161453993684
0.153891457227066
0.319498092435343
0.334191915922209
0.568667893317914
0.55134128195801
0.763270922736291
1.91773422293996
2.55403810528751
0.81910352935869
0.266165397036575
0.414464402154868
0.508714952898919
0.968626349880035
2.05405271640181
1.74282840229292
2.15972079569831
0.20151915378583
0.486129457157468
0.202843669670613
0.271047791420472
0.164677471526152
0.230377814330623
0.255752278002414
0.101548477598104
0.203959949485763
0.382956864563644
0.316266323687958
0.290435024951524
0.150656984250714
0.291404299146937
0.425234180559716
0.201827925696364
0.138144573474653
0.348193524431398
0.45588481032416
0.254763711566982
0.0699846096493604
0.341691820013641
0.170273010838223
0.205059726991371
0.56555049951507
0.565292327349993
0.17798740326292
0.145130856799036
0.204166536400175
0.216316991026578
0.290363963160407
0.173883382948804
0.109725605889099
0.294799106981089
0.466393006021398
0.941743704434935
0.864768445783857
1.13623320568691
1.39397705982599
1.96346380624992
1.14318383720274
2.19244684150659
0.787561556728804
0.762702096743969
0.459842945314951
0.279682598264682
0.132841556782874
0.0806527088143406
0.389604982326381
0.119174044722409
0.11698487384304
0.267411888436761
0.29937329133322
0.317434357823057
0.144782230976599
0.328609272586617
0.446246809082228
0.497776994248833
0.403432338811719
0.184390623760243
0.177795595274186
0.469632782375556
0.17455969890218
0.166740714241358
0.110128550812704
0.201631008807005
0.872325447129366
0.285434373486114
0.229989864299512
0.161384487649245
0.223132434138137
0.630402073037724
0.538511676931191
0.787040291403711
0.592979333297693
0.180243426149279
0.838605725994745
1.12684634952892
0.28021802883207
0.50641717855927
0.453268831505471
0.157367608802146
0.204318426575922
0.389130750792397
0.210259048285842
0.239815317642118
0.347714580200978
0.450455149965474
0.464786315116384
0.192884429888819
0.400725565626526
0.322526877269609
0.348999912470274
0.0697973012330282
0.266371628329027
0.316912002812277
0.346003521395421
0.0692172724330436
0.20205593180453
0.212917278562256
0.350448828616685
0.641979035706522
0.358189830156064
0.103164374093276
0.151060411282417
0.227088938445763
0.108648760825783
0.477405623167585
0.444458998523728
0.256215527245397
0.451045801416162
0.32602016822834
0.116148448132046
0.0692317580204541
0.226199035698133
0.394965904023698
0.174382086929261
0.182287949091167
0.411260435410153
1.06037782411702
0.602005391375552
0.122565373878847
0.0524233997865088
0.225155323503684
0.912321234690588
0.892493511652906
0.280237691050922
0.0578130576121979
0.0910584668956905
0.140388737271878
0.19014191191397
0.183173123246715
0.143321802172383
0.0524735871193609
0.0777379960068665
0.186179547994834
0.665606029728261
0.638766834636837
0.225046747358378
0.190858542164322
0.662958334293063
0.311208587545959
0.177410946647209
0.860726122441859
0.603192885440212
0.133316068371754
0.0671745627867611
0.0826785063560152
0.595975506669162
0.618706285845076
0.125391379461216
0.458220469974183
0.451663882987339
0.117841440115419
0.19613667855932
0.373234777706049
0.703645387508914
1.19640666109189
1.52997069768532
1.10401406414293
0.456476283973448
0.272445354526313
0.144736186379696
0.989962432293788
1.64960853531813
0.727327496042462
0.408620192063926
0.0853245113302462
0.138449733686832
0.301756159183617
0.334307331580041
0.258121618853577
0.266059110270549
0.279756283694656
0.583557609722329
0.730464722475404
0.117401157818791
0.0729771656801738
0.210012096907175
1.18643835220646
0.894226801595311
0.15291794241864
0.140288222499174
0.346324931520956
0.451549930860935
0.344206795784563
0.613419768674829
0.249427409632503
0.160679242531772
0.149835423825934
0.0691067856904633
0.0673944317818104
0.634671527209806
1.16183176140211
0.459573711255728
0.0805125439320012
0.104262216417889
0.227053323010602
0.242022469847275
0.330860564548551
0.229853245249536
0.282771185672171
0.485509677739409
0.53375194223712
0.303800699510311
0.244649001088501
0.234810968242568
0.652720740065342
1.30188091758277
0.977979888965309
0.105060393200217
0.144754930285481
0.360596373512689
0.771865307227103
0.650082256175444
0.290467117882283
0.183009538292424
0.373113344543105
0.218439818829448
0.119947260344086
0.0923068685015391
0.256411845831381
0.376539263374272
0.84822653859073
0.758042936094187
0.226142387596319
0.195964870354074
1.02001350265884
0.992787653625331
0.30817041240218
0.406069380060147
0.394552281561952
0.418999197679245
0.29420457082489
0.155557892196337
0.298871968561754
0.219150006415508
0.120198771262895
0.18911655934646
0.217989174849549
0.2016514131803
0.312004992676121
0.988601105520694
1.46379424061138
1.8994527755802
2.23922795915519
1.99468906465136
0.794220606020055
0.748816044979154
0.219467570601617
0.142984382831114
0.170334691596561
0.18347423998629
0.276326430948412
0.303275158253107
0.26320006252372
0.125263156704518
0.212168831958897
0.529755227223324
0.145290050617538
0.249561042180552
0.28532407946484
0.182447454945654
0.95540739157352
0.659561550883608
0.315490916494483
0.220701574218302
0.26870535296458
0.27052366630945
0.349254604946932
0.231019416032799
0.130647185474314
0.136119632255304
0.228945039569318
0.189843111451007
0.159308524355731
0.26093280223915
0.346374791509557
0.755759117684761
0.411571636064386
0.17378726342968
0.133541885056504
0.18147175037658
0.711573783911465
0.474967762675513
0.175719483116156
0.229019680680829
0.309671898908882
0.378825476063945
1.43673519397347
1.41384436736217
1.22785991844003
0.39142909096407
0.349987457762896
0.852841144317225
1.1190903197823
0.125438042832392
0.242022930536449
0.184122842576491
0.243879904334707
0.123357261847191
0.170496324403903
0.121257313788376
0.246553815459975
0.449924737578573
0.214810054885707
0.123346020223839
0.211522871125658
0.431998186492261
0.677621651257922
0.316516461341688
0.302204513833951
0.25480125936545
0.18449193763702
0.405867178891585
0.132879142369451
0.163686411178776
0.16894109727035
0.112468850869502
0.295095517831899
0.62059088568823
2.84380525421259
2.38463586285403
0.831512310882294
0.208396639420303
18.0292173790441
25.5152755493531
0.671769088257183
0.5732008251044
0.387220907788793
0.315291436482594
0.772086511166414
0.79572158119163
0.487735348160658
0.702198964918608
0.937109026879443
0.525093126197737
0.964067321130127
1.37654643683452
0.244541762329766
0.189415427200481
0.193062474558399
0.216701735161559
0.331564988788509
0.413694495668049
0.376508549660764
0.208013695334712
0.075440160306553
0.188693540015546
0.396996220168031
1.82001748106526
1.29218856832092
0.2820009819161
0.260105028657188
0.192527529705382
0.117507551181995
0.140016238957994
0.412520507575183
0.282973796170586
0.180903230031463
0.412439641088849
0.52963872338151
0.549015369166332
0.52076624473253
0.23582666882529
0.107001593674049
0.212292203482566
0.188295987195878
0.950256199904946
1.73008797922297
2.46635461082735
0.442769243200509
0.381422595413426
0.486011528598875
0.715728200897561
0.23017807295426
0.319836695827822
0.564324425603522
0.555369731219092
0.599277079546228
0.110985778562261
0.123432416574527
0.0569553916249361
0.278530822889849
0.360831094590296
0.594558225244406
0.669963575316268
0.581122807268841
0.541164183824101
0.262574899695006
0.340882195974548
0.920959055357796
0.591029086461509
0.17618307623434
0.164213060490294
0.829822238492346
1.08314278644153
0.327972415091499
0.24314440948131
0.360559313045464
1.24397399461338
1.13098554271943
0.35227251629813
0.127654350398451
0.218176654139017
0.405252993868354
0.449113294657221
0.339113661929
0.250672625379066
0.560422906510049
0.823537243748643
0.674953993067214
0.502659521031949
0.70993006792929
0.460020002396164
0.382436796640968
0.396569582184851
0.252400103569891
0.605033105291659
0.471820236990176
0.319153292454131
0.280807349472377
0.415683842127515
0.457415242892477
0.648925572730543
0.450630374429
0.444103247081966
0.600877682408824
0.234898065577669
0.323353669024965
0.336329359151793
0.31738595327021
0.0713247742989347
1.07896774611422
1.18374013171175
0.216731725610843
0.324287644526521
0.303420716615915
0.521497324580937
1.36894058535897
1.46583911293766
0.527123828183524
0.284915217738957
2.65324047443581
2.5845649551016
0.392855511714104
0.396295662366045
0.189350349173884
0.0594795043818036
0.0749650173902042
0.711085826095025
1.09517002308492
0.301292248229609
0.120265985838345
0.10270839962999
0.46154200509356
1.10462461872526
1.37994819307957
2.48403804796168
2.97340262531468
0.495821706127585
1.05867534483267
0.981312243269674
0.468939192485495
0.654760758731139
0.364175063101348
0.307889383613316
0.584833701119233
0.373648453013662
0.362082961571796
0.234742683486952
0.678327917493636
0.489817422783921
0.268509129770715
0.641476962595718
0.535220600627698
0.688496304247105
1.57890130762706
0.790088332608991
0.426253019661473
0.553360891943627
1.69048608568764
2.88570290331773
0.757338445405259
0.265847232553503
0.281005998333151
0.340924061729518
0.336858987656713
0.0996810363610887
0.126182097174431
0.169242672728184
0.356136025574944
0.631840018720825
0.196477394133972
0.397950623915564
0.216230632765352
0.0974077333658933
0.172193166639197
0.0950320912889257
0.395330969762655
0.768120048513279
1.44599817855388
1.24353806890555
0.38078402178397
0.517158231590006
0.245542670091715
0.468724548453269
0.835175739928531
0.424119957698773
0.203757558855331
0.194599485105272
0.155854068485194
0.219204095932308
0.3552151516957
0.755601837162546
0.206787335624407
0.435249265778464
0.279506507886979
1.91596790300409
1.90018843747879
0.275977985310589
0.154369784114312
0.714777469651135
1.14061006984669
0.75871521986366
1.88560216050128
2.93110258568177
0.434040868729805
0.16247496478569
0.346669942410428
0.481980138706063
0.379761256867286
0.159462051866585
0.44739081657923
0.715809655943737
0.737696518261114
1.10715891522898
0.766770576029761
0.395845987962789
1.17751347532992
2.18768650020732
0.947947155748139
0.232208971339115
0.320966463329839
0.221699205886264
0.827185722895451
1.46903729221846
0.452757601534861
0.399024415165579
0.303979226726368
0.366329096551489
0.234777554223242
0.584942150135094
0.648689824696198
0.306473818447336
1.45033853664394
1.13291223346962
0.514897519741574
0.651090757751029
0.519170067247243
0.621635554804095
0.33235727377608
0.307618081184848
1.33958501152911
1.34738554126802
0.78427731945156
0.75878107148919
0.52724126057145
1.19454532939913
1.37088664349533
0.342341585158915
0.428240187724342
0.735916745234629
0.616447131567237
0.89665444331512
0.66852450739983
0.0756746982994728
0.457850683421321
0.567662400362199
0.587037755612283
0.755710487946425
1.87529782196962
6.03168685164106
3.33871163035102
4.37526287286229
1.5929669453405
0.456055893425067
0.657951703112854
0.803650614534825
0.604048704222667
0.307352299302431
0.310174437138391
0.222866172341521
0.121832077232684
0.121426079542741
0.540477688735458
0.912704992977699
0.379451435756245
0.429143771667551
0.324973330445226
0.309363840181152
0.266949245379436
0.486531036355538
0.519505705763907
0.520312807695711
0.569074071761134
0.974437447118037
1.42701968135292
0.993982519756855
0.210763544383357
0.526838913851816
0.898713605452309
0.693847150479689
0.284692007652121
0.391294140014318
0.947968735744904
1.03929326479482
0.346157084435475
0.144211531028077
0.23063277596921
0.173776083235703
0.153218976035148
0.432706333782776
0.384777364026035
0.243429932273639
0.465525833136448
0.816396303336676
1.75752944821688
1.18879456331677
0.118209116207438
0.446799769800539
0.598526867490268
0.681247044966216
0.640098436718071
0.498648970150113
0.460110418524107
1.50944735881686
1.74617532568465
0.517802126876416
1.53440070676237
1.32974079116091
0.674879647470768
0.483440097729
2.09016460528105
4.0198741129518
0.829303043042077
0.536239910925875
0.814450903351368
0.309288537474213
0.155790572789525
0.109097526063814
0.717600193240375
1.37321067581226
1.31509348178229
0.85736060095249
1.13185984534928
0.9174166131549
0.639862584485648
1.46136181561313
0.750378133075853
0.38332958352924
0.451000714288045
0.386866272956451
0.2796235166591
0.142773512601053
0.34089566159525
0.550231283868681
0.239365094773786
0.511328113498154
0.472837652086827
0.225684921361707
0.743981874500426
1.02789160684219
0.60571980731015
1.01117258597248
1.31146914258312
1.73648337533802
0.981549412752592
0.23171571075128
0.271558981708376
0.308051582773774
0.231807372507578
0.2939512205768
0.229053242915896
0.177404798024807
0.663144601273935
0.687798394963103
0.502354538818135
0.287663778007872
0.635074996033305
0.672133936466898
0.94640798933736
1.24897762761369
0.63790213157846
0.414009975648357
0.413291004527822
0.602701344262184
1.08245465671134
2.35212098510199
2.45277966176637
1.14355675712172
0.610678414800044
0.479755241643638
0.320286458991343
1.283586469524
0.512075644710155
0.194658925644157
0.217356394332408
1.46334176728665
2.6636246817472
2.1870060597239
1.11808886606282
0.322534334454177
0.52791393967957
0.682854523060983
0.607418178318366
0.288547380879996
0.176179709037118
0.250389069952419
0.267019557410731
0.286344056035227
0.729281889898842
1.04827694683631
0.889005149025129
2.73054469905413
1.23013016736715
1.56974339690516
0.287575274309624
0.195331467797463
0.225528245799094
0.88464851891485
1.02527065506291
0.932552864458688
1.00395805253791
0.564353755124345
0.343633426036998
0.369230823614883
0.340559811398024
0.40109777353166
0.252659732912809
0.874258056107936
1.43315285193316
0.60994412380694
0.451628629430982
0.50796301715009
0.506109174207866
0.797971509919819
1.43448156418922
0.771078132533207
0.416607096545449
0.251538425531117
0.197098992410213
0.30975765204207
0.279997342137677
0.241852640311495
0.572742177419496
1.12943700470743
1.14605020922884
0.389555712543437
0.502371472101521
0.420131918529255
0.942245823168272
0.51845816296309
0.573565174616107
0.685624233890166
0.421736293512869
0.211242948077806
0.226381253766682
0.178228976006292
0.206578929516157
0.325538427494013
0.277949926599596
0.446955434751009
1.17626961727823
1.4905770066402
0.786730768839144
0.936335334377251
2.10665875166076
0.533224709834133
1.35673526656329
1.26492690847457
0.0794620903339478
0.326272028694194
0.213032981611556
0.723061027569641
0.989234332683718
0.597043239850861
0.454011177898581
0.541029180149802
0.349982799572719
1.0532043125977
1.21904945305831
0.729611965979397
0.379087538243403
0.373992086634845
0.383223459595487
0.206751931580525
0.558850591439079
1.2486006673395
1.51243286051936
0.293246768587505
0.359249172995009
0.928600569597075
0.643607322404635
0.639571074561365
0.549633902238344
0.401637645609944
1.25115967075573
1.56759637472837
0.688206891387446
0.177552072902222
0.568393521864573
0.902445595736877
0.475821494984075
0.659472732470017
0.545536261067636
0.427184566267572
0.453028442648493
0.764847963180872
0.701919342957188
0.5332222268381
0.604385694324948
0.716052053911403
0.499100125817278
0.263839130887376
0.210724735399844
0.103836876769126
0.402292801814474
1.48992357293199
1.42167361612844
0.49892644320911
0.559649206708246
1.98190853329376
1.70257813953321
0.568204325689898
0.562610095937061
1.75866876228596
2.20028149101851
1.42898221072292
1.32007007755415
1.42362561692568
2.05853768389727
1.67815347070468
1.1139501816804
0.384327957314794
0.112979698194915
0.427027104916387
0.337847591027308
0.157907299635178
0.466122694273298
1.16524135873717
0.663160095473369
0.392512976857954
0.713698953497952
0.778621821750599
0.547634262766396
1.0061742254545
0.910526502317459
0.306051767353919
0.218514614380495
0.356845243794374
0.305942728473019
0.304053606190829
0.25193163118096
0.277630497587937
0.319970915017638
0.688985753558285
0.821312322177664
0.57994670011929
0.692175561901973
0.762116322540589
0.43064234961464
0.542280958377511
0.3826152482496
0.330872188772213
0.530909452832442
0.237168973156961
0.359950028519101
0.456175903890773
0.40897971121016
0.68474662330228
0.511109072591261
0.37149800374476
0.332592930501364
0.370828265258758
0.114613565310177
0.19253662187689
0.166743430831818
0.185398168647551
0.969055685974214
0.666225698006944
0.216970776724206
0.627073449655571
0.795637860288358
0.23990828543784
0.428000109495479
0.378415138648432
0.0817427933654134
0.155075461262855
0.490809277781241
0.437535343037216
0.557546743002782
0.4358380246367
0.331769320419225
0.334887736696307
0.542163536430029
0.395707514405076
0.770954826599912
0.747718783512467
0.900909629113453
0.359616675515357
0.160823362783828
0.235383278122249
1.03867168217951
0.757903572896078
0.456475931487062
0.646342766580706
0.833974001740242
0.928072884234423
0.765565982750207
0.652321745392291
0.772881579599265
0.29322688852888
0.347360209309181
0.309223693048663
0.291483684200345
0.30495487626136
0.275287092913866
0.161289359896944
0.232227039225731
0.83179449444135
0.656795479511746
0.67027102774921
0.953619931183514
3.05792344767483
5.3113154083107
1.41610006420756
1.41282717764195
2.12292226277431
1.39998012403387
0.901667725251674
0.212180100022006
0.428563991257428
0.371624116208995
0.369925425440395
0.483368062937989
0.597953719440766
0.290329152943638
0.576199276623664
1.26869620797764
3.27236116979924
3.43027739027178
1.03800974738129
1.65664163299501
1.21625527591208
0.524673423500413
0.823121241586044
0.668143503480511
0.657736719768049
0.288371647232807
0.373263743552014
0.717158779909966
0.68632864579316
0.601046224718958
0.390657219008479
0.0666638855850625
0.212359136408986
0.463731703436965
0.58837525478611
0.980015779509488
0.984984229684397
0.546759021846223
1.51127622609244
2.84711083662496
1.7820845427748
0.573768546946108
2.09477226103362
2.3476374819698
6.08712550040345
7.29882536893666
2.95107192343802
2.42172474352376
60.6379094537104
36.2688765833586
5.89555151208708
13.0772143129632
31.6982658144344
30.6166189649222
28.5029373008228
2.10491528654092
0.526697148036528
0.289056530647635
0.567006304460556
0.168029939866355
0.166411765366865
0.0996975629037502
0.127127325856994
1.04629789590384
5.07989955817297
2.31419153781551
0.769949579179946
3.50405505006281
0.474021449220065
4.71796342036638
9.85378516193115
1.08168301254957
0.327904874799875
0.36455902789671
1.53698828313066
2.53474348274103
1.76918713750613
1.04502251422508
0.526667326728731
0.211039604050496
6.42199668152378
10.9974137859168
8.25637795451854
1.49352315390674
0.975112261303673
5.34159132907756
11.6646899530195
4.29763538951617
3.29520289029723
9.09559017617415
5.35494066348609
0.435346794002665
2.45582130245379
7.89011909707006
1.69204369102014
0.152210495932611
0.156130571932387
2.39112543741851
2.44418466687975
0.580377539330081
4.69592816022136
3.28643312432604
1.99333107684732
2.74901174826086
2.14983645530345
0.28369020983945
5.20949622964754
2.00180907419289
1.08741170988929
3.42999670811326
2.59243939461284
3.74693992069768
1.91368981023038
0.50129828518816
1.12074103320577
1.22969902656534
0.731399060161761
0.800207251284296
2.47641416814218
5.57130211003696
2.20161598587517
0.415362601915529
2.32830770606529
1.59017266039777
0.296787615264949
0.561878052174527
3.00751400695636
0.363212672829775
4.68885678808133
11.756742402812
1.52363426367583
1.39155125760573
0.608224097514757
2.03519214191736
5.55651715463625
0.387224843372659
0.628330446394615
0.983247602875107
0.498337205389686
0.194934680063079
1.27332422274903
2.34553800780816
0.694807541217842
0.235960559920412
1.40777493237002
3.01720930915431
0.548991873105868
0.833102411517548
0.134538959162261
0.434314246255972
1.05832612203687
0.114317676108172
0.187081406599535
0.0649699091875937
0.555730508588564
0.557174648280395
0.49264131118382
0.491947443519547
2.36570031699577
2.61125021047557
0.155702004345766
0.152864538866084
0.237066747087674
1.26943199847909
0.459618803693856
0.584768206794259
3.08211802963911
1.15344088458227
0.186418969449191
0.611657188852314
1.00215766712169
2.8458943972948
3.63245538837847
0.361540824065568
0.565564494367825
1.31794571576305
3.55223248800389
4.22035420410129
2.40078357915278
0.207812503193857
0.455589397289879
4.57013843473739
4.62711211059065
0.223693544055064
0.213496065697476
0.164594120682302
0.22513453519538
0.446739319554907
0.320590661089313
2.19427423741829
1.81861566450986
1.11241512449668
0.104252895785372
0.200618674502577
0.127009398572759
0.309543372243383
0.0936546206568596
0.293724982672129
0.142656967205831
0.370018813239921
0.204838692640655
0.117180367118745
1.22733604231963
2.93497545259032
2.76327968230597
4.2579996595207
1.10956906485948
0.981086961428152
1.35748434072839
1.40157598925485
0.40411270449108
4.7939068776506
5.84470543057663
0.140434410535795
0.110869934872686
0.217864864250281
0.0846667601025048
0.662486095321561
1.54761383465392
0.262790566277581
0.353172773967376
0.301324038441295
0.243151029670362
0.384041280514458
0.134374591412541
2.19584002291415
3.72900179378568
0.242878509476019
0.0947652657893133
0.454622464403547
5.68839694542598
7.85444657571511
0.489407264930401
0.0710830126180679
0.840983555410657
0.428693701121213
0.185230649580154
0.0985584332616452
0.0502174721974335
0.199143210077693
0.180420753715305
0.120761382333798
0.121493854479181
0.122915677388347
1.7937485479493
2.62592749194657
0.984504767496337
0.558180859600697
0.58279460493322
1.96917074052825
0.252848861447709
0.181963903506201
0.112908551863466
0.07525384509428
0.258377977653315
0.373104464243363
0.710773940700558
0.170866530977933
0.309693804120821
0.450637514462757
0.0305661715940471
0.188427692771091
0.111676532658454
0.328147770630883
980.617875010581
4603.65748199938
2134.17026955161
4.47443225133612
3.08538531022509
9.63766258474987
1.83729634923402
0.47958938627882
0.132603586814854
0.192717059214827
0.233550828440909
0.113915574708712
0.241572558348895
0.658450229218819
2.784410768733
5.05694553911905
0.723939444073196
2.35314167545668
0.098527746560077
0.275394278776276
0.0706917251060631
0.103310084451001
0.131347213788517
0.579346217213904
0.269386318518495
0.097141547102065
0.121187907089701
0.293395217725076
3.57704321628576
6.31196803039436
0.862454527103634
0.095136123240078
0.239408999230305
0.214153569657068
0.132662238522217
0.290098976981377
0.0957223049865123
0.246619982821269
0.557088110922444
0.254829779132076
0.567740487060534
1.30736953544533
1.0393131399773
0.510775821291644
1.0395961752463
0.324297626596968
0.161555583022929
0.162268158721177
0.334542554616355
1.40548435705959
0.948492049419326
0.961096711526594
0.327020159339395
0.117328680524101
0.104081491571301
0.381256517192457
3.18617037570541
0.739142059938809
3.20756908823307
0.710425347981332
1.41590024534367
0.520198979253974
1.89164568658817
8.75072023718271
2.02326547496749
2.47276981524779
2.6385069347526
0.856345106832653
0.478672325503573
0.813047281449593
5.39475746745344
5.72311310832825
0.0933019482025767
0.421063891157293
2.10541057391874
1.30546117397038
0.446171085326139
0.32412545161248
0.390498079142444
1.43826461897726
0.560610426881642
0.63215836694638
0.472942794756868
1.46806414991887
0.797415044868447
0.155162693820387
0.136552921093711
0.127224219621733
0.497949608289857
0.581234006078207
0.438429551597281
0.234845880586155
0.11101508782546
0.176154338928888
0.196509123103701
0.388316850343493
0.289793712243856
0.0415064238358731
0.106839983305409
0.0689264003867179
0.312163676593681
0.429756246722383
0.368859000493354
0.330468589587765
0.360073104836115
0.62203427723503
0.0749982892360442
0.246586935655948
0.344481132501241
0.434976598838554
0.161936454557701
0.391888590271809
0.164114906193787
0.209855720146708
0.145097699823359
0.136809286437142
0.248346940247128
0.363312254254087
0.176676595217416
0.399525702640846
0.249968096910401
0.140612952564348
0.100674356169217
0.29558377070758
0.634301942381397
0.141783681029233
0.121737001154396
0.141977181440377
0.126218380290901
0.446051296784718
0.406087831021223
0.241086715506779
0.226191428251026
0.164663891038016
0.0419237814506094
0.240855754766199
0.395879444811454
0.447355522851852
0.349045451678862
0.385756786358641
0.133199241877742
0.070862630668836
0.224220075169006
0.716609210868025
0.34779667479833
0.0853622460958462
0.0979144500221866
0.118499075304348
0.786851289563922
0.443411791017549
0.321196070245752
0.267041443205373
0.236404256607199
0.219771313941361
0.145027485782652
0.358736083271769
0.102469528380169
0.160282237880413
0.208547940028163
0.161019443047978
0.140072239076391
0.120196845469698
0.155275710938705
0.152150424543215
0.324144596491789
0.264642141494533
0.0886765203733666
0.125484218557917
0.335845293929427
0.156802561247867
0.277686010971033
0.253838855409095
0.138255350067695
0.152154849680937
0.253776695181513
0.204361183881285
0.289061578994946
1.4214246417191
1.51429200245833
0.276965430532087
0.272177316202021
0.129833124232008
0.213499942066245
0.129664633044956
0.124530787431497
0.204345076057515
0.175666601012322
0.331805510228662
0.211374014900104
0.176330651702678
0.242133667767
0.270165785153061
1.00007392723921
0.141856026413214
0.131906586762183
0.142441751048581
0.164222195102841
0.114904550247718
0.124719446459843
0.191605961008555
0.208842071019748
0.210504045337542
0.409432810867632
0.323631535137088
0.45824930514556
0.2382374819593
0.121213654627122
0.832473644090815
0.558713641950189
0.274855340186937
0.363485329563871
0.597027703734945
0.683760003248908
0.392465443734787
0.601148411456496
0.250041595473587
0.323481383817427
0.411389212115503
0.110025627870741
0.204047129491502
0.318365229545128
0.4787102903346
3.95524456744822
5.61140846224817
2.1242804331383
4.51224101906107
1.27942404591709
1.26234833344708
0.255393857831005
0.513953198051179
0.083013340466227
0.188286354902533
0.164306800400912
0.363819289994955
0.301445772757304
0.238636705654686
0.192281583623186
1.72336764389193
0.397225625839781
0.452629586813424
0.0331000645444428
0.158175892366432
0.0505291280866168
2.14438989848653
1.19349118050773
2.46232500661842
1.24402144036203
1.92959946954067
1.51984162530918
0.485366413875931
0.546681656503539
0.166099625924933
0.185243544531904
0.555251039304568
0.123357790433809
0.354778260805258
0.428840911408457
2.75172171525443
0.499086739292912
0.15143241223506
0.134276724795544
0.457158944822206
0.518216676891438
0.0750244979795441
0.222688939158765
0.327575016036644
1.90884563875782
1.36779466439997
0.186520918166241
0.0843613805660579
0.194681921635768
0.782680305726372
3.66795991536351
3.67374476697402
0.448286977311903
0.744106625181922
3.05565882351775
2.39109991118694
0.14554172234575
0.0714733144820795
0.0392333103927221
0.530964814845857
0.21346588863707
0.305645059635401
0.156969898727429
0.219441713482041
0.522336930218131
0.306600347466506
0.44916674141734
0.261824116098164
0.433995567923204
0.431090802350583
0.174387450967294
0.259040252586884
0.223064285182662
0.408084362734555
0.542471532807582
0.136577470307067
0.220363320801659
0.272989660893497
0.290529274125919
0.630664771292046
0.515985631849003
0.454685083794187
0.839302245922749
0.133995177254646
0.410786487465454
0.504786763768725
0.217883205143819
0.182056905983471
0.237960627479384
0.560774766077477
0.420000313479694
0.116479943822615
0.183907408933411
0.381818791018348
0.312373071843548
0.159351869931618
0.0429824237065802
0.180353460255174
0.193284858909032
0.114981114333336
0.186198476097571
0.261467170471184
0.195350033968416
0.83179656639411
0.797651908588833
0.224282514438652
0.264919397691716
0.167221928314772
0.42089341544008
0.968605727187789
0.379825316456688
0.171993583188973
0.0919884602723475
0.172131629562389
1.21309010895847
0.525767812130009
0.16625683368031
0.324581129144292
0.387572409041487
0.35554313037695
0.115160587655603
0.204895194477108
0.182129125264719
0.208230493823878
0.136167880518869
0.291441563811479
0.452301451768864
0.155993987483334
0.160282444029841
0.236429810673412
0.674263733191077
0.427855245276553
0.213005241000598
0.218410128512221
0.604212149724208
1.17987789156331
0.297755899994268
0.201623266163737
0.142014792353889
0.158497022151974
1.83976935696321
0.829263083332631
0.588886219885532
0.18241904511703
0.213738342522806
0.478371939489967
0.53280087001941
0.217227607775824
0.303190601619572
0.422290095199601
0.311538370857745
0.186562141227885
0.237613363501347
0.140280099334925
0.568822149273933
0.431149466467486
0.394333300971139
0.370372067977499
1.72590535789789
7.80753387049445
4.36855010609027
0.496576647494768
0.188423765530289
0.55663552550247
0.203608073153752
0.507168361734176
2.8335230384917
0.802244298549021
0.750384547876515
0.365001077278853
1.78663174593473
0.561987333069087
0.178201765004609
0.169005395718092
0.166473688576507
0.421212153344421
0.2542809106753
0.413277232486243
0.307367933103126
0.105773739504334
0.433406586849602
0.385756248974327
0.319121279121659
4.44230159911367
6.16343361560368
4.14113632750394
0.776416683652103
2.27681050459738
0.24860723986597
0.320481461290454
1.64382345140628
0.796050405711258
0.158751620269531
0.209134684558926
0.187866909218084
0.247854588012216
0.851022495048077
0.365122360343431
0.15764335681237
0.377308087055851
0.413030567356348
0.221981556817315
1.01332577153959
0.376477626706611
0.166853999662405
0.163916511881909
0.127735987787954
1.8993855033079
3.01426064948127
2.44491088869356
4.17837521748014
1.52454638318611
0.409111468264119
0.256596252443395
0.187066477690028
0.618047908661132
0.389307753145686
0.225059346628863
0.239438343271178
0.195092566678387
0.169795429082252
0.1198433058018
0.15547424554121
0.160740351491235
0.149560531812888
0.175759697403151
0.298463361428748
0.741782183152264
0.529095494033705
1.75462673718031
0.274589465874762
0.432404216789535
0.0936754705298113
0.111671462434602
0.141906222910624
0.174063003930313
0.565627247949691
0.495109770831677
0.291941134570725
0.402790963868949
0.698072296263807
0.446135097860033
1.00534923205836
1.0903679291506
0.24321916824487
0.221090650742771
0.254614653483719
0.202614172396447
0.43359590936192
0.811840257118802
0.3784484367354
0.128833819938375
0.0741395123934449
0.123410439380403
0.110166264754359
0.131231512103589
0.795951397354949
1.81069022813939
0.462252246487783
0.584528958951381
0.107696528539393
0.284510759720358
0.209556103962819
0.471519891690952
0.165467807761562
0.0927426139684361
0.0820857323441259
0.152420050942871
0.454690835827468
0.802190153570787
0.237966717967443
0.122227592466101
0.139810584878241
0.301083154685649
0.150130134769049
0.289575161941749
0.554458108230172
0.794076190516552
0.156328127365228
0.738978385432242
0.770266605512891
0.806415843889181
0.475218929073071
0.19535480357288
0.217632525141394
0.356616676159771
0.64375258905967
0.225279647684065
0.157023256319323
0.0677855267598793
0.218931385801668
1.06617087905446
0.373306961390913
0.219513202958155
0.250203029360802
0.654075075458319
0.642400386759779
0.445260367033382
0.420759330833026
0.202598769653289
0.250899562020637
0.127755734240917
0.0877297407261912
0.513153771572523
0.72747857358138
0.204664254873029
0.310453873904515
0.239806325467309
0.140783803759967
0.162966984593317
0.213368470784518
0.330311031427516
0.205253754633855
0.0729964154320642
0.117139740274045
0.324365888008827
0.445582561183223
0.137497266802942
0.101436728990832
0.153940359793751
0.498699140109656
0.350099956892151
0.147759665986033
0.14307358466427
0.134833599223204
0.14051343141794
0.135394117867473
0.265804738155835
0.470562269234779
0.227450821034935
0.350198261676827
0.287338320988814
0.238232207176102
0.25928965616918
0.125320513997181
0.18577294162384
0.218024971027535
0.193740303344781
0.143948838208569
0.190505198050551
0.319666744959149
0.479454540745518
0.263447190290529
0.223515439803985
0.528141937360743
0.263784631837505
0.428067947072346
0.157092609098806
0.185401698008712
0.0963307786455231
0.207592736206419
0.662535955786544
0.194336839580554
0.0773896193761745
0.111330807146075
0.140264838719898
0.417863974993604
0.179426903653633
0.116917165894218
0.104319552254272
0.106997450914907
0.180262872372272
0.536122632104433
0.424270715125659
0.0898046235444566
0.13459141101457
0.817304523025906
0.791134862646846
0.201772416554635
0.293766240863593
0.322178641961327
0.254256897701034
0.426765179155567
0.385498371850821
0.435280776823675
0.35346030857995
0.551628375916802
1.03241217855925
0.359853796241638
0.529115095575907
1.08748379359728
0.391155147771477
0.747356218708157
0.599067039598702
0.120170796524456
0.165350252951485
0.264482199876334
0.27620869377522
0.27797970375538
0.305920637891984
0.552571487949707
0.159347848574083
0.528550738340018
0.133617608990417
0.358905603327678
0.634048582290735
0.432000804417217
0.944550887954981
1.06223919914909
0.167753023781595
0.138431422096856
0.188338508380799
0.238019844094284
0.356136222297232
0.225181398755714
0.11370952674421
0.647558241396992
0.571549138217739
0.601282366219114
0.345822990032175
0.41124587042921
0.52071848973702
0.205204550252942
0.278791551070316
0.307659598319013
0.257070731526177
0.5241909529088
0.717226310474753
0.249364018354941
0.133922195829113
0.0851793141285643
0.161849057080421
0.433577339291124
0.130946214582134
0.260977546322198
0.181453937705109
0.269325273428081
0.698147610960796
0.387426475265704
0.180039046165279
0.350264491552171
0.396256371191411
0.250777565017726
0.165938770830804
0.237721898676401
0.382360622099998
0.272623810970647
0.235879881380914
0.192158931460393
0.214332215085478
0.0948963734292544
0.115706230274377
0.167768214914127
0.326856141659153
0.685406416932391
0.315967267453081
0.141383778216283
0.486985906266845
0.490924042777307
0.195769204543013
0.374414392485403
0.135865344495277
0.151059189503297
0.242145248651576
0.189311858127937
0.188097270098534
0.49457894236427
0.889482100505172
0.202012728432407
0.125307093243446
0.105570084399204
0.20610236604489
1.29351496679193
1.3775372379126
0.631105454561866
0.249624552946626
0.443086150830127
0.525306644520415
0.802651974957543
0.623023445983389
0.347915548313987
0.111254885840261
0.131733368426692
0.345904213501074
0.58986278793622
0.236936580447587
0.100826471176394
0.293653537633564
0.428658133030156
0.116741642755275
0.586301676070955
0.621438669837912
0.38295136321921
0.220589071821623
0.214955487261916
0.288682338582965
1.20084419549403
1.06840068821333
1.11379924882615
0.938847129722468
0.227481439308814
0.185695472951022
0.171251763966753
0.204025580135595
0.620265388754051
0.561381469466402
0.344310664842578
0.402355015609095
0.837121342095291
0.510923303816999
0.272321940218492
0.0679824816507425
0.237556743327372
0.579243519876372
0.423163672407544
0.333763743732521
0.417612731244049
0.322395341821724
0.334091992978055
0.712010844850141
0.597322560568813
0.250414555586707
0.218938713931288
0.19065124073622
0.371748985689912
0.120190049915781
0.058017785779334
0.253923527043974
0.694560083589839
1.8514940553459
0.261413341497209
0.156270981625958
0.129473726473356
0.0443458637840925
0.165918826377903
0.171638038414254
0.260064820067153
0.624441595404154
0.494543804015614
0.921525551567865
3.04950814173241
1.67195631825593
0.161619455408463
1.29987921618354
0.7189307560112
0.4816130592271
0.428058839571528
0.301461963209854
0.4325137795149
0.255411371730092
0.267093486154161
0.168912211792512
0.228587540706597
0.160895581778026
0.0937477384109251
0.130145609567515
0.141796996750969
0.124665923936111
0.286784372617241
0.481981657081448
0.505085467588277
0.475170018273698
0.256435397097549
0.0816323212600679
0.135916501081207
0.466044629409406
0.56697672126337
0.139314799810157
0.269607205632097
0.642407519355066
0.742435115262727
0.401781224070406
0.557574755659614
0.551857296621654
0.296017363582473
0.806626263779565
0.401597017874842
0.301436554958265
0.389414632392939
1.20385805397179
1.43764089027324
0.715366824701818
0.399602055727109
0.36819359340465
1.22633228968953
0.717411024912978
0.237919198473428
0.199999026336799
0.127287220180915
0.314286914257358
0.884245151063329
0.306743807348592
0.26886112002439
0.166250055795723
0.178320876349499
0.701047037741871
0.234401760952375
0.96101698152112
1.07665223874462
0.189023746644928
0.26327768118037
0.298101517418192
0.176706882411396
0.19796443411455
0.17523436830923
0.208093103688475
0.689760466427298
0.448692816511668
0.184987721905638
0.118907637663257
0.195931037452084
0.394750140163512
0.264098430528085
0.213984352760858
0.271123567166661
1.11727732111345
1.59721364937991
0.620285071772858
0.666149917976214
0.635394379875042
0.392987003479135
0.19035817663529
0.232221850200457
0.218221682389028
0.142055280800727
0.530363640041941
1.19088738651254
1.31876737959196
1.07746273650102
0.114548751023112
0.23072647621372
0.423347799924078
0.274635363877166
0.329166680196324
0.37382202998515
0.401535596413547
0.618532725847089
0.524980151836332
0.243436400446866
0.632268249948551
0.565201127913218
0.357521842353651
0.313081709571098
0.127326926033668
1.3456847855996
1.96407626779331
0.837363925081452
0.334606331708006
0.393312283733163
0.204129926540703
0.17488264386963
0.368765997318307
0.346009768135277
0.411362192166954
0.447455277264353
0.446140974355695
0.235567886915391
0.268733067218294
0.240540031478164
0.283384459521428
0.441817535261272
0.52598170338345
0.78172429934612
0.916043610663625
0.761105475612494
0.279524067967899
0.207030842956728
0.398245021272648
2.54291200570117
2.45155181058073
0.449706322134229
0.0955596385051775
0.247845554556956
0.503411544042786
0.393439036111656
0.455614595111587
0.364047573108353
0.264205128484584
0.870297582205498
0.957975986829826
0.649878083270258
0.767963512542655
0.251413876994084
1.69954042100857
5.48310182137889
1.42964821061643
1.65421501292768
0.38165456875214
0.475073843952864
0.595604096660326
3.00742730281155
2.10145375654793
0.159191291648872
1.33546337341212
1.81706532287038
0.578134712373651
2.60455688915284
1.71390542030194
1.32401018677807
2.13917138302261
1.77283575066172
4.28540265258481
2.12459534619518
0.209726973066724
0.179818001864701
0.308371336716411
0.321033920328646
0.397015044412113
1.08740224544752
0.654802300125604
1.42207019009292
0.661661249739626
0.797844423196192
0.542539352918995
0.857400263332437
0.539947539016412
0.323607922190587
0.128405352391719
0.146690893056511
0.143569501864715
0.972842336100123
1.16490960435631
0.252706657159818
0.570560162976996
0.336755121085552
0.178326228375633
0.169632422338978
0.199688269620543
0.387430868237616
0.522724966611181
0.304736431772268
0.343431678498707
0.535637581135959
0.782749074631311
0.73325220304666
0.420429838234056
0.332236148023386
0.399443539601335
0.388193272269669
1.41689139141486
0.722423530744401
0.181742119451635
0.122867404488906
0.112087470862947
0.165574782174575
0.238793187577207
0.412808163172991
0.524812886844054
1.45824313592811
2.14133949820636
0.471633292157618
0.500138311749421
0.284867508049197
0.154856318716581
0.185328059866161
0.208777636946504
0.214919769861621
0.223252656389509
0.615042390758155
0.849737276228735
0.449204477116603
0.315135572717979
0.438679061271075
0.149530839228512
0.171430891589904
0.550751560591896
0.585620420312007
0.178410006349495
0.106456368124234
0.0981441149018267
0.118836239577869
0.39662547399134
1.56725716357694
1.29040865461611
0.921998269585693
0.605899581900361
0.633128351645857
0.1751074201853
0.325194656402544
0.410936291403724
0.523676874390616
0.503038435817577
0.229466363271048
0.244529278414414
0.652495742536441
0.898215908936241
0.508668776581083
0.3382974146106
0.257518040030231
1.19987858880837
0.517578976079922
0.194565646887868
2.52334602311335
3.64402021846652
1.1022849375474
1.20759638653038
0.451095317687205
0.182958643521956
0.396495479709807
0.274326637046702
0.432892703859016
0.272168421646257
0.855173541928974
2.0772731349858
1.6376897728678
0.717428725266903
1.05059321444391
1.1389968256393
3.78407486538519
4.70007295825481
1.98347242474848
2.81867955172762
0.289460527641095
0.737555989838643
1.86755948098767
0.411340902023939
0.267825485118801
0.287248419732504
0.483973936355369
0.567625307356909
0.994229739817341
0.549286283743286
0.78071739341714
0.473436861716982
0.3938160224534
0.180099382327721
0.505924476535438
2.63652313913459
2.18021082435418
0.427294668177991
0.277193317860879
0.188686227615727
0.462910595294464
0.446348120061157
0.632649941022707
0.640828720678323
0.297502816273419
0.245497179155916
0.690000437595841
0.351841178915498
0.488492203639201
0.709342005115092
0.749779339885581
0.733909521736128
0.76760586958809
0.515700916221575
0.728103526636307
1.55118583407673
1.5779856738785
1.64438514921682
0.983160501866612
0.416217093479822
0.213180439283365
0.203358793390878
0.660477306503803
1.16268672939739
2.36340318061987
0.522056261656024
0.195664160403109
0.515959961610298
1.0492713934948
2.03214370559262
2.17597738347082
2.45990844836903
1.44525404003009
0.266606898520861
0.15816322646089
0.144853316833669
0.297523950383333
0.713488317962399
1.20054334013922
0.814766674908621
0.32904646355171
0.437851061236348
0.433053600402822
0.914603566911613
0.893081345389356
0.24266575361064
0.165575157406401
0.197010519136935
0.597890448623486
0.417423633168927
0.356294391051187
0.248043687806047
0.154114782894891
0.168205602315444
1.49034428095778
0.842729153535966
0.691566908556472
3.76398606152471
2.91714515938985
0.733818462103826
1.18388267008199
0.555842166186243
0.835437627249278
1.01140757254278
1.45999863418094
2.50979667620061
0.906171249066315
1.32198217046212
0.285911349397728
0.145597085698894
0.253849063417584
0.396324841665731
0.205257479907732
0.563204637722107
0.847253854407525
0.535944823142633
0.37324398067203
0.798904750534854
1.12018808448176
0.684388183016845
2.20694117589447
2.00315104009222
0.194213244176557
0.111336171591168
0.286347126505782
0.97356423825656
0.554727538110451
0.185595484779268
0.687268070821973
0.979792737272307
2.04951978934604
0.846527879477589
0.499300163479487
0.316310593451882
0.222324307723854
2.66672166389306
2.51963670463326
1.67487576989618
2.47481392176954
1.28398174183307
0.713236540349846
0.483266497365894
0.430001293499099
0.794577254732403
1.18219593832365
0.556177229468494
0.313568406461588
0.097205006357371
0.139691640345883
0.452081070171022
0.815229076665576
0.547600811429325
0.470682034047881
1.56619639318795
1.63453417086294
0.549709493514621
0.650065660413591
0.244091677092675
0.408495751517683
1.09412826377885
0.286371715694624
0.170758025161409
0.144576227276827
0.60383349778565
0.58885241105158
1.59957000728358
0.565499914694574
0.205592001197747
0.757854837581704
1.84517420956577
1.48978245438153
0.391639414336759
0.412847817051147
0.320066746710965
1.83508816832062
0.434418902612444
0.875312269373374
0.405708711506738
0.267802373968289
2.69559934165368
3.62618396388441
0.579610324190327
0.506612036439152
0.322936329166166
0.489779771266374
0.671608016177906
0.470948979716601
0.229399337844961
0.160619321889254
0.928038298888636
1.80494115589384
1.17774711859258
1.02746037598382
0.624415476383655
1.49591880923571
2.08690031073638
2.47754840882036
0.319188384399554
0.200752175052713
0.624293821264121
0.868272951233935
1.60931035856535
3.23389678187767
0.513077157670473
1.52484808610058
1.77230586163702
0.525053204833832
0.283373666476054
0.295957686709071
0.354712976615541
0.125270928143168
0.220797378662969
0.439870598592516
0.344899741461973
2.23024171089011
1.20574121039572
2.00438004427941
3.77310241684785
1.83363679454895
0.585188142655944
0.460956078756621
0.448793891540571
0.613954237528752
0.529415690155069
0.459459694208268
0.572727563933332
0.669872474792159
0.412029003530719
2.38590667465439
3.20223863507972
2.62180709316859
2.64352813223796
0.307831941444611
0.409999667210894
0.629079906858384
0.353792661982662
0.445465630426979
1.01471593809321
0.507620106896695
0.657641698911486
0.792678892486035
0.358211117996655
0.357381807341908
0.31159121048812
0.660977112700263
0.586235973741514
0.195874507865897
0.14414034981556
0.173410840751424
0.184620098484783
0.218356473130324
0.454607325136428
0.226467197998783
0.097043519638125
0.502924309982092
1.90425189604403
1.50398606100468
0.306783213412555
0.38831700983215
0.243182240173912
1.04065044698197
1.9413651777795
1.20479143363007
0.88093794080957
0.197109378549494
0.238242802413031
1.75491967471292
1.32454659651324
0.949972431759707
1.59630901978656
0.990834260588818
0.432622746111245
0.37186957149123
0.238586964461679
0.325973513724793
0.249098215565959
0.132682448744498
0.314512201281014
0.410400208158118
0.873375630738321
0.695948594879613
0.530886030862631
1.23125970000966
1.64249375277338
1.47908327446107
2.66394591796263
2.70517651936231
0.907597912238798
0.490597205984454
0.220498468149339
0.238714789140179
0.202864779974289
0.421619621093278
0.216716321387098
0.575007230932643
1.00551616564575
1.10119433287715
0.240069560971692
0.302329126449036
0.448909620918271
0.739466300606583
1.40561018488498
1.00619755131709
1.29982012136476
0.618977356743464
0.263714550081441
0.551261457407642
0.633201211361627
0.661683279163286
0.182253192714536
0.281884208718903
2.23643692930655
2.13606295381928
1.92810975482687
3.59713070634891
2.06170183630451
0.727187657815728
0.521719339316911
1.16236165355043
0.577666658149722
0.584626162045801
0.494724511913177
1.12061521449324
0.419206679821875
0.717880803212425
0.409393605437081
0.289980468620893
0.868020494375868
0.714246514005921
0.55118316606504
0.586471973908886
2.12795892767798
1.03548446148844
1.17934170409995
1.2300114451262
0.894261619252313
0.855392073364464
0.255362974698575
0.250093220652519
0.616325334988812
1.86246423515367
1.83436694167555
0.188089809268304
0.188912551657561
0.818352104215819
1.41611659969795
1.78659501154484
1.52396401755269
1.19401268417879
0.346548260648791
0.388069286423793
0.253112394370092
0.590127150595392
1.05206382796549
1.19897482026994
1.04020398162879
0.749565739346383
0.698131670570691
0.263703737382156
0.948315321528596
0.997654207319497
0.326159569641255
0.526751577101259
0.202039951243377
0.257419161564873
0.892377936272407
0.604921669318212
0.221397455210422
0.2026226303091
0.422093758522258
0.503639678625564
0.740437164841276
1.28614457495842
0.977196480236297
0.361523414783155
0.391105343543686
0.743183965584629
1.32751400955268
1.07965365342232
0.481605208654179
0.290473075344988
0.75653059663798
1.17470651818246
0.262983811945184
0.710432801396907
0.425061125224933
0.51880434063303
0.2575777457718
0.525532009962433
0.342357295531715
0.57032108100823
0.73518634964386
0.54921654682231
2.72133040591177
2.26463771649138
0.211649764705841
0.651262239710854
0.54104220865127
0.143378027377308
0.720601875119346
0.566728964930944
0.622423797694692
0.338040601520462
0.22250185512937
0.777432843472982
0.474678703833679
0.211538235914866
0.535940979257026
1.25994132317946
1.77315598741854
1.71152849452889
0.389719309441602
0.666294353666527
0.312174261646507
0.837164612433567
0.14694844630792
0.581166347899125
0.584828331542384
0.626226508174224
0.640300929576668
1.06984164156097
1.34924457159262
0.292486231608167
1.64672776759141
1.35419466444669
1.653700681577
0.414431886718502
1.50207987636996
0.772220058473154
1.00233886251215
1.49507371906261
1.3765604965762
1.30692237196199
0.550137492515578
1.45016202477128
1.44943242111836
0.406428795025643
0.393648123993514
0.806198217261112
0.894401501534604
0.327257858453259
0.759864608275987
0.955429069483224
0.534975295886783
0.623425339476172
0.240639732604591
0.466847313760659
0.854039706358589
0.829515872129514
0.579222958011575
2.79944812439593
3.4137023745042
0.414869723536493
0.30132478386615
0.362619733913879
3.22934815777909
2.44125211385522
0.205961722586431
0.311516296973855
0.625510415626393
1.21776174373348
1.72784680665271
0.806414060114915
0.558772798355148
0.271873082671446
1.05009913720738
1.57660122876734
0.884675746681006
0.439142700579611
0.431435824212528
1.07239784994297
0.464059867952825
0.940297678795576
0.676346000360947
0.613923249164989
0.959076445295065
0.496887603171618
2.62953782818456
0.565221657939418
1.06985104912312
0.487832128104645
0.979116448327939
1.12623892834761
1.11326853046614
0.277318043539608
0.320936372530608
1.73164795349007
1.87702589435103
1.6693204380881
2.3805475420679
0.823313695398384
0.97711264379706
1.02569669158835
0.549612520921482
0.499878601868424
0.223016382182919
0.643222750417999
1.29067701331956
1.43289215692405
0.1578555379954
0.345007744421902
1.65131308646424
10.0836229134181
6.99307660047762
1.02851338806566
0.781744972911689
0.664713962185698
1.87442281852838
1.58183758649549
2.14714644000811
1.3830385455709
0.888158142742624
0.673675112016269
0.210030038380602
0.618655187811084
0.720123233603775
0.843914012352455
0.510727564763896
0.377592496460602
0.761972053944992
0.518406195618447
1.24918157289187
0.934046714555075
0.50539097459232
0.636176324547767
0.418589759740379
0.118449275659949
0.239913738948409
0.452317973794059
0.96000364625178
0.754306658702954
1.0218297343165
0.881378510708418
0.24453613366708
0.377656444038685
0.229874974044441
0.19942336459714
0.437685675718962
0.473799646621399
0.321721547078375
0.704082265312463
1.22356970872937
0.981467448675489
0.286925967499751
0.967133005336481
1.26270965489817
0.846313788332926
0.898022248027916
0.614272953232573
0.518699996965153
0.7082533137858
0.663924289619621
0.868155857361187
0.598553418339092
0.642914106865354
0.34821787704805
0.837471655016577
0.804528601617
1.74619414754725
5.1042890573771
1.25575985990164
1.80367643453662
0.904996884652336
1.4944942387347
1.9794392024842
2.09950771394527
2.71203365043181
0.905772166171457
2.16433526029709
0.735289019361472
1.46916624016106
0.528502930866924
0.18402229209568
0.335963592321777
1.80261184308285
1.84437236851759
2.32108379611744
1.63338573126691
2.62225476180268
3.6209035679546
1.17282137888642
1.07681502297153
2.16355863291736
1.93286703320148
0.183202472769649
0.0765680517539908
0.243375529324611
0.525447490919036
0.943029777073309
0.661083229509064
0.542330884636348
0.722759426322622
1.88815890133123
1.7943685447516
0.443418365569327
0.930941600815519
0.77943324002123
1.46346256397307
1.57036493718962
0.631649448922317
1.02941866011308
0.369937590556015
0.210370717978377
0.343353003989965
0.590179380814249
0.539324674867433
0.620449347745652
0.392952268168587
1.13865540204687
2.13848993160691
1.21633505835429
2.3877794162258
2.47526880338929
1.12473352576733
0.597374708661239
0.242312723631357
1.48646106121208
2.18152798592762
0.151243993617815
0.370420777110595
0.666988292091795
0.34202836449274
0.481488206539503
0.748280161889115
0.490205085819615
0.190464392507774
0.181438108023471
0.254523683829542
0.491337436980809
0.162813765016693
0.178031357526423
0.469958779967284
0.720119094207817
0.370608628695223
0.291977026226891
0.182560384477247
0.299736046740324
1.47933942519474
3.10426230041588
0.890407026366132
1.02930203671411
0.24104032633155
0.111496775096808
0.212983651461016
0.443168081294188
0.695081942384497
0.79976726538232
1.47570271286842
0.513039623576065
0.563137797580385
0.577167984038744
0.642212419286064
0.771194265656328
0.776406210929486
0.807653811726766
0.609005650362516
0.84454342543447
0.914919344719911
0.285904389983021
0.659242854865203
1.04147192868952
4.25417016873935
5.35097207794919
2.49253545050903
1.04304368912512
0.230443246915403
0.568474621523954
1.07794225365502
0.558114655962089
1.77799529319555
3.45394557473549
1.37234048737067
0.9990364482643
0.660474266459324
0.99293022435445
0.27200458375337
0.742463617506479
3.40398660533683
3.73177035338969
1.47361800740593
0.599750156675962
0.404835577813786
0.648714180137057
1.31207515789462
0.778069031078813
0.714610864237461
0.671150855104918
0.649107472994581
0.545163961773891
0.936963500126417
0.377971682371731
1.14764035506978
1.0486263314947
0.503379308783875
0.496481954995879
0.683489330718319
1.0838118989273
1.1317067846752
1.05983729931636
2.69043051118689
4.56937300841231
1.99325248390178
0.319444586092417
0.478206385451291
0.37033567290884
2696.75766384972
5838.3262120658
671.17810188476
11.9509499615778
2.05199400912769
2.30027664731519
0.516116465567388
0.812929915784366
0.694522426863749
0.958418373992639
0.706529810151639
0.321397618641666
0.724796692154189
0.955735947830088
0.428136285125665
1.18718314995592
1.17886235691123
0.347861883494083
0.293543779210378
0.403154403577549
0.699762507411962
0.954002278683876
0.885459002099986
0.597107575586878
0.474005453869518
0.483724771145914
0.471433730095173
0.25630647607191
0.158028042216717
0.163898706859577
1.53950063362856
2.39817034939686
1.02143177739228
0.433060918550907
0.483423976750854
1.44674802661313
2.91204454658457
2.66424615027226
1.34019969026177
0.621035667870156
0.435923645405646
1.61970494281773
2.02055643830992
1.72038944220329
1.74642013565963
0.141702143491536
0.28701502868177
5.16478944378733
5.42759341631483
1.26019450964399
0.470435572138893
0.206941380131873
0.656740462609382
0.223670745712949
0.839526662527574
2.06878913921923
2.34751989412425
1.02182550436025
4.36943317391774
4.29346952775453
0.786358579758571
0.332543627381537
0.909353704701189
0.608829922375693
0.374444124182481
0.273156535045551
0.435952325366304
0.313503385535799
0.707801252887595
0.821152242831094
0.236038669487869
0.456501648899446
0.602063610953313
0.533231059845384
3.34815109587207
0.765291109337903
1.49057187841288
0.606327543197214
1.76306112902229
0.443596818997846
1.00913828672361
1.17207735437696
2.39475796846792
1.68030127984972
0.818331114784934
1.24872828585033
0.521960689095468
0.13195648290313
0.586373948178913
1.23362854079804
0.719370037644687
0.192818972283653
0.144047872894003
0.384053273142202
0.972907746021454
0.698278733440572
0.126843873790767
0.124481435143077
0.0976866932940617
0.198335721964279
0.544093834385134
0.959928825479088
0.614548174909082
0.138541949806145
0.085889195134969
0.129692043655431
0.236032325847299
0.136495991206614
0.307489643725517
0.158070535731228
0.430113537026009
0.484113331155883
0.192246191249894
0.124974670367288
0.130814351052802
0.197308930469325
0.296431328884427
0.223620541638394
0.184240748533758
0.127924448103628
0.0638141743545221
0.12326223727323
0.1270645888297
0.116494769616071
0.0887352236576508
0.186442718190051
0.193179361092665
0.378965561927587
0.283828739777333
0.454788475493262
0.499745201932161
0.890609090037994
0.493280665506491
0.888244221565417
0.864608816867546
0.125318034782665
0.157356894547355
0.121165092488416
0.119191047401099
0.429932701422946
1.03031033015552
0.571150296926746
0.529571853978283
0.306849126844096
0.284191223529195
0.163374053473267
0.28862905334876
0.175415270416086
0.123044149810536
0.150634226717052
0.130338958419138
0.12648097304203
0.105855598068708
0.785901760096978
1.44065430253158
2.44075684141816
1.90049852114929
0.861256618568271
0.683086576655401
2.0459850225988
0.104640965469266
0.130454987951371
0.244401559578684
0.152940473139877
0.234048462415684
0.0804228513648398
0.0995179757875696
0.0942572625301605
0.125738994792317
0.10262142816435
0.111124922077523
0.198920884490091
0.278678629770404
0.155785510559276
0.157606907775287
0.744320686542649
0.501621211340603
0.302074077962779
0.306700108565964
0.298271426860031
0.88760742096477
1.02424026195005
0.346490758387271
0.177776636380154
0.242011185354906
0.745229307765899
0.338024993367025
0.27220555827232
0.134191454158908
0.159047267064412
0.265254894201003
0.0952641373882892
0.222316105640822
0.276950525704383
0.309378529063858
0.074792052836094
0.0545900835497702
0.57041297854811
1.04660316915447
2.98679812304258
2.63115465729238
0.192136449373967
0.107140366859407
0.114828245154328
0.110370472756004
0.0569872996439364
0.101586070527772
0.137742353404445
0.162846063889677
0.193196839072463
0.133263375560436
0.186583180602775
1.72157008853604
3.49137396770075
0.607194659270656
0.817887882469019
0.345099118253537
0.194741447082322
0.262617550807139
0.63155109254611
0.653488683078499
0.171799612933273
0.120246963104323
0.147938172706221
0.658327876229714
1.05538981336069
0.322375876633163
0.705591023869801
0.211797761393023
0.0696826385920855
0.317652587432156
0.562269747612
0.223415879996863
0.0769650223307051
0.077075267585314
0.107277307462114
0.179598117560148
0.198345237656009
0.157837366467461
0.253818377911935
0.146447306254873
0.150041838735054
0.373920526043812
0.802896471330332
0.219226961329575
0.251486838084337
0.165733858366974
0.152238242470823
0.305847258275624
0.370819194801924
0.206950546725727
0.253435648717903
0.323378970847947
0.113610931793176
0.188022868819973
0.256765188129754
0.188772735918224
0.285006551492943
0.144977021148741
0.508623298332936
0.634832217944048
0.240082885384451
0.356792201421155
0.612310754460749
3.12040809163077
5.24041110959782
0.646148508279233
0.129618422675468
0.0837966393042282
0.323965994080727
0.0534627480138865
0.168006171417851
0.0959592830374599
0.0472279122567639
0.995664129625973
1.13901705200835
0.311947866528148
0.160286678695146
0.10105035466728
0.0552822755217975
0.115585269266218
0.217798024054223
0.128953144796411
0.158333856676836
0.180604100716336
0.292481129342363
0.449100316992951
0.8435255294551
0.675968662943707
0.319493041172239
0.23455577493133
0.142150634982433
0.830620360393333
0.970680522930954
0.244629544623012
0.193119552647497
0.193684463135369
0.132665294181763
0.160545121991058
0.198607245472174
0.477946390911277
3.42414878146871
2.04399262037885
0.267085904213574
0.180770576202483
0.286258896618014
1.50423895413073
1.02634846658638
0.0860914464115422
0.0388926158857385
0.118441447376495
0.277052005741761
0.0964316382572658
0.112671159177988
0.23153423327966
0.155741817894789
0.219321130113694
0.14763567267628
0.159930846350636
0.154484411622094
0.291134833332441
0.640055090174202
2.09474621846997
1.42930144561839
0.257698981158707
0.295611157246247
0.0883285110882319
0.0477747970558384
0.106068675448636
0.163996619260099
0.189709194021741
0.344326760404032
0.837342318902995
0.147932158201101
0.126147463350862
0.421394948062255
0.392921843947433
0.178855552916951
0.598814741231733
0.648488091939328
0.140327689826621
0.187574249545146
0.654658079644692
1.99119384920269
1.44470840488536
0.155650573432193
0.0632802164802325
0.0484492383323091
0.0717251124484845
0.75270687634955
1.44023286584492
0.082712340617672
0.29430042874449
0.0616759057828593
0.199873874619481
0.3839949276751
0.331399326188262
3.22789251309238
6.09884723399605
1.21531217585278
0.330321503549719
0.397257616614608
0.0652419821605891
0.0844849634863282
0.102671664422856
0.0391814162084958
0.0375975294348448
0.210642797616341
0.174445557857854
0.190316210767312
0.261605215519013
0.26063988845449
0.159268135312584
0.0230973453603236
0.0674054162319421
0.166609923622204
0.215880852984794
0.221675096026709
0.0946865842169698
0.262538453194808
0.123521777147906
0.0938740826455761
0.148837164581725
0.0998242446441154
0.0984681235213193
0.0933528078878233
0.28154854936978
0.26975368355706
0.493146321713037
0.565896542965056
0.0730323444083183
1.91158640825031
3.00154560207253
1.30860909059162
0.232441310455908
0.209266552129419
0.604015004613413
0.723478828088229
0.270417638345163
0.159428920172326
0.0508517194641008
0.110668443858294
0.309596027169288
0.138626104476232
0.125037893021715
0.330191185093568
0.180180650652388
0.17167386150107
0.041027536773305
0.110359856323281
0.0915668893984727
0.0962679089597742
0.131764527528941
0.196781715961023
0.343696673903454
0.516580391998824
0.13069001055537
0.0581137511870128
0.218104758124125
0.432999754856589
0.0743754680090642
0.256557849721821
0.202328985598747
0.106415187026302
0.0853840548178184
2.58062879376322
4.97361244138657
2.18090655642774
0.676203053708211
0.109824695133751
0.247974188332445
0.850255081213629
1.9837094622407
1.66336671846916
0.722631309256208
0.91443826878466
0.815723756404289
0.898822760238466
0.300940420618301
0.0590377881064647
0.633834734244372
1.32980120050829
0.485508484419974
0.0660704162252088
0.15101688961019
0.102526263068106
0.245008442580867
0.164442562772674
0.0673793434983967
0.1068018785044
0.210373363442996
0.285849266338967
0.257593987772433
0.117151566192563
0.0525712374776965
0.0865777035262622
0.0735409908637972
0.418280108944101
3.32336929325161
6.184647082327
3.10185762977456
0.0740462653562645
0.246529355168135
0.161925409931467
0.0441678605634721
0.19509170092298
0.639722526057628
0.280404565862548
0.157958495725624
2.16643747658438
5.49732215004986
0.604210947342436
0.400598344603391
0.072475161190453
0.519852745897047
0.504452870335371
0.112072887833155
0.0573656757125846
0.0625000951179642
0.545372424665253
0.320591989810767
0.209943696489636
0.124300202444338
0.116430123668462
0.156565099610309
0.429961971091697
0.143799390035642
0.0755131301161799
0.0730068755785117
0.0444972499961735
0.0467825245510182
0.124179741583981
0.0622256522572734
1.70469548936785
7.44512053883131
1.4870957112313
5.73808090502419
0.261393841495462
1.0449804727831
0.116663123132669
0.0466548088537076
0.0420501529936545
0.053367257357839
0.0591991329696255
0.108945711176393
0.0559178838012922
0.179753719834275
0.0300236303080428
0.0836133694707521
0.0627937896330486
0.179462239864842
0.219802325731458
0.566975661852648
0.657035374297177
0.335899669923705
0.0981995341346855
0.109347049293436
0.528649608003444
1.23469923433666
0.330932186235529
0.393852075868864
0.407621253271241
0.599741291171495
1.10729452633986
0.55946201081033
0.210459396331157
0.119476260035353
0.612110916362231
0.747691700077997
0.250871014440754
0.137422490145746
0.0983684891002462
0.168243394994992
0.200511575169855
0.114316196847803
0.148568362448056
0.205349544712565
0.0904945359899064
0.0220600655928802
0.26793533866123
0.470255841542833
0.0682038559022394
0.0975751590834147
