0.447083615065817
0.395246886419595
0.319337117530529
4.21765801814423
2.73364103427546
0.486862722993974
0.691068707285006
0.873959309373456
0.305368721802527
0.200897204187251
0.0556521267723959
0.288986920873328
0.140445060992107
0.566604092858119
0.40471208132544
0.800460325088371
0.0872133521451486
0.131812697484349
0.134899293072528
0.108855474988102
0.0590713275892084
0.284403496503819
0.226546770535791
0.666480048263079
0.121077261151646
0.581980002390651
0.194186141461863
0.21659929660356
0.349057127328982
0.24654509422972
0.126609221987205
0.179560020473512
0.150375685741504
0.0968802880699304
0.3232270704692
0.0880085597181093
0.16687749588285
0.303959870079376
0.0996348452445296
0.195585212168372
0.307860280900626
0.591213796939622
0.072823569395333
0.282568622269507
0.342829193296335
0.24030498020701
0.39805551535981
0.136070259898986
0.116210380429479
0.245318945874626
0.0959727488855275
0.0995538789073251
0.107051136595961
0.0352036600334302
0.313227123594784
0.71527635668775
0.328611718075691
0.391054787233668
0.304781954766614
0.466604993200956
0.126242927501278
0.0575442644319018
0.632158739577342
0.510148457232658
0.337616631189767
0.163782006100771
0.225163798689296
0.614697879740113
0.962027365909371
0.779957708512969
0.0996552984761528
0.0585903358062584
0.0624574441113961
0.210370119851903
0.0919307072026455
0.109752824521851
0.279908805461482
1.64788768846271
0.851568336658593
0.123653641178065
0.847899319250495
0.598462011397926
0.10179340456197
0.0760765542801217
0.0656678834406192
0.0552541346352543
0.100059673005719
0.0763425762152065
0.125483745265487
0.822443066495398
0.4742068074629
0.0760600859020614
0.161165057180587
0.0317302853127056
0.0485438453186469
0.206629256016773
0.0719795412698044
0.16044271822973
0.1244816271967
0.145255511371791
0.0169026741707827
0.0471192602810553
0.623607997922851
0.465165633797831
0.123597542926186
0.231658503875486
0.123448296572002
0.141542599808281
0.155313170012028
0.515741838564276
0.400847356428288
0.112320883023559
0.133208081853985
0.544076130023198
0.205399751700247
0.0719525580442553
0.159537825994715
0.566470799205105
0.676627851671034
0.189717901727204
0.0506929713633221
0.0345649322219023
1.34218994246188
0.343338865714628
0.393065694929645
0.124677754840213
0.130372266857441
0.26590320856884
0.263558917571927
1.05652709657957
0.420059260843449
0.195577744508007
0.0895700618714591
0.137864428575672
0.123481706628055
0.691352280374721
0.585096533663792
0.112252008585476
0.110587791433235
0.150139028302343
0.201391957053458
0.161712419028644
0.120565658651348
0.205772837559758
0.618013140244604
0.241062637767141
0.236981232266048
0.197034857640143
0.0231488400874763
0.0837057286958746
0.132500563380954
0.146823114697217
0.0841467605440364
0.201103824141442
0.28821760321285
0.112550456341546
0.20412378285736
0.179359605721623
0.435304944327062
0.465690403081664
0.24377965587301
0.240330874422653
0.253300150821288
0.38436925079405
0.0884227038848549
0.0585142199921135
0.0449598090167746
0.0412966285340764
0.0375095647896278
0.022101410688094
0.0331823390142934
0.0786524162379745
0.0543956597586113
0.0380906655949373
0.0613794773435905
0.0967990042516144
0.123282129458966
0.0768472649238722
0.0877757133431677
0.0374886538295719
0.0380491837315196
0.0328562526654623
0.0309906759420585
0.0710376122107772
0.0501611950307546
0.638332213484995
27.7565005942526
21.1708377140365
0.861306697013473
0.215366196012258
0.156074063322258
0.0745575063945921
0.0237156259550483
0.0689676124970822
0.576614608365047
0.0978891243090246
0.0197099429654986
0.0303317377600622
0.126069115675013
0.0474772179927625
0.0784609618067779
0.0552767422898591
0.0474168452676546
0.0862465820921941
0.282599829200363
0.071940208770678
0.0772375358765835
0.0360721081078336
0.0286132961714244
0.0186479326395258
0.0264393594232406
0.0701962138113427
0.0548237509565923
0.0333730535247566
0.0237873128166138
0.0454473012152765
0.0622464398061146
0.216418432961953
0.133785376283813
0.0332266848756839
0.0352710308066757
0.0525885979454043
0.0337884691187963
0.0501162819327413
0.041997105582852
0.061968071127803
0.170158794570601
0.27203897091816
0.341271104166578
0.171774445643746
0.135002387712781
0.10474645509745
0.0602471175852013
0.0910728688027038
0.0913144892034156
0.0524882558840913
0.0244075277160896
0.0374034716647807
0.0916478432412553
0.0881224309334925
0.0948453854008341
0.0728379070485274
0.0468593878447302
0.0287097730170828
0.0368512326789153
0.0299211370156776
0.0863731829497003
0.0837749971328592
0.0827647041389822
0.0769747523196356
0.0510264157323067
0.0301988780411589
0.120067772351486
0.108355634838123
0.0936467231760151
0.12913737453764
0.0677030187761739
0.0649263285060507
0.0461769704947808
0.0719126660414807
0.06474306119203
0.0347561711837476
0.0373900222658281
0.12468945613204
0.123178970546516
0.171746079872514
0.093616144432392
0.0927048619875629
0.0544842155110011
0.0484130930049681
0.170918207350995
0.0976918081006807
0.15947984038896
0.038579730863296
0.0189857240000714
0.039216279062958
0.0194612596810765
0.0228009694750706
0.109017936991893
0.110782492797185
0.0867605057505877
0.0655627416270865
0.0861406441198632
0.144678668223954
0.0738055675566167
0.0883351828044881
0.119873197961164
0.123364260012836
0.0554059688136525
0.157038741102318
0.0194611653940103
0.0372335918311149
0.0233198157191955
0.0198476823621338
0.0454178809970164
0.0576915725006739
0.0342577767311912
0.0493785267213556
0.0384360899877304
0.103330220310167
0.199584968857931
