0.560697386936352
0.429064322531538
0.863434757682046
0.949712030019371
0.358357574409655
0.645170058766335
0.491273554868219
0.561844081598205
0.547350966578285
0.382292492586843
0.381718446082611
0.299255461523857
0.335802073313093
0.402202473467503
0.315688975614881
0.379816261766432
0.456361502507726
0.71329022287377
0.77332424150064
0.423086992933126
0.572778377838393
0.887318158463379
0.687240283760697
0.685223136641325
0.587587401582849
0.557439063857989
0.705345229881121
0.900111574928279
0.837804787714732
0.723452110257911
0.750138402341579
0.624204686980006
0.513942557630664
0.307977644256702
0.32098792829377
0.678327639797881
1.12095208686358
0.983536051584649
0.67961718011944
0.818618168331639
0.902189365538116
0.400517223967067
0.256669832844739
0.387822155547219
0.580546444643565
0.995157276065545
1.0427585013436
0.715548000198482
0.776384411617152
0.709998820447144
0.683073477952126
0.479492816104811
0.534670460153579
0.367713300530382
0.399326290955041
0.383312841942515
0.317422150752503
0.312496810969967
0.401881626821807
0.376081665037665
0.272586602726585
0.390808394025716
0.738521294886477
0.669022301595129
0.417896197500598
0.292569217809259
0.301316867526354
0.260201163682399
0.197490602398905
0.266642509066107
0.34269279184547
0.289015659935178
0.333309967555931
0.210934143701385
0.214491591464441
0.252507166210055
0.265136052440158
0.434122358666644
0.457448691068856
0.312333794384014
0.724345973627674
0.544902439241253
0.862217401407865
1.25222137364322
0.767797444574008
0.808939372955367
0.988272504593538
0.695152585035934
0.805953611146916
1.12475005473801
0.965015086938874
1.01198766319695
0.917435649455716
0.600241408650507
0.488697908094678
0.516773570406812
0.763278957537557
0.510432168284157
0.232622710923734
0.278871938769417
0.263475610414556
0.423380834190215
0.690561036527824
0.819548586645066
0.40225699732673
0.757853856795221
0.7321612592022
0.513459697377909
0.580569465688708
0.647620063147244
0.472302231339779
0.540749578333413
0.58839284997827
0.489955307664615
0.442052156025759
0.430000124138659
0.347314305303385
0.149605043304742
0.251640706092697
0.275850509445788
0.249897500851789
0.398001867348304
0.429915326851274
0.88762644727647
0.901559181539322
1.0460655480354
0.857140436790661
0.688549079961684
0.946802155801033
0.755762660920513
0.38185504203504
0.272126536545137
0.420835523163552
0.650930918229621
1.02722263123884
0.96431301063346
0.531231908891371
0.394541058071729
0.46748814198014
0.300459206268103
0.628928299755242
1.03935054257637
0.6090732477544
0.2553626442216
0.243020886364045
0.206880972825292
0.314943199429249
0.575919962057941
0.502305733460185
0.319171403713992
0.334964911114813
0.395633199812651
0.364650934115097
0.422362489449995
0.504727437530276
0.469472168329018
0.44420987128997
0.527452016829943
0.419342751070343
0.469128264310464
0.328376398581534
0.187969305090862
0.732774191988086
0.873532915901996
0.640606404387586
0.770372875007024
0.583815144708716
0.365829036534367
0.554534796381904
0.488060779044306
0.270631311056598
0.220472409106085
0.232377548651657
0.225568599336484
0.217690445416045
0.403020895329109
1.09180161242428
0.732116977547542
0.433973222269685
0.503608671105102
0.593107526867429
0.267446455719258
0.2462451258681
0.284130558397361
0.589333858438195
0.995093868801458
0.944713742012181
1.35336827495146
1.35397805452153
0.836297633360414
0.545960329622354
0.306920184944982
0.354605573352241
0.292387960473075
0.358945014496255
0.497358780585954
0.358377918802054
0.531961193420245
0.751674483486653
0.640580967122397
0.46835929678684
0.415788366083102
0.224040593248216
0.265100947885954
0.539536474964573
0.662105655695942
0.3186377016549
0.252379127522114
0.364081433965044
0.297779861763884
0.240859020218562
0.231000966845113
0.262612552750949
0.582468491004371
0.945820702956011
0.444169879395051
0.191676713235596
0.3170657303551
0.500885143699436
0.668920700232587
0.504416358837059
0.381791466491757
0.352609284169482
0.207931351132473
0.605338368145347
0.648949093578526
0.328669060660129
0.21698022081166
0.183513229833838
0.330609568679946
0.372275027173557
0.284880963791645
0.267640177925123
0.341923100459436
0.479049664668874
0.512851997807852
0.359704028049175
0.367082375245575
0.516973948830866
0.573017344580172
0.413098800522199
0.402133711471456
0.386720322269664
0.480357000120354
0.554855496143886
0.393229047921068
0.415830243072415
0.475656121030462
0.309372947211823
0.172330042980287
0.32950125940053
0.618383481064229
0.728186590453229
0.500433039180155
0.374291396462357
0.441461510311223
0.395475567847059
0.344273512890033
0.29325851612623
0.432981028788565
0.329610181884924
0.315507945507851
0.391422031411621
0.318718007417647
0.298744604542897
0.262049902268112
0.183726317283231
0.172894688906318
0.102341170525742
0.255167725601623
0.276151138049586
0.461214571478716
0.658766087018491
0.731649520578283
0.619846556007466
0.403518413650043
0.506120866649055
0.44967041906541
0.348907567992417
0.331760803683629
0.307879185107707
0.379709618170443
0.330347516113372
0.411680626997853
0.3033948657181
0.333404304481935
0.305117219038183
0.205845281334662
0.557807932738747
0.462691236347168
0.24459451624618
0.200298805911356
0.670926568535328
0.620980157964447
0.608995596693455
0.329822863285437
0.420525327076545
0.512330850877267
0.25054458848194
0.156042489870412
0.202379162377962
0.261259551448215
0.341700293768916
0.213613522884529
0.129224434947567
0.283704772896678
0.570425678867888
0.518119446055697
0.183595550755499
0.262278875258908
0.216803122140231
0.223486526592802
0.316910591453476
0.457702585011138
0.358135770720242
0.413949536418785
0.556408141981759
0.664280281174071
0.548682700750175
0.382616149188341
0.467419566885122
0.884601459718299
1.01128460599534
0.569079301268611
0.276742834869066
0.27055577737699
0.353205916827914
0.654638045352085
0.623028843661733
0.279497590252494
0.309990630266758
0.411675756427953
0.410683473134131
0.416040393633787
0.362923149416169
0.450722226837921
0.429593559774304
0.464100506744072
0.446659916105632
0.373679087364121
0.376939860779225
0.371064424449473
0.315945933356925
0.394385427682794
0.386308189396574
0.401747535096196
0.351839084061563
0.294890632666705
0.206519004686996
0.343995316893923
0.439384292027942
0.433045958370404
0.436483216028782
0.235895643064882
0.227758775144645
0.226863152210306
0.142409198977712
0.37108314343021
0.509168220640667
0.537626267660601
0.457200825722932
0.339153003348254
0.30510709295233
0.274479847301809
0.230650346716508
0.515175886436609
0.730499403094303
0.546909803044626
0.734470163209869
0.861730927321995
0.374387855595169
0.199167135410161
0.203965237875728
0.414275913907574
0.462620505273556
0.210639299062939
0.186444554474174
0.223768065724052
0.291062352018668
0.270925848564722
0.186193100447695
0.203477912392889
0.157567054028794
0.399567525683011
0.284774841478648
0.130692864779304
0.19403666496438
0.219580421199747
0.364614410856887
0.568351932380764
0.416574432032688
0.298497302733757
0.320911396396205
0.304542196382664
0.388412483998104
0.317517907263908
0.375764181711659
0.508154433107541
0.841965348132898
0.783466670075372
0.386968362670772
0.452954250606592
0.56849624075647
0.491745655734064
0.429921267025161
0.277504548594454
0.260716278222585
0.331939927057265
0.561222786999359
0.665680651402544
0.70458730606191
0.730480609941764
0.516481837210944
0.498259881771765
0.500416856320022
0.405760224702699
0.293443090133394
0.211037026935618
0.247077076662292
0.35632605803632
0.293218520761888
0.281232935173412
0.441209929631651
0.588485510516145
0.763477608895884
0.541857571270915
0.174741108469423
0.482709851810887
0.530682003270396
0.25767256602337
0.243693421479496
0.274852266642786
0.238922989906874
0.208938457599341
0.236762170521917
0.219253109853219
0.224868202294591
0.292587154270385
0.377950995301044
0.440270188364831
0.335394021627984
0.221296490463891
0.341773056070363
0.698041582067411
0.980954318309592
0.548870691830729
0.177889306735538
0.342766290941134
0.38801812892117
0.215177281800627
0.145732593128802
0.182690470576499
0.368256033274483
0.588618045825257
0.446834933353084
0.21384838176802
0.172845840322725
0.252235604465311
0.270452080567916
0.175823364371283
0.220483944182032
0.2316280463613
0.294121032276631
0.207751738969784
0.320273289115642
0.507247854023144
0.566796548408877
0.524572455767747
0.461740400661453
0.352652506943073
0.319507069689747
0.264897778721409
0.239649467649191
0.31866647373138
0.33173420140642
0.256910081235242
0.210899156611979
0.210319877254048
0.208160112717835
0.31143585414497
0.704915413323405
0.696784839231485
0.45478635242602
0.487851155385309
0.366548504863723
0.41096294900412
0.832880765823125
1.39871926519694
1.00865263514859
0.491551151660757
0.539926510912091
0.838826803065575
1.02989845637767
0.695906093100139
0.258848389473982
0.214258328577313
0.358080320890341
0.438978722376543
0.276056297014964
0.46686628143344
0.638885574659452
0.512418366026155
0.253724457302353
0.194162013673934
0.444168226070957
0.440371110797552
0.442030738070248
0.472131097924202
0.352618314057926
0.364316565769028
0.365489622690514
0.269783142035654
0.310230918988804
0.4464444690878
0.476506059251843
0.329145543506511
0.372592830190039
0.479217920782949
0.365843678251725
0.299445083799556
0.514125359633557
0.339950367647172
0.219592374882536
0.2936586415563
0.341717808910841
0.307345490821282
0.30418220527712
0.539019524172883
0.494115119204796
0.355481031786058
0.372671643644291
0.303452547242155
0.294972202813243
0.52944895125465
0.47706800523072
0.272233831439641
0.251065549051655
0.384522264335364
0.56202044675097
0.291579457054144
0.204736749020849
0.258458978670982
0.335919448407715
0.375487428461741
0.296574522437143
0.240397515247703
0.384388440375331
0.467617218069401
0.561011661582647
0.483876543415887
0.343059768922016
0.546197614469769
0.628901425954741
0.371947365458315
0.589562634358492
0.68124058898076
0.576697774262179
0.610236312466075
0.303342750224715
0.301696826774058
0.299702905492897
0.578619922655445
0.649657612138188
0.491888008977756
0.667601973562611
0.784442428634339
0.939194577172798
1.01206456435233
1.40582494317508
1.15754685832695
0.530495633533172
0.413716092926666
0.304458465981142
0.404192010645868
0.556396228847151
0.525508515395235
0.360164518467569
0.449287531331469
0.356009454679334
0.519661300967944
0.785232727499489
0.54848026020436
0.332960939760045
0.348045178541632
0.305158641453156
0.466883826962565
0.354772376338931
0.295594665290756
0.360767091918251
0.355523927096254
0.378070449326668
0.372269558789655
0.389729181889325
0.345972011961522
0.311982180121988
0.493052417878536
0.360934769720118
0.410359314272696
0.452565007079538
0.396331696309967
0.407776757066953
0.425483263215092
0.275401488199221
0.164495145234077
0.171989689784149
0.168186859154212
0.38801962191378
0.488417855934531
0.33278489882089
0.313819581317123
0.43945462759613
0.454211948915854
0.329730161708717
0.311515094009624
0.403031101626622
0.589310992455738
0.416786198244182
0.412404591816045
0.377628083375843
0.320494127211016
0.373165079333127
0.299064249548896
0.269013155213899
0.250371917318011
0.277688106759615
0.175386091487684
0.236072292298512
0.35698916445862
0.300463009417535
0.331085836417022
0.568947039638291
1.18944788548049
1.12234296682971
0.436136350002773
0.244606782762536
0.662558156951392
0.845593053087166
0.751331773026768
1.01703393707255
0.855152670703826
0.304011683168827
0.309932397745496
0.556653366969997
0.668783651281306
0.553075067697117
0.427264146893254
0.373974796182267
0.254646216782095
0.255116588823087
0.284596229867893
0.276088537139428
0.201110596998909
0.47468581414693
0.576579403425337
0.589485836402956
0.527886709290486
0.541679472189236
2.35565196223565
2.0865824806978
0.272669151981859
0.315326293973672
0.367091367663405
0.470086780618723
0.298860937481254
0.193040686638166
0.209278452238774
0.276529609832666
0.245653932863336
0.213224936716168
0.294042384421595
0.321596746322292
0.420433885646782
0.451025394176082
0.478518407769196
0.458052050404928
0.517473284788423
0.532939161224512
0.349242784989989
0.35082685750253
0.347751640433976
0.356627816740482
0.35504362442283
0.273308429966182
0.438861895356038
0.345688013722094
0.311382669984546
0.58415743509362
0.967430242261922
0.55462334174416
0.478655203808569
0.731881709077306
0.672695835994997
0.402718185998955
0.310625124539995
0.474363987446605
0.636003641744056
0.559637972242004
0.50939411645855
0.465625838613777
0.332370461164153
0.28687199897008
0.298685797638249
0.237107365019558
0.182983920153364
0.158086754680048
0.219802693544277
0.229407977067509
0.530394619106279
0.628746616838691
0.344147453910958
0.204150598921694
0.191620413545698
0.206669252419281
0.303366661112295
0.616171415393197
0.677047972297832
0.486353829449314
0.389614013113207
0.266669324917565
0.277478660889755
0.220850713136449
0.346676664538355
0.441011303713727
0.242837388769961
0.171301873108222
0.395815333786091
0.433785661037437
0.251014173625855
0.244059561919858
0.35814745550375
0.568487304658292
0.746118982881189
0.680503757191966
0.630143085981852
0.602368946919142
0.553599496056804
0.498865717139927
0.664132020772643
0.805580046547966
0.591660338006657
0.440369780683947
0.480455538173846
0.60377521109551
0.452549325160169
0.34500414377842
0.412155167316992
0.480809391259103
1.02943936986494
0.88561406503045
0.268070860417724
0.202757382708718
0.265654387808318
0.299882525171659
0.311523916636133
0.364452601199451
0.358465941045709
0.83047118586369
0.745700986807172
0.304094791083284
0.250719919413542
0.341605095449871
0.662290643987422
0.668608358659981
0.358821993831313
0.232327765890102
0.339672904466788
0.553770840051579
0.763386813959455
0.988195059012175
0.92397129318357
0.471952532400507
0.366546123906956
0.400725851475767
0.267856544828167
0.307970943831415
0.496764760080545
1.25738204401949
1.30877465105119
1.22430705783299
1.02018833821554
0.545042070426627
0.465291256251936
0.549595952310632
0.514993799638396
0.421912574072978
0.523226058429502
0.765737999073795
0.568782832797848
0.419312839406012
0.407538020655698
0.560782414198383
0.643375855442123
0.636137573689917
0.324136962770053
0.2416627417367
0.284634845150169
0.400788610610609
0.359623369469159
0.19409069232037
0.215691995211673
0.222847352395059
0.385239126230196
0.293199626770838
0.201362573927114
0.180403403910602
0.230193542190046
0.361985920387306
0.456347391447907
0.329540618666879
0.413421646419371
0.364189655473167
0.307433291344903
0.30080386748576
0.231232258693914
0.300482827853385
0.409963732436343
0.58487131269096
0.72952962317504
1.19755116968417
0.929628614088842
0.5849165466221
0.708685650257143
0.559583787960994
0.412400676491809
0.356974050322593
0.455631870445972
0.561676541728875
0.637860664560886
0.485107625832561
0.349684074409759
0.598959519450323
0.694532377859829
0.497929263668573
0.699042652593059
0.655010796138854
0.588923842932577
0.686067074127874
0.969749919818924
0.390693659140792
0.258330104346046
0.298624871431872
0.238254266448039
0.182718081628026
0.345907768735616
0.590645829354096
0.523195129600008
0.360099997882399
0.304960376439621
0.226989213502393
0.276517493328097
0.748687385432584
0.583415141511564
0.308797517481313
0.49472017102588
0.484795070732365
0.641204376942051
0.689384420963139
1.02506087530205
2.75355385017312
2.19703643510542
0.348356215117886
0.275273058802989
0.285458413529796
0.186319837910266
0.196203236174497
0.199016726569546
0.176034303388035
0.183686881518354
0.349566191507987
0.34610800956885
0.256035034843958
0.401599546036996
0.622934341413366
0.431231404658263
0.642080945088145
0.404477277911054
0.331238339597747
0.360367745193951
0.34916163223284
0.193931942684833
0.203881582794149
0.446010534906738
0.485330809240456
0.308690443217705
0.349895176540813
0.391782125967423
0.277506409965838
0.192877349041784
0.14496595104846
0.380467342958055
0.588104278721086
0.704688725713398
0.734436359593668
0.672249173275654
0.502452908242186
0.363642704990196
0.244157696319161
0.326350626723344
0.571099821607918
0.37635003659818
0.317142570511036
0.326736361627838
0.402687578163457
0.504289729143358
0.342197909591233
0.290067049862311
0.239395192278626
0.277518177550918
0.498621129914176
0.500166585875158
0.275624230353225
0.240628698457123
0.265147132581563
0.248848019591105
0.203879160352691
0.280995054797105
0.284063175467934
0.39931413901314
0.643525134612506
0.490908522570645
0.380986202169235
0.375974541741761
0.533874069992419
0.496196111641995
0.35255684046701
0.661906054798221
1.16449058140947
0.905327211632545
0.447568198140665
0.407025740577216
0.370818783500445
0.425081573502322
0.542731346848587
0.706297594030983
0.995727572383195
0.755956270759543
0.268366599064134
0.378939068690449
0.628932034443901
0.670163137854115
0.625349429164025
0.438809063676692
0.218907638376049
0.61718309587271
0.704068991100904
0.418362715946703
0.656457167307558
0.278420649762749
0.277093749763416
0.257372985090949
0.239225565026523
0.226407017882682
0.258811178793545
0.309706593391853
0.382999234654021
0.502477340284652
0.352526678563477
0.461133311678598
0.354524960427448
0.377528784540022
0.44180669018255
0.371641623880098
0.398844104452967
0.335050454543376
0.403429308328858
0.490279927007256
0.536027563328885
1.57515008866342
1.18687458376586
0.385723840648837
0.591876423989039
0.269132337346469
0.244813059204087
0.272694743967751
0.263960222168879
0.416446319970033
1.00066769150325
0.661307833512349
1.13528772209439
0.710110628367797
0.222565113686608
0.221034836105585
0.209136828749081
0.244473063656603
0.26973019495597
0.302356403461268
0.360210486517084
0.418381755821993
0.369211192320158
0.288450199299037
0.212951362103026
0.236745036759932
0.225564620550446
0.239618635491045
0.355595119276442
0.27726295248527
0.2855068934668
0.457728014113198
0.915174665461764
0.945915471902853
0.327187299190623
0.43098373479479
0.416560330712836
0.642136988439389
0.546625035110843
0.862858979302998
0.454137290369731
0.256847575593323
0.269780411253267
0.212491210440066
0.205367672625242
0.243483160494161
0.349031732109615
0.299676332744818
0.294109671904144
0.397397397326487
0.633975645191541
0.739036034509533
0.713460184363115
0.621402691637962
0.977642977603336
0.941658191272032
0.418077748642701
0.305700420954723
0.797828927808161
0.751614139872637
0.371538472520896
0.373961571661903
0.26252401469781
0.242385114629859
0.270868785545449
0.900431401048199
1.13871890530019
0.783318881530648
0.393601365580678
0.351903626739647
0.319651065078908
0.255704135381972
0.220530741721025
0.267184799060363
0.469386739880831
0.497096006250796
0.566317290356909
0.682299174503366
0.400675592894156
0.312319697046139
0.322295285168392
0.335964880256342
0.316108650317003
0.239097183770695
0.171788003060483
0.294644858515421
0.281059316225286
0.355292898346102
0.466794780631815
0.294743315403797
0.237066888045408
0.261427241264691
0.343326498262092
0.223512656455852
0.155213010527229
0.200749955514602
0.17950969912201
0.346509825199113
0.476058302220164
0.547143978397641
0.754489872427829
1.24869140722181
0.901297533168063
0.625547182428693
1.4272407746417
1.61808359735055
1.19610443962378
0.603810988521576
0.446122634090311
0.216706965737337
0.346848220590716
0.523750601783198
0.34914059726802
0.490191621037193
0.485117289325264
0.399689661515639
0.652526498082356
1.54973905528641
1.30852014947974
1.09585819388729
0.68742523634291
0.507213934771239
0.497203868186568
0.399675839267115
0.416754701367365
0.365309190241929
0.481872250331553
0.382168031903665
0.387757689672303
0.308586755450811
0.285278077003707
0.274762297635399
0.264922715313194
0.255940858100333
0.357599040572792
0.492489305750801
0.499388920055552
0.37566086612193
0.314018884925009
0.188908367331406
0.168543358001677
0.201032419084702
0.26711645755786
0.388517197106368
0.35900328041242
0.272138620411551
0.261206549476836
0.225878222994733
0.196133093321106
0.24415804144778
0.22719986534261
0.179544015563945
0.145917672119086
0.18625207343928
0.239847857960431
0.1949089446782
0.338178267069989
0.48991578057065
0.539286561829574
0.253637361879719
0.393378863365815
0.782207605715481
0.88232143330223
0.519906934542336
0.252046720113515
0.367700775806963
0.418603562126139
0.483557057448702
0.540601420832786
0.36659912080286
0.242125348301671
0.214334367526869
0.211767738997199
0.310745448922336
0.315546842966692
0.294476941571256
0.213019216555499
0.189234514752305
0.250594458710847
0.260378951372459
0.375748015843903
0.449599277081529
0.387442138102975
0.374116631230857
0.185978466567961
0.147657990698613
0.512189741556483
0.626265936494281
0.619719453417334
0.57595558028883
0.436611544969201
0.36603360807542
0.333962145266007
0.313853905664567
0.302352825473814
0.294400121251832
0.218216235009701
0.202210680605787
0.197267219102139
0.294953146634777
0.252507998617452
0.260450616768493
0.231577180192849
0.211962632358981
0.194582553116882
0.191344127318891
0.242992608716992
0.305040419826862
0.337868205288191
0.27454807593059
0.173540834068211
0.343790855309234
0.408734381706442
0.380057436998666
1.02239411035084
1.83758157736473
1.47644273827765
0.596779393681692
0.378418598447188
0.339976494250584
0.322480212037015
0.304220364706747
0.304143168041305
0.248606409315219
0.30946978196307
0.232014888402391
0.206228918871164
0.223518028635462
0.259329419456101
0.276788913685928
0.304570136320103
0.577066751922177
0.472264058748455
0.222777356587235
0.282412278460602
0.744315263992685
0.688096960159174
0.25088402641193
0.180094813177528
0.197203102836131
0.219448672482155
0.235159856233677
0.551303415442666
1.05353772920688
0.658329858285447
0.230324162756097
0.236019580655671
0.335995001460065
0.841850026577249
1.17019394798146
0.869470811448433
0.616929632072178
0.60448554977996
0.468890836223887
0.421575664047116
0.66741684910376
0.542915287111029
0.249560911730562
0.243552768199703
0.224294006331348
0.182483975407967
0.161132381389884
0.155873252749716
0.232378455767314
0.22875383334845
0.205425003125938
0.191251323717673
0.274213667802453
0.3676991595694
0.18960590615209
0.202376995256314
0.135091797522983
0.453213126110639
0.451741383527158
0.523308396976017
0.951855954286292
0.765205189475764
0.440505003476299
0.34666670800553
0.29330488295707
0.315657608613409
0.550541358489788
0.236237288380608
0.200183223347601
0.221291388945337
0.215943459624413
0.217797684460796
0.175898077659727
0.207596503759517
0.271187608249181
0.442717987183124
0.420169889958312
0.322872197363139
0.328387496036356
0.252301213499149
0.324713258631624
0.509730891183609
0.503422079488433
0.404459098654852
0.358805610600485
0.367844899743652
0.40733423449835
0.310511768111488
0.239635680631596
0.258092805360254
0.205752493848369
0.20449359535542
0.172847272131899
0.19652587406263
0.272372999527717
0.249036770929031
0.309171306814991
0.379463130525262
0.420066858972279
0.294422340327851
0.487022947973001
0.537720458599296
0.511506732844434
0.467075280797245
0.472400849677638
0.617983503157495
0.5033852901681
0.362201057280563
0.347840854102632
0.385949471644407
0.381385333879838
0.395948290240581
0.355838060347449
0.263813714627188
0.547218900003579
0.498070952383399
0.288996616811656
0.265267972124969
0.237017995854431
0.257934053432415
0.220757729838534
0.193035536537781
0.149066354407416
0.136323250887875
0.248645114623107
0.38174838853242
0.296469668337162
0.512020503663945
0.779730943568613
0.606676547835442
0.244958114320044
0.252293630177792
0.344254911216316
0.421107400926239
0.400175825104999
0.330469019600816
0.342145144252298
0.323276408478332
0.410927431163095
0.420290337717797
0.455555784696183
0.457607313195518
0.755413973430719
1.05563690315054
0.831465811901345
0.368877769241803
0.285490444998631
0.202441640998649
0.23197020006197
0.297837561731422
0.249973801035021
0.211073795572095
0.342482290966073
0.648166585329444
0.45015943868186
0.64148562398723
0.828328708697447
0.725396328263305
0.287377003892209
0.343386558287255
0.361004713479495
0.225779202935383
0.452619204869476
0.628384932692767
0.285462066179525
0.210329294362529
0.212596794360282
0.275701590166579
0.285061200576997
0.280388232023242
0.358763486920116
0.325267215968939
0.478470088396676
0.774234287445096
0.555722065972586
0.624871551646463
0.516697742845955
0.353866504902543
0.608733544609835
0.694893580466449
0.481476489895137
0.749921308819355
0.882794282995469
0.597181680881607
0.368759867243786
0.313702648767578
0.363812801245397
0.513615743689685
0.39624649930572
0.29333370205678
0.215090077907526
0.330165652830589
0.332986913921937
0.329413942792521
0.272961470509032
0.380776538737765
0.449160016056654
0.357179851946994
0.27671165179169
0.23224639985532
0.257916092655613
0.260282350062948
0.28474213833244
0.412626286873567
0.742000506144383
0.536570073600133
0.299628121482008
0.333431803566666
0.410660949564299
0.345528247463315
0.244633609770309
0.3041321315774
0.304779125351314
0.365994198428547
0.575417067316708
0.534659407727258
0.346881174760169
0.206984639662019
0.134800802478616
0.165574365222982
0.262291418174937
0.345602453604313
0.376569070221701
0.369071542344022
0.239683429324801
0.349192509637955
0.397369350587511
0.211694987806469
0.279017450865243
0.413635964605358
0.319794163806153
0.245082560384261
0.296968629173546
0.371094926000388
0.493927812390819
0.43628929006594
0.325776144893737
0.23128920244121
0.411456014558902
0.421715897664901
0.491214071176703
0.756245815323506
0.48759902581091
0.330472815724874
0.242788786349467
0.342676864742058
0.667162799744013
0.456007979266221
0.272002306887973
0.267838454406507
0.583943047697251
1.07315661751991
0.696703594952208
0.445567176660194
0.314575135521842
0.202324139733896
0.30988113152666
0.305672914371547
0.259290505962883
0.272174387710472
0.238347404698156
0.388217740753101
0.491399461764395
0.409290832113095
0.34897553996192
0.299478289610118
0.460288654791506
0.696657296609098
0.619409439287986
0.446169242817276
0.588913624049432
0.466778399921519
0.393126915590446
0.277890279277418
0.341339583144466
0.611325201897189
0.566797078267089
0.292569466659604
0.314747351477716
0.38772900103942
0.448990003913946
0.554421403088788
0.371590332795156
0.362940525932096
0.271664950517631
0.187704719585861
0.183333259874667
0.309873455716795
0.286731661589422
0.462411643507249
0.631882398129772
0.373000029270039
0.328756748230769
0.290992804910182
0.237841188216017
0.336030906507787
0.349924558987444
0.801220664417867
1.42664135391843
0.950977476606828
0.357644227998025
0.462757523862085
0.560818804074384
0.970835837945229
0.816909396138937
0.415122027205858
0.359677932525675
0.277924389231761
0.331028047339766
0.422689551542844
0.420703190534128
0.555892018814345
0.568165855894694
0.439197515314555
0.515769773301998
0.416988911585581
0.426509986905519
0.364734611295607
0.495000544718445
0.574806787302383
0.695815276466291
1.20403852295815
1.33254396452408
0.795748763535009
0.693868488684651
0.629125072702199
0.323861738560268
0.507668818981911
0.591963869022926
0.377425510110637
0.952699425427406
0.803807341064509
0.316518012477458
0.64673388388738
0.20989923966465
0.415869925481174
0.501260176503157
0.347059267009897
0.332739864309608
0.242370239969405
0.20932046971072
0.26333580740668
0.265158529262587
0.143545471692605
0.197485665622269
0.231966279481569
0.227620004755245
0.255147112508768
0.200632085890024
0.370350346748677
0.473178080284507
0.634759672569032
0.597843062472408
0.362333579355068
0.281416533765168
0.204378112843314
0.245441638326963
0.363308357540745
0.382000433776258
0.277596384541032
0.263404890828568
0.216543270539569
0.260243360875158
0.626047185826006
0.660752285459458
0.302561207356822
0.220587302566696
0.291613952179471
0.320829779346569
0.185347106156781
0.256008319425707
0.726178636501937
0.736068478191019
0.343423190996131
0.403364014238046
0.620242407582896
1.03614453136023
1.27557495629266
1.53095894702381
1.34039838135238
0.715061659393597
0.413748862663335
0.394225841140007
0.379544388970466
0.402735631347675
0.262303205898092
0.243632715404114
0.23174130899384
0.335893180933024
0.373421082611312
0.51211362602281
0.578140803485063
0.446094081122366
0.554160908016023
0.418437401671051
0.220633417043633
0.275068389369262
0.142964747451041
0.12459040300254
0.219589988540134
0.230105163610659
0.27054222364611
0.285902032331297
0.294065355627959
0.241024993638008
0.213034203285211
0.25713295116003
0.426715348054941
0.552713925579238
0.603272941697993
0.475278769279099
0.346846062039999
0.247873985263828
0.33458214905894
0.496204585471137
0.995188239162197
0.961031389079395
0.374624326960093
0.260074244573209
0.14156729989113
0.239055904699812
0.424633036364606
0.364615553363714
0.260976850572676
0.314472128931604
0.272048124748919
0.341379242382251
0.416099471696649
0.459041985615244
0.262763907239801
0.20025900275056
0.190099448906751
0.279009720927332
0.364833858437002
0.378298115576752
0.431711679973749
0.802013832706817
0.695296280542845
0.466174984978031
0.480356191503207
0.336555997366672
0.206191602747322
0.278957969940632
0.364860356693661
0.517838458045041
0.431148562810673
0.366212063697996
0.257979814932332
0.248697745286144
0.493663966182405
1.05630016956703
1.28195277579302
0.814992112935288
0.5916863284298
0.375899858145563
0.165399333602815
0.208771527886805
0.232074108110922
0.41801162778125
0.72920449665332
0.520696020262038
0.377539229198518
0.317235009509083
0.339564748529673
0.438565078999379
0.520875985036791
0.416343064002208
0.346006659754915
0.394205926015825
0.406273175503521
0.42913323921708
0.674957328354922
0.875011335995508
0.530432024432735
0.718683715463783
1.16459897233013
0.997836668040513
0.603405047652862
0.344856107336357
0.260448711804864
0.355865722228418
0.368833179602413
0.401409212340399
0.351503561513166
0.308799515688848
0.303888467480561
0.307648287940217
0.217054288982856
0.163674147635716
0.159473495857882
0.64453550745422
1.00789898252055
0.604659237306857
0.200911577143382
0.25346482832708
0.29089024331008
0.27503919661607
0.25964827464634
0.22536415786575
0.187835589198612
0.432986100041591
0.87566673025851
0.753999994335092
0.344213052017375
0.25387951213098
0.337712913590261
0.318335987961981
0.246984194263178
0.341346223715761
0.358599726019893
0.365400144448266
0.355191457368491
0.23988806181961
0.287635156583202
0.343148965361998
0.258903247613056
0.343480661609158
0.250688360513704
0.310069608487129
0.539934839534158
0.616690355113557
0.518715446299608
0.332085695629653
0.318729089676973
0.385671413217195
0.403665291820986
0.405694853901589
0.508395990999562
0.617023140747109
0.40615473094484
0.538209516035401
1.23078140312447
1.48192945971449
0.97058508759908
0.320102765932431
0.407002947123799
0.297778251809555
0.239479803494115
0.373193655834972
0.41743987003445
0.284205591843868
0.248435134411631
0.249489311145286
0.349381707708679
0.433775858658857
0.383615046357461
0.364952472600319
0.371528054880428
0.349998914458039
0.334868548174823
0.403223411923082
0.296024920387172
0.206121890364605
0.311807682729588
0.311708955860214
0.313938948086488
0.365586728440968
0.376199469381008
0.338083987087229
0.521224986471306
0.482770742788978
0.259505732659758
0.32408781691556
0.320382802967239
0.454632389084387
0.608283817200237
0.42684944386641
0.382303533457764
0.39903775962415
0.414494884415157
0.408361098017479
0.305730929686119
0.368695525969471
0.355113133909055
0.611525222061119
0.623603249261529
0.438643525244797
0.247978514545632
0.330840826448888
0.404716137924834
0.378420447690976
0.5003451209946
0.520624487882436
0.76937380234278
0.782982518843324
0.709704885915129
0.640038417840421
0.456547347021946
0.405091721594745
0.311364238505521
0.430289204703095
0.53772239496271
0.377596641707185
0.445389996933954
0.358117411361876
0.430595930661561
0.563273279847713
0.433054987105124
0.364667037257817
0.326195306859772
0.348933910997365
0.201760276540651
0.289332517465764
0.245651630452384
0.235982038603488
0.243615616444708
0.26332839508537
0.291543206145988
0.340410638383317
0.655141984517631
0.684691330171854
0.444730760913589
0.333702763154109
0.330083462191535
0.727964041226203
0.956255939342804
0.474650762076838
0.245883650537652
0.32603963764833
0.439277064583073
0.459820945602281
0.397797104610168
0.33983271250731
0.602951060533134
0.845076750935081
0.427692696870698
0.452708935108524
0.491574823419545
0.319708308092206
0.202213029091637
0.330344776565268
0.376629962672149
0.380340909140021
0.361664287606069
0.374510670065853
0.439303907824679
0.47517277326219
0.542500492136303
0.427799495446608
0.36712859565638
0.338788076914816
0.517328201746553
0.493930467570969
0.276516373267631
0.377535003479617
0.533530799550604
0.673062634052403
0.565245913502101
0.301119789035065
0.294815026409357
0.274141545385418
0.317380078505867
0.612509269330501
0.85147696955774
0.529823160318098
0.388370371433075
0.427259219530852
0.318151505893976
0.286383619671932
0.243888400494059
0.281343391881574
0.614602038722177
0.695495006439745
0.377372405547969
0.226864255653169
0.315406523283823
0.432314105952481
0.517205775111407
0.399083189915425
0.467928592564988
0.478121907428775
0.460462001550679
0.396738498817899
0.433800685820507
0.461637192076463
0.403010635390147
0.378775053463141
0.344687414286531
0.367457256372094
0.385311569119594
0.438834152478592
0.435850886387373
0.411653650833219
0.401094483288079
0.364517480301234
0.594698023955939
1.60466518346242
0.604593216913861
0.410243636622726
0.401883017263966
0.266110344911568
0.248967032434648
0.279887875216539
0.323162397575509
0.353624639306579
0.413618046724844
0.395892768173184
0.767689674772668
0.95627170684563
0.660533047206167
0.3469345660828
0.223602489390038
0.478822679464146
0.797065717891603
0.769568131584724
1.06104361944465
1.13238636805919
0.662966751196221
1.05197477776819
0.929800566196461
0.418916611045653
0.375957483370818
0.430034806880634
1.3615766884531
1.38357577636942
0.604278023169895
0.516358576200509
0.453778017295305
0.336198527824472
0.342209600955329
0.444070935970969
0.261817093650969
0.245809933706316
0.425866725807808
0.430827664035436
0.38732654274978
0.322216402333148
0.30305164756421
0.378996769483293
0.307552085810417
0.304363840378773
0.2626454483608
0.389163257665823
0.592418265171905
0.790418734336119
0.690138617951054
0.754571257923859
1.27668831570738
0.853945090634326
0.405681617586169
0.786685388681404
1.09179259819049
1.07561571836344
0.975582067383035
0.874008437785034
0.645103492696263
0.370518823654943
0.396976448770428
0.225119055249704
0.163365941077245
0.326849559721326
0.3661776968885
0.230391393621296
0.286930757552978
0.319062332990845
0.328844979778666
0.814247682798372
1.4313231835129
1.11475280742339
0.619233709150426
0.636859516673543
0.538249836112767
0.683427490051661
0.584827511945478
0.255531470088643
0.225507128044032
0.388679967816758
0.489849794155096
0.667838854929645
0.379657511382282
0.30336426144502
0.55438237066363
0.482268867438208
0.272790472456597
0.3087318845044
0.206320883741581
0.168175974022941
0.175844732096293
0.162008406467344
0.226554645870542
0.406169879611855
0.445401114483451
0.381198499799948
0.291686483516113
0.225104365209232
0.299351012717753
0.372826202311178
0.346252302132368
0.328934678396062
0.305114480884446
0.341656624184723
0.372078268185242
0.411672477729147
0.544516194496486
0.453499760953258
0.481471889784772
0.284229759011038
0.29128750122458
0.423215797283624
0.256125470924037
0.25963197355698
0.539608628429448
0.442550174362714
0.286938029344598
0.415240956182534
0.521492306275824
0.442423049961412
0.225182704799566
0.218901124462953
0.284914041917826
0.234610804442618
0.308956011000087
0.436591736259335
0.568616178660031
0.390637755779516
0.45286672595886
0.451691693553753
0.356339145053499
0.242473770723682
0.206830817744693
0.349907452823237
0.381476751196192
0.274893463417907
0.30446092202245
0.286345195103362
0.195089526997745
0.213447995896422
0.20772854928957
0.251713666781275
0.339736053165083
0.355281626149298
0.551368544750924
0.420309806837857
0.313737065849839
0.286832068029162
0.2426296510411
0.319740670368993
0.499041996261361
0.592482923817083
0.411424500320656
0.42364237735377
0.720379315178698
0.78167359778583
0.523459139745372
0.346955190411336
0.43903689847841
0.450035796708744
0.954538019332976
0.978887407927237
0.543315665896841
0.535506066665824
0.334661998330001
0.378364347844989
0.269351134801803
0.361823273038471
0.782664414644957
0.567571299269816
0.287344158818063
0.330050916042165
0.334843226898478
0.356055793093444
0.491275155618315
0.456812374387035
0.399824951461363
0.273265622537873
0.245343692458592
0.235671159882581
0.24435201153622
0.280564665752567
0.234873140825799
0.188377670719946
0.295468690608279
0.434645338292229
0.496132666393239
0.442872623382533
0.272164399905209
0.204606986502792
0.229640975779632
0.388974373339246
0.691123161623817
0.66323319390153
0.35646951657223
0.737797582215238
0.938846942176922
0.481776291719298
0.317984014433668
0.4225667570964
0.352078924443763
0.50442808630159
0.499146999604704
0.248048196391186
0.336414621262284
0.747580060113474
0.682776706329208
0.443789194769982
0.438016765192255
0.355922188623209
0.528686933436572
0.553868527184236
0.325703004055178
0.265536960465452
0.222920450412831
0.295103594805123
0.323300028754503
0.254838729627849
0.196743990037466
0.500394308756744
0.643704828663216
0.353848899992072
0.394790655677622
0.773115674083727
0.68410610958272
0.393067345751239
0.307705530897018
0.247513441297593
0.240353496073079
0.464145349854378
1.08461571813239
1.27084971532417
0.825541015133038
0.512254700988111
0.374400253465664
0.340568493667065
0.675647029472564
0.483653668162799
0.42706931474844
0.332609032024325
0.294607966104707
0.223617388412098
0.336376635160184
0.326476230408939
0.221547319480532
0.22602754204847
0.305944515026027
0.459280197661542
0.354055233872687
0.247575646784168
0.255235906706005
0.46949980848641
0.97632337036002
0.736997678535331
0.412609344152466
0.295103237991666
0.363352864529942
0.316665878872922
0.277993045740784
0.445239181319467
0.622249433061437
0.517554628652999
0.455414347765202
0.658923429689746
0.934130100326865
1.35968592324745
1.10848982162318
1.1123830500964
1.35986743087344
0.830389048953497
0.407537595801512
0.647603881382682
0.870287942470622
0.946234810537656
0.835706868894631
0.362662877800841
0.346596433285773
0.550970945601278
0.502615748213405
0.338536892294421
0.283250732529734
0.213216257917493
0.24967830851154
0.420158348335072
0.983796992127421
0.848046651021404
0.283318487626404
0.232758308845213
0.452915307525722
0.711275358291122
0.485815128402062
0.330474816148063
0.454965454201529
0.443649426474575
0.592565645197566
0.821471910736641
0.488001252940148
0.298173372304367
0.465602940590979
0.83851889325364
0.640582503542433
0.395412378058193
0.413196955126822
0.6607360426348
0.634640764124339
0.417009083042792
0.37112229959718
0.313544278851333
0.359622494710946
0.342688955425353
0.355569279882058
0.353759047230739
0.377235265720448
0.362107174511673
0.335601842449007
0.398368899421597
0.514184369210994
0.450442819373346
0.524073514657751
0.553547168687101
0.955054009827896
0.932587590910632
0.298985272707765
0.543365484864445
0.627199142821903
0.371904267599813
0.303881072404853
0.281100951176447
0.38620579402485
0.786652013234767
0.743316782292112
0.480099112452576
0.400207538865743
0.826218787122488
1.16921422602243
0.741901198725212
0.431397562054876
0.35847699523549
0.426566784773322
0.559060641135399
0.45430286510338
0.244948889892537
0.216359772400838
0.313837349675853
0.256811516374397
0.291504990321654
0.467668687594952
0.332610369702504
0.542774460602268
0.781727128730112
0.552307279369962
0.348462575886664
0.720186020212756
0.716861611950633
0.330170246247821
0.187396913304101
0.200771090374701
0.271237378370171
0.299860939658164
0.310536895717045
0.189829375795104
0.204249189701522
0.339217911580113
0.428853878375558
0.339594408180147
0.242896558568026
0.228139827467201
0.28107816996944
0.468748839931261
0.472823264688265
0.637902351965581
0.528782266325492
0.725535799846382
1.1856371994017
1.01846780683095
0.51172235954723
0.581036820185338
0.581738700077912
0.176643822908797
0.120113980120515
0.23571845165484
0.93214940245412
0.914705134070926
0.278777423244745
0.278302915228232
0.22638874231945
0.192074692203104
0.23687791660913
0.400090637022428
0.317431025713027
0.337864360319435
0.491060535977574
0.66628865693167
0.650282350976411
0.392656017011858
0.282395125837183
0.443344539572849
0.874217107758779
0.888792436507395
0.491118787113784
0.503460114212738
0.839548966601166
0.936633714398135
0.481082442524995
0.296307285324877
0.249028905628748
0.321381122659377
0.433034937663325
0.770267653275415
0.602100064497991
0.329591744285717
0.317836668085913
0.322482649441581
0.543443014822867
0.620894506681842
0.709250020826182
0.621378118580481
0.621915593361294
0.692464481906403
0.316211852925242
0.282775454956966
0.328441908062115
0.523473751784036
0.571698836158589
0.450940709698345
0.411931783570635
0.561955172565764
0.48378139700096
0.383428693918913
0.326261955042918
0.300068669522597
0.601788144211692
0.611530480902552
0.263786821967868
0.343633516699776
1.12683547471688
1.31896629729121
0.620543106120495
0.421793364253316
0.49330297184607
0.526397309262986
0.620110555779743
0.548881885973547
0.503843091140023
0.50178897327508
0.900860220513392
0.697852813071205
0.263651211593007
0.258657808134088
0.288374078825482
0.364650654312045
0.385694820522362
0.285848646047098
0.249524544558712
0.383461758472784
0.372325336430927
0.345540341597533
0.452125521086414
0.483239973596427
0.419207900323095
0.527150104849882
1.01572944663354
0.861145033261195
0.503054483419028
0.423008629411371
0.469057203732631
0.494102730494906
0.493386966267913
0.370950237076234
0.413412519830829
0.892903836309624
0.805102469278692
0.413951774696076
0.467550011373592
0.908053837511943
1.4841496654228
1.12766585198523
0.990129050288765
0.938079111425249
0.615949151597868
0.406256998311514
0.396911960118976
0.390925027072446
0.299136589998977
0.257994397050126
0.275824446913944
0.409379168515828
0.559285837088698
0.644850012309941
0.473395236100983
0.543894810677013
0.79719296895254
0.931065609142833
0.676027402740743
0.400586490562912
0.449783972416576
0.230487696522983
0.398576363707268
0.38294897345574
0.276807694166412
0.427705517783397
0.791753752310367
1.0460495151199
0.778805090274402
0.380479068072792
0.363867179602186
0.379808701320076
0.509116913973653
0.639255571337586
0.487726991028388
0.265419421515566
0.379510065620769
0.411168090117562
0.318112297823199
0.356014061128921
0.347549859786221
0.419287206766375
0.469265817287958
0.37208931309327
0.265564181275058
0.291889064352502
0.611855398470346
0.930277408090122
0.825040598830503
0.490215375866292
0.21054688344778
0.37962160173237
0.407745690706013
0.411030047740917
0.325289271781657
0.404973281861159
0.420262128991911
0.315189070300874
0.247897733115744
0.321635564239216
0.270804884661544
0.392442344774052
0.353381853842948
0.326105438922003
0.343133970660991
0.418284947100382
0.28395872895131
0.256171441392924
0.249625428433446
0.37411637088413
0.362118275017123
0.426161494626273
0.469802818046353
0.33384352959737
0.453068384948664
0.531849880942587
0.532003328926135
0.606673851439902
0.428124260960843
0.497946584260198
0.521586547967502
0.617018949819983
0.464321638364653
0.444582586856462
0.62200943228878
0.701041311924155
0.569644115091675
0.413584708779067
0.382530369168933
1.20795622126979
1.49059918045753
0.832094709796078
0.652170341987765
0.492224262613443
0.499284442465033
0.459799124355769
0.306642515977815
0.379799543412243
0.624060305061167
0.472888740549943
0.388556376109917
0.913985093016506
1.08603874102188
0.712307894363788
0.317103586476905
0.30222364327864
0.251715588476097
0.186133519751191
0.312974871214866
0.567559646806529
0.851850153223824
0.648904594875767
0.396103102950318
0.331274043127904
0.323722692514245
0.323784030640789
0.294193561024403
0.417048666496045
0.471273701964321
0.332149505640855
0.311124161367758
0.614252391325046
0.563467500279054
0.318437658511649
0.466396107539769
0.620644451102591
0.881908765630608
0.660673390182099
0.489029779016837
0.21942233346426
0.146185797570345
0.235758749079326
0.27344053201732
0.551271612573524
0.876049558453504
0.866074230618672
0.686165916288194
0.443699303694161
0.578421464661953
0.534951510822118
0.270420947757277
0.325562550271795
0.550796548688914
1.40621528913665
1.16478135508614
0.470252980621373
0.346206441488279
1.17710151900404
1.12639386241598
0.464416640083672
0.319898935213382
0.281315329060677
0.421547579660828
0.310625141460109
0.254578827943762
0.267064753741564
0.359707419371629
0.512645094841596
0.511374078540475
0.383261143738712
0.346862875145214
0.255961512045108
0.326197647434586
0.458597722173732
0.384900081226049
0.272403238355044
0.295878440516041
0.28721366903579
0.210250388967963
0.305206761300582
0.290135481507622
0.208144008386735
0.332161307270379
0.385641563873374
0.265624718908632
0.221467162868579
0.285592132250402
0.464659257543862
0.51755265594424
0.451217254955645
0.389095179246456
0.519315699954778
0.467656055245176
0.460068751055764
0.547982519710517
0.486065175936998
0.530485237506127
0.598720309408094
0.449003787727692
0.517878795684544
0.464536481264536
0.327157548091371
0.531390100508072
0.653097669214632
0.605288823193642
0.576511309663367
0.481028840495363
0.479050785852255
0.388389631738318
0.425507889611223
0.513007397121095
0.53929004168616
0.892785676417556
0.851563875936959
0.41044279798376
0.413001107107013
0.243301364656919
0.55503271666566
1.01144880380628
0.677920203088797
0.338230078399391
0.385226609345914
0.292090624900533
0.298632310106007
0.373820026711858
0.438009030111987
0.492453704758575
0.58263373202411
0.676589502216452
0.451561326956171
0.258834533361117
0.379558574444205
0.458944961618111
0.363305338460545
0.356487500248269
0.484541139290208
0.571329383262695
0.383976425133165
0.431815990523867
1.16429970886989
1.08530347019653
0.340933075813932
0.621388308236061
0.812470642869951
0.733236712899657
0.603657328435294
0.505693287172937
0.641889058000511
0.692126486777773
0.39915388427855
0.284328476109647
0.206262688991434
0.307830611016369
0.573495146798263
0.597277610535427
0.377606129826588
0.275975671584152
0.351079240875027
0.302283868930645
0.425051728813393
0.717285852393489
0.663332458089622
0.428145720320513
0.460524480160048
0.643096780513842
0.712700081911642
0.485227936147397
0.290994830594128
1.08893354884515
1.17399603099119
0.369308073192673
0.245531335272758
0.357624913790612
0.349351629558593
0.51670853442244
0.617220275288196
0.528212046116533
0.395657901031704
0.334129343192719
0.591219160966395
0.767009175675723
0.681684153669673
0.525851202978577
0.715258566690233
0.716612338631782
0.991177742505998
0.661308938877514
0.551863819771849
0.298907592062082
0.275416214952534
0.23177242239196
0.267898158098702
0.381873650546666
0.800386161778815
0.775389563523765
0.363076111617943
0.492307159264602
0.473259447246068
0.360907564347274
0.333843453577609
0.336688538462298
0.339802961332426
0.65518145675109
0.749563750662414
0.299009847311634
0.413713230032154
0.499868977469395
0.504400464233878
0.971215219925153
0.706661668766318
0.25079843516193
0.244051405701175
0.550627213002284
0.569575394211121
0.476976169943862
0.42323184287577
0.426458871908728
0.55527460589453
0.447074660424052
0.498764625068319
0.838192746783309
0.683362275210955
0.369502286756899
0.274060106132888
0.43051931039467
0.460003675075372
0.629261501971389
0.519823740867525
0.394954127303517
0.432795698246835
0.435358602114374
0.357461294529851
0.429353514239218
0.527346051636551
0.256953112647516
0.309317468559729
0.732446372862372
1.18524504644652
0.832326402560017
0.38186591166516
0.310811116275629
0.247237781734619
0.297991332215649
0.264190080511857
0.313007738726219
0.630574722708697
0.593711799222207
0.16594007400371
0.32202395966357
0.528473503730967
0.387673388785573
0.377648180205739
0.385410409038439
0.327507252535163
0.277500620550109
0.149853939800667
0.360088717208737
0.449237211957781
0.26588683391795
0.214519676083585
0.410107086156765
0.323997064039136
0.402234825395716
0.472679264664209
0.454387754704059
0.247764305044809
0.19897492918212
0.197625187004576
0.213127773697655
0.478075978480656
0.507121893845664
0.334054403051261
0.394862152213104
0.521543984903319
0.747848835234104
0.386436716388416
0.266060019809911
0.320250388045784
0.211081584672897
0.266877641556536
0.302281066545133
0.195136274642677
0.297901092709886
0.403223318845458
0.38352778600403
0.334378436397234
0.266395417577895
0.270309759540488
0.372126531860432
0.472500420705412
0.579292270843585
0.537038495011534
0.281431321863065
0.209086556991127
0.228864162775726
0.446843194374412
0.256318742735781
0.246741922518248
0.636652703217256
0.505517540876013
0.406265519866751
0.232572673849311
0.293511955904944
0.239520787879079
0.727198637427485
0.619520937992795
0.375201855782777
0.379853396749902
0.96525904478005
0.780181238302365
0.378032367718173
0.559608321405963
0.588305448384406
0.502259704685636
0.267013143032891
0.316449303165813
0.341454011076119
0.356449502920522
0.194191457000371
0.394908833499889
0.454006076101864
0.64913012965419
0.623863916980471
0.414298551818253
0.402877041736395
0.270799215040101
0.434435511002761
0.41999912498083
0.264692358208694
0.365939128205185
0.390559699280301
0.47406466936426
0.372997312219377
0.336641064129854
0.328172785493453
0.318812383496108
0.383186910350975
0.63027218380305
0.453636679890129
0.383198427424367
0.276946171112039
0.350988858953389
0.663399281960329
0.769775130776706
0.236801892291952
0.263858390415859
0.32188152807135
0.231772527794279
0.300618248932297
0.316528088258499
0.360774060943428
0.292403629703381
0.298579077487579
0.284107905373899
0.444786872995594
0.408627629773623
0.43636981501737
0.396144025092315
0.213598655550122
0.293220639779629
0.551908708487365
0.712966493665451
0.466576930484294
0.317536511901792
0.465212084708777
0.428627627575643
0.172112435911755
0.115612417947178
0.121653549502295
0.140839989839891
0.263089368244573
0.393506043777487
0.556361192639787
0.844395546171042
0.786187059030779
0.431495338512756
0.491019444663919
0.447217681221736
0.33599055451919
0.283066418335816
0.184412650147578
0.26543539433226
0.236244956544777
0.42538396369466
0.42569457373205
0.304259482101005
0.300653335329543
0.198391546439904
0.32250205948583
0.442687476090532
0.503972501658861
0.403835719831276
0.846959261628265
0.976203123704682
0.61141344456262
0.464347735800293
0.249961725927687
0.35339085481925
0.451582236403374
0.744295680492397
0.711349168281555
0.376595995903387
0.321014406241153
0.323348434291489
0.496466004891596
0.577451815291047
0.538444790441232
0.429298320204632
0.321972113844627
0.311086747819731
0.160228554308767
0.398932024869779
0.399632630147176
0.288216212342284
0.253397044732918
0.514168672130676
0.736850181249237
0.564339631140332
0.332114702861466
0.430097707052094
0.543051574414882
0.463545460058667
0.500761155383373
0.380793364635339
0.697782138000736
0.871502679190021
0.549536672391868
0.351550322910523
0.329232126550605
0.588407402690643
1.06235327859618
0.814116812481828
0.371241867045928
0.381170685120397
0.313844019170323
0.256228124467818
0.417030745076437
0.679998076009235
0.533491283883327
0.336553193488144
0.475580699777567
0.352951596111067
0.439468406955245
0.539331020714344
0.660570188983158
0.824633240690808
0.569390802114995
0.585169029250394
0.518540765588172
0.305702259211634
0.442910409893159
0.627509691516646
0.297797944888421
0.266096639318249
0.326897909700725
0.344498696937
0.308334359201124
0.329777310332549
0.347959009397103
0.441211214080137
0.557876819753408
0.235068211278212
0.422840133546795
0.505504718217978
0.496030536237104
0.400021645482092
0.37561911548307
0.217358308341021
0.219819346845186
0.286326771597214
0.247756276476884
0.382289805866621
0.467987420758721
0.331761213302242
0.311583920375106
0.646667386831154
0.690573538476981
0.406254056500535
0.363041358420123
0.460133209281883
0.363486060340682
0.32032930733713
0.219164757245719
0.520518455668862
0.643133300316084
0.525042158692205
0.285022309259339
0.274552383718239
0.294633274221032
0.288017444115134
0.362482053250153
0.463307328884655
0.301374807247647
0.452136264972125
0.60736492116417
0.380523577387808
0.385448369165916
0.727254342636883
0.664806128287016
0.259358521467631
0.287552802756832
0.34736236405643
0.654732262292316
0.854962807825551
0.49854708074931
0.412377640158054
0.499259254317511
0.4349719818456
0.502544817342945
0.609639432596619
0.624949996128656
0.76225159787371
0.498382645745395
0.561752914762992
0.575212354346948
0.635887285350588
0.524861423275983
0.224798675887435
0.229309601290394
0.32318012936894
0.447654567096984
0.432297576611516
0.549784355207721
0.42321326663726
0.217271936666112
0.25570159646661
0.320455986160548
0.332767555379221
0.553457532883079
0.428353585450025
0.290976137751323
0.3296392337056
0.189492491195363
0.172535474027537
0.297923183777668
0.22733799620223
0.384074642824936
0.38103006035078
0.48755320969077
0.42759458030127
0.444208406645611
0.344826142602444
0.323742760409763
0.623975418485078
0.676995182603899
0.279515987237109
0.106714099851172
0.288923300551749
0.632302951150012
0.43819418874238
0.549936529398942
0.830089297840409
0.532415706030128
0.353417736034458
0.35960139949851
0.208337842284576
0.234779541778828
0.427432505886085
0.713125411775121
0.44154550436224
0.279449507697069
0.274577254578432
0.283233581969579
0.693731515805157
0.729757737012658
0.564212551043404
0.318481053098223
0.153899827339448
0.353234716375785
0.414746116984169
0.435185661280355
0.330524400783838
0.184282421145106
0.451806461095052
0.369414936941601
0.44773069057634
0.40943981179748
0.325465555601849
0.328882986773517
0.408612177790436
0.452587596005177
0.367386291043678
0.30405075114949
0.353842642940983
0.667669591812266
0.604546917524915
0.516564755285232
0.558796249643479
0.366187343757536
0.202426354002592
0.35531664747547
0.556457265503403
0.327227579805377
0.287713599047167
0.307620163816662
0.414225814369619
0.670035905023054
0.605314128424819
0.268297672328407
0.292280844836886
0.332240442725324
0.54449266187076
0.478186427308192
0.347262967320374
0.404671992872488
0.347057076435102
0.19620011981956
0.439592645981009
0.576441304610125
0.435125381699451
0.289530769861842
0.267089908290854
0.224239027681311
0.254758015831862
0.287757678674828
0.396809104527996
0.451987590529218
0.252839703047312
0.196229142509105
0.341602161706221
0.551302698283211
0.244631335188199
0.447897434487885
0.43317117084314
0.239892461813576
0.326663353743183
0.459740133491694
0.527254095211605
0.312935874504777
0.24493321440176
0.181534547741342
0.238991268018718
0.36210904190645
0.328553068688525
0.300049779315935
0.348422741404831
0.504263566638155
0.490825908302816
0.370526196208901
0.410488937663101
0.61935514589132
0.351557852523652
0.381050716889412
1.10397607188002
0.873601838317385
0.514023583605762
0.462101546557575
0.227502638141931
0.378177943976369
0.532844530361088
0.765509081753939
0.993512048689276
0.898171712888235
0.352850564478446
0.473862959594172
0.863572813609516
1.01463077841618
0.971929677420906
0.958450513635639
0.714995904434637
0.433276000634622
0.343228388411677
0.272493173098231
0.177378226035718
0.451107371170072
0.606627272156036
0.38267152005613
0.383584507631003
0.496914443068952
0.457376536775089
0.442710738489157
0.533315759301304
0.298813764901355
0.42575378535198
0.626932541448782
0.262559470360945
0.249621402581371
0.213403090578834
0.18957110372977
0.219803750492782
0.195113237242125
0.148304004499229
0.414474713150825
0.472341305285898
0.239908751285869
0.442777606710533
0.796183801369624
0.562507187803927
0.777195127000306
0.445320655719662
0.512591151620774
0.407070276386803
0.351360099245077
0.342835968682794
0.357790730762374
0.455165709020543
0.46891909946076
0.726672228253148
0.734150393438519
0.530489747763032
0.632704924898645
0.431191018236378
0.285403195298334
0.559519600091107
0.759082358934427
0.420094201073648
0.370448609767299
0.395455027489068
0.319914122738515
0.505680469689887
0.58143675896319
0.231920623062208
0.424619299197663
0.471891613035708
0.311983597397782
0.277292886051433
0.475183320130554
0.393575531991488
0.25647404062959
0.415088539419682
0.74000922008594
0.458799049582819
0.362908064549254
0.286381009238678
0.606970373192244
0.324210858608374
0.450588877835751
0.404708208244036
0.201861095110735
0.242334456337505
0.419821137325358
0.646874135837546
0.320690815590638
0.281206801002217
0.283940276596659
0.184492499768441
0.613843109430352
0.859599547178528
0.753220130027247
0.290714576660927
0.372843510114487
0.372336757265862
0.335062445006783
0.354628171033403
0.295942496467671
0.363613046216592
0.21462028352752
0.324724699649259
0.737561757545528
1.4566745334502
1.08203806299172
0.905019059574087
0.646470148695759
0.429649743610874
0.365142019026562
0.704078573944297
0.899817140994517
0.764899144099223
0.499609729842609
0.351391316890404
0.335933167911554
0.287461798730481
0.273304215385342
0.198300649960447
0.261440555773736
0.278966850313209
0.218495481750047
0.244764750503767
0.273451048255818
0.245184852362593
0.35983678924455
0.397248614048718
0.538313058696944
0.631347676267394
0.677202197166551
0.507430378646968
0.367286053823344
0.361392983141665
0.354341301123461
0.635747006951406
0.629829211667227
0.443643791963115
0.460240784556092
0.338955408916969
0.357508964414802
0.372736473612078
0.378905029240105
0.345234976825442
0.473566383900825
0.45184649629544
0.461159587445053
0.959152532131778
0.912422712749407
0.613277593912983
0.532119794095062
0.547189019414594
0.381962976524214
0.312788043525645
0.284386372741482
0.308305036622532
0.392456073290462
0.389628047697763
0.378678195296697
0.399140589333189
0.376923574868418
0.586852612792103
0.46550350619794
0.528229305510137
0.400956607278284
0.225308369072923
0.310853555689215
0.581253784968094
0.266748403669694
0.251136112888106
0.280540947404891
0.232958148458125
0.208926852755126
0.229506392655163
0.289729854539108
0.18350303587474
0.218629108908126
0.261861480701268
0.254126071388169
0.26637152471321
0.305297721003114
0.240308136986664
0.276320810458078
0.575189525566241
0.689414404268758
0.361139139655769
0.296592839162052
0.298680450776243
0.799904883316589
1.07313690862081
0.701575287505487
0.337995650231598
0.23720253738252
0.177539135688334
0.148490307910096
0.203878983058093
0.908407231952172
1.15760228181506
0.609061246563976
0.666424232634331
0.598379282862375
0.469994993899474
0.614500640386474
0.761520382222737
0.498072391693557
0.510545329159093
0.327819340521143
0.217246762979026
0.118946259263187
0.232844780455027
0.321222940589599
0.27038858988507
0.230891207751709
0.197411918463382
0.173987305405108
0.214466676181647
0.211732674124545
0.168524550193356
0.209794721083233
0.245400245494001
0.266175389747371
0.284284164853837
0.511519692127265
0.634501981900131
0.577430081839182
0.425061486115155
0.560410323987921
0.476654847227647
0.615784315586941
0.510615371164346
0.467159116127586
0.47135030109482
0.564922815432841
0.365737262981138
0.298497757905044
0.256950981545605
0.940961456739841
0.955580144502544
0.436465424839491
0.686384352310928
0.352002945101064
0.163440690292885
0.207229086511394
0.207444445033788
0.151757380341981
0.200103754131346
0.204178913314452
0.244217883081047
0.311060770613355
0.491169049436739
0.626390333059268
0.436067944149944
0.214060208489615
0.213085055781466
0.746199630067828
0.909137789659187
0.385562614894909
0.269636723672899
0.274034779960286
0.564208116587101
0.683292632944942
0.365637247925466
0.302548654179348
0.522150959998152
0.572304509635597
0.374172457569859
0.274744477017999
0.367741502746572
0.36906648849953
0.410359661962181
0.60851977215422
0.685575331454498
0.665212283634577
0.685651076038435
0.593803244652649
0.50891872727064
0.472701198146326
0.538418774831852
0.3638635396386
0.355879670796678
0.457126260952311
0.381433503967613
0.210497482459312
0.162714371924378
0.15102973585949
0.289148744150869
0.364809649540581
0.268668346861792
0.288740487240284
0.340570111318969
0.313047799059036
0.336275838243732
0.205424018897037
0.19339638986033
0.201840479318917
0.166213103189988
0.304046984243739
0.546488833025863
0.449095525536539
0.235249227027199
0.234331569929033
0.350282399283098
0.326895059214951
1.17626414119344
1.27306485100818
0.42858223789631
0.325814008966756
0.278058082168872
0.183090771734292
0.194699117344813
0.19052987340173
0.334031721811291
0.438239024801631
0.395706956459098
0.479845626151735
0.438932081952337
0.440398113654231
0.322476435305435
0.293269117078049
0.381272737630255
0.33594872601099
0.310783422500477
0.525622114183916
0.646909825354955
0.297405844242971
0.247714793986591
0.288546779437022
0.260777654139123
0.275585463227073
0.193463493075319
0.246193876630944
0.348956445014937
0.276278928006079
0.269850936392205
0.305815935136705
0.37204031435747
0.447809614005095
0.254731918012394
0.314783615491141
0.279888056453754
0.195308169453761
0.325907094628999
0.295236916120761
0.288967735805242
0.448445152306315
0.475227808376962
0.308936284652509
0.325284348883698
0.377340440805165
0.205876181073905
0.246129444743977
0.492882595741323
0.574267550443382
0.348647557627195
0.458139058154863
0.643281454480936
0.44405939166845
0.32991082695919
0.341583185411235
0.8240911775232
0.83246789578705
0.320565303480789
0.405865630569069
0.512961982658539
0.615457812309858
0.57464244277379
0.363851859180421
0.21290851611106
0.23836075321499
0.39990209774081
0.627943030941317
0.466419712039706
0.21940986647099
0.217276868955162
0.302652213791167
0.329116040981238
0.280273808339614
0.343780716089633
0.340089606921999
0.371038759676218
0.28377081914194
0.180618704907532
0.316501031141686
0.373694377669678
0.769215865111676
1.03450090464775
0.718092973510658
0.451979667132606
0.32670934250397
0.305527585832462
0.452008727147817
0.316785583195576
0.44597874857121
0.314614454732012
0.238850797369305
0.372106942419154
0.694799161019423
0.76835782943706
0.703708163228704
0.975035667313626
1.42300594248544
0.976330555051383
0.216825632637535
0.255599603635573
0.31452961024247
0.26303696740512
0.308558636496679
0.275172844873417
0.182386349230157
0.259829839169444
0.476932620094907
0.852131568472283
0.565787243032461
0.335283477534507
0.402684541512854
0.324890947308146
0.280233186876566
0.266686533662561
0.267744015924099
0.405202354420793
0.44702680802751
0.302597435872372
0.295704454019608
0.35626489645149
0.597957529316182
0.832838289285745
0.81038312941132
0.570107251979822
0.395952765408628
0.362414471661744
0.501776021830264
0.55738056295801
0.50035757213603
0.339061902066807
0.311505847836778
0.208894133880729
0.21906440655129
0.359535799428549
0.387324811161867
0.355043588695802
0.26281775694132
0.26011096187366
0.320484223296161
0.337940459806128
0.262414792660915
0.912490194501957
1.19729368101203
0.733922640008995
0.628805122337731
0.55978233413236
0.301617559473807
0.316792808624691
0.305834400214136
0.357386586741951
0.494215289968089
0.579448878693514
0.688335888119685
0.511202099379727
0.401576422790939
0.247080338760404
0.211392544447165
0.274807828635102
0.324693507246048
0.276323722836433
0.24511769736407
0.409037601244907
0.756710644334276
0.736569189892718
0.707645267052097
0.442936056845839
0.386195548595972
0.390028320650312
0.367367176412897
0.271531966557484
0.269727477022266
0.668985907913337
0.669149151957204
0.253707551908039
0.121055964015578
0.153214186724271
0.198673583814587
0.287165356617031
0.340848616517212
0.396690262475922
0.447612333401104
0.241301955597092
0.292665437932214
0.479805503219094
0.617310895719845
0.468604817785158
0.328451555722601
0.268235220984045
0.244803356106312
0.40881878149221
0.466536134528086
0.40151830443755
0.62061389467107
0.373043739828516
0.799149011229886
0.890347000695106
0.464633583419173
0.218088064450351
0.212696323371741
0.192583792478435
0.271828234232376
0.343975072179402
0.36410584694028
0.415300990464022
0.783950424156497
1.0024342361643
0.735667435418233
0.735569589662079
0.567103982873143
0.498453206645043
0.409607937960081
0.395926046690974
0.377553640668172
0.489254933453214
0.678823952258685
0.505134885090491
0.246812624777576
0.242986293817834
0.24654107793532
0.306560014914749
0.341084164556455
0.376364861006052
0.407584655986411
0.327230187078039
0.457058938792716
0.421349975859675
0.256315912648134
0.39403634115998
0.584103443589419
0.419133011015623
0.298372100499966
0.555280468945519
1.2490840478518
1.02577189036955
0.39687922952671
0.348471995822326
0.274909866725873
0.46744486163342
0.573731302850877
0.355117996816947
0.306422616963945
0.275481015867727
0.317926521230581
0.6234620827999
0.686894807387606
0.354039102433373
0.248889765909228
0.329684025939867
0.571170708655222
0.46089139518378
0.310120893031176
0.278657297701479
0.31798092648271
0.477936056177244
0.699242380263802
0.98082465601346
0.919653842829435
0.712676611441442
0.684074701012541
0.433891548949971
0.276178887762571
0.251538109000118
0.231147919240807
0.228142047086605
0.289153189373348
0.219074711377817
0.334239619463154
0.260013650520088
0.227595951510527
0.364291255125863
0.454788918123889
0.446619506469534
0.301529066047695
0.222883509983479
0.23350029554134
0.2404498370939
0.244029085733356
0.4505507185263
0.613829792554827
0.440090461177519
0.528044084817104
0.742452229026571
0.65469620990075
0.384986953613768
0.293661372087916
0.404661285109113
0.501393262621079
0.41926521254653
0.325021283034585
0.33885845607231
0.341936901221947
0.311586172903102
0.366869862994669
0.352269148919445
0.291643948489064
0.359529739730275
0.39040259263848
0.303954931088286
0.317872725717501
0.638565048843421
1.2567365379741
0.939493650009915
0.669206229819334
0.90224141716592
0.876769515056681
0.89719424286934
0.69395125807645
0.584541751340049
0.534468106643896
0.47956955087005
0.457119018873624
0.352842984225417
0.333520629569539
0.334473566192357
0.387413001576356
0.411289305499967
0.48106229800819
0.342491171398414
0.216331281127699
0.130517783982171
0.296230183517568
0.307177197774462
0.871917977808242
1.11075100386105
0.558293452295846
0.593471017744896
0.462172072551988
0.487734453155067
0.322781912484535
0.209109384848167
0.482301659575729
0.458324894958656
0.341206876277607
0.434081343912519
0.408605343859549
0.479959191085996
0.441184239041597
0.372605198817267
0.371841138182746
0.235562424187401
0.253185274213497
0.278686919529198
0.306911944911585
0.309217217623191
0.485940763823984
0.429852657715849
0.256032948869246
0.566628332459971
0.596121578050338
0.618700975830356
1.27963927708582
0.915461599060315
0.566416531227969
0.461361099925157
0.25761068875649
0.204594967185466
0.266897228438321
0.430101046742441
0.282661392324479
0.270980968182191
0.241037857546241
0.157295943366477
0.323916018184122
0.379375455098515
0.274894914637784
0.380008396574547
0.663574086556245
0.71405962094986
0.698961084433937
0.548067267307677
0.233221821644767
0.198389746326444
0.278881586109785
0.513334432273303
0.471606654084173
0.396620585892692
0.547290182151613
0.860576153812611
0.674038778392536
0.462157910437147
0.454572856282288
0.397110548369057
0.216505278005315
0.150511340933418
0.218427481297964
0.23916026640568
0.230698801034184
0.761993584735772
1.02009833432989
1.09958095485801
0.652961460683379
0.386853638406439
0.432855209545
0.4501067920071
0.71282647843931
0.62741788004261
0.817136647244729
0.906520329259484
0.609114940961621
0.793188544614986
0.735698816312885
0.334964872276455
0.384754400018898
0.28428653378944
0.322423045506475
0.320370317687514
0.301962749170892
0.338492375926509
0.587935333808552
0.619637669097281
0.392811200417845
0.274867602087512
0.330815345448469
0.31938051807268
0.17630456747246
0.207212447337379
0.311161257583479
0.362900486314542
0.434204196195861
0.519578745290642
0.524619811171532
0.424756475891417
0.487736946190875
0.416804972544127
0.322456102214399
0.379912748060756
0.768738999025033
0.970376245062267
0.638221412524539
0.631785090342697
0.438799967302962
0.35271964285265
0.480030052932085
0.478558857395338
0.3957398033005
0.687964464956014
0.581950521040954
0.428159981745147
0.318963304349321
0.40258133427931
0.539543128625966
0.464314632164615
0.331030895783345
0.356023967799044
0.455265268990094
0.36038120738277
0.58114435160234
0.841373542576266
0.698203054022769
0.422685862768339
0.453832739272988
0.474334154705577
0.342355115236016
0.401643736925891
0.540337433879438
0.7078611976583
0.653726456763388
0.323716315034581
0.384457212320651
0.588644188212144
0.762087831429486
0.530107485042646
0.26531219778837
0.255464801134363
0.250628067450673
0.259075759762845
0.22539034739025
0.402848746436046
0.522179993352844
0.474933223189098
0.697019935349843
0.644397104535448
0.37722152422831
0.393023905125387
0.525203107371266
0.510158692823684
0.350060919939716
0.315817399610352
0.391562772485478
0.687883050611095
0.787060547833967
0.455086166076542
0.350134724284713
0.336648920283653
0.736347477099376
1.25115508188925
0.825027040241787
0.286025249376394
0.21741056284013
0.325719393017791
0.388956863221183
0.227951069023797
0.27098253802318
0.37538861202082
0.394341939648157
0.523691514364311
0.481137658557207
0.292854027961195
0.24540588779021
0.331787945024617
0.418133863643083
0.337508966353954
0.247624028157855
0.2606551055496
0.336572517070457
0.621329065298631
0.950061002381678
0.612560146468296
0.354298894468655
0.612890626853011
0.784464012903522
0.752996678209033
0.578486999013322
0.397115091588149
0.244339764691072
0.268986650547294
0.294443629479647
0.546528058027662
0.465747359230195
0.347343039610962
0.353429440488558
0.3117281206059
0.365766067917039
0.490624998875036
0.298840303010859
0.262504968708274
0.224993060038626
0.32664825418292
0.318854968665308
0.287478876394816
0.480033529628287
0.467468370901373
0.364770720332049
0.549751517980025
0.541802814971147
0.784419112574112
1.66839108884648
1.71616363168271
0.476236542516203
0.52748227065362
0.443409988127806
0.443442986022609
0.430400669992259
0.652928452307892
0.430828565030655
0.243059434415293
0.409471726461857
0.662546231349434
0.650952737405132
0.313751644630701
0.80705952206552
0.918707701508285
0.405664649867773
0.176090583223715
0.331924464228772
0.717734122160209
0.796696946238385
0.883980765970592
0.602288342817786
0.387410947704613
0.378685545358113
0.252877348154137
0.286326293022627
0.436133196214352
0.565018275333947
0.492834437829855
0.431185479264175
0.314887518738607
0.335482323711415
0.19739550381833
0.347300847708588
0.360370509338228
0.33535724306619
0.345341798769193
0.330969780839982
0.356887117660768
0.444623041239313
0.499884361105013
0.413409635553318
0.317165192256684
0.321685341414605
0.282442635690823
0.401659911446548
0.388367950861078
0.470201312879124
0.651528750495234
0.472262552811472
0.247126498064676
0.206654576304654
0.346500748956581
0.451163702338746
0.760755898554468
0.621837931515519
0.356193312522181
0.412379542626855
0.487838012044765
0.470463499762039
0.476080029821374
0.409904708599654
0.245960624651084
0.310734292312263
0.486359298529533
0.408600435352049
0.383038636476214
0.395023856425359
0.456918220686734
0.672287042318731
0.570815111203996
0.409144151244564
0.366230239353713
0.29842252733525
0.387419198305942
0.323427446648638
0.309467794824517
0.342133592910804
0.215654202116221
0.310889359155648
0.359605447946671
0.366808632733502
0.588637475505362
0.488404447670202
0.274972161785456
0.375541360928865
0.393808445893146
0.380789922583502
0.602834768701425
0.934685461804348
0.746819258227341
0.482557973554767
0.449946825693832
0.344915404588405
0.337318233918586
0.3354129290407
0.558998338344856
0.729318349055184
0.570178934067909
0.563286207834301
0.443506261135963
0.538405452458332
0.66793088504297
0.457467382922501
0.290696323057503
0.285425474554082
0.272408455371284
0.319646382078911
0.461687045705477
0.627017117966931
0.30260513350912
0.264251782540955
0.468576801577743
0.537429724240344
0.429748048030791
0.41516742348303
0.361755294816744
0.294371467165229
0.363378307858005
0.441972768832483
0.424811774863279
0.340448280448961
0.264402884693645
0.300037195731592
0.328087843742823
0.38445961148855
0.64870724332477
0.883369563810755
0.656367840819193
0.526638614126691
0.525237810995534
0.578955137593702
0.614770043525781
0.464416011129025
0.437124284932651
0.217962389506606
0.489602388353776
0.643887521828819
0.433906721746405
0.269859220552179
0.268209432380442
0.216580587838705
0.20981811372738
0.338617148044991
0.369351954794239
0.325066915803627
0.328139135658949
0.339579461795373
0.302400643247388
0.274425908411873
0.300097984955972
0.401933330087833
0.45395368246374
0.58948995048287
0.472851169991369
0.311857066553985
0.515744800909207
0.457323509589066
0.386983667953376
0.353823185131412
0.358832783956577
0.523069316632572
0.622250622200997
0.760468946853611
0.492140707837669
0.256282689711557
0.509009416329941
0.479317545750213
0.341174421586772
0.290551648949228
0.258247118594534
0.251723859368498
0.499850990268056
0.809782756447871
0.495789453428136
0.27856748677333
0.308497622775953
0.306716501620244
0.233788593697994
0.236388002466104
0.270058547611328
0.218580630313965
0.280713893402587
0.397286757693196
0.418801013290012
0.389000540084136
0.276389783756083
0.360306575883461
0.423499120996633
0.604503343770994
0.906142519308081
1.15669050731196
1.7048054924595
0.5782898370654
0.666245283319189
0.6874048615847
0.509616824867604
0.62051387166907
0.34091202794128
0.296526822618324
0.6306127374167
0.769327083621329
0.473802155466796
0.257883820832516
0.313942952758903
0.43295654522287
0.547587177087842
0.646061144869583
0.596589875313571
0.685980653344394
0.671076510537838
0.491981482398178
0.468884687953884
0.29601814664219
0.478320054630891
0.547361642792164
0.324653417707126
0.285543821887685
0.848729029390551
1.27665617108545
0.531288933036053
0.252696607693457
0.369758113123931
0.447295884105736
0.420610284428738
0.364531104370223
0.324016575857902
0.497563050113176
0.589084183938414
0.527260940001277
0.413336541779336
0.579726846717375
0.589840647138956
0.530406824558802
0.570427881032225
0.706840394264157
0.298983175320467
0.40583092115646
0.730908707158224
0.901541770549931
0.640532723538746
0.31509454983395
0.226250251858779
0.360550142194828
0.382702226865689
0.311579819815474
0.370601211520963
0.422710654861765
0.408917368238639
0.619545784022185
0.736270781537323
0.846904609033246
0.6316325241422
0.327780145116317
0.747679632709764
1.06981384990334
0.752193904053159
0.453606864062657
0.246685867939637
0.151680133029315
0.281236928949687
0.562686338168654
0.683365208010545
0.607823521456841
0.772423814262659
0.702210509413393
0.608027336913279
0.462223484950605
0.242697903511706
0.520969591933925
0.687732846673861
0.435406134926882
0.185431407731061
0.259691315479505
0.303363855139784
0.460704846470905
0.517270489032587
0.424299937600109
0.341959159796069
0.409997322654402
0.533967104820499
0.409851631573038
0.381814136017442
0.327378667799668
0.318074801027525
0.355851425437582
0.444725433554916
0.536179491291663
0.493605377399118
0.442493808691047
0.344302607982302
0.448537448197864
0.456379558036155
0.279560222374902
0.258894972244199
0.282962092230692
0.334781744817664
0.307723734873069
0.341559067484699
0.461470731066162
0.440376526974436
0.470800739570877
0.567266657549927
0.396533863177366
0.349300536547104
0.326106090008124
0.342576575289695
0.331305747881199
0.279554947013651
0.344003645243345
0.49286866862948
0.624288569348236
0.911572405104435
0.88958426454234
0.624297796118162
0.359572082544686
0.261608323972324
0.241463916549532
0.210148549437916
0.175191953387483
0.366444038166905
0.603634079159938
0.585984313835744
0.371896266704761
0.393811327585262
0.359429698248957
0.314960596423344
0.446848220836463
0.600275528170125
0.353943248936302
0.259180614600903
0.280946303269435
0.607857641137434
0.757917688944287
0.436441917796745
0.251000107372147
0.264961365997017
0.602037146527078
0.613814482092178
0.33831567598546
0.410682894596574
0.472357789209804
1.38020091786563
1.27735192622042
0.404709721129694
0.2033884412531
0.224161233796103
0.245826977088787
0.28690916358015
0.395665570780887
0.515361453488545
0.809804453480313
1.02796219010927
0.860058125231435
0.714014092014185
0.836932423892835
0.641138649750228
0.264060513106207
0.252562931406785
0.298201811259471
0.248984684682246
0.33370040528542
0.283544042832647
0.272966144780787
0.360125022112636
0.323564861002659
0.510125429756739
0.22201953586898
0.164403784709091
0.29125066436876
0.366548902026387
0.323896764309819
0.316593926233173
0.501131124984117
0.708651639993312
0.595483037790923
0.45228920684664
0.508561840875731
0.354579402229023
0.584077893257563
0.454698966968761
0.398787358287391
0.63375142573026
0.814903173427404
0.621861049490163
0.412962402201377
0.927974661130002
0.858080249578632
0.249631911158382
0.334090074568765
0.407064404454642
0.41516544130668
0.828189400475544
0.741214478971391
0.32986769733877
0.439097266364176
0.848877494775974
1.38355725545882
1.23564969154348
0.520797299771726
0.721643708410478
0.600464921671114
0.589791893997242
0.489126895766927
0.238680028586176
0.31444667663381
1.00893022000019
0.564246245172002
0.434407401826368
0.255216505297832
0.211302562585902
0.28741212984403
0.46300708343337
0.692935801419481
0.57580507680411
0.497784996694838
0.494092457823089
0.422110403772361
0.428051406102196
0.358212595796648
0.438776261894227
0.512233945731599
0.456531453635831
0.422536615230499
0.469353066116268
0.968877941122085
0.919710524493649
0.350605987623751
0.394391531748236
0.258552537799052
0.34988013458749
0.375747653769113
0.512896034803279
0.35954979163342
0.384757633686924
0.321471617707437
0.289303039497611
0.377548873746716
0.513193824474178
0.974275729737781
0.941947157663468
0.536496478295587
0.55928485518292
0.253465084312775
0.35913220648612
0.35530129542252
0.56740501021195
0.686467515772724
0.395824086424721
0.345737649356679
0.354430956430092
0.30209386660564
0.596719119146516
0.722652964806576
0.429437194091514
0.769860602536101
0.572475862715655
0.374540238676022
0.399736985933461
0.387319188048001
0.648493964514631
0.617917010594522
0.445343670555789
0.434826278748976
0.299645978816585
0.498470362156452
0.565634820025862
0.436409360113963
0.29240172761616
0.319651823172425
0.353196978783155
0.430632334444553
0.535553534058416
0.443064178494704
0.385662769599611
0.285519574485038
0.421556282052853
0.686469562192843
0.612831006716714
0.719186258624829
1.23810756427787
1.61317810015967
0.830368856914067
0.511809965847604
0.367404770311128
0.309535171244932
0.369998922229499
0.332177741047113
0.397335194867204
0.540960774768941
0.698756177585343
0.608192581926449
0.306628555680487
0.197266804092125
0.206516883472254
0.20599874478788
0.229510172137619
0.56975907512805
0.501791877032185
0.61649818274656
0.496275548597733
0.359304043363071
0.792046113338764
0.976834670617341
0.399484046747719
0.291378678771906
0.330270326559751
0.320259335565646
0.264394662982183
0.25037805904675
0.333451499844056
0.372240063750647
0.321321545328193
0.475496254757861
0.40622763086913
0.253374529083489
0.322024357632854
0.254990715412315
0.662181101752093
1.05034858337775
0.644144646937515
0.414399513379068
0.442721440445107
0.728234073297981
0.90580456714422
0.462605012565292
0.278325049601751
0.639683883412911
0.716889897695641
0.615246422262235
0.509526133953082
0.385109175613453
0.430736833954456
0.384837035457122
0.535186074298017
0.756874506688884
0.630962498564819
0.37761958161923
0.553187524433151
0.747616389748023
0.471366832151961
0.427210966020792
0.449007898703682
0.270111175674439
0.35169004969529
0.411423466939674
0.431205697508629
0.208785452295511
0.108074112412255
0.24947405887568
0.30595807216356
0.290014931334614
0.284657495971297
0.313457892408478
0.2889606224894
0.224605041604056
0.454067291328116
0.312754538381123
0.238680338219811
0.337421415678066
0.470597440645486
0.363166545504339
0.310740366422514
0.408450227091545
0.481967846155458
0.696560027770379
0.515449777451403
0.310999170015514
0.581502136586592
0.45886851598045
0.145679719879237
0.234320094598209
0.400198101323362
0.210647320973715
0.216204254897183
0.54836639285197
0.697485228653165
0.312037597401709
0.718242515054283
0.952835274915762
0.625132798196382
0.339276406330179
0.390297713751382
0.250750920300163
0.354630916521105
0.567192241797075
0.621737084509319
0.56139428436816
0.723814287927702
0.509164082082811
0.342077361398717
0.261239045554512
0.333568903459937
0.438324001640672
0.457529100620465
0.317694666870373
0.419898488356274
0.763197587307216
1.25817633065465
1.01361057523473
0.638120094076317
0.513621093350975
0.550354415224122
0.631743638866928
0.263003621500936
0.275891721930826
0.413482424519528
0.43869187549133
0.481377452403026
0.435899957700734
0.569505834968961
0.754599258109558
0.698969093650142
0.593079585759166
0.727347008024718
0.768216069995333
0.300538961958806
0.291520209197092
0.500855069628046
0.451019510139501
0.371667791379063
0.306951431213945
0.246737179683809
0.271692868490272
0.30861000211738
0.38603340310692
0.313305279351399
0.426335443613651
0.383496757944047
0.339094802665139
0.408456496353888
0.438789776340649
0.406581809492975
0.28225220453062
0.255815658692136
0.3650257661193
0.412469885504689
0.339714662707263
0.45802818278432
0.429849051359183
0.626702965371496
0.423823989650596
0.280016472160798
0.322721831700057
0.32086711161059
0.388937982270863
0.834711771647049
0.98660566757517
0.503117657286686
0.30780828261003
0.542403272876592
0.483183116332776
0.296144491642579
0.235952026017932
0.85331047799641
0.852440514938694
0.438959018532278
0.241264665332904
0.23386639535338
0.267518074890324
0.256295626484159
0.295674966651882
0.315412310981687
0.237420861401883
0.369061577452705
0.467479066519709
0.630627242309281
0.427156632230871
0.339366838182395
0.201142170180926
0.307206832182573
0.566719766798106
0.338754165870288
0.398980997151351
0.298730928983674
0.377694295963042
0.366352102593714
0.240423729312652
0.33957666943431
0.294661596507431
0.243861265741608
0.362217970677625
0.428133282245695
0.382887630099278
0.418545411827416
0.377752227591877
0.266051735245085
0.290749259382831
0.305747988225999
0.621707607888095
0.684294511083445
0.461273070054329
0.452155936271543
0.574059784470343
0.805525036882432
0.783978591774534
0.622646848533191
1.04575304005993
0.792905373892961
0.543479376437333
0.402578072766206
0.41322199807179
0.50698415358315
0.295161188068519
0.307027644397117
0.244955238408268
0.218161002320234
0.346510422874327
0.277189514008013
0.15930867427197
0.183959246979983
0.237279354436223
0.313412257538989
0.374634158837199
0.234969335505588
0.209048992428054
0.295941791774688
0.570085398467649
0.489094247055682
0.388162622269066
0.349124600543562
0.411425707854069
0.384659900067169
0.539779204448826
1.04023594355339
0.579285505875846
0.405129916783085
0.502888464363778
0.370004615154683
0.558010389397795
0.658665224159617
0.384664684143746
0.317152349314169
0.258551742028523
0.305634560457141
0.221891230903435
0.202898128806452
0.403352743046871
0.420419226166842
0.345463981379
0.429540624515244
0.555026629379453
0.428075559270748
0.390444293426828
0.755005531751292
0.745715606303884
0.319998793901567
0.281156493438929
0.414567197372595
0.366187410124655
0.351619538947575
0.376100071528291
0.385217709497548
0.574086408349985
0.595364600243822
0.307767558166587
0.274035494010493
0.322266589330772
0.388827940926312
0.482570656076475
0.487433858159583
0.502734858734197
0.443172674390621
0.355829084132605
0.502900665862997
0.742004302777241
0.553490367980028
0.367558668046858
0.31033789892154
0.337719690278143
0.614087261437533
0.492733886679371
0.353352981740136
0.377314016465665
0.343319981479607
0.524805165436201
0.620117421753098
0.326293827329357
0.315144895777817
0.223771479406784
0.265895799648461
0.215210808060402
0.150619828760638
0.273404553934112
0.341501877957775
0.442436847560714
0.420969844538981
0.255304714769799
0.166072684363469
0.19183428606692
0.310925795889021
0.40629771215225
0.324103940905447
0.364289567605448
0.417739771281454
0.379874290768694
0.23388238013816
0.209938495678732
0.45129044964414
0.393873004845037
0.267211085752048
0.346162383931691
0.445596836667607
0.219593135601459
0.246648641215765
0.29861505587199
0.510058484958153
0.300910777079488
0.206766292894233
1.03011454716062
0.976151232994719
0.728791064589281
0.764545238390355
0.882132985377106
0.945754336205594
0.5214417465943
0.734972874173594
0.499590283096286
0.191123306394605
0.474783817072617
0.430210420283258
0.290707264162609
0.405541563775621
0.638618907204964
0.774572189791444
0.320985908635957
0.308269462688814
0.262830394741247
0.392354223370022
0.407627449730145
0.383856239652927
0.386395355762822
0.268768162780799
0.170821729156944
0.476955232980334
0.396457070206774
0.268815978550836
0.311363500643508
0.389559619902598
0.383808247047058
0.335011651335477
0.485698857412598
0.508613911956879
0.337364817931325
0.380673160223121
0.58056446391145
0.486120076060993
0.399334501431495
0.229082542104296
0.271514426609887
0.200878956182594
0.286208122093622
0.668236814886153
0.556551017849476
0.352303986631941
0.333232107675228
0.36899281169776
0.35071366468601
0.482323583848997
0.406670189948707
0.316305085253469
0.219420722277935
0.351671547151149
0.638434312038413
1.07728423117341
0.916535914324661
0.221086694278445
0.329754232288587
0.44120893855157
0.491036154802046
0.651844949775648
0.446356990557063
0.294890767826174
0.559795808536205
0.320714139449741
0.263743762488145
0.392817523484977
0.476393012338273
0.447942112594346
0.699938004806706
0.485187317067368
0.260713660637797
0.309150069997554
0.342820931696489
0.371003099633054
0.421782446513917
0.614127142889303
0.886704689773485
1.02822411989748
0.701524387177786
0.568136028067703
0.326360390033669
0.309405643198659
0.195493486595007
0.196787001670611
0.317449093534048
0.185035533554458
0.219006011633657
0.22472169743172
0.173463394411741
0.170628234399512
0.30935896016
0.355909161754642
0.348754725913234
0.411027045628666
0.607142764460235
0.45499759166639
0.334446077320824
0.389847175030131
0.439077704367819
0.319171354652342
0.338380202622951
0.600603989616242
0.583727798671568
0.400204956549326
0.444719185877006
0.384171622315431
0.414381759459026
0.384516796899614
0.158993352894992
0.253265187002129
0.329757705934487
0.318647496934977
0.501571929563654
0.530750276395843
0.344923866160188
0.327059031554701
0.466210468410168
0.530509682496563
0.440769714166284
0.410450921512605
0.634334295668268
0.673674965998207
0.241984605588141
0.64054495301255
0.428018923872055
0.408579311120745
0.377707349328964
0.424325244302384
0.805600460270927
0.669831545176427
0.311415369558231
0.33585033546846
0.47216785451372
0.430498948725318
0.386915409442205
0.248153026423286
0.350379552088998
0.309241696073492
0.336753327846897
0.773246122956062
0.601724800739174
0.359459128642555
0.303615730973388
0.3097522622201
0.281026542004153
0.719959441973306
0.738478383529596
0.246117943429557
0.15795583872837
0.2454660340993
0.566309697484822
0.505435969871778
0.328739369659261
0.187396089960271
0.244054678511132
0.330072150654043
0.179825865209717
0.297344893157386
0.359370296432474
0.389627668536163
0.304449076504378
0.307330850575024
1.20684152764327
0.914296442761896
0.47895743544201
0.376470422068677
0.445995480897829
0.324028657196818
0.407430535712552
0.352849289571799
0.492846242779846
0.879584882539674
0.810668908717218
0.465882546949698
0.395571512707395
0.48792180996534
0.601632204902293
0.465283540205913
0.333315772298236
0.306178137506048
0.509037896355663
0.690141787016285
0.568247094846354
0.418153993629358
0.646300148157295
0.524915133788073
0.232599520373171
0.218383245745415
0.367463613237801
0.511301073014106
0.320411845454836
0.78431636259282
0.85927901949056
0.135581579618755
0.205188247856139
0.230611103041075
0.379977961721502
0.320777460773127
0.211208739826043
0.366424900425006
0.546108497081405
0.460754206586506
0.2790073489237
0.300455144259832
0.373882977541605
0.465920599355186
0.513599314645184
0.582910692896676
0.569482535441369
0.46355146477352
0.342660629609873
0.680122912030408
0.903395125050767
0.519797863921807
0.316788743795681
0.245253749220694
0.301260987077011
0.284936762351497
0.311627492189207
0.251719846126169
0.427218571076197
0.522647352629226
0.443802567267191
0.441890146521304
0.435453394169816
0.544029168270097
0.452697677940252
0.415682158467006
0.628575405130772
0.314697627949343
0.25507128455934
0.230271499899528
0.219655201047644
0.542609288833115
0.559917592839264
0.333336941045092
0.279731661716993
0.392069197716198
0.280983439549818
0.172977789305514
0.0971691236354548
0.138129378581801
0.187357222838206
0.283365781565232
0.343366195108364
0.387807177415997
0.221759699634702
0.274537967850513
0.273373407360893
0.306112711696159
0.422344399041798
0.362204458438046
0.363903791440783
0.28966623785067
0.407506278236362
0.437858064558536
0.506719199310595
0.516403325600042
0.419029073062793
0.436645016913157
0.176566850897626
0.201246730442503
0.375054404728033
0.306329265841317
0.367844560423169
0.338397959701451
0.292723187001381
0.313105370469379
0.244139809876649
0.443540821167906
0.603484571879416
0.568633709807988
0.466887422443642
0.224618210288887
0.377426714164934
0.438839389753251
0.337136628561864
0.244751975500849
0.262298287578802
0.385942152011437
0.644217225612044
0.577213928641305
0.543343583980759
0.391461121202128
0.498474352072187
0.507364177870222
0.435575400732619
0.708971710516204
0.732929739106223
0.158198524239503
0.587819150620778
0.597481580679154
0.383599689742573
0.502312956146304
0.284314630955016
0.310618174881104
0.251376776895986
0.485647881805405
0.833869655539395
0.603962318899354
0.379442739534913
0.352157135288582
0.448904338110818
0.401567068003636
0.276047414250561
0.472890010235379
0.211774333574537
0.551414870106347
0.79405074624053
0.519523815828452
0.414461650633174
0.531421076460823
0.488373137388602
0.310426059873415
0.471269089154731
0.373563496224712
0.705768388337655
0.648336274919436
0.172413803742891
0.581456142930283
0.903767767553515
0.707673559035096
0.641158616638023
0.783612325623849
1.14884164296288
0.85576352588267
0.607395186140095
0.479294784484986
0.613858488795205
0.509267499155439
0.358106080412459
0.407374895748124
0.376122007346247
0.292430439819837
0.283681193480035
0.448768877147201
0.341041837787957
0.590278045844926
0.527451127625571
1.51386148761398
2.57780530718918
1.37369301134529
0.671841595292142
0.564526494149824
0.425102399375654
0.403006039775018
0.420072837680039
0.374102653554341
0.300006455299302
0.843322099886363
1.9165943542708
1.9554027167109
1.18018860275727
0.589444391191978
0.345617070933107
0.301652032293654
0.499821833250392
0.471988053989234
0.264583868065881
0.252613914421917
0.355163904727335
0.703546417895424
0.738849809835406
1.00020515728654
0.650766207027778
0.23412500819064
0.306313166565501
0.418647698930578
0.639009868294542
0.618911166255661
0.380904393030782
0.273385987101455
0.261650670854752
0.275647375017618
0.28502377887112
0.283105607373754
0.200454296248405
0.236841652323328
0.288903666280256
0.485475732524727
0.563407545293026
0.415757320570604
0.256945755240733
0.256547889389227
0.293153596269919
0.286606779801671
0.301666390140356
0.327386104335409
0.255689956301476
0.371906306644232
0.6693496052579
0.513057571307335
0.681642865226361
0.881235546664594
0.717039068853228
0.701943441312469
0.80361560769625
0.856476836721501
0.944024187351165
0.668269866174787
0.646536515334814
1.06837232774334
0.896691594957972
0.587464669959523
0.495125690253246
0.434970974972124
0.706813733238352
0.723998220672981
0.819636825259133
1.4696851450366
0.780894758039386
0.295589667340322
0.647223545649023
0.935300224623619
0.576490108522471
0.348646149102902
0.371765141320378
0.400491832640289
0.657115515902009
0.989584029682378
1.05562772830023
0.796979188801013
0.547845930471955
0.47078733830786
0.447416558479877
0.349843803019548
0.335067607435752
0.465024918699642
0.629375092889823
0.546834887583791
0.275484389834363
0.511721104062522
1.03212757846433
0.942393891679113
0.853621538221725
0.830815776028039
0.698282507665087
0.528890926834768
0.305583709469349
0.210386939148327
0.280926660784218
0.239918174606284
0.273954283919025
0.358952633729334
0.311394406452559
0.551267212242495
0.844758758050365
0.504658520492922
0.291666167233417
0.189509901348223
0.315256713360712
0.366457686027637
0.532783344969155
0.632741625948257
0.681502838716246
0.835850826201513
1.05663823444676
1.19693213160004
1.02459364639658
0.735323660232291
0.425166291794918
0.294461188101881
0.387636198339708
0.705250642639953
0.649786983049499
0.31844652717206
0.269565970297903
0.353428979008459
0.34996264411993
0.505859033139575
0.547173918620033
0.322642503987963
0.248058040385565
0.191248093922731
0.218394937591659
0.264792855400802
0.489448379525997
0.862137725682139
0.953111785013139
0.70765428808603
0.339657862235652
0.305475157574338
0.433324878211266
0.551107005430517
0.295207637792495
0.311933531623413
0.347019038700843
0.353400266184864
0.342187132492672
0.284233027868217
0.566529591475173
0.883070050422323
1.2312055895133
1.05545700473665
0.540537486354366
0.601920716132512
0.613328295678057
0.593039845702329
0.463397619491262
0.767019897492568
0.327118698485465
0.539401280623119
0.490099294456164
0.408379020072616
0.740427706109924
0.448987540427348
0.220634140062878
0.285859916496613
0.366180405992853
0.380502295506158
0.501445355757307
0.474538565021008
0.440376677925471
0.353414584273679
0.145498283920624
0.261501264152323
0.247425211291441
0.275664753321189
0.30395914317585
0.211000948316029
0.424946320227598
1.15030720279539
1.23662441174343
0.751758800377164
0.677611132840053
0.649510338891715
0.906632291706254
1.25677317544362
1.46025329721833
1.39593568287081
0.807152124975299
0.773530028411494
0.785328450080768
0.700739558923545
0.455472764865602
0.276250714125448
0.256232495837981
0.29829691988221
0.910658260389256
0.894243855854703
0.333342749529379
0.349724258697926
0.379661360409193
0.788306408725152
0.564527059423979
0.557618388385657
0.341390469688525
0.333440057307059
0.349874129426252
0.414433568700175
0.38365932149886
0.366069011905129
0.289753262526645
0.563744661958506
0.447303652442439
0.451143382799918
0.427728782256333
0.449174314994271
0.645243487065679
0.59239322450761
0.450881837246642
0.346465139317794
0.230123016171116
0.306777462852446
0.392325829153404
0.452474085810976
1.14076727785898
1.21184379498095
1.03253515307853
0.353095484373623
0.296836127118604
0.611658967489559
0.685362573280068
0.381880770717644
0.384617422933592
0.192098310971678
0.23924386223077
0.334934469621493
0.354821783134465
0.241328889244391
0.692089985617148
0.719674514076694
0.750247453810149
0.461398904759788
0.464915665741061
0.750942863218116
0.626865427348135
0.486812106253539
0.586839457188013
0.546150814566438
0.56104892867482
0.38289650277544
0.431519955496619
0.59062139759614
0.524051937736517
0.420111307317897
0.75042838020406
0.712456571265953
0.537726523143631
0.700193031831338
0.937898817529588
0.858285622556983
0.466767037807471
0.604275457048143
0.571344684199745
0.243178533360104
0.24873507304839
0.275094960239952
0.431244739250282
0.494823000582381
0.507968253733355
0.703683690691916
0.514411782547967
0.397701176673021
0.574890959688422
1.43035650023365
1.14343161824451
0.588270397209756
0.369540521390763
0.58110347243722
0.70872829901609
0.819562496352429
0.840327438355245
1.03620185717818
0.849092771311292
0.508066276725322
0.407731661749001
0.377180869962327
0.403973946500266
0.414767597213363
0.31050066769449
0.312584462819691
0.287716352896453
0.304186078081427
0.34648744976968
0.607524985157558
1.31647831896859
0.997344752418627
0.464302180333057
0.303203563238102
0.268020346076497
0.216149753044156
0.15096997298943
0.213888423575567
0.239656806090582
0.438834690558598
0.500351760849797
0.297043525592641
0.378040053872696
0.439297784836151
0.521512316365531
0.584244315750909
0.515080712836114
0.402706176010166
0.29160480605399
0.254287996242719
0.175274169215234
0.236911022674352
0.332124895880252
0.391969250644266
0.426177423801124
0.622393380580207
0.607614883225586
0.37196816720875
0.385016596287532
0.366528101192549
0.438024099709652
0.55714415855206
0.354202124649236
0.277983107054115
0.393899817041526
0.810845116310892
0.795806152836513
0.332559931990284
0.401205307875549
0.466482364992768
0.561070930673547
0.431967672480203
0.232429240794974
0.125502774948962
0.168642860033215
0.234097278852288
0.223032937687453
0.147562970734752
0.171210204797043
0.214107604593893
0.246456586091638
0.293981604634989
0.383476953412629
0.309880907100505
0.318189827782184
0.335395075508305
0.399246323002354
0.379047689069562
0.323208432611269
0.304356727784053
0.261223263755973
0.290868352720044
0.256017438167159
0.344999204459027
0.366155561119171
0.387156915527878
0.532458050531585
0.392119282558223
0.26868897319206
0.497192851432436
0.549402458480304
0.365647565247132
0.316078249223646
0.31782369166219
0.292285439750635
0.847394690008914
0.801406462698158
0.562036346732661
0.48853089435212
0.699222476044718
0.721728081683023
0.369215499435964
0.2989418319093
0.234360680839574
0.725770543604314
0.589318816970142
0.330733948332035
0.327475260826923
0.250294991384839
0.312041686186978
0.345113510378907
0.311036507009703
0.309412349495079
0.302482335086312
0.341092359280926
0.381322243354805
0.384467582715972
0.495461356116498
0.465017791034067
0.314514988604444
0.285386000700755
0.443087811404382
0.377993126060566
0.350066747116608
0.414353198359981
0.419413602896641
0.391262769563048
0.397609657943901
0.502367838285146
0.725382914889206
0.652302859823837
0.739364452956025
0.727443135382882
0.548287064507158
0.342546605502677
0.192326859718513
0.299809367844781
0.396621994788108
0.303383364028379
0.267060877093046
0.182418155976719
0.256352764229374
0.369467742043861
0.392992190014744
0.166374438591179
0.200297125324445
0.208978386235892
0.202576309327919
0.172477696176424
0.187146819308583
0.220272937341944
0.327103028860641
0.434388748385589
0.448661971971327
0.555210085215729
0.667337998626883
0.658749522111472
0.418684667907402
0.353446117201432
0.336056310054025
0.290356177513028
0.231437721522985
0.417178327318872
0.505164689736219
0.361110627392983
0.322399122319911
0.383760218118161
0.367109231589612
0.364154915418361
0.344754621470223
0.376859317361828
0.423490982087008
0.336463625155647
0.358570127893417
0.263158108860725
0.343435794107749
0.397042043051106
0.361435318863701
0.312921253881484
0.290576018137482
0.709398907886425
0.797192767172595
0.415401021594894
0.338694744523833
0.417472939713127
0.42565538445453
0.449831466817519
0.374946543238835
0.32999291463355
0.143129852589145
0.408888943712542
0.769705174824574
0.573753150899738
0.268816512496428
0.179571949431511
0.184757656261947
0.287171593887056
0.317449662214011
0.323330451396984
0.375544959164269
0.285028561420426
0.195823309858088
0.221180627120477
0.255655652522773
0.384031828766707
0.416870369343814
