0.0729432236021847
0.122489058819472
0.111250974326159
0.0946137276288248
0.153049385732163
0.264167079078693
0.131284438835873
0.181083700029342
0.251010865649398
0.0660147123991218
0.0879500669220844
0.0919502289604167
0.0316561783771574
0.0309082095620061
0.0647101458693416
0.0876389562551349
0.168521021207382
0.178570314067472
0.153684230589674
0.154588757645436
0.118626756851641
0.0609973112844609
0.103518110179095
0.0806448608335852
0.0504709175601079
0.036589376563718
0.0684630495058734
0.0916755633034711
0.107819346825841
0.105458438442487
0.0794481739832255
0.133738038105411
0.0612689164628259
0.114668696045612
0.0522800349221714
0.0658614094214363
0.0770730986183628
0.0482707361511478
0.0475209538095041
0.0297380604200135
0.0279730015353334
0.0385524244941011
0.0615199132393486
0.0829498739091539
0.0930018347000994
0.0694384884019805
0.0890658796535895
0.0614303933516775
0.120747723077403
0.120606024373792
0.0911155180489756
0.107307019211782
0.0866861663269194
0.0648841435359123
0.0925789837717578
0.12458197373403
0.0719252275238439
0.162136975821818
0.0806677919738497
0.102978009965773
0.0820408492367461
0.0636845179751351
0.0679977254343795
0.133786912333914
0.12906744739501
0.0484308659726959
0.107178618884611
0.069455297541518
0.0611418267257645
0.0483685129140148
0.0463678374859625
0.0506608943149594
0.0566741011028131
0.0724567286098911
0.0900118784389347
0.0649130854875572
0.0698161156465253
0.0452414580213447
0.0466418378736346
0.17138832806153
0.113681698298891
0.136590410293796
0.0945231427763685
0.105628778059771
0.0879995562319469
0.0990786902669209
0.0711151564366015
0.0725526637691385
0.111700469448733
0.0540041173891391
0.0739472227799277
0.0551127542788271
0.0405384299933277
0.0370068837007053
0.0275745249142402
0.0246437805210682
0.0776684733846892
0.0762731790707333
0.0670501486121615
0.0315032945612362
0.0808484879896458
0.0953361759207343
0.0256215542375403
0.0229853602368487
0.0892017533122166
0.104237916882256
0.108098480964381
0.0758112565986013
0.0297346492553818
0.0460709822638192
0.0607349495674161
0.0793916856458021
0.0639253666082457
0.0531805738624995
0.0495701242823402
0.0532192798807115
0.0819650386625572
0.0811838345923255
0.053985819518974
0.0886768823381086
0.0484452762444198
0.0808344950309349
0.0938962927250513
0.133940736486284
0.145594804953795
0.0726031624964394
0.0727656375245622
0.0651547327369892
0.182848957308708
0.200635040520073
0.168659306388568
0.148116501617712
0.0996237138233669
0.100830269949771
0.0929223291988403
0.0418174526595278
0.0332594038139061
0.0761649437483159
0.087612109516967
0.099164890224534
0.0927710266943094
0.046762054166293
0.082371221017713
0.0772578687375139
0.0665256961476538
0.0932349642707272
0.0976963038777185
0.0951413211762457
0.0600771785550314
0.0992076284452765
0.111681886418657
0.103331974440624
0.0970391369413424
0.0758126286181308
0.0603483222278806
0.10223454202327
0.109111530370002
0.117850640995762
0.123680375657694
0.0946796369647204
0.0945422088933474
0.148081529186977
0.119667855925664
0.109484870463487
0.0607343007711855
0.0438359571655728
0.0488038249144641
0.049809288578754
0.0581312102353224
0.0526374486399875
0.0540353108202133
0.0797836957153878
0.0632547188988501
0.0514831593273347
0.0674737708561396
0.0968610433198072
0.0928496089480393
0.065012033804713
0.0644917939263636
0.044557619800266
0.0538723577094116
0.0605994119262607
0.0475656548971064
0.0710266971827442
0.121864328748815
2.26106699432768
2.36148054351421
0.997134394608336
0.0321424080475539
0.0729487833202876
0.0663713038793334
0.0394704712092093
0.0435061336089629
0.0901962092663112
0.0805408861751556
0.0653945121951919
0.0555545979248276
0.0275247013247809
0.0779776472025885
0.105680580900007
0.0591986053135119
0.0366600524887397
0.0458771706160643
0.0799542208316222
0.113184366177429
0.0785479601057115
0.0508800973381086
0.059612580961496
0.0718708293516536
0.0795204734371711
0.0477650024534874
0.0404446756197424
0.0648986136566771
0.0524092501467987
0.0520882407485503
0.0658769753935151
0.058427069076763
0.0538964683841141
0.0581582023262702
0.078508319101623
0.0762298796928932
0.0738721534796919
0.0593036190819386
0.0541235009495971
0.057469475090511
0.0723302289443009
0.0963164014450544
0.100001676170583
0.09486280857643
0.0841830862109685
0.0649012386320434
0.0482864202404372
0.0451522833573738
0.0420474110241563
0.0496260431132119
0.0582980599711853
0.0401937376026943
0.038632875321114
0.0431361062255157
0.0338768176741507
0.0587377303125124
0.0631957442547731
0.0475172096603521
0.0387909447375244
0.0731843430953483
0.0620139129372771
0.059806609986545
0.0696142527558306
0.0595148971720195
0.0551329245073763
0.0562770970716675
0.059482758421812
0.0576392410412717
0.0477340649928587
0.0593469765293726
0.0463553330322166
0.0415243890926331
0.0490609589472874
0.0576879769912269
0.0468599789464733
0.0467090281148655
0.0415034755998717
0.0291040767536426
0.0342339617484632
0.0465288716257997
0.0425777881386428
0.0485982468561707
0.0430573827046037
0.0381955732532605
0.0495555745207414
0.0598747375565326
0.0468759335767317
0.0420725007773865
0.0411957879801686
0.0343474212419016
0.0463247453477569
0.0505265602930063
0.0504892783271765
0.042708260037243
0.0399144617843238
0.0514508871551987
0.042169445277627
0.0463687851792035
0.0484504959737673
0.0473842695189933
0.0591406512803631
0.068686696260141
0.0660614675308762
0.030670882811763
0.0326744509847625
0.0336669162741449
0.0386181249198858
0.0370995803492726
0.0506653089857401
0.0399333442008694
0.0387030230984053
0.0399638624184918
0.0275780757003762
0.0290456124082159
0.0526498849490612
0.0908447600791368
