0.0602755295243345
0.0644682458898537
0.0699517559077101
0.0729895806082456
0.0350335866743657
0.0400245317928537
0.059056000130763
0.0803405215430579
0.0501448702644469
0.035135382965683
0.0264405956985552
0.062365203592301
0.348478116905238
0.313021331019038
0.0791483895356338
0.116035366112914
0.178327103973607
0.28324543504015
0.0295529229006224
0.0162269606186514
0.033294306685067
0.0571794584108312
0.0676984824818365
0.06055990374754
0.0322675548278181
0.0328161882195304
0.320685325442448
0.585480768931376
0.0478435454605523
0.0433884042877692
0.0370851373643809
0.0538982255713056
0.0402775731003247
0.0279481585992201
0.0579965793620009
0.0767992242714767
0.0743667360185185
0.0497916285224456
0.160100947734952
0.113875963407239
0.0275156233295707
0.0462605719250331
0.0924067639775209
0.150463161042387
0.0677268115955695
0.0425956279501736
0.035545855005903
0.042214068856685
0.0405581588640658
0.025739971850858
0.0287939265331567
0.0487320329265297
0.272751391622776
0.348195654476526
0.225079708315903
0.0557003779308253
0.137996130908156
0.107900035115805
0.0431080375312128
0.0570853131581418
0.082744102380409
0.0648294023514016
0.0502183284036671
0.0959678878729128
0.0479205648406263
0.0292884244384075
0.0304397105529464
0.0380706469550018
0.0625677257134496
0.0741869031592207
0.0702934274491057
0.0951016582700238
0.0446514027172753
0.0359047263276628
0.0918077770701779
0.0947582275867442
0.0379674241469986
0.0324675192167545
0.0763023322617488
0.085217794137954
0.0582638502812667
0.0558630279346834
0.0748980238780712
0.122658799389555
0.0741052772143708
0.102244677121544
0.0800993049384485
0.0582181279254525
0.0708348742646868
0.420227181453606
0.166741572667583
0.0266479822929438
0.0319247071382521
0.0321615183168742
0.0422896211841305
0.0943243672901122
0.0527494496830251
0.0326202880920505
0.0455884429529001
0.0294366218748588
0.114756079984277
0.304056464580334
0.28255565509794
0.0632151504419457
0.0602638038562091
0.0590424188549678
0.0371735165992266
0.0461327527832789
0.0664108431476573
0.0881518925569926
0.122164124532154
0.321166302929769
0.461918275025003
0.206345433295373
0.0577493627006355
0.0405429517949713
0.021085186400377
0.0218146512658761
0.0597653744007473
0.0680766724760302
0.0697053303392834
0.0636465483322617
0.122782061288849
0.183963892291897
0.0210549968699697
0.0184170779896061
0.0222941277740258
0.0535354229377994
0.0828602399015644
0.0983869896254643
0.124074759890197
0.0526034003599649
0.0423835871691026
0.0214299863447147
0.0373845713986372
0.0579153447921872
0.0998879854272281
0.029315286085034
0.0144340836705959
0.0220552650567291
0.0318255514099417
0.0204342942983565
0.0906883493425049
0.119741657106697
0.0564089028585029
0.0354982596936315
0.0235468069008616
0.142874594190521
0.0950853928917611
0.0591860661778545
0.0575260030006456
0.086949163984347
0.109287637060391
0.119198846666171
0.118721652037427
0.176736548867463
0.256621863306391
0.246095129886034
0.134358038119248
0.0213133739945013
0.0656737982286122
0.0474476877012775
0.055957443468623
0.0722824124475182
0.155340074449404
0.0597062849937584
0.023908364963732
0.0320357044886902
0.0547241239383338
0.0821807056705606
0.125316739309189
0.0753263581609898
0.036123626031868
0.0397530475242008
0.0455982255500291
0.0453910149720482
0.0309940238255036
0.0385513377038023
0.0345436940305234
0.0318774859376276
0.069644816528339
0.0365266189189614
0.0562537611202331
0.0368935290290104
0.0285730873182456
0.0249581703266942
0.0700322555504323
0.0701564066163278
0.0740602618871003
0.116509037926862
0.0836896413338239
0.0431273308216759
0.180518303141473
0.164638009334853
0.0556391750527226
0.0398004278545732
0.0387826641134265
0.0689694086383434
0.246176605899156
0.249068798545781
0.314125696423563
0.0916616826219077
0.0118026285563051
0.0149780039860945
0.0198765384488042
0.0279428545590009
0.0172652577290318
0.0341368635651159
71.3949837158085
119.736549957386
105.06524109791
45.2086075720089
5.49224900945651
1.21162543082212
2.5553900706818
2.73583124589322
0.508598322551392
0.111478059848503
0.0630049164685386
0.0225890926516376
0.103202213167045
2.00596748825857
1.66629621537607
0.0777734357202635
0.00509616022224634
0.00816065980262359
0.00966280272822322
0.0112935017850346
0.00737253830878818
0.00913704837248504
0.00958357679665182
0.0261192071246958
0.0322946962126059
0.0298931610447577
0.0181941246456429
0.0242585187958667
0.0349943405914561
0.0108897358409521
0.0181631089708255
0.0110670257540116
0.0104587961189343
0.0169746107060584
0.0397030818581268
0.0412121824579264
0.0269520901117596
0.0139265112252105
0.00718311605428815
0.00932883606724654
0.0131311632305581
0.056483276383767
0.0604981026743885
0.0295129904672024
0.0276708731745537
0.0282295319198942
0.0797437505356497
0.104684797566493
0.0297174392200523
0.0228566265683067
0.0200900529267588
0.0254726055165759
0.0212036459806407
0.0722899785898514
0.20059443297066
0.0338669592350732
0.0411230091863744
0.0379104393060761
0.0264401697037344
0.0262972026226813
0.0212849917683097
0.0357273551517441
0.0620588662438023
0.0207168541697745
0.0148829042668393
0.0101256440668831
0.0104672192154466
0.0104054414855274
0.0184203195838671
0.0180049258036543
0.0157204049691205
0.0188118301741077
0.0321560517682782
0.0253008150740915
0.0303202240694843
0.0232234217319703
0.0919091252730056
0.152244396372071
0.0498482451116562
0.084548422442313
0.0958633010768229
0.0803785706886052
0.0367980671489009
0.0347747928229059
0.0559603931088793
0.0502285698509775
0.0531468372609975
0.0685192205793188
0.0461712924664342
0.0326973245097781
0.0521345940382031
0.042841718048013
0.0247513023494477
0.0587233864549929
0.0292872840010866
0.0185779574586788
0.062916456335771
0.0672896102857568
0.0534466982159787
0.219086974569409
0.262185898782542
0.0246602744545189
0.0371972251645697
0.0520674292216408
0.0405096976207855
0.0206251853273718
0.0230953264475043
0.028867783734632
0.0358696347852375
0.0305114402762835
0.0282174872742862
0.0221764163508384
0.0300563583497183
0.0406433466246296
0.045573743927937
0.0322658296009538
0.0377638739914038
0.0336323566154961
0.0449441578743446
0.0351144329439235
0.0285548086913583
0.0316162566721363
0.0531970699883998
0.0638261298783398
0.0245122411564065
0.0686579446373508
0.222707386440758
0.189367502574853
0.21295855898473
0.261726874063901
0.291150415208129
0.105244067945887
0.0394792444304287
0.0430145144412865
0.0428109478619678
0.023492953995426
0.0390024848876763
0.0519003187233658
0.0438499503993199
0.0539592031499537
0.0933736827997533
0.166833799194165
0.199892335359442
0.120709690066739
0.135846402683857
0.126160999688243
0.0396121383843312
0.0206499280735092
0.0335928300777962
0.0648066174719542
0.0446832662832103
0.0503193476411823
0.0301288090881791
0.0356910434955523
0.229177833844414
0.758032040850954
0.400340119073477
0.0574630346943796
0.0422471670587192
0.108449312210803
0.12682498014462
0.0708061522312054
0.0589420168027671
0.0680831123251348
0.0509238432820918
0.123064240577643
0.0381957682497647
0.0346284288150258
0.0333932254932547
0.0299865308846128
0.0341528449742981
0.0604149173233257
0.0473472428778141
0.0436167360854683
0.0263932640014918
0.0173471734630934
0.0242431255965931
0.0213284387773586
0.0316816864220592
0.0380799484403066
0.038997553301197
0.0918857486159557
0.0866152316242146
0.0386975681004676
0.105639962435283
0.0858680595269364
0.0380906767179665
0.0430018569220318
0.0729926133802742
0.262318861248927
0.163537946228507
0.0426867575852916
0.0407390884343257
0.0387964147940443
0.218063089767776
0.151022412023583
0.149439432357595
0.216957781352876
0.297977225525771
0.120755123675503
0.696915119002782
0.222599074003067
0.0464472022242904
0.117908443256141
0.138567376560215
0.105031120391071
0.0885586586572254
0.0604996670185818
0.0468697847472607
0.209314079213128
0.528379462926225
0.124585021237048
0.0588823045051913
0.110881587112305
0.0914046362523756
0.121167473152058
0.0854145245087097
0.113438550544945
0.0712917318507298
0.0240798870412932
0.0225760415337157
0.0797502054625328
0.0781059418426555
0.0646283618992779
0.077754122847816
0.0976677358173832
0.046688737950078
0.054934668959294
0.0535899196142152
0.0999025344005906
0.0820715220260215
0.0753992682002981
0.0597975135351757
0.0827320308409006
0.0833084372172034
0.0315885497339314
0.0219122984452087
0.0277649774689155
0.0358938907794726
0.0601264866203085
0.0772150759236337
0.0512529122378003
0.0631017119757005
0.0296843842844602
0.0754825477109332
0.106930200168366
0.0936841573991246
0.079921270252069
0.182750119021287
0.0869933325204769
0.0441184783342743
0.0397708876657143
0.0228736876570733
0.024748854137782
0.0353400114952843
0.0623438485765347
0.0297600622059469
0.0376822474870844
0.0598128257342373
0.0408205702144444
0.054064501056463
0.0709904178753412
0.056903058309647
0.0287491255485674
0.0665296073156897
0.122049471789321
0.38876375041699
0.467255983796061
0.51785456372597
0.143132821573891
0.139685548215613
0.0739525827821736
0.0485212094736836
0.213825485832827
0.368932630779584
0.141515241280232
0.0576895904353703
0.0817336512377338
0.0849562048685847
0.049388107226899
0.0399761974848263
0.0817803372115338
0.101614416954995
0.0847928062134288
0.124199931379832
0.0657918557511189
0.0618404826552579
0.0754302286706199
0.151951708813574
0.53009590708465
0.313564732709494
0.0763939410414756
0.043743928994169
0.104175831808952
0.112203177989947
0.0677734190151915
0.0339406429734295
0.0852811532546475
0.092479242217742
0.179169057720838
0.078793446309583
0.0274568655597545
0.0330497001817052
0.0333954260559123
0.0372369481656233
0.0582318934607267
0.0421716607661327
0.0576371187864711
0.0616399075236125
0.130153678499589
0.127122494192904
0.0600241687413759
0.0836142858002189
0.220341313108913
0.109717717375555
0.0641023674476375
0.0430843759481596
0.0683846169324682
0.172481022479277
0.27562271087465
0.243804184275035
0.0404497907209291
0.175540998349551
0.222712811516607
0.0524866125187992
0.0226497379361999
0.0289007905577729
0.0957459797797015
0.0518437768793889
0.0399054579785083
0.0355593605166752
0.0438445381085102
0.074208240921505
0.0891535590272886
0.17133435380544
0.0545582103586845
0.0326870985358279
0.0330259626053896
0.0499535181944059
0.0783405115265603
0.0965576155331372
0.166883327854284
0.352248999497329
0.235213625013273
0.0759943439257761
0.1437508238881
0.07224435958514
0.0638603852690842
0.0569243536146081
0.18964765601232
0.218908457584255
0.428267276699782
0.188221507303862
0.0497911231786615
0.0305379940280761
0.0437701535272115
0.0728235080572068
0.0337449863268578
0.05906503134131
0.0819188027633651
0.0505987456758976
0.189733378212409
0.199739955205831
0.0882182779149132
0.0380941355859459
0.0738023325229395
0.136604865301222
0.07496973832597
0.0661864974669952
0.0910842023951974
0.0639917900478826
0.038581870478977
0.0532496921409238
0.0644945960844177
0.135576008361184
0.115131341130167
0.101114665173921
0.153781342341998
0.514122880057951
0.835744111898541
0.629972638226504
0.734541935251329
0.239220688333529
0.046594934663555
0.0408992548579969
0.0825495662824665
0.0700918347173056
0.0603992020568691
0.0720308197677664
0.142050599402012
0.146192124787908
0.188112236958482
0.27483405121086
0.775838274756041
0.587146432058307
0.164385439159753
0.281177889009626
0.0376143456505093
0.0400906169607402
0.0593641060167162
0.0455086795232126
0.0652541101179354
0.0415223332748925
0.0355897509915244
0.0401522160342682
0.0903130748257594
0.074377806550482
0.0379481723313428
0.0182722841706204
0.0254872166145574
0.0560524127276986
0.0342658477232553
0.0238697264379724
0.0442208313529342
0.0389143880530009
0.0220370313729878
0.104418493900666
0.0766444647976183
0.0263111755302069
0.0372531658710734
0.0516260269519708
0.0441739555596218
0.0529999665630244
0.0356627162935846
0.0490704105013885
0.072230893264239
0.172488717012912
0.18578608208401
0.119984017364091
0.124839222749674
0.22479591124585
0.148685672297759
0.0539933993827297
0.0482265967053126
0.0437151013069287
0.0402317083784905
0.0504357758462289
0.0727647606486143
0.185874352598448
0.0762933243830663
0.0527522937075401
0.0661461978582595
0.0533629228426686
0.0588552126425879
0.0757343864362389
0.165292860254347
0.0952425595801499
0.0996440903033823
0.253893788274463
0.0642181997371743
0.154575756157285
0.0897973245786056
0.450386013877221
0.32588082664835
0.199170313377275
0.0576345875025658
0.0292057344400719
0.0463488123818449
0.0645153577227716
0.082894871203809
0.128470277620712
0.0473062835122022
0.0568085640736012
0.0412385060830045
0.0278942703453209
0.019085298177265
0.0434622054468996
0.0889036676517138
0.0899514765098175
0.063619663242075
0.0761296237123373
0.301255218424344
0.125583695219633
0.0606369495416157
0.0648555719900691
0.0649841883841305
0.0751083703285527
0.141571503258466
0.146567313850742
0.0915059449248937
0.350403561454431
0.247587544971373
0.0435911737562684
0.070207970755815
0.180796570946097
0.16933691555729
0.0450968553089776
0.0228767656100082
0.09945808097767
0.45291910214609
0.674891548494434
0.105404887437511
0.053196037436513
0.122708927388535
0.0996652129459101
0.0533243067912177
0.172802688560179
0.197753678086637
0.0806955438400565
0.0609581576839362
0.054969116829979
0.227926802622231
0.0374721701326711
0.0404854983833324
0.15288266338087
0.106389451110577
0.0701116861945723
0.13670636458849
0.134584527401774
0.236678833299973
0.322827285828343
0.49155764245241
0.165795756142356
0.2467802107947
0.255202403601072
0.107168849387291
0.0642297296460671
0.264393516150834
0.107034021656691
0.0503152318511025
0.0470575587717648
0.041348837211017
0.0829931687136017
0.0546098410586407
0.0823500529994022
0.0862806786202696
0.0847748665894922
0.114698102461194
0.0914809751350355
0.0839622614897577
0.0306175295273334
0.0193899834707499
0.0819448558001091
0.15706360364898
0.0848383609552883
0.0692577618777305
0.104329975946519
0.0722389888433458
0.149837776819093
0.282436270009712
0.229527598085435
0.162222323978144
0.0868844729815121
0.112412785468199
0.0999207210298435
0.0851540423834024
0.118252875299235
0.102418237196378
0.154057403418725
0.180666600218388
0.0991656305543774
0.0633917341498699
0.0820733525510595
0.180408419042126
0.179753365647696
0.162050640831122
0.156784611670822
0.0538893442954654
0.083076765129402
0.0921991881017954
0.0724767584637088
0.0839651938691402
0.117631171547642
0.185000928008962
0.281533878428972
0.252744838738682
0.163874907153285
0.120125059793031
0.088782594648339
0.0843779773962348
0.0666502725451687
0.0993885528057142
0.194448349141875
