0.200581499915189
0.544627819738272
0.495553965757071
0.135133422390572
0.113606002713675
0.132160231746813
0.486615656208667
0.480049547662608
0.257290566441108
0.0386510332172706
0.0274066612215997
0.0228048443108529
0.0376597437073867
0.0344502554554814
0.065221061488643
0.0578065622802752
0.113014095442008
0.0908378644212177
0.429563200236327
0.366389825296579
0.0120107443586101
0.0494228848079275
0.131762820919431
0.0950249618565975
0.0208084170370117
0.0622235505224524
0.0425390290857213
0.0192310680172954
0.128198441617945
0.327867818150895
0.0874442935928772
0.0605547027523999
0.0373454299023684
0.0663492824980942
0.058043558021431
0.0199895057955745
0.0221453557688596
0.0174399329279667
0.0539583624226656
0.26122890419909
0.0500981941649847
0.0336431118279019
0.061105537011319
0.0314429205439663
0.0568957582840763
0.0299535064424376
0.0441043801777991
0.0979901566271013
0.277311983424985
0.099929307079525
0.0779132492138526
0.0522243934133217
0.042179924156863
0.0108801439000865
0.0186991091890329
0.487215703495568
0.865665158345227
0.504905731718064
0.0127894545644239
0.0214306777938396
0.0152575557225426
0.0155250036522644
0.190961512910099
0.30308322077973
0.0467058565853313
0.016570765022505
0.0328365862901547
0.145289654428772
0.144273519838938
0.117049264254492
0.0227199670395737
0.0308566141058878
0.048013712620289
0.0329401117480036
0.0227544634808249
0.0304462448188711
0.0398319736500753
0.033493665478484
0.0821873056268832
0.0993231748302143
0.388489121325667
0.437524572837855
0.0616210498589979
0.0209711816345586
0.0481452458699205
0.0205897792735015
0.0466925039783892
0.181373148563146
0.017777130863884
0.0239746866306249
0.0200556026302428
0.0228651890203466
0.0234943156286908
0.0136801100817252
0.0310975248729264
0.0278618587027881
0.0167186619587331
0.0336512045716079
0.0464630416361284
0.0204770275821735
0.0179744453581628
0.018498826243841
0.0294795993931723
0.0509510722058055
0.0328178404467123
0.0579619752732049
0.0226352081503013
0.0831608824229443
0.0860408035334752
0.0654265405942534
0.024421094413587
0.0173636769666504
0.0416550057621616
0.0504196836145994
0.0485466959739247
0.0452202448934412
0.0198812842489602
0.0609792134955249
0.0703798666592
0.0318269683480669
0.0122896456259415
0.024632060675867
0.0275213715230191
0.0409984193172088
0.0309977347653746
0.035926337939611
0.0475166355153617
0.0256191651484532
0.0707953702454497
0.561861064438545
0.302430954336083
0.0409000261431145
0.0883772757302231
0.100248419327501
0.0429550264504167
0.0353388729550515
0.0435701301114063
0.0357758408915216
0.0219920823204569
0.0380631116860989
0.0318359007073769
0.016936234600503
0.0229086205062608
0.0235815447865368
0.0497025655220312
0.0358401183159563
0.0408697491004904
0.0197684491715877
0.0319311631017291
0.035259193597862
0.0319296244300654
0.0354805293738549
0.0600631773874695
0.0334301448715079
0.0756136670793928
0.0317262505785087
0.079190235652918
0.167885712835291
0.199247519044762
0.0580407529848003
0.0290340737478412
0.0726598052961397
0.26277338504335
0.324902244271133
0.256577517923623
0.142688409349112
0.110078098344833
0.0778118111719849
0.0412707313819116
0.0295132409582177
0.0138221647303519
0.0214945164009839
0.0380139679555558
0.0180929508442394
0.0115972020805578
0.0720923782685885
0.129276186363382
0.170375077438741
0.251167005947082
0.0141912973639857
0.0236844004193622
0.0183203310873731
0.00879808047311554
0.0307048377198977
0.0155644291029042
18.6978571426839
223.921239174593
100.80980224514
0.0274886889073761
0.168711218655301
0.0868634835803477
0.0787317746221905
0.181057313944307
0.0150229251177221
0.426263417744365
0.14224353647496
0.198367748289709
0.00551259348615946
0.0174730449821824
0.025188485963451
0.0188731691720376
0.00509635289382903
0.0143590479611721
0.00763206231634679
0.0613849578218617
0.0197156540811787
0.0169487739811542
0.00953396900700938
0.0103239414800466
0.0101305506378583
0.00673470159492608
0.00717162349579902
0.0215044532041978
0.00922743767825454
0.00875704269370257
0.0165713703419057
0.0137374633902845
0.0161748745236773
0.0134210179933301
0.00991152712844601
0.00580470718692813
0.0113665458841078
0.0082664756138458
0.0323648744941685
0.0571723254809359
0.054018497346607
0.0311172571680653
0.0281913417535214
0.0510290596464161
0.0296889964067658
0.161172562167263
0.221703431766372
0.149963895955404
0.0231443373693673
0.00726651737752206
0.00832588965281962
0.00742075197974345
0.00838966052583301
0.00882084816646284
0.0212686186470301
0.00769791503569891
0.0209011494523637
0.00872784226375007
0.0161906667780641
0.0193323801801375
0.0150586984478322
0.0086966699121103
0.0201225208511134
0.00796970064684136
0.0487625197445439
0.105611177160218
0.0757751170391627
0.248225335489923
0.951396798990977
0.216558742975942
0.333319251058567
0.388668620869125
0.174219269373419
0.0159974816238429
0.0196400555487242
0.00991948418222445
0.0476283703933757
0.0571733737741286
0.0501477219023334
0.0372783605182944
0.0113064723389459
0.00639852174107601
0.00984975881555361
0.00591459028762267
0.00605854793552714
0.195997689351193
0.0388886330190231
0.118875784558469
0.0561370677111527
0.0069536763554343
0.00921432781113963
0.00408774990436648
0.00838609839083704
0.0354034252332641
0.0295033455497804
0.0229842448646518
0.0244491519957014
0.0326676795950727
0.0176170731372385
0.0124881203037445
0.0281722929414591
0.0245772795957441
0.0176022912260074
0.00771315245693183
0.00934453912961811
0.0111764495944008
0.0102187281253088
0.0383967283734256
0.0159530172231718
0.0118062501051337
0.0229760424967978
0.0172714950672281
0.00925590676380103
0.0263180690808942
0.0450025501805193
0.0610639863986217
