0.263721437396479
0.407617015826171
0.505480634247627
0.281798121692755
0.223623586939488
0.369491275745011
0.325316950281814
0.228981169000488
0.291280074707836
0.309919364113439
0.205693208073148
0.179474440328775
0.250043425541613
0.616257632648908
0.572571005703772
0.270401414616178
0.787973624176871
0.945794377400513
0.251891557738526
0.233110192588424
0.224887079029753
0.187395786998918
0.240288599384834
0.293901333618609
0.18202026423923
0.233455877140599
0.155069999132603
0.233205417302
0.38269697723014
0.308766379780177
0.207588408384221
0.32139420090028
0.322271226391684
0.312214850605073
0.173558769580046
0.238202822529829
0.271984003697533
0.240623883752481
0.26403967714234
0.241084782157841
0.237121439493291
0.364199711030054
0.55942544127532
0.387877590850512
0.188436066804723
0.225641064800218
0.630635786389593
0.973220114436181
0.455213293226194
0.318100511537345
0.270270490379749
0.193124998832595
0.341281998481975
0.915403562787064
0.703800122663891
0.342148406861752
0.301310626305207
0.139745500791138
0.193121332973274
0.327532132140616
0.315573398333733
0.13201408579932
0.224441111498772
0.194137796729841
0.446329755522896
0.431872003547651
0.17077437385682
0.204465146044702
0.219974189517542
0.202491902509726
0.61544281663355
0.587996575769085
0.551686955937489
0.37641696863938
0.37851715880508
0.274668993955611
0.311746098589403
0.257436535250323
0.132571285423807
0.560372752643455
0.868502686041705
0.304994554004319
0.14065910248506
0.212911347957633
0.425496672728907
0.386112576168262
0.283486043575928
0.337991004615914
0.309700891716016
0.383509185934698
0.245142236627222
0.226588302092659
0.589314095615539
0.508419231885525
0.190280644784316
0.30089765830743
0.234223525562845
0.16952629113063
0.207414501486889
0.435445605619198
0.861332586342742
0.667841205516868
0.526434718499233
0.526593938835594
0.387423860464628
0.278355599992406
0.4376980225043
0.840466820656424
0.669902466581083
0.464677538590658
0.320775555028339
0.331430190870959
0.638528101392534
0.463659226670881
0.265328845687769
0.157331946362874
0.397282948661633
0.504137331220614
0.336982294089382
0.287023025206773
0.263598579210446
0.280907399834702
0.177411084558815
0.231102526262386
0.238703083533398
0.326741799270774
0.565135768660533
0.389719434797981
0.324043682558948
0.439952329705695
0.308191619904373
0.25460486827266
0.299998782603849
0.224202372059688
0.333101932218332
0.334265449180177
0.354224081006911
0.322634897922745
0.3537429428165
0.407009466305653
0.207456941936592
0.199364260015054
0.241392229849535
0.271793936471473
0.289369616418291
0.164562809076293
0.174751382277213
0.312295671084774
0.344054734464346
0.577393057920166
0.666835347274715
0.354408482796127
0.152146766442852
0.133065730286342
0.14019030341807
0.11914390048771
0.122897508828604
0.437600430022085
0.198742286753912
0.205605294174972
0.200437483166271
0.151965483229929
0.250430286448118
0.198553636433051
0.146247851076815
0.174194499377289
0.165894746317742
0.147215893940482
0.227808334721473
0.229112747730659
0.328227287434424
0.373275434361597
0.418402833382594
0.462129924947771
0.511658677052208
0.254639007168716
0.19667183373598
0.227218482657913
0.145418729083693
0.251488918215167
0.275620010851428
0.276889761827462
0.2700964258074
0.441889341268547
0.504044426395124
0.409816580155744
0.294024146100514
0.459165544174195
0.569185309394499
0.253144632484967
0.283500798884565
0.221053794609677
0.414600760167031
0.510193127919275
0.44537402497865
0.308839396287189
0.292992632930611
0.288808431876434
0.261336338652127
0.334529794250071
0.219996361255944
0.19948484683832
0.362987935533723
0.203540478285168
0.151041574421305
0.188470138306383
0.510075866868216
0.373590884177351
0.174137080399229
0.278052850577965
0.572227406630561
0.52428261113819
0.182488994425684
0.170415115554015
0.213755970542646
0.214853845588578
0.188645397720746
0.373160737693732
0.308225512371345
0.126985871884345
0.104498885978911
0.235159938026417
0.171605975697734
0.146368661421026
0.304344395509802
0.32952194628891
0.321359269185741
0.343420156117246
0.248553875446798
0.244386900525016
0.215670099074068
0.220404093042348
0.360269272481528
0.309208873068776
0.347263845372454
0.270422677186696
0.23316589245761
0.153764313072081
0.219681080329172
0.531110496075679
0.428751483334693
0.252303910019806
0.254716467463616
0.335032574723734
0.563418457630745
0.492140008986779
0.278676689486545
0.181837011856461
0.199583481675928
0.204649359049947
0.232231210616501
0.200133984112856
0.182984170247602
0.196230291538007
0.42865944609816
0.374947377707206
0.30174725124417
0.424711300924201
0.397520652198667
0.455592886446821
0.204462113580427
0.177591789187145
0.321609582752956
0.311378126171731
0.152252483605756
0.798322090437092
0.275742954784049
0.32318996805636
0.330277661286372
0.168587552342222
0.435750721257351
