0.0573259317652913
0.0847191600942725
0.107773983373992
0.0767263382120286
0.0292308138483009
0.0325629520027585
0.0478033181783068
0.0504947870664028
0.0555267021173532
0.0622609473694433
0.0935275234428259
0.121718680625578
0.217101744170282
0.266613680262851
0.183802924262496
0.135159359705607
0.0912905986089463
0.109472062973795
0.0750928834537663
0.0485166113937406
0.0368880472653042
0.0461942323661394
0.0564153867474228
0.0509017425579122
0.0392174025848891
0.043885469132879
0.0400724859180232
0.0487252472566619
0.0489540416060636
0.0841126788830198
0.0869430981027401
0.0548876934086905
0.0591218222182186
0.0636883140952658
0.0469775026685336
0.0490663038919215
0.0609611310016548
0.0581221543474901
0.0429081487510399
0.0569220410936642
0.0762227062739527
0.0786104579207826
0.0829399867740615
0.0776340916520317
0.0420991906778174
0.0455794039577648
0.0531722995474993
0.0591246351209813
0.0462622743168491
0.0410095824090271
0.0489004056102759
0.0544076925403902
0.0492450230896455
0.0917630024665086
0.0714856441932902
0.0532864310766389
0.066929693062443
0.0662149530557343
0.0477251317265067
0.0355081947395763
0.034043528357954
0.0395213880943056
0.0334968152441131
0.0382653078186192
0.0940571805075124
0.0672586195606996
0.0381372733108899
0.0353846960340534
0.0601559342853834
0.0691778561802485
0.0490996284431433
0.0433341293110081
0.0704536540079333
0.100112057908032
0.071798088746993
0.0481975434799745
0.0685855993177376
0.0797110981195301
0.0434819249573974
0.0396706575731826
0.0317600012986505
0.0322686017362546
0.0395813146905812
0.0672398448105059
0.0752386739556193
0.0356356914095667
0.034936400142193
0.0537928559061089
0.0575345653536597
0.077369672245758
0.0699414052525546
0.0533532593160485
0.0692926259854637
0.0706851392170662
0.0615951924492291
0.0666968136911843
0.0590452776272619
0.0606667069099567
0.0575354103451789
0.0468723910076192
0.0441610001173184
0.0377771530442972
0.0513042517820358
0.0662832536543322
0.0537586569436756
0.0422431939336369
0.0351100255511909
0.0485587613897131
0.0680749789878527
0.0390613303933419
0.0370655326601678
0.0422050347190659
0.0859347516698974
0.142399499687558
0.0858798344283412
0.0603580250426118
0.0333391149062543
0.0506174050462143
0.102547371465233
0.0992767717998956
0.0405962911531341
0.0320014279442283
0.0373200891612989
0.0353373710231019
0.0447875664811265
0.0631875994032253
0.0857541776592436
0.0989568371698393
0.065479576533461
0.0591270042862867
0.075273649373621
0.0500035811352027
0.0569658996858945
0.0715502405643054
0.0484104444686285
0.028004702349934
0.0375794854092405
0.0438689168978463
0.0470557371941704
0.068727523421538
0.137592100309318
0.146592250569679
0.103455103106185
0.0557245796023774
0.0680584561590847
0.0666431583813129
0.060903835268194
0.0543630553942402
0.0476100961848859
0.0392140062552404
0.0511629749494567
0.0655066422770095
0.0498756431758046
0.165748556503903
0.217819798666515
0.0814329802160395
0.0342658363966946
0.0388801599901632
0.0489511037161548
0.0686979118102322
0.0703945900250849
0.046724487035667
0.0482436836698938
0.0438171489094237
0.08897686526226
0.0961558523447568
0.0527024055332096
0.0549845111540533
0.0516095539255227
0.0386384375724274
0.0323049143891584
0.0364164193528069
0.067119902558746
0.0787487963124952
0.0511824367661154
0.047280397493762
0.0520251272491335
0.0491571548420975
0.0750512222331842
0.127606575240411
0.106241689468687
0.0787260182751013
0.060200079801141
0.0651434564987066
0.0520786091728682
0.067911670073472
0.0799205827917565
0.0518926513241961
0.0659242470095442
0.137764531019758
0.179935609146347
0.0957311260789232
0.0754776114588073
0.0679395637131495
0.0710397415487653
0.0769688035106503
0.0521114828249131
0.0712982842321342
0.121458117306836
0.185487963115687
0.130176310394316
0.0979320708330149
0.064470538738466
0.0953943621277916
0.136011708671196
0.139135381002528
0.0837198319383356
0.0669024663554166
0.084735621666721
0.0721647626463012
0.0434400346149537
0.0610197196880804
0.0737751144488711
0.064404526232421
0.0645675400401755
0.0478810831713683
0.0412763129729048
0.0396854343290976
0.0688281174605648
0.0725521855452768
0.0566084068522959
0.0896652424942437
0.0884949838266915
0.0717936446225877
0.0638100957568213
0.041702648264995
0.0549548814513156
0.0761699058220954
0.0652528402208961
0.0790342135569069
0.0866337518159668
0.0930379936160908
0.064038808876761
0.0334089499978674
0.0638071168148858
0.0762878593843288
0.0515067861057755
0.0645217197331899
0.0707358102089505
0.0729919367407564
0.0874288016164015
0.081955506194452
0.0605623358660836
0.0742449239697439
0.123018776390749
0.165873032561165
0.0832261977486648
0.0651032873084503
0.0743322679453082
0.0681852839379592
0.075695110954657
0.0798591616627091
0.0580712421472498
0.0506294857713472
0.0637467197803284
0.0862251702145562
0.0599505495022489
0.0525258402486924
0.0671889305632752
0.0805081576732355
0.0661288907470862
0.0536583901752823
0.0724035405438867
0.0786200275777749
0.0830877273471119
0.135983984474224
0.105630863257016
0.0747828457196171
0.11753594327811
0.129727738695049
0.0605760495607898
0.143740708521869
0.293629902918813
0.29103131882508
0.126411058218084
0.0608029031263705
0.0701142172303413
0.172505423543668
0.33607795732655
0.428728636249211
0.364883660513707
0.153421135575972
0.0518177249761394
0.0573025593556077
0.0667961870473859
0.0655164167949567
0.0485895700297225
0.0393974388005328
0.0580320292735158
0.0912004500217392
0.156910583087678
0.125415530764306
0.101932780468482
0.0833163124676009
0.0684769529791506
0.0710326991408351
0.0625447338997956
0.0820963801577736
0.0859284895320759
0.113379958513211
0.146587837188013
0.136698255251936
0.130009173050639
0.098535205157542
0.0781962854676806
0.0869429436689456
0.181074259950235
0.345228568302009
0.248057963698412
0.159534114642206
0.0867302339094522
0.189078137710715
0.21732661303246
0.0931891372661887
0.0472974335328848
0.0388559930021429
0.0466820359417722
0.045291250870442
0.0587474714919946
0.0761261787755399
0.0606810338008889
0.0609064909603728
0.157651924332128
0.191427617105987
0.106567009164699
0.0509167612426011
0.0546067564068043
0.0671064145928835
0.06104098267143
0.0587986025427573
0.0731168568139936
0.0643637630679691
0.057472870536926
0.0568656890933028
0.0630746576897647
0.138409065743497
0.142882546588307
0.114617647195998
0.152444006403584
0.134108975389875
0.0934336654491916
0.0786054670113872
0.0887325644174123
0.0943897341445502
0.0747036682562796
0.115774027286457
0.126330858443153
0.0869776038311996
0.0717408147530555
0.0722105593582048
0.0686206617579715
0.0527661058622257
0.0606194960646768
0.0608832913286362
0.0557141402064733
0.125261749279901
0.120390287053406
0.0882253371117451
0.0839669065841413
0.0861390936836849
0.178202379551218
0.206707609414696
0.131646750097632
0.0988308529130722
0.0745191773901331
0.0598128653689074
0.0594557643210518
0.0820326949593998
0.0778107524791117
0.0417546977059146
0.144910130129709
0.388881650955905
0.374313228679726
0.217863011879093
0.215462044392227
0.232088857624789
0.182526907959668
0.124975969222222
0.128171461496927
0.122464200274151
0.167070389691938
0.208124416440493
0.108049671878679
0.0449394124569977
0.0494524617015853
0.0746788826981088
0.0946469081223515
0.0932622715008306
0.0890033354164981
0.134390369848939
0.123850916040958
0.0998878926148276
0.0773120364732807
0.0713168847181241
0.0716033486973632
0.0597145506289581
0.0672006041969975
0.0497920169737877
0.0539804044354777
0.0936920853662096
0.097997975297232
0.12596981876461
0.140038851886012
0.140635520440863
0.0988358709672734
0.0902966782573083
0.0923207968245286
0.0461953892652067
0.0559089764311468
0.0742832132694702
0.140040049823672
0.179614095794449
0.0880875362694596
0.0644100383233836
0.152764462803251
0.189916922060231
0.144070829189264
0.102529671052477
0.0694365988129463
0.068325947929553
0.0504908228977636
0.0422355068625902
0.0484604516886715
0.0577387574828412
0.0675662278512111
0.0739378766419675
0.0472590051134022
0.0505137804773493
0.0843355405146862
0.070066513891607
0.0393550202882722
0.0699727667962498
0.0783241975788846
0.0606870453857107
0.0642121790056942
0.0537331932225092
0.0594410665382854
0.0469930347966667
0.0712366242044579
0.076222878914055
0.0620762057901829
0.0554752213409821
0.066120183536327
0.0667329252409932
0.0485940345645949
0.0826409627809764
0.0897887476766162
0.0943542951764445
0.105478816678297
0.0940002294331101
0.0630211897363418
0.0828514972337003
0.135062703660095
0.119756738892705
0.0707555724072083
0.0818470704290352
0.0802717452900987
0.0425487684878924
0.050218221073509
0.0605832138467087
0.0664688985772205
0.0817085838071058
0.0612848638988873
0.0716424148714677
0.107646176702486
0.107380188372042
0.0847610632367924
0.0676597958015605
0.0481428635771374
0.0573024004529115
0.0875075058226573
0.0683349935268485
0.0543776110639832
0.0933994871103759
0.103627255321449
0.0792374519145565
0.166098225702424
0.153202051650882
0.0677357228181598
0.0812290388622795
0.125429568238096
0.14560922185482
0.102735433510136
0.0556665805501187
0.0449310893261292
0.0464979069133041
0.0466026366195684
0.0500261114756555
0.0629963766277657
0.0663328447315121
0.0571153349488716
0.0642907705388386
0.0711380250680936
0.120548148993795
0.136680226961236
0.0703426327707144
0.0644242155498081
0.0573928714594396
0.0542131939270103
0.0483078341965675
0.0309758688169303
0.0414923884607323
0.0705674955659999
0.0843376009524279
0.110894896635976
0.111349677437792
0.0687836008000849
0.0699474035825881
0.0694037208114924
0.0740471304782819
0.0891341355438677
0.0656618852603371
0.107787821597655
0.179772177045612
0.10817176119208
0.0802207795270921
0.149226302287374
0.15520214257528
0.0880796634936899
0.063999723499005
0.0811252423154101
0.098254086776449
0.0545203566441939
0.0793719565295681
0.0841807078265747
0.0716005691631836
0.0917304624125778
0.0842260777515212
0.0608012627339717
0.0487158095331622
0.0713590350271497
0.122387526686979
0.100905999779942
0.0476976120748535
0.0445446152641615
0.0582580814573044
0.0827323421638587
0.0932227280034422
0.0768313855620214
0.0968374059109189
0.116765297696482
0.0605084696985416
0.0343663171137681
0.0503559529687764
0.0827485588107488
0.127647180954598
0.11396543384845
0.0545373297999483
0.0592543777456475
0.0463526287593592
0.0656868479463655
0.0859689690591798
0.0860402180033602
0.0697395650361385
0.060611563476209
0.0578914429376176
0.0603197162715936
0.0666826481888624
0.0565685031157914
0.057526386480321
0.0550298933324624
0.0587611777668125
0.0676395952206702
0.0832118365400903
0.152134234005338
0.0930522412643089
0.108363278730807
0.138942679057189
0.0878414255827932
0.0573163330365758
0.0812012944553997
0.112454853350922
0.0888518579261752
0.119757651312012
0.094588034066073
0.0964346117305107
0.205337950858421
0.221709674417361
0.118434975624623
0.0475068695439355
0.0787151568756558
0.0885848040736806
0.136669499534145
0.31272028457938
0.298798682416
0.129758364729081
0.0892350745562529
0.102945906273992
0.136756616981666
0.087410351531543
0.0935120726122899
0.12121116297985
0.099000208868567
0.0605353429237619
0.0722977548489264
0.0620591974471331
0.0474782240562804
0.0760449369800534
0.0738251919580059
0.0569202689467558
0.0516722314895174
0.0745656661007891
0.0695480585700665
0.0739301449130097
0.091019048961965
0.101864200943681
0.11289535111028
0.131592174577599
0.141325730896074
0.0949936523493673
0.0715574850195878
0.117485830662399
0.202840422321878
0.170608906153578
0.0687671278551115
0.0687153694094881
0.0922285670086925
0.0883161172273069
0.0700452964413165
0.0831821219643609
0.194595644888581
0.213281382836003
0.130537423264043
0.0974409976628565
0.0764639335352003
0.0874163954422466
0.114373275065446
0.469229705703513
0.786998437717565
0.700042932679838
0.410498714459476
0.310798707708294
0.348781069668768
0.239614908685688
0.164400226697686
0.101166710254269
0.0904758572263374
0.109846095247623
0.131456755036158
0.132007700586576
0.147121191136741
0.138450234876937
0.108878076970115
0.100070508153573
0.0915700678987703
0.0901749836910027
0.0750180277214331
0.059172037373792
0.0720722329167554
0.0668857547380362
0.0814310681689185
0.102183380607264
0.0999819756771976
0.0585038778881505
0.0747413054302604
0.116295834961159
0.0683601173235095
0.0758170734176036
0.109438537054371
0.09433968026283
0.0503074187093265
0.0677042904888177
0.0630574818702538
0.0463296933019226
0.0552674861681907
0.0568249198051368
0.0482795272573967
0.0504632642092602
0.0750187522752817
0.0810305522773737
0.0665712984117851
0.0497371053931276
0.0762875119020186
0.101014527243593
0.104433901408224
0.091072629198788
0.0843276593538636
0.0734613784389315
0.0497169819086278
0.0496843683350628
0.131947073507932
0.201177821146879
0.134602007900512
0.0642999419718628
0.0669773441948609
0.083819506799877
0.106026614993009
0.0999065793437905
0.110044784038261
0.107730828518983
0.126261390159493
0.139092243549073
0.105333925289662
0.0705697112525483
0.0667684864513182
0.0942111072709119
0.0879707651836195
0.108525317161433
0.0966961964599567
0.0603324330939072
0.0459264163753793
0.0541641939074605
0.062475514433271
0.0588098527019984
0.053261205177407
0.0810577249362714
0.0910507346119978
0.135290922729519
0.142045738276016
0.107280078101915
0.0885876872376775
0.0647560927319332
0.135628218136522
0.223067748229683
0.11999407615232
0.0545893806340182
0.0607204815421767
0.0713730768502072
0.0743147503065439
0.0531782671148665
0.0449902844237401
0.0895451288506285
0.0996992296143404
0.0649362663799162
0.0602347136947411
0.0699143221323118
0.076422448758925
0.0788338291418235
0.111902345950538
0.0963229359125077
0.0856100494452675
0.0823008519162277
0.0875125085338701
0.0709478295381441
0.0494041110776756
0.050918851072907
0.0784224928340043
0.0716452905730252
0.0868737608828581
0.0894550323694037
0.0847014355651059
0.0479655866801152
0.0635934203654952
0.0608458471450106
0.0532583393610578
0.0785812506361906
0.0923553742877199
0.0820281494079136
0.0529938881092593
0.0526590839885531
0.0771255554734101
0.0844723927529647
0.0686507843135502
0.041265013779142
0.0363187507830205
0.0502790354927363
0.100036521988446
0.0945611409244936
0.038947801242958
0.0741897848432949
0.13206261926198
0.179625037461126
0.169735173490655
0.123665425401298
0.0832010254402392
0.0598169722396628
0.0523207740467172
0.050173269027992
0.0715882732918281
0.0667257501229238
0.0507240731306816
0.0598224530850684
0.0532778057892703
0.0500414585197523
0.065563948913343
0.0765785259817437
0.0824147108452802
0.0837914061193231
0.113541539475342
0.105292803660891
0.123963370418198
0.112961892828809
0.109066549881253
0.124023948770749
0.132502429051424
0.138817931628143
0.258077480056375
0.260375501490907
0.140483310996739
0.118435499826129
0.114997349602974
0.161128884514004
0.178996852505859
0.109215605258678
0.107011024644211
0.121490792393215
0.112336421476955
0.0951619381697933
0.0719366329457261
0.0735996214630303
0.0940358281468822
0.105670512018305
0.080911951752072
0.0482975669512428
0.0433422061826459
0.0626711651440757
0.0526675286702344
0.0643771784265738
0.103980768286042
0.120637487422907
0.129735106587889
0.114154109478403
0.1171967319839
0.0706681817632159
0.102083159847264
0.115857371377273
0.0858192294102925
0.116216479249637
0.112315807567098
0.0636536568337697
0.0823933972280587
0.0979411975477341
0.0801919246021233
0.0627737732216201
0.0708913482910614
0.0632517059637287
0.0808392477715733
0.0699248862978548
0.0439974160028519
0.0363593071648741
0.0438289941007612
0.0632759335708447
0.0736947211275603
0.0821076708838947
0.0749638071420002
0.0425391106215437
0.0390148177892607
0.0493226027974093
0.0537488631583077
0.0610202454143632
0.0879660783683306
0.131407074517734
0.0618916789690314
0.0379738436860999
0.0534716610169207
0.0770275751481119
0.0545772219309859
0.0494866851690801
0.0949196642754559
0.125303612953303
0.0789240926099362
0.0673449670460496
0.0567201764330737
0.0725592185045782
0.0841382569779517
0.0739433288738874
0.0459846773618697
0.054399597004758
0.063191387731534
0.0647616721359932
0.105515970023495
0.157104842411482
0.153362574644748
0.0843595486300302
0.0525649378051658
0.0629452525866997
0.133713220301319
0.115071508869859
0.055117213950622
0.113719820532913
0.0992995696144626
0.0664100528933167
0.0724811427121066
0.102039278225043
0.104890350251036
0.0685242146304758
0.0494687690709753
0.052942778749764
0.0498188959796633
0.0753405953691283
0.091545560776301
0.0923000580971579
0.090699746001624
0.0554935333264923
0.0483315462852583
0.044531727718829
0.0522409243038309
0.102077521901433
0.107543975520091
0.0795152355271019
0.0632544133642369
0.0465755327662883
0.0471893995050632
0.0589556148189671
0.0883788884737581
0.12117597933703
0.0727464985538751
0.0680414342048294
0.0995183627734638
0.0677698623548092
0.0380348743070339
0.0352593202502723
0.0513603715775885
0.0768226490747944
0.063109615128707
0.0510577027954752
0.0534163293522916
0.0743637050660874
0.101994830293671
0.060443811072986
0.0514885776671427
0.0556012645816824
0.0562655635026706
0.10122411637481
0.104959629910087
0.0638049324783548
0.0780027723048431
0.0714440247529363
0.0808121840675871
0.0731785300474534
0.0387937313747553
0.0349004198292299
0.0391440643900123
0.0383919867763415
0.0424838350815826
0.0529830256359884
0.0585105562279257
0.0554317038762375
0.0490845034521126
0.0509674537816005
0.0623970081987993
0.0871015231896353
0.104681559303566
0.0739116175142097
0.0741127677170816
0.0488286150565849
0.0528469076153626
0.0465952888110913
0.0503318251027176
0.0623327451825814
0.072106466428093
0.109421891664763
0.148566542880427
0.138249301918713
0.095235901035666
0.056120913733395
0.0533513346881294
0.0668039305412046
0.106929460646653
0.267112629305973
0.276815760244583
0.107264050745794
0.0724539378417405
0.0816494342540502
0.0802595647517418
0.0739323876913208
0.0755429724250693
0.0608250874051735
0.0706931068790193
0.0952321438493405
0.0803579455210001
0.0625861399738347
0.0932372505890442
0.120788343049338
0.0970662446899094
0.0781565556786554
0.0616592183831579
0.0855752129618217
0.0989593892837916
0.0978795649308903
0.10672965079477
0.0706759248952089
0.0514859677885438
0.0834754118900094
0.118133450909471
0.0904309657525294
0.0948260218726894
0.148293122818165
0.165123433859111
0.0902181597080608
0.049988559426314
0.0342571168258913
0.0316959035823463
0.0385572734003251
0.0488210163385564
0.0610510366306645
0.0637631102435622
0.062678194155306
0.0622516222986517
0.0481303238363118
0.0489863174782312
0.0601616667545568
0.0614047941930927
0.0625974498661641
0.0944242786435528
0.0715359336208539
0.100892561078508
0.139014706802688
0.116734403618468
0.10153810674801
0.0725778538260821
0.0628326540684948
0.053294449321773
0.0596178096939163
0.0518731164003609
0.0557565005221629
0.054615167660927
0.048135758819084
0.0816361146127483
0.0800500163199613
0.120013754731774
0.265371099368431
0.178683756466059
0.0696020101326081
0.0898095128533538
0.0754192774719538
0.0744789990050939
0.0700764472922543
0.0875899122724657
0.127795674059829
0.0916351959623361
0.0705794390223994
0.0676773326825303
0.078169135057989
0.0955857136264667
0.0754844350977468
0.0544921706817974
0.0498485662695852
0.0594363984809469
0.0664837865822747
0.107693729555195
0.133929042690489
0.143586801576935
0.147239403523879
0.101014135749824
0.108495813136837
0.0865918244602223
0.0803083691866082
0.101929873422956
0.113150026275132
0.10754372670099
0.0962857475180473
0.0688179360129686
0.0782623928474631
0.0922063359385566
0.0592287535189189
0.058067212995131
0.0859570238451503
0.122527363537728
0.167448725242869
0.188196160370725
0.121187888830746
0.051537150057616
0.107083441058742
0.211727508067232
0.261400955052589
0.156072473709752
0.0971472465659452
0.0731980613352563
0.132396899472181
0.201958634218452
0.162237723986377
0.102193593732664
0.0668577473476574
0.0866923579989677
0.0656215938042475
0.0648434495104559
0.12482012768957
0.117976801370812
0.0773485182521362
0.0823359852313676
0.111979047325467
0.509749151949033
0.957870844404282
0.93815732590091
0.806675735991842
0.496872525985527
0.236565391408646
0.177249201711255
0.18827743477997
0.206265577739965
0.128705683816813
0.119823374531756
0.142367117370628
0.120918167826121
0.0997826030574716
0.090172705547158
0.0815333518231318
0.123802686780089
0.159635640578158
0.0995853127336292
0.0547880397908012
0.0615332952101181
0.158383980262764
0.176858520142921
0.070667790581178
0.0833024040138715
0.13794036427915
0.139457175274144
0.119175896893627
0.101194315558149
0.0974212639163167
0.120583703117041
0.0931798273650604
0.0604845778807558
0.0682454656162843
0.0957212869788353
0.109646087705966
0.0635795149437094
0.0592875223228886
0.0971710947675979
0.0785611671144275
0.0485818297531594
0.0451097477774953
0.0807807942309538
0.10875758363438
0.0694212558453138
0.0718035219526382
0.0737773529781441
0.0438490082209755
0.0445845490488454
0.04233817450793
0.040354367617699
0.0739445313465474
0.0977924868804291
0.101870327358139
0.0916606312430825
0.0837459480330118
0.0904950788894218
0.0886468165815037
0.0780986251810015
0.0847514833253351
0.0705762142783067
0.0385417836105683
0.0704467659067475
0.0996905436809832
0.0852185812770984
0.0570329684389915
0.0541620843636051
0.0994050162831963
0.0716934476796786
0.0579831596651648
0.074290932320481
0.0497987406496052
0.0619193285628626
0.0596666237682995
0.0649193885700563
0.0613283375386494
0.0580923669599881
0.0434673330169294
0.047540945901355
0.0640269327134514
0.0435130106709088
0.0255535802965758
0.0348487393216727
0.0499994168647182
0.0570206844894531
0.062785118489031
0.0718261957000186
0.0760622873866227
0.0646947393831194
0.060964922895264
0.0586919585543483
0.176847557653099
3.17025342341044
3.70328615196015
1.3546440634188
0.683802480004832
0.594435811613413
0.425299218092739
0.151954261337332
0.152410139430529
0.128979208294627
0.162384545297886
0.144739826037676
0.116693105601992
0.149075122347518
0.121793030909156
0.109687551218929
0.111877025817402
0.087788174245882
0.0798831247374299
0.120012731988931
0.126237653234417
0.092624838286525
0.117846397388029
0.108425769540924
0.078625644358672
0.0599131387932588
0.0625767297461033
0.115010113964813
0.121378069171846
0.0724495610094756
0.0486031022736177
0.0579520490029937
0.0753836877884551
0.0727248846291805
0.0708115094484529
0.0996132566547561
0.0975179646934128
0.0563378408287224
0.0610732128162626
0.107100348224837
0.103459610186687
0.0643542263295558
0.043380329958696
0.0532528001696093
0.0851604370879894
0.0885221023165995
0.0617950833410304
0.0680741105051204
0.0599717348406685
0.139192347060121
0.28042260289738
0.266169469513217
0.114035985206361
0.0395580549617773
0.0701924388076059
0.0840336245119975
0.0975833484049784
0.125724325469752
0.163049754536849
0.138694195961204
0.127638815399154
0.123839423925014
0.0886254541432832
0.0762032992612432
0.0769428720216015
0.0764838283983504
0.0632448478169303
0.0551309361333883
0.0741040564145787
0.0835433590518949
0.0560050801904911
0.0499686499377579
0.0743508390035218
0.0643085419165801
0.0997719469187599
0.118830592944356
0.102536998616223
0.0582511208250083
0.0804973033600719
0.11135594621907
0.107529616115889
0.0884295213935545
0.0859515432610833
0.114282461744033
0.113667596515795
0.12441292016032
0.0922313342618359
0.0525721320932247
0.0548559591192304
0.0802469623959819
0.0829409050533174
0.0517431722491601
0.0569791760381064
0.0824236831979858
0.102209632402927
0.0517955417804317
0.0584130687763923
0.0586787404159279
0.0829026806024843
0.086771794712508
0.0446753219473339
0.102246465764482
0.20583232215067
0.213768387198764
0.101835710961644
0.0925468959025947
0.160505136011444
0.0987303519406004
0.0471592975404228
0.0649593019956577
0.064280704933735
0.0695450235461407
0.0593044690310184
0.0559718354383121
0.0586286131159347
0.0451122942745459
0.046774927473146
0.0670882735666105
0.0764773719905867
0.0677276161966774
0.065476790087647
0.0696855997829222
0.097070790850876
0.114979049884177
0.121993168538242
0.0895776180100621
0.0587323750959584
0.072947722007922
0.0686673871779597
0.153148573377623
0.156481483252027
0.0551769843743006
0.0442031233683979
0.115089671372797
0.127885793514447
0.0738298892913733
0.0661164906913086
0.0687853167985035
0.0819662558891804
0.0767936365695197
0.0617207814295118
0.0702159225766693
0.0713729579222289
0.0776029186223568
0.0810579901940763
0.0611779570704534
0.0735578447708285
0.0836881474459348
0.0747205015221359
0.0598016511667135
0.0546857752738316
0.0847213690974262
0.141165229347081
0.113328357988967
0.0773851810112091
0.0740139478683387
0.0652376941187974
0.0545476590009485
0.0664302838761212
0.168320903185318
0.268701723095089
0.370869366418194
0.2461726257274
0.182900908010911
0.253673149463249
0.232819694267013
0.13574604108942
0.124397737277359
0.150863310248511
0.142444604004502
0.0972032254108876
0.0751669188331793
0.108865851653616
0.131529620487926
0.101900550162371
0.0741644035257668
0.0804434753424259
0.0997096383804215
0.181914552038368
0.182764775116556
0.0968575225773477
0.0939323758088624
0.092766127596139
0.0729513558057364
0.0685824600041254
0.0594643206121931
0.056704864603781
0.075293823231196
