0.251695187406169
0.596617685092041
0.798484268536657
0.514960060105194
0.157751752043737
0.132680653217083
0.170524223142633
0.156302321959312
0.179707358243875
0.0600793243268497
0.104592189773562
0.22232788441253
0.0864656789391269
0.136170617576485
0.34718504124089
0.165032125647002
0.0908152626525298
0.127579527848629
0.103595950237063
0.146397344820755
0.15557316736296
0.174930659918395
0.0956804033094454
0.130455984251363
0.105331457536707
0.0781486020441067
0.257399554535546
0.216677480592683
0.151185417620604
0.151668934092564
0.158483727992635
0.240164174372818
0.228787969117768
0.3508204786564
0.350363816300435
0.241365099937481
0.197942146351527
0.0926918729839026
0.0984071636667635
0.190016704138982
0.184219339462277
0.110248869450799
0.0936435520614806
0.158092054918371
0.252686374817444
0.27301277874877
0.193650081891495
0.355594872695469
0.382709317886788
0.0830378219674689
0.272313620436528
0.288633368325354
0.170566596247803
0.231120523033106
0.119091679457144
0.242431111422894
0.413107914861885
0.161414614929214
0.117800612335941
0.0914286162769868
0.0799026542561781
0.123432700139214
0.17391277829093
0.377935725672821
0.298467180769672
0.14873424168967
0.136081867095368
0.562879394868584
0.463412531617405
0.139276644158739
0.0774855952415893
0.054208745325615
0.126381375043156
0.171039922814172
0.201982760705366
0.144843232496317
0.0588175722589522
0.0886903960803922
0.173157245795034
0.181801795290077
0.224724292467279
0.168755267084462
0.435934989258483
0.577800311648563
0.161125602618015
0.139372089245856
0.269406007112419
0.417168474949571
0.213777286527577
0.36027954051859
0.377757518622246
0.168526285133357
0.430132196745819
0.279263251371985
0.133256299648148
0.136723279534687
0.207076417685838
0.361797887656425
0.834495100014923
0.334925016689598
0.165721253719723
0.415784636174275
0.28868446109074
0.129967884957269
0.0898694305600988
0.113312202231855
0.149764469335647
0.156900195255326
0.112649672035903
0.187695877320136
0.11758707268696
0.200373503786338
0.192855899090771
0.127105340768309
0.199565012845503
0.346174191534479
0.283327415458627
0.139150987850868
0.187735686044934
0.398630043622793
0.206149699860867
0.272666494846416
0.260407010396583
0.116844518807676
0.112034379845356
0.168342642503382
0.224591818959058
0.194045832532138
0.0600443077945429
0.076857668804649
0.10638350562728
0.0706155891949403
0.111439866981
0.153106608423371
0.0601885276881098
0.0805411811800716
0.118595541357519
0.333225586998515
0.257588568085912
0.0948175456704515
0.120353316531411
0.165862137030973
0.158705368326386
0.236970025580742
0.178693731571254
0.600873544696257
0.508885577303944
0.638372123627576
0.599940474839677
0.146747333153538
0.109818235365193
0.109763847813303
0.169728703098892
0.400374876867889
0.264683971722826
0.0783688141225931
0.157204776497478
0.190701309235072
0.278632548853888
0.193945751664587
0.149695566159718
0.184929211887585
0.147839890165153
0.201825099475562
0.249546582004203
0.142616770426689
0.160882360091706
0.0914373445284726
0.192346945152308
0.153158566036606
0.136638559358102
0.260401559349776
0.411550865802044
0.0980978684222183
0.0591145906570101
0.168321871904372
0.44629256959088
0.434539356675387
0.270498531941674
0.150158620149164
0.217530914189794
0.231177446913677
0.247108742198335
0.150962541537497
0.0993489858282604
0.11481019903913
0.169981176052101
0.169296019631342
0.170221778753362
0.153049998454207
0.458715795378282
0.564315676912791
0.162887996958462
0.280927342043185
0.137194438288758
0.151928326816223
0.151205004581504
0.194523768914173
0.532609441902253
0.163480948320533
0.176780844156357
0.170970215363218
0.208200634735177
0.156782429993032
0.30322508596835
0.422466467895493
0.151840091715006
0.0779556834989777
0.137775982920122
0.198828035095036
0.225292334867204
0.149585138158269
0.278485297896422
0.422157860301225
0.193335834139159
0.117995467761736
0.229846803621817
0.169699837797956
0.400965207960909
0.416259255089333
0.0463886573945092
0.137389382755611
0.523188400166553
0.570742870357589
0.45428013941983
0.864694552338171
0.707512136631678
0.420990666243863
0.267417221356737
0.209382812418156
0.51165493390972
0.491718781593172
0.700935187320212
0.855976500854113
0.736465113183095
0.320376480281495
0.279610664081127
0.0849467731404686
0.105594981690221
0.12601083294543
0.0715818636771918
0.111868755624313
0.0797129308789889
0.189705347323261
0.182177114264121
0.164358739821099
0.187744297845992
0.101602673390508
0.138266238422464
0.272726847404948
0.350595450830173
0.189202458295529
0.0841508587199933
0.681075586347584
1.17141822264372
0.861551215237846
0.400294517503027
0.254486050853289
0.223372017332428
0.145950072113913
0.138681567456078
0.0843901475187683
0.0972177847396309
0.460308263502526
1.18233328815335
0.401239511456984
0.106177058504908
0.238212793556441
0.160733663487971
0.184592421347724
0.472827328626683
0.536294968715787
0.44095876416318
0.511862486759756
0.253130879366704
0.193781619512534
0.273743601382212
0.186436360039691
0.126670335674228
0.147281857013279
0.067322992140287
0.0424594728294192
0.0694519265123233
0.0582717756129625
0.680511634529737
0.747418333763242
0.389345085145907
0.0536025173352533
0.240173027267201
0.341859561203582
0.187715993646917
0.12113467100845
0.0810814906067015
0.18791472861886
0.152573089697468
0.107761661128237
0.19088422401776
0.377403244206689
0.201516827116761
0.139875642302348
0.11366969543008
0.0347445674794283
0.068806669513677
0.115294445823967
0.0686696741150958
0.219182232625559
0.379674274991905
0.681446121561206
0.735914211286171
0.251021772143593
0.125335734999004
0.157494988483213
0.173920674714921
0.142819546098062
0.0648403745748315
0.191805306319128
0.178084069692925
0.131701274603826
0.168803733119444
0.202399135322801
0.134370674887731
0.0918114521604621
0.167415034565354
0.167972098789208
0.0902014044466125
0.120627929281494
0.0478513294870964
0.0629848466855753
0.0422728189277417
0.0456745544718554
0.0343597342203556
0.0402819926686793
0.0362129288418345
0.0318868945650807
0.0554245469337203
0.045900372213439
0.0344189728378107
0.031595711667949
0.059198679118066
0.0635846129851673
0.031645765167671
0.0290763804439796
0.0706482269605603
0.0577783768157295
0.0293882278480025
0.0632400778674701
0.125425300204035
0.0805891620879306
0.0325920155102798
0.0449553301966576
0.0635639355429684
0.0619850629291511
0.0657270693743048
0.0540273115955031
0.0706254494360691
0.0791434811843167
0.0923053025444866
0.0832349701335954
0.0544188834225261
0.0472761355778777
0.0804758463676006
0.0215600807280076
0.052031615611365
0.0451519089996099
0.0289872618497736
0.0308448603945207
0.0451154335732546
0.073779687259336
0.0675319270201549
0.0427882527740942
0.0535435586607152
0.0718920781587299
0.04223478514831
0.0516722817260776
0.0465805940786097
0.022507252967094
0.0200635055860735
0.0480270684983912
0.120004674543802
0.086519617717929
0.0357258951658182
0.0244387357322397
0.0874882869512914
0.0655956587933574
0.0401973199218524
0.0207705273844375
0.0309470896415312
0.0238010735272931
0.0679075758905226
0.0849979050689788
0.0669092455148959
0.036099258828161
0.0276384858136622
0.0430930869073467
0.0253388803850351
0.0139321327703511
0.0235541163987192
0.0336961207814968
0.0342335626239854
0.0193862670082304
0.0281666191346085
0.131123222726163
0.117625494824845
0.0264095481178509
0.016869763129295
0.0325867295578748
0.0293765372491003
0.024641476476905
0.0335264976097872
0.0263594338172227
0.0186233966952345
0.0315373466018315
0.0605030417693784
0.053599644818406
0.0185251384651131
0.0222334801557987
0.0212214527774494
0.0280323435298857
0.0172911071394683
0.0447740426399238
0.0431532920649344
0.0390020696460869
0.0409253229761927
0.0195894818692103
0.014589929029213
0.0272758925141358
0.035744489963038
0.0345993323797178
0.0490147852707828
0.0362945092839178
0.0284538170459868
0.0210733133471622
0.0259757156027869
0.0583924732783724
0.0485356219687904
0.0217558035493241
0.0337470648546277
0.0491082714833957
0.0375002554323375
0.0188452558918915
0.0453252631176622
0.047480595038801
0.0264829445717063
0.0456339340630925
0.0360856128468408
0.01679547520956
0.0214948195516306
0.0347965411275148
0.0478980687262846
0.0385751980061368
0.0238093463908464
0.0276176074676148
0.0330586161187682
0.0242942263525368
0.0293882002850154
0.0324875931709398
0.034082734174953
0.0508504957990854
0.0514325129658881
0.0653067127984963
0.0592107794445619
0.0467434252135743
0.0444056632715862
0.040690031009108
0.0233603193949112
0.0911580751213984
0.0380685138312869
0.0522061224334452
0.0978320826983533
0.0465095086610171
0.0538423238522487
0.0651492332840573
0.0473954627447803
0.0546566239446072
0.0742370221987654
0.0831489259206644
0.147838103289474
0.111566578912811
0.110833618916021
0.0397755291949337
0.105872938030954
0.102718703335876
0.0507146919520492
0.079939403295012
0.189265027858288
0.055990495424169
0.0393940058597781
0.0552822651275884
0.0644309999277448
0.0630613113861886
0.0545031908836615
0.0319300930491544
0.0311910069180673
0.0222912987210452
0.0350545234468752
0.0505578970742799
0.0337184589709666
0.0337065034223983
0.0331024737871729
0.0819803895662831
0.058473483399494
0.0358047967904286
0.0438089230309523
0.0399683785440053
0.0551005696570008
0.0527123914988972
0.0385584243825017
0.0380300841005787
0.0365453945163585
0.0378551894631768
0.0451297679705754
0.0714050828638886
0.0753857819467323
0.081110987188293
0.0687696694923232
0.0657335575664315
0.0611819930466477
0.0772906696815459
0.0451961768431249
0.0472249675152916
0.0335753544677174
0.0739374426713782
0.0469307570367824
0.0212810524865882
0.0242229463388866
0.0493117842344889
0.0366237496391289
0.0679798255962051
0.157698385800935
0.19787535835213
0.0942282777659022
0.0531969387044088
0.051853682122641
0.0520769702611961
0.0487101831025063
0.0443397619440862
0.0593025480786081
0.15509615714181
0.123745403295379
0.042525941058268
0.0422733528718126
0.046912453023551
0.055764891175057
0.0455970793932942
0.0370687682489069
0.0318817480532248
0.0384875787523184
0.0349747623486317
0.0417392258097418
0.020122667422932
0.0218434107645298
0.0952094183231543
0.0421101458091631
0.0504969113816712
0.0199025328583901
0.0487351629977969
0.0532357366631341
0.0545823359877356
0.0807184307987646
0.112299554741658
0.0324896342077457
0.042393353201607
0.0766740200191155
0.0652285103262755
0.0306510006523022
0.0586696948804065
0.0928476896718587
0.0313484288055474
0.032678979753879
0.04922148466003
0.0367080977794641
0.0236349756467811
0.0222010717207969
0.0177706014244973
0.0224053590068411
0.0531815413754527
0.055551061931608
0.0642693043959042
0.0602274878375625
0.0473921715520002
0.0328289897586125
0.0424021487382459
0.0601757227826085
0.0569103177330736
0.0403430073066407
0.0265000983771161
0.0170590979068911
0.0283855764267285
0.0849176691123244
0.0542340977114305
0.0405353481182345
0.0474555157538213
0.0369258820263595
0.0502077040593527
0.0382921744807379
0.038594054377188
0.050624419897989
0.0348159782050725
0.0272468968366796
0.0222602662264685
0.0453983683263482
0.0459761177405826
0.0621392050943934
0.06577709637924
0.0591792499713307
0.0492628926247003
0.0776230120721069
0.0512183075191512
0.0316264189933837
0.0251278838850719
0.0519763759695248
0.0699448617739225
0.0481938700513794
0.0406809667882317
0.0260956892136264
0.021058491463879
0.0288209019008265
0.0232183006142312
0.0340493895545714
0.0201706757941043
0.0149932282270243
0.0228088556705058
0.0348381398564844
0.0524837124511758
0.0417707629564604
0.0352033941754042
0.0512852252490647
0.0301065524619761
0.0338812306122191
0.0455124797722889
0.0375577872204415
0.033242326518862
0.0345451703861675
0.0444911462510345
0.0413990708283254
0.0190228907183135
0.0318960900685771
0.0548640745718993
0.0433990681617515
0.0283655392300112
0.0451919844467475
0.0879243816939227
0.0223671507931652
0.0293945595614595
0.0282053421354498
0.0225627168134912
0.0369804823858508
0.0257152970585737
0.0178795418458592
0.0194131375324363
0.0266072202058376
0.0387549592984038
0.0386346619164534
0.0350047263660899
0.0420356114464023
0.0255465920590694
0.0180224401260557
0.0346123118897999
0.0503254334751259
0.0270046688005051
0.0352363766956776
