0.45167627215365
0.197134531050719
0.144046712525341
0.224613935676357
0.229805346302561
0.559278668048823
0.90313432529582
0.677950895996629
5.9085162775361
10.5201055285439
4.95478450216384
0.959338610161726
0.157605947630004
0.171041715175606
0.387053435500054
0.427290839893269
0.296756380109361
0.270715318276846
0.201646419825109
0.213139612977511
0.274385698567076
0.174995573662333
0.188921577282673
0.15545425610877
0.0756011461566733
0.053012957739169
0.063986822416042
0.171302726756327
0.725903948117445
0.745716950995378
0.466432899500052
0.321507114233564
0.0781817993235103
0.158553019774023
0.290645295980916
0.262410864932394
0.0868528937516805
0.189750856681396
0.148554641464733
0.083312182533036
0.473628457058133
0.431918029753957
0.278828087032522
0.269526234207278
0.132787586248048
0.186999852812497
0.216735550940886
0.829471446637186
0.738738637129139
0.483898869482783
0.654537618167859
0.31470624804587
0.0653342404976635
0.037781810967818
0.0929060941806307
0.257867810999855
0.561422928829569
0.474158143024264
1.75072643410739
2.28442261895787
1.06642507629213
0.599391356680811
0.343788354434353
0.569650956369192
0.49917664678036
0.309504107548452
0.55007321725509
0.25834329475762
0.169939827480928
0.203157911225401
0.0548500372509344
0.102038642704975
0.536413345538276
0.580309373296186
0.0925530131243046
0.230091083621368
0.111054901612873
0.62218292595662
0.599860076442958
0.0658921516306737
0.0685665406390499
0.154898577315522
0.175565551841927
0.734099401171834
1.57709374489464
1.27238576324733
0.496303796430677
0.561495329867239
0.186824696602238
0.0801286645095633
0.154477328508719
0.546211267140831
0.674326054904106
0.523622183828426
1.64020486187977
3.93978788086148
1.07405323448863
0.485255374068144
0.20978775134683
0.141872773840183
0.125405247214541
0.121919710001327
0.0772627680956425
0.0922753006070005
0.0702499164143586
0.0644179868309482
0.19614966996384
0.329419883176464
1.00288901068023
2.11197651488923
1.16585237350249
0.613117118663291
1.10015224479933
0.488279704945771
0.142443277951676
0.0730301605731347
0.507228472502535
0.392338863577132
0.140781581693946
0.511979564222189
0.774659584946924
1.49590228219286
1.0507265893319
0.662749387573917
0.64476931201265
0.194994247842138
0.116100212971516
0.0709369919619912
0.0954138552974775
0.485956059467085
0.513510314533698
0.280403631931692
0.477649929305053
0.383216811978122
0.34766701576859
0.505594660191673
0.40911219355749
0.620434599266925
0.218396494311396
0.111175404098053
0.175457746503842
0.370124423456586
0.316686343219406
0.296227927755268
0.172901928989141
0.459756730960799
0.230256634790008
0.15053760638556
0.260490687436194
0.416056797009588
0.500998435816367
0.491186268521536
0.344738725845981
0.25618254506838
0.76561728251912
1.49954485882096
0.764262220760086
0.326020662389714
0.107248077137962
0.103451855530997
0.147142126578825
0.114730642884468
0.139786999790858
0.25850304127557
0.312787433874743
0.327016664419865
0.320933540331822
0.399095675952944
0.40996105187469
0.074359401357548
0.793878880831208
0.898565309016391
0.883224031015458
0.889855600566485
0.688592930641784
0.110909228117954
0.0880045181612363
0.169259985320052
0.253060591683893
0.303710433802494
0.248613372916837
0.154702296342706
0.167356491027771
1.44061465422279
3.7293545938996
3.0313564839658
0.561160710613471
0.201243781794563
0.16731948036627
0.176851566911425
0.0379483561254743
0.0881589725256213
0.097726607040678
0.0678492329174622
0.0314346468950307
0.0240135475674631
0.0546944864096219
0.0377866462545579
0.209469171881904
0.183209476940188
0.0365149257171588
0.0491181903987175
0.0862503468749265
0.105530009956515
0.0407502900313291
0.0424360967062447
0.0316558342987036
0.178610457896711
3.35575045381546
0.40652225618385
0.198117278088698
0.241190486993324
0.228506997781417
0.0777926644240001
0.0255801671704077
0.0494754059881493
0.143612198497258
0.0766505225663909
0.0343737359121806
0.0749348232888832
0.0722302967669333
0.119912502733514
0.0965957771793843
0.129616622028617
0.404764613553683
0.498189260618827
0.322908193530456
0.272044641936879
0.0558839206668522
0.104950541545163
0.120392130855331
0.0905906152499894
0.059430907943895
0.14083489535784
0.148161261312087
0.0971614489105617
0.311240409959192
0.269547677699639
0.443529371363643
0.540399892656942
0.136832139349679
0.0820714066019083
0.167688859323558
0.347441048134201
0.19218114546598
0.344159955433831
0.270723639129818
0.293387540740989
0.601203195364749
0.162381299114628
0.252227348737479
1.21199596378064
0.553365493653895
0.179205868105775
0.142666869749076
0.231051908091767
0.184777917441049
1.98197806843539
1.21913462741954
0.0850372311095421
0.0672910676536155
0.0631864839507254
0.0521395087307467
0.0785281239698319
0.097004151698814
0.216346568417469
0.687078941140576
0.321513049009937
1.03455808319516
1.34846052543376
0.959043343509458
0.863761512524034
0.354157187161431
0.0817289973339893
0.0560148511289716
0.0234116004916925
0.0541411199795646
0.135671020331033
0.27551406982982
0.202512531457764
0.243196560501694
0.210744926516716
0.101462630658087
0.0543689470355484
0.500567715041523
1.11074222308671
0.925225124957562
2.23104906261626
0.704020778646106
0.209105043754695
0.394222643074604
0.635402732822206
0.95683058106429
0.457523151622854
0.401474602872389
0.50056133431839
0.37220584170341
0.866542162648051
1.5109079043154
0.235641766690906
0.0836296510128828
0.0642707344608375
0.20711919032533
0.360607362260531
0.376276263936144
0.0705352631226963
0.367820803869409
0.509634269645509
0.698120238264717
0.589835851325078
1.28786484756823
0.502822583857816
1.19300797935776
2.07823639275263
1.3172358754956
0.507015539403099
0.209659124366894
0.484436744994914
0.0562801190792434
0.213695434653132
0.381034176308854
0.123026432102413
0.090060321862224
0.145996724464027
0.243763619447037
0.170192620707653
0.162571147097815
0.0707869118932793
0.0677791091440436
0.135512631164268
0.0739144793772883
0.185321308180546
0.138670353526451
0.0833287401624562
0.0337663523606489
0.0282372525156971
0.0281077445575147
0.0939942824079924
0.0880011620879805
0.0735457509741022
0.0444441320700615
0.062910316670763
0.234230896780017
0.537661290804529
0.462827902497376
0.0911478134857547
0.260551119568123
0.472401318831945
0.0734251215811272
0.143420534784974
0.0445308562303482
0.0363805661144327
0.0101771285281036
0.0115918308322217
0.0165642689289243
0.0382899851540096
0.0338164634617864
0.0191193369740547
0.0361398670343147
0.0466662461201094
0.00827827979486255
0.0245495317852521
0.110581285898064
0.0379337129133809
0.014534688810775
0.0391637876598081
0.0284282839062099
0.0203277874496673
0.0906045658159806
0.302597260553785
0.0494897591783112
0.0565038930701607
0.0315311716485172
0.0364206503908204
0.0392891995965813
0.0261043366449647
0.0940989129160161
0.0456828606805789
0.0198110835888759
0.0186334956106222
0.0184623518587468
0.0154756335781608
0.010728678304486
0.00599564795226811
0.0545471109276289
0.0334118733343116
0.0207205436793285
0.0109511918194738
0.00572252701075938
0.00764290456303482
0.00986354324554432
0.0225594199966194
0.0412804517801861
0.0380408029424652
0.0326295634401478
0.0510843847556777
0.0376003060635056
0.0402459431708876
0.0467733940450008
0.0360409745848791
0.0366192623430586
0.0173223394567405
0.0240932913493164
0.0194537413431885
0.0127776829570078
0.0110574813257944
0.0072772850462865
0.0133341434532146
0.0146769624881323
0.0165788198289664
0.0290286987648071
0.0182796639987593
0.0117971689471054
0.0184807337520682
0.036531962804855
0.0118514407399283
0.0174621118458384
0.0305463611120261
0.0573980384583501
0.0349282134506637
0.0304562773492812
0.0504333810060624
0.0181310629841818
0.0374218781983831
0.0591114701206227
0.0296037407210657
0.0104311401317775
0.0332604591571626
0.0115206885231646
0.0140841929696702
0.0205255431154878
0.0589643781508641
0.0430801229364545
0.0268243994998992
0.0142416961875435
0.00732900671901934
0.00659445522904854
0.00801549140194189
0.0146650761462018
0.0235510743957404
0.0181513910079464
0.0177875440206156
0.0195274675778015
0.0386409487582282
0.0177333473289815
0.00997378754841097
0.0168895386583144
0.0156234803144313
0.0636916038390366
0.0745638771140411
0.0549283349506393
0.0671827650706315
0.0224792438019248
0.00964214540827807
0.0249066802873553
0.0337478955643902
0.0404407304414608
0.0287695957658608
0.0488973877344233
0.04591305872378
0.124312972293405
0.0292272133650412
0.0287341556609719
0.0242387613943291
0.0300441679358825
0.0501878355581796
0.0365762677128181
0.0122082324723488
0.0180928874829315
0.022095769111292
0.00932608919558601
0.0081821239307059
0.00880865707812488
0.0154055522705811
0.0260566760065118
0.0194765848885507
0.0176241139911993
0.00988598197014538
0.0170926130863205
0.0101327471008814
0.00549849098978355
0.0111944225824251
0.0194734414553744
0.0252536431590107
0.020792312238765
0.0294852189164674
0.0561585579999616
0.0642179470420281
0.0259853979366283
0.0262621721761752
0.0176490054492582
0.00973527660846635
0.0175090372108352
0.0581793396825697
0.0402510771508601
0.0185039292954395
0.0563637366598641
0.0680150654563839
0.0528060365978729
0.0704331531632052
0.0621249252340648
0.0196950440364542
0.0289077319749666
0.0228959482865853
0.018316233013116
0.0402741231823619
0.023204612340866
0.0104926172026835
0.0180799577180414
0.0502218759235714
0.0900669586841093
0.0307227333237377
0.0285876838966305
0.0799938144301135
0.0274875900545808
0.0315472261942564
0.0403634918988892
0.013161464817686
0.00933140628185861
0.0144959120002644
0.0263315843268844
0.0222333110006757
0.0643759142401067
0.0926166959148974
0.0403278650611996
0.0199219376699956
0.0328400036012416
0.0402739012201577
0.0540829971789571
0.0432287904339108
0.0325299957958057
0.0772109005880628
0.0302458231748875
0.0331153565023554
0.0362746586498312
0.0308504690192779
0.160643063402837
0.200645342822722
0.0355382766782216
0.0116930620832538
0.0120254564059602
0.0107545199271998
0.00813006342694867
0.0109660414471222
0.0219309566016731
0.0690280694137679
0.0720512208258313
0.0436521212573264
0.0567198425252423
0.0474524062125929
0.02166561805149
0.0155618859085556
0.0199882514048207
0.0152995094879888
0.0139790552111263
0.0415034386552527
0.0674064802732171
0.0207089334260979
0.0163196641813926
0.0110416309971346
0.00880394910532647
0.0450832209557364
0.0382841308233052
0.03926812739296
0.0120161579716227
0.027685983468276
0.0701234256598533
0.124984531104811
0.0921843257393147
0.0329124618397735
0.0232646224277801
0.0648968054892609
0.0839129096489871
0.0358130274649071
0.0275576943659126
0.0157611398185215
0.0208484890596453
0.0168091912992678
0.0212795359686352
0.0664873353525098
0.0210615812675316
0.0419808179698625
0.00715992263516133
0.00892757692281461
0.0127952111251069
0.0117930430482452
0.0234784734757425
0.0464787982708713
0.0670590922206799
0.0190432882611663
0.0123229684395812
0.0169339351927149
0.0186876082044227
0.0259398287216132
0.0375698965377802
0.0118813160273656
0.0123580293037378
0.0299289684352117
0.0512728394131569
0.0762861389818772
0.0325583756934853
0.03661360155685
0.0533208332228939
0.0562423959639361
0.0617372503106572
0.0207192839237816
0.0236375992464259
0.0467500705781414
0.0076979556751178
0.00897899219045335
0.0293315206652586
0.0627326149311801
0.0657376146594086
0.0521986760432753
0.0325638027981298
0.127184972236669
0.138146780581875
0.0585637584629922
0.0530045248231776
0.0507786709700038
0.027571278203406
0.0340271574047931
0.012135710541833
0.0117322446112011
0.0148087417365006
0.0245659557093915
0.0229015348363903
0.0173555636583393
0.0214373885313185
0.0232616186754237
0.0409372299929153
0.0442248883396158
0.0209928751961087
0.0420052901586923
0.0269511874413278
0.0219055154265825
0.0606594179121399
0.0771681732832651
0.0615664563722183
0.0297294901929426
0.021426085961762
0.0415326934701621
0.0590004275499363
0.0411753165528358
0.0332628151472297
0.0626519551947901
0.0432785201273522
0.0383878419463216
0.0456533950380325
0.0258072533463289
0.0252779439316573
0.0314266750253141
0.0248005603410467
0.00795341881260233
0.0116905120087948
0.0168631021505329
0.0134263259266725
0.0129424269575948
0.037018132575299
0.0379337609257264
0.010768343875934
