0.00723188220449593
0.00758190394068104
0.00546558754409638
0.00867842453334862
0.0108057576711831
0.00958912189602018
0.00815370108601216
0.008531979142967
0.00777820128650623
0.00696093594522347
0.00536763149564281
0.00699339703690319
0.011507055194069
0.00938258330535395
0.00754782278031435
0.00600685640606011
0.00190638817571704
0.00344985635377646
0.00612755083781464
0.00723753493683076
0.00439500286630949
0.00319284723595604
0.0103663051243414
0.0100828586936314
0.00706883921338914
0.00514643352657551
0.00813974361243182
0.00995710458146718
0.00952208173590246
0.00807017981605212
0.00642953611438816
0.00849381735947749
0.00979077582855802
0.01024175806948
0.0104974295524691
0.00758547071850253
0.00672284553224278
0.00877947272635623
0.00941156713391989
0.00654613877934922
0.00855757005450992
0.0109477573014716
0.00985588252768055
0.0279996322865675
0.0372086453150908
0.0302108458509272
0.0786871204591994
0.0667237666145779
0.0212973234678446
0.318788374171305
0.35701033748498
0.029330836801463
0.038041293845029
0.0869844143998741
0.0565253834107143
0.0385388606602159
0.0456448578783314
0.00965692818195944
0.0081563624432599
0.00898026553791884
0.00817730660222035
0.00823098162065182
0.00744681778011382
0.00715826564060224
0.00726484093082785
0.00887799010030444
0.0137161309542938
0.0158633104617623
0.0129389689556776
0.00895197599143892
0.00695333203931888
0.00731719073209671
0.00495049797630873
0.00609680665142766
0.00877943308264976
0.00728737113887203
0.00571501849310266
0.00599101084615664
0.00627076745846118
0.00669937543326932
0.00601332250610074
0.00809210884144785
0.00862263024683432
0.0112235123165383
0.0110387491256415
0.0116605729570482
0.0139169743206917
0.0161556874633028
0.0148376843092272
0.00955095461352242
0.00721265060209778
0.00783000011139439
0.00695143450701574
0.00847353459177035
0.00819935593502032
0.00809846694256689
0.00780089578554592
0.00471204761446106
0.0054038454934068
0.0106878992809129
0.00907421693767241
0.00559342402051644
0.00517897276284429
0.00728643636217414
0.00550883281797598
0.00628255647129556
0.00703372135887577
0.00861172679532045
0.023417398685672
0.0176305606318934
0.0154578447240654
0.0106367615695254
0.00999821179666169
0.00945216499075278
0.00674350156833357
0.00818884013646544
0.00895016574903794
0.0101626189157605
0.0100202217251327
0.0109892917839095
0.00892481551777043
0.0130140518535361
0.0150967549406631
0.00657606563595976
0.00556117836552172
0.0162070221968028
0.0210275928903347
0.016095959805502
0.0117715847180813
0.0122403473167026
0.0147949818435975
0.0116951326384557
0.00887541268522697
0.00993383729776933
0.00890948991055425
0.00538021040151196
0.00584717820426576
0.0055624268874845
0.00705302935671807
0.00686574996366463
0.00687506914003656
0.0105484998449397
0.0133394662253459
0.00969720324812324
0.00872600657674224
0.00948261612608015
0.0106676136138946
0.00930651717452083
0.00844692621308124
0.0128755636647306
0.0105407839627434
0.00659912842867869
0.0101821888241584
0.0108860925596314
0.00600132433087943
0.00863894265181268
0.0108151425305443
0.0102105065053103
0.0108276354106661
0.0120964139590586
0.0155733282434602
0.0116455567674589
0.00705045911753996
0.00599475385426819
0.00908631633343248
0.0134679940862033
0.00864947216395753
0.00693381222253216
0.0686562391929599
0.0758869449103271
0.0170682007706758
0.0130979097276288
0.0144313048700142
0.018104786575166
0.0134642586289397
0.0125644688602976
0.0138291757815136
0.0148671012064814
0.0134134707710548
0.0153991440036588
0.0147933173602572
0.00939737962955211
0.0075070864250724
0.00889291772466925
0.00920923624606385
0.00825448229773558
0.00622079484024624
0.00375046491324916
0.00361099963339498
0.0040607588055448
0.00638558121775989
0.00767504729329554
0.00594585784485906
0.0055377134221878
0.00739530715870457
0.00669901501909018
0.00893207802570838
0.00962173103925364
0.00779519016038538
0.00918611908194916
0.00915210834125902
0.013108837574544
0.0145979434015997
0.00939446257117767
0.00595437175410509
0.00714004045499394
0.00966985111583009
0.0101812835707856
0.0224977944607687
0.0260229390438699
0.0136005040632444
0.0172563119340456
0.0153040127727982
0.00722017534278207
0.00749414646557107
0.00505111085692298
0.00410505975541594
0.00682751793415079
0.00691958224810949
0.00667151879537742
0.0083869412588361
0.00766670672039858
0.00466050880090228
0.00522204623145942
0.00588818992255489
0.00659150659557205
0.00659340275568702
0.00497122118164538
0.00412970652829648
0.00826144991977865
0.0773216439838682
0.079221813511505
0.00458584893003174
0.00542401210655572
0.00687070703269079
0.00640688971098599
0.00466646589222491
0.00433106242348273
0.00504962543403238
0.00553444071778489
0.00493271421599864
0.00533902845471031
0.00618463584516027
0.00529946725822243
0.00585891712099904
0.00628233744796763
0.00421147315744536
0.00368194469779257
0.00358310256525357
0.00372772629562698
0.00486243095016107
0.00706209973325446
0.00670700941989855
0.00747839170246052
0.00794304666205595
0.00711712273590095
0.00648030381236696
0.00483570802391488
0.00503438966999049
0.00561036582406728
0.00575332106327544
0.00563699647617879
0.00465873907884479
0.0040668096727463
0.003034247443432
0.00497471110474521
0.00730864776148504
0.00592605724290409
0.00477565407139216
0.00487339965438927
0.00364847440539853
0.00423713666726336
0.00650440664465419
0.00869343361644983
0.00747612767700652
0.00739323033596002
0.00805612638781453
0.00806230623009784
0.00577230948329194
0.00605810949190214
0.00850986389670195
0.0071921022387536
0.00530780435033841
0.00580903835280339
0.00691059567305455
0.00931238991471208
0.0096109171652011
0.00675983987973368
0.00570926033819443
0.00656690201170034
0.00736440586948653
0.00732358556264624
0.00722965705456576
0.00743182550619508
0.0052088372502118
0.00460961613721356
0.00719851674605187
0.00609806649555017
0.0057587924456175
0.00757158165633867
0.00479988451729727
0.00438703173451644
0.00471635029848704
0.00472104941098314
0.00537072929988381
0.00645550833463682
0.00625840895584968
0.00594454725994879
0.00555715899240155
0.00375824143000251
0.0019905736732372
0.00263756661788192
0.00255359603561786
0.00423277405904485
0.00434453467593343
0.00269432813716741
0.00524268781275805
0.00592970144529343
0.00378266635494581
0.00304436229854573
0.00325603108583582
0.00351011731049431
0.00311774179154038
0.00337341973942513
0.00348130961361281
0.00358565053443419
0.0033249011254837
0.00311828581866841
0.00226523692881639
0.00202425057516153
0.00215914307313661
0.0022485476798198
0.00193663814907161
0.00228928880943057
0.00234689964727103
0.00334525688344529
0.00347330082492096
0.00310620689491775
0.00331021066014817
0.00363892380444666
0.00312833621414588
0.0022229723281514
0.00261225823891338
0.00336752360555794
0.00301683463761911
0.00219516896493146
0.00207428102056881
0.00279732694152389
0.00561918005816541
0.00522516869039678
0.00261991700339248
0.00333880649346025
0.00332890131429996
0.00325205692520797
0.00348398517803518
0.00212764147968965
0.00191515261181249
0.00399376960901949
0.00447954242733849
0.0048961135299153
0.00459775958447001
0.0042801301460706
0.00397868353534009
0.00297793682743073
0.00278646071796539
0.00181516921268911
0.00263895842003591
0.00267921765615968
0.00277970686053735
0.00290618639580218
0.00340258336922641
0.00598966534721339
0.00453273241248815
0.00191838628541288
0.0018382761722977
0.00185962214871715
0.00316063328299438
0.00250036572454539
0.00264867745531415
0.00399387283783721
0.00323494684905732
0.00166378516856789
0.00184114344398263
0.0445493433114755
0.113998679278897
0.0753476692172037
0.00793152620585862
0.00737319610747671
0.00582819901796364
0.00484931740387442
0.00443641033145762
0.00508794231790258
0.00396674057893357
0.00257757666355237
0.00284136807902489
0.00363025492417208
0.00307564475249545
0.00273488460374243
0.00310731156520335
0.00348783869117637
0.004291753241836
0.0120843303181713
0.013830182273545
0.00319473390233792
0.00442763197323425
0.00527348367402676
0.00633890371620327
0.0092113483871463
0.0101911565309287
0.00383128723248195
0.00426575819254083
0.00451835428373282
0.0041933168189851
0.00408596719604114
0.00374307466889314
0.00605241311489175
0.00625458721913012
0.0050584446254132
0.00540227814305183
0.00525076336153411
0.00476696189445586
0.00551227745419845
0.00457651173265043
0.00393816225485681
0.00384975220234289
0.00408694552021347
0.00294464006119166
0.00266327805476844
0.00336372125823372
0.00328094122109568
0.00456947159868751
0.00561396311827444
0.00700991327317277
0.00745749812407323
0.00514978506454568
0.00430074236149662
0.00269517442952445
0.0032495338033941
0.00380144606797849
0.00416713244932126
0.00415522829207622
0.00341769779607398
0.00350064103589673
0.00297568265061252
0.00286786654235446
0.0037538642294921
0.00321809974914524
0.0182327784808523
0.022389754446343
0.0122308128797172
0.0156400795159309
0.0223369898351376
0.0172420367474063
0.00935081559520241
0.00667254342746864
0.00599124259208772
0.00850561569830669
0.0108611615242376
0.00863317477945416
0.00621401168850208
0.00501882482312169
0.00752481372715646
0.0063362321781254
0.00290291305504721
0.00221949372903779
0.0022532427884568
0.00235408352993232
0.00210919137239145
0.00180464684378677
0.00707800650158895
0.00665971064691774
0.00320263497320018
0.00396905040989806
0.00484677634179087
0.00382524067107459
0.00240684846539054
0.00234966292026968
0.00255911821166279
0.00281138037294967
0.00220831827870036
0.00204622925761992
0.00328795501811246
0.00481711495849431
0.0041443302593919
0.00394935337463494
0.00421494077044117
0.00398227045232896
0.00354297151715676
0.0037214928989393
0.00314954686749323
0.00231170246702938
0.00375402815030513
0.00461325697159263
0.00438840796281833
0.00290922789187574
0.00229054783805072
0.00240937312462385
0.00364323253153097
0.0027069842142889
0.00185251354305352
0.00235878546749183
0.00246886571885855
0.00220295815315992
0.00231433234481016
0.00240578341183823
0.00223014469601871
0.00203132390714012
0.00213077075707624
0.00262923116944372
0.00288279087911792
0.00221443083980446
0.00214222109940793
0.0024025085850085
0.00230628997327298
0.00216927915563918
0.00466003545057265
0.00520472705628368
0.00423188988012561
0.00408383895995713
0.00403720549610258
0.00373575111437343
0.00404797576690684
0.00288693199881505
0.00294955756973491
0.00320358744943364
0.00455879205744328
0.00988197131939311
0.0103091897754061
0.00460300027412085
0.00393955561976155
0.00617119665385828
0.00897153370558857
0.00420029343094059
0.00515960154276911
0.00514657369176386
0.00553905905088877
0.00516851240458394
0.00400582314784069
0.00395028917579298
0.00422011992785061
0.00371597136832421
0.00327842102032489
0.00334305243885908
0.00471412077251397
0.00397654349215248
0.00315620429660666
0.00445979026327034
0.00356959420074906
0.00261978699599605
0.00385777462445403
0.00399534929988047
0.00246122191194448
0.00210359035545849
0.00258609383525646
0.00267429108593279
0.00196966017923443
0.00160344133485785
0.00221425918538198
0.00257586517681991
0.00265230976863391
0.00285263784267307
0.002845388439524
0.00325229480650084
0.00381560551207097
0.00317157019454941
0.00253669306621552
0.00203974366339652
0.00240103954754021
0.00277383760505181
0.00223674292715836
0.00313331456016758
0.00333203666985698
0.00257889375561582
0.00243237548818105
0.00272601256896886
0.00326380255218075
0.00271769109266745
0.00275941292570737
0.00340742719037948
0.00304527627670312
0.00258242137861762
0.0024036358792248
0.00316525089152959
0.0035872290080084
0.00288399745956704
0.00267883656102767
0.00270125584088381
0.00233993230217684
0.00219088138721193
0.00219160066771853
0.00409127050265391
0.00407485248559457
0.00249316651032909
0.00284432901074549
0.00409662366142315
0.00706904812467735
0.00620718959694738
0.00534728400819134
0.00570347803699562
0.00383159222936643
0.00226469025117826
0.00183801249023957
0.00250329040532194
0.00331949590579454
0.00362529661195515
0.00526933275040439
0.0048819885748964
0.0043466704192698
0.00336483993011017
0.00255755976864291
0.00257752470925062
0.0045769240146084
0.00456444957967793
0.0027596223123619
0.00367299735947949
0.00453274145259396
0.00299754756088628
0.00293777395036892
0.00456701715829406
0.00402144058347711
0.00217937335273364
0.00255269445853525
0.00277164547657841
0.00321041151252956
0.00309247765357525
0.00184014592586525
0.00151037503489359
0.00279407586734797
0.00406484870800949
0.0042500988624874
0.00465796342160829
0.00443600764381452
0.005421865738578
0.00575649653009641
0.00363481834380055
0.0103944329969262
0.0105280619778524
0.00462753207083764
0.00392404158360796
0.00348766206709395
0.00341196969363727
0.00303422562228375
0.00297699163787137
0.00475730750705208
0.00433984981708008
0.00311995000741691
0.00285919485167221
0.00249355443103117
0.00290323882652359
0.00278583016304171
0.00252535860084697
0.00269947283394839
0.00269736299176218
0.00291164008336121
0.00299038958344749
0.00285239580012579
0.0022229565379919
0.00230477561410205
0.00312899692976815
0.00333001565677544
0.00319023888420038
0.00285946280333292
0.00257630769944932
0.00312906528169708
0.00406486880345231
0.00329645809953277
0.00284594733921846
0.0027202752856629
0.00298348632238138
0.00405123668676666
0.00319915793469367
0.0016707728731557
0.00220866795797714
0.0026492199465199
0.00237447399312812
0.0020968656411327
0.00229664687926602
0.00263450578399949
0.00204357048831925
0.00196646216828624
0.00337176319665093
0.00363951646716799
0.00244089993199758
0.00229391373650631
0.00270121943858476
0.0025530439706299
0.00360861575179231
0.00476232535339274
0.0052253144807738
0.00687540696245634
0.00664836713169672
0.00356767074222394
0.00559728188015775
0.00518992552749781
0.00247093674934998
0.00289555716333763
0.00324640112740449
0.00296952709254164
0.00253707921610385
0.00238273257708159
0.00265440517908445
0.00216988823521873
0.00203401424707061
0.00258105082419611
0.0047359501806994
0.00441990396926681
0.00453089379453589
0.00513812079897601
0.0042350323902842
0.00378240038221695
0.00501028840503936
0.00345456083774641
0.00253733753459247
0.002699358539072
0.00279354643981323
0.00266652828985972
0.00205540629504135
0.0022495846563673
0.00270926094580275
0.00223099292806762
0.00241156113163507
0.00280535633925857
0.00276661071487298
0.00437846983282858
0.0046895239883246
0.00388105528263692
0.00476448000215994
0.00363147874683565
0.00256216576431474
0.00293650974024736
0.00271945100976643
0.00237428830285494
0.00215041846059886
0.00215899780878118
0.0202852629228021
0.0322752643373423
0.00391879904819745
0.00328348269423009
0.00283873712870406
0.00286477881115439
0.00591558044297844
0.00598044323229113
0.00368904144222808
0.00317434446280674
0.00311453515525288
0.00281811752221885
0.00237108029780448
0.00204288553247823
0.00246770822540488
0.00244087014349856
0.00275761793114696
0.00419434288412398
0.00400022621221812
0.00255315861155458
0.00194581368751744
0.0023009602771997
0.00394191107265524
0.00359199728204524
0.00248966311897498
0.0029509175332482
0.00283465260584397
0.00254403247641116
0.00285070873782575
0.00308124541367003
0.00268870312366404
0.00230135449297963
0.00251970795925874
0.00271716832498902
0.00318164845630423
0.0036805347009805
0.0047738793084135
0.00680137344195499
0.00515412673953436
0.00270657458005543
0.00302674437617136
0.00352706296300118
0.00405660748217541
0.00339228557238087
0.00275642444191496
0.00295242034565719
0.00238741937854234
