0.58857601518458
0.162978603164729
0.152014068819234
0.149779066130499
0.109045354399197
0.0861834542318176
0.169763573732323
0.227459517455606
0.130555264628911
0.114168835785501
0.151511396088872
0.238011138666441
0.251841125189418
0.196192267226184
0.169926517831423
0.23829323241731
0.670633847098471
1.38959592079431
1.46944171228409
1.05716229160323
0.393282452895877
0.289094626242468
0.295456084215963
0.214775912295614
0.119681438276593
0.448730267700307
0.399633027332031
0.13844486209714
0.0920346794094709
0.113174604303177
0.142074650551468
0.195960129292372
0.261719237431673
0.241671632089078
0.190005989543853
0.12392915330169
0.164218593855723
0.405048271982913
0.601186232225349
0.439157300543826
0.46244508051922
0.611032036036617
0.505152632536014
0.466641337447931
0.969112350042108
1.30952853099554
0.688321018156074
0.216239589599102
0.254331885143505
0.334143771729641
0.160809571904581
0.0697956116278987
0.0848549129650491
0.0767759865349223
0.133715836612049
0.163707300660315
0.201874659143593
0.164750264776624
0.122250908480709
0.211152440663019
0.191251791806115
0.164983654226367
0.202981202255295
0.289946262906674
0.328898945822576
0.221836199593303
0.446311953237529
0.841456073995542
0.419547554590472
0.28009248010812
0.266697508114984
0.211612180250513
0.290522857848536
0.280733568065406
1.7280864373734
2.00786448708542
0.335331324249397
0.221191113444877
0.316443575267843
0.272897342573373
0.157143819601157
0.141492550298172
0.132155165165024
0.616129176411152
0.620327907655904
0.169111547997332
0.162662067997572
0.111717287745366
0.177695453052675
0.195692009024047
0.144411495334842
0.119261047207029
0.0844290810051351
0.0721215424384313
0.0888433915276342
0.12074538507323
0.095255349798156
0.154332029774827
0.151808668309747
0.147519594307854
0.153187692255708
0.120556677887887
0.208210907898166
0.40664285054624
0.486496267117943
0.428117159259522
0.341940363262983
0.328991314717812
0.293699159485043
0.257819118626775
0.236749300675204
0.108317325363217
0.219829036881612
0.468709606675593
1.01325949578322
0.970390070721791
0.788045994260972
0.959789626439295
0.427927088493432
0.336006376961059
0.278968014174304
2.16167456865917
4.2631422576708
1.50369106404384
0.336370372387412
0.143108878339878
0.133056146879415
0.366929287937049
0.399279059569828
0.185309294878577
0.15943397324318
0.144377510359762
0.170988897474426
0.435247577985491
0.420673401539857
0.0993274931507701
0.0973699745859322
0.133710956817401
0.12389722419934
0.178075969405867
0.301013168498429
0.212687905015345
0.101694725100753
0.125250474960218
0.214276281503564
0.306562373430426
0.246014436612896
0.168580785657418
0.151158421262019
0.634115727405687
0.958018535779495
0.657183956802746
0.368877275692281
0.236992606576643
0.328380241128549
0.303723040612744
0.148120783987603
0.109207214600346
0.184950504882904
3.1869446000676
2.89553145974278
0.233267594226847
0.288731965846699
0.161510678630187
0.153802906672612
0.1079713824863
0.308920216016192
0.970816313047068
0.697093445275345
0.12226663567288
0.159204492560761
0.426073821014739
0.44335378416064
0.233646086816428
0.315275606048539
0.30191826307069
0.222549876410484
0.248670087760044
0.254250908546963
0.999388322108826
1.09301581884524
0.180656543367981
0.232434404697315
0.252774902159198
1.10926282782111
0.552093964017342
0.353776051953325
0.14297552355266
0.177653146490701
0.0936743099545308
0.0914790947528375
0.09023433018132
0.0880200724158831
0.150864262865441
0.12747751769136
0.0809234430719559
0.138434608625343
0.25441725265588
0.208549486051698
0.158675395065614
0.132200616812779
0.109304776668381
0.0980826249699705
0.134381248634873
0.251830735428617
0.44677153237603
0.345950031301133
0.233927807982111
0.161323557479906
0.130599066849851
0.203093158259701
0.2277504003372
0.169895492385003
0.0819208799937365
0.106083981028179
0.114260158054121
0.15687910268752
0.160227975804331
0.0975714950908979
0.118408775876625
0.128760134306987
0.164794770207919
0.221750481696106
0.260836544081853
0.468951711259377
0.225540810055774
0.089618329914666
0.0748631448836293
0.0822240269885132
0.141215226841239
0.167525040337154
0.0802049096890253
0.201098156848878
0.192691065853636
0.138988226174778
0.173509961324185
0.18712552605271
0.0812189075525431
0.129006374399019
0.125391557045039
0.0907696929345612
0.0765192551507065
0.133754350123601
0.16857529533307
0.475868828637142
0.921695685278871
0.19092535552982
0.330655332280544
0.123802160354252
0.0852722498258034
0.20767473147752
0.297827572205501
0.467380971846621
0.429429069144702
0.156925235408331
0.13726890425514
0.149646225905528
0.11246573771719
0.118003871893934
0.240151171928845
0.184175080500058
0.111248669648068
0.128991788547275
0.206661170097958
0.290192885906607
0.106063354352455
0.089462544233375
0.154496784025579
0.0816285960657656
0.0751345258128799
0.16692848163143
0.420577512431139
0.319439896686294
0.159143153160168
0.271679718532664
0.208395941607698
0.132497019562376
0.0747449929469999
0.159552755129735
0.161085871128211
0.171309890436376
0.147709780540889
0.119584741592417
0.101880587246151
0.0877601425341967
0.0992408587934617
0.255690324378113
0.334858355615255
0.245906708563865
0.101227427173592
0.232263493219075
0.190532388999338
0.165420898467171
0.182337906664961
0.20906237125699
0.26867455870648
0.320553402728586
0.155970551069395
0.167542088730588
0.142944567457809
0.105256682955155
