41.9648177703596
55.1706636220872
32.4105708249198
34.8184011314733
23.0462957635598
20.9302828245387
28.6979170534815
11.0576796099636
18.4369746372137
37.6741864651345
76.1271395605462
45.2610285390757
34.3031395674856
31.2653237809323
20.6189023224329
19.2082243989445
32.498218410486
34.6711801382367
29.2389798411355
66.3934706561985
74.4256982022479
76.2135361188188
38.8052728338827
13.4098021482355
14.7705213019016
22.9233297229159
22.8832331705549
39.3556029653656
63.8999166970999
56.2659942719019
51.8569652463714
59.304268422814
80.9621799074263
80.2061372431626
93.2477933922289
71.2238917260079
35.2827545251927
25.7723647984214
14.9046152925771
40.9508891251007
47.4661775487937
34.3673065592139
73.1281125337093
92.2734133284337
76.9742978658503
63.8177737402675
49.1139034516479
27.0228204427139
53.2880208249649
47.447465941577
43.4939110238359
37.973792908447
70.9024904346295
75.8939589694303
73.3177479272558
62.1815572492791
38.7085829988288
46.3510663379978
29.7962536203026
24.6477790548363
11.8118337250271
22.3982804524536
29.8830453290027
46.3362795222098
51.3146458443114
22.7804964418174
19.1290550558378
32.0406226041713
59.1524399629235
123.40515246137
72.9493721504022
27.8334440673687
29.6069680119148
22.9413397479764
23.9146463409122
11.5806644512035
22.0993248880366
22.2318630370664
16.8706727731443
32.89502405446
56.2549040726335
58.1798669075705
65.8904410539493
43.5749389125513
12.9743663020798
24.4457988040112
24.3876954707409
15.6092221740117
13.9977742976495
13.0166044072551
53.4562891750262
95.2727269099273
78.5103386862682
53.6023962604785
50.8220531219935
32.8400917821016
12.0562572159657
13.9991293645145
25.9852554775513
19.2006929486352
21.689344842238
30.5144392294511
27.5418648458702
30.8602596443763
14.1836455708165
17.8817802737722
32.8877193866481
36.0234538414123
24.7707503486806
15.625282398913
16.8200127931526
24.8200977226294
11.0696804807259
31.5057897287932
54.2816777037482
32.4293636933046
10.9554248569083
26.1448501262229
30.9522345661878
13.5884199924447
16.0159224562129
49.7001898550064
106.392021651696
82.2680132180546
22.8855211965971
11.1646992148424
28.6142477245653
27.8649258920822
42.0627019528999
45.5243778413749
54.3786768746438
73.4972024876504
71.3764366840903
41.8207001867426
28.4097675781575
13.030464372851
21.6539844336035
18.4840747108463
9.62345742428067
12.0189441940131
9.21113148906469
15.8621330128364
22.264650507044
24.8588513178395
58.7247449834931
28.9844155001739
66.9439551170623
49.0394953799624
36.3255056907393
42.2079113865882
28.5405020235335
39.5558002558852
13.7705234233494
17.0084286339277
10.7567863771988
7.35812064850311
24.0428433625583
53.1437502510117
55.9202093290285
44.8914666835499
36.3065554917368
15.4215216105811
20.8273236490233
16.0474952976607
19.0182508558295
31.0836189886098
29.2453951875182
50.4269147579621
49.868819815015
36.733329953501
25.6426678000651
17.4636873021185
15.0145040234333
10.3776653733842
12.6585794256273
17.7801551306177
17.7332245247478
13.2394431537924
19.8675661280936
18.4222419904173
10.6409128705026
15.6573965599132
22.3424497404542
15.6974030674947
14.6142593565906
16.8822885741839
18.708724744206
19.5206060290507
18.1997586046184
12.1537394961985
36.266284924234
70.5591975665639
105.924805216759
65.0381888146896
20.0124565225756
27.487790851211
24.0138014472396
22.5607575326109
17.0255004231865
22.6902592566214
60.958785799353
76.1165331023826
34.9751931964029
31.5537237016258
21.2619283765057
10.7145368175186
25.6737684674856
33.4424048540491
26.5521145501685
13.1349356740465
11.3766884010244
19.492636098725
33.4924155661562
51.6699595683674
63.6753073191284
64.8087102401224
40.2666468010619
24.6288702428299
42.4645161433121
54.6682297175577
25.3248305166214
14.4588304619984
7.7709341165786
11.6611474568711
20.9742468173544
38.3992889560396
28.0000473966574
22.576978812065
23.6880826091519
14.8634686745739
9.93965914180435
13.6447573132219
37.0571601952976
64.9826421066015
17.8637287192486
15.0414691676795
21.4924105281192
31.8643798038709
83.5423916497761
58.8347730087875
66.1005190773173
47.4095780897822
17.537324868374
4.33124227663629
8.12674048779144
10.6405051392936
12.1807697033692
10.7287934671658
14.6813737143216
12.78468574395
18.2605218680559
18.0296747865075
27.4878818917599
32.4389619685787
42.674010136341
53.5349556035893
24.0308535332314
23.8956788418504
10.412520985943
16.3407586261839
22.3285616141877
23.0556981867217
16.7531554549961
18.4359503543463
17.7419741624602
13.1086096527533
10.7252714171753
26.3542706643045
26.6903111310276
9.63566648483064
54.4973758139244
84.0904092934304
81.0106973961505
98.7472359047485
78.3695663003953
29.7075323798436
35.9639454459484
29.6470821535037
37.7628224799383
32.462407789769
16.9804806927501
16.7133095468945
10.41599819984
10.5868977137812
7.01124335236605
10.1346569762859
18.7576383692675
38.4198268937216
39.774735243297
63.8909898212907
74.910360508005
66.475261536718
38.7447401421127
14.4389805812455
9.05081467219134
39.4828845385032
59.1461914171505
24.642777349116
20.419091457404
12.9368979688677
14.7895059431996
5.58768146072701
4.57346430414011
9.1462183583439
14.9792389046949
20.8402420438486
11.9339773948013
10.9252599060483
20.2132476387386
11.458396943109
21.8945002140341
21.0697396778257
5.20403910284472
9.87913627054693
7.04020977092879
16.52817483159
11.1150144831251
24.8189458809767
21.3357506134366
13.0226410585653
26.4475033539384
27.0844068835781
11.1939883127316
15.329447082374
30.9181157115352
36.80449292687
41.4199389014686
88.674999586321
108.163561362803
66.8946702308232
23.2881272566551
20.0346523817697
19.1312253431269
20.1085354384864
34.7234464850911
45.7338609860524
31.7165560733504
17.4530844441117
11.4445828474204
8.63900803529341
7.04380434425837
23.2137434663949
26.8178588097377
14.4767000663188
20.3495363281918
3.77009137304361
5.55053791374891
6.07470146388175
6.8397636894392
7.64395019536431
21.5757939097551
29.1055042569043
19.0816277649641
30.3130991971457
32.8852857797511
12.5581359524493
54.5780359657146
64.6059635168868
68.3336676073049
43.6998276003825
8.49739972680686
26.5104476643948
9.15494082912064
3.48060788773155
5.48024955956218
12.1743456155723
30.4986548218039
23.211535159478
8.16052020342602
6.71519483698088
8.48853918682841
10.4102737414009
8.17846413660551
11.8866721692316
6.06478111045422
42.3157141022733
72.9020472063619
44.6661752049328
80.9296327839231
59.2435014050382
9.93161526570005
25.1069288582657
10.7511201075751
6.33480002055707
8.6308582165099
24.3914619520835
24.9881280117358
8.31666494901046
15.6055529768739
33.7143559689212
47.0366767891508
14.5807628756923
11.4969673433507
40.1944672652164
35.6214204942725
23.0262430695626
5.54930549556815
11.573842555407
33.331440032947
63.0186518992864
45.5449454838552
29.5782527691194
9.83730729948079
8.14107401690802
35.5166777983997
24.1981795295333
19.9192171196663
9.41979606006728
21.5592550700266
20.2509543547015
5.38214746378716
3.86793985987155
7.42091354737513
4.62829806789654
11.8839867552788
6.07103306004567
3.24668941932433
7.40661627814441
9.105074929134
5.06520798250987
8.76256588866427
16.553539968085
30.273214371456
3.76465884268092
7.63127579536345
8.49437069715399
13.8667098469528
24.9318135630075
20.5034353511597
2.70120449013744
3.46417920114944
3.68055299470195
3.67986178569627
7.97906028135358
11.6944577415808
5.42780063883235
3.75590791218534
2.86221779368519
4.44299324619307
5.47290351954696
4.23596007133676
5.10146891851231
3.44583292922358
6.98270132417412
12.0484113938268
16.9171411446348
16.042453794754
16.9048754924801
13.2175008885852
8.21295262357572
6.18057790174059
7.33422813641552
11.7788002611261
14.9824308473753
15.7129286655381
12.306003509276
5.58580444989661
5.81384804460208
9.43861912144142
7.89198243559449
5.81847690582134
9.48827195433049
15.8507201284953
9.96871061757368
6.22253262479685
3.8500074365751
3.57262350758944
2.56655932864528
5.04468397020728
11.1201804990769
7.79106253803984
5.93598488141498
5.34263743309165
11.367357261915
11.3162698009824
4.63576401764266
4.85617254739362
4.91614360300567
4.27511281151921
4.9841609544583
7.66987765728486
6.42130417114348
10.0929983099333
17.8011540013841
9.52775202230313
16.3269186936062
22.7511419998228
7.91539393695958
5.50839227700052
7.02812941476394
12.2041470766903
12.4250665395156
11.2475451960232
7.95529727740251
12.6639696134972
26.7456258218694
19.6034645627626
18.387630107398
29.5537851125468
48.9482284330717
38.7812611238177
9.70749730503348
16.9380722089674
8.74188122886804
7.82340141909693
13.8221980108915
10.2797885471606
4.94755002987639
3.47347341174027
7.32599411409801
8.65329499378179
2.96559180583554
3.25892057626428
12.4653448794405
42.6540461749955
20.4771087406467
18.6719942834616
8.37424623371212
7.87944135965668
8.82836986871384
8.47822135819126
16.7123789612814
7.55098897334054
4.49860120109429
3.45387734611797
5.23463717557616
10.6807010008544
16.1461125430137
10.1752897523118
4.61407009340619
11.7209463371173
35.2842886328215
41.4254569020763
56.0601326993975
32.3475245879845
22.8041536465091
35.4278806289901
38.9887163333519
10.4528242123196
17.2278332938869
30.6512347094937
26.7731308896078
7.72567620880476
9.85741001004258
22.3026016533439
16.7859330921572
19.7739754011773
39.4123578129088
15.3227191223126
17.7925624462541
74.2124074325569
66.1607179474401
14.5552388949228
15.6185895167068
24.8580011993221
25.2447050714008
15.740414632353
22.7139164050606
21.732660499804
7.09349368599209
4.14097775386752
4.47901437717241
15.7263489432175
11.5791429412259
12.9702089514802
15.3282745295376
2.13193425797859
2.69110884636187
2.39547841425422
9.87052758957445
19.7268254498415
6.34617172738974
2.98448330721307
4.84438712582886
4.60590394624846
8.9152975743559
4.80613228755527
3.86181762602195
8.54275036167225
4.34970452270626
3.72488405925191
2.22403067551852
1.99829437639252
4.89103315566083
2.99576897885452
7.44397081373857
8.29878998830024
6.41682335315358
12.6266875582532
3.16829429263578
4.29112907119808
4.74255315437628
4.20320847031932
2.07867439229696
4.67200746488187
7.69831623029344
7.24037674956034
6.68459596801791
9.73244068302386
7.72061496652006
4.47195512063197
6.8181441231451
7.2556784417282
5.57177863538419
6.42720263094164
5.9717410648329
5.46569117415373
8.43314543441121
15.244954761212
15.9902879306764
12.4064449517329
6.80245937149678
5.38062976278502
12.5584589809603
15.4301105733021
10.9750080526798
11.5855374679577
19.4125907416213
24.4904740768977
14.0474584007992
11.9459703933189
33.5528327572759
29.878200155682
5.32275247157949
12.3391673886589
17.4498325381301
13.9431673669408
4.84589454777605
20.9584910376021
23.5037390372866
31.2624846593542
11.466611473382
7.57126434498094
28.423717825869
32.8190276841216
6.11551863229934
10.3050303601539
9.40883287427267
8.47946873953229
5.73838434825721
6.06847626449271
9.39688542713305
11.5082850898962
10.9138888864812
10.2744643008373
4.08012596476797
6.97830354996944
5.57596674422122
4.43594634748612
6.89893235241641
6.99074013113224
3.60344166642067
5.7038306015751
3.99953664341868
3.32106816632089
3.57047064459545
7.60438798323372
6.77113490756965
4.38063370222904
8.94806706806877
7.84751822581032
4.86204003317755
17.3175619835361
21.5869763734742
5.27301894303768
6.99795318406352
12.2911842620585
8.26715834862476
4.68140514855749
12.0388795172913
21.9836963779823
7.31259703450008
6.97953317289493
2.27068122873605
3.26771551677888
6.41469616097961
4.97554571918034
6.53223920766604
6.17734725845153
6.45035601406804
12.547370361598
5.91523432730316
6.32487391074283
7.97185962810529
5.37492667448922
12.005202379142
12.3116478418024
6.01293234071074
8.00987274183644
6.13671805558123
4.86136741945451
