0.424453254456151
0.356441649648084
0.358327191608596
0.431592107711215
0.374882523386772
0.2875045912311
0.316311128818474
0.325781782734097
0.341283086431493
0.395885626494082
0.357606231688173
0.358822318968929
0.413674056727533
0.387522264176078
0.364443433023812
0.408655807507575
0.460747718643541
0.503117683272403
0.505388471528535
0.440390078579918
0.444762666445701
0.436568424876569
0.38263804902103
0.41530732727601
0.423297213215301
0.405150476262316
0.406926527663476
0.363610414177834
0.353454893981439
0.383977041451535
0.37685713272752
0.415989397768923
0.440192224159112
0.38198487167883
0.355123655179351
0.390915685264446
0.389037820002477
0.350447977776343
0.345535415011375
0.380689320987581
0.419407406754145
0.407184259955139
0.417296688817247
0.472718537476848
0.534920240766884
0.532285122556816
0.487388401182587
0.459044498265143
0.411148060491279
0.383986309177024
0.382833110322848
0.392378757787832
0.396772544907434
0.430576633948379
0.437737200989081
0.40942921468758
0.388048361941468
0.374779710114354
0.434613160525543
0.434832503140514
0.368511443988942
0.35264221058045
0.384272635186427
0.410846861695545
0.396109723780734
0.428901299401572
0.43680311121184
0.358168858812117
0.392790583763676
0.499135356557919
0.520023052864436
0.496714662383166
0.458745549132121
0.455088160573125
0.504706418944532
0.538860137537807
0.444027273398957
0.419856256186161
0.482685627108305
0.419531533044747
0.414380447774548
0.480105724457156
0.407673416259385
0.39465047506065
0.452994486783626
0.428989077752247
0.391007066354829
0.384550610845475
0.419306935170179
0.336761879007696
0.278376716287477
0.320617057063603
0.35070457322369
0.369252072047969
0.3486579150841
0.359500190590196
15.6773892099807
17.1723475666705
3.23633605623262
2.78330770365963
4.20714941164858
4.11101591865649
1.8117643036636
1.91581073492606
2.37840373889472
1.69793048301908
0.814978314918291
0.336801664348323
0.0914499455070716
0.0358272201629542
0.0318730002515463
0.0267133271128248
0.0246459073033244
0.0233315327948773
0.0204014473216643
0.0203583919360362
0.0204003655073277
0.0228020422588604
0.0227797947768363
0.0165558541049871
0.0164888990209121
0.017619796917514
0.0170170853152501
0.0164972047288185
0.013982260712872
0.0127105631119308
0.0120768918013408
0.0115080694913241
0.0101347796357629
0.00928024189588799
0.00964203614340443
0.00993125970889845
0.00957796622157641
0.00923883440927349
0.00906693216323015
0.00948682531825847
0.0103582472812895
0.0101867824749423
0.00959181490070821
0.00922579680099338
0.00798208774961507
0.00774650489068476
0.00883857524146668
0.00897329876315691
0.00816094649380258
0.00762175565992278
0.00807379711979834
0.00728361313446894
0.00628296339430231
0.00808361385147986
0.00924724839985853
0.0081943986621589
0.00792345254046085
0.00708015974596595
0.00689278069088241
0.00816041570989698
0.00810959869808588
0.00841996788096297
0.00944178328046915
0.00892034936150835
0.00878932200520369
0.00865046113216662
0.00891321717756628
0.0091463888356151
0.00790378939626568
0.008043763024735
0.00776191272784009
0.00762356793380555
0.00792884916099844
0.00800598533024142
0.00896449651021506
0.00924933471271569
0.00734496292311252
0.0074669389881438
0.00965219729956144
0.0093220874480455
0.00983768136342381
0.0088680856294741
0.0971348696977796
0.124652706388037
0.0487725494503755
0.0239372045801231
0.0103439780258966
0.0091085329198802
0.00898193527872032
0.007049988399783
0.00726719022132655
0.00818891557483116
0.00801440490803086
0.0088926540516189
0.00878678009514223
0.00849992188286818
0.0083053733647205
0.00770533208644469
0.00768761764901826
0.00861718629096573
0.00895252385619805
0.00816560671580039
0.00799460481728476
0.00766627315425103
0.00802011865018123
0.00867472592848103
0.0079679942500518
0.00761239052587191
0.00862348378344862
0.00811255626673152
0.00751672169239942
0.00853611652845956
0.00826778553551903
0.00784875872761153
0.0081613825369494
0.00786910968059537
0.00739393295714874
0.00811492980213583
0.00938235964798606
0.00959979305725676
0.00867206979699475
0.00800768950732461
0.00688216892496684
0.00745285561553877
0.00943131734509273
0.00987942422115854
0.00951779134971652
0.00978494850402051
0.00875213269797506
0.00758116391233688
0.00777646856513814
0.00948131892156942
0.0105328435200034
0.00939008781906922
0.00884493792866016
0.00950323563771178
0.0085757897747808
0.00821623795130458
0.00899967589511434
0.00869258944124983
0.00808030967090939
0.00821889639846515
0.00829719411693426
0.00724259275823698
0.00796601707367894
0.00879625252523209
0.0387839979719144
0.105368567971864
0.1014532717996
0.210945219365222
0.18426208714017
0.00761998870017973
0.00774077147673909
0.00838041107637813
0.00971346798170432
0.00895557209534969
0.00870729086351904
0.00870228806863377
0.00966394633742761
0.00974418575407317
0.00829200851834925
0.00856938043266937
0.00944605652065065
0.00954675907325222
0.00904370681688937
0.00817387422518223
0.00952024247449748
0.0102864729738945
0.00937698896835305
0.00967250990345726
0.00987896578214022
0.00915864660024399
0.00793642834954523
0.0082010162851124
0.00786828444665685
0.00775189309577876
0.00873724493199348
0.00905496443966759
0.00844581543707084
0.00807132765706194
0.0102770725883294
0.0121965607717818
0.0114702147954434
0.00974044017281188
0.00694385099115824
0.00728680725474964
0.0100373885034108
0.009500697273828
0.00856482549922851
0.0125650645919584
0.319744102360656
0.671610808270896
0.587327997620581
0.346942314997732
0.423911022320677
0.377259139773885
0.143517052807151
0.160914147393918
0.193871203813647
0.196353833480614
0.168397111062284
0.16539759513198
0.168589260312152
0.110523261902893
0.0669275463667476
