0.208264490577281
0.0593772839714253
0.0893807905438956
0.353495821985366
0.300727174264439
0.0746163075576748
0.310636370992504
0.573631348529291
0.309024862284877
0.0949092320926234
0.0633769864312905
0.0455318084593876
0.115861939469212
0.177627411319262
0.139485093624211
0.226692394341513
0.0574792528522989
0.0874253348273333
0.0402207410907033
0.0415474225192654
0.0368339256099171
0.0691332105718814
0.046481950817703
0.0338824719999373
0.0466059510656434
0.0343163073032285
0.0744209542973367
0.0738374422435104
0.0596001895886308
0.0449824156612215
0.0699182090682028
0.110897217041721
0.361437223664081
0.0517303494497738
0.100180094206847
0.118030589812212
0.0247926875172717
0.0816918353208372
0.0780209397164675
0.067188617672054
0.0410872955311597
0.0373501400901414
0.0190039617219118
0.0233741714462004
0.0395258634541803
0.0354008204242965
0.0452084367233217
0.051051033727374
0.0501045845081161
0.0667110469115793
0.0590630479141938
0.0424006191012747
0.0254941242711584
0.0235957468348373
0.206465155957549
0.505177396109238
0.425598283726811
0.0734210494049617
0.107358179045589
0.03738355253057
0.0172024404439429
0.0170071017632871
0.302922504396997
0.449913924967229
0.0587844940095887
0.0999626721467398
0.0502273043156797
0.288121426286156
0.282757883689674
0.0802523093663766
0.0840749619700598
0.050855175030021
0.0191738556355206
0.025719647236722
0.0472289339155224
0.0244225901981757
0.0812677364989598
0.266054673899768
0.0319171980859843
0.05672180866659
0.651841987661427
0.376849060379764
0.112414923058147
0.0340580186544379
0.0213416237962003
0.0434312904365398
0.0324041371812028
0.0196410215444608
0.0583958848324596
0.124760682516689
0.17265950362789
0.0660242056672098
0.00984690471255509
0.0264550930661711
0.0416704440603354
0.0695530988257887
0.0637762108603104
0.0754575944620662
0.0457115666414347
0.0576139797750023
0.0278925839851926
0.0359432371778463
0.114973142974994
0.0592163089192589
0.0503550857679333
0.0605536315187004
0.0470816006094223
0.0263596034959165
0.0445477098238433
0.0603943328820202
0.14655641545656
0.035688665184887
0.02546088731699
0.0443511500039243
0.130055885786762
0.0444629046640499
0.0182612834201961
0.0403485106863818
0.0977490693912307
0.0482949980468309
0.0167910657634731
0.0355755662251648
0.152512795379215
0.263231690339793
0.0353983183304922
0.0370359371511628
0.0428951318657067
0.120657791116835
0.0498550761871363
0.143812474097097
0.211343883815049
0.0579402602396543
0.0420488014864325
0.0307894607178633
0.0246896464675752
0.0609703711898578
0.0453163676819892
0.0375831655221884
0.0265770042221946
0.0335739827020044
0.0533108370023956
0.0795006864307924
0.0283139470169048
0.0188424045880881
0.195192771047516
0.0797332728404702
0.0250983116413462
0.0460365691960909
0.0399951778708149
0.0231760512903242
0.0318661498822618
0.0262054993232533
0.0219210154794645
0.0434397179923933
0.0533765162596178
0.0488995978970103
0.0282075715027631
0.057597795611953
0.274642438413476
0.160970472569592
0.0673517434246442
0.0286694842545526
0.0227086586069872
0.0570301601399939
0.0257717952055027
0.0114549342402987
0.012753297990407
0.0145233860046035
0.0130912051377179
0.0115549219141194
0.0108293571343116
0.0156397311283601
0.0129601090348536
0.00906845254249567
0.0107871011526666
0.0205972107659502
0.0288469363738896
0.0144349469153869
0.0188379926122116
0.0161239182455172
0.00839565856688507
0.0177193307491407
0.01948955731846
0.018814351764368
0.0369941489431142
2.34834398208881
9.76678430057568
0.599645055181476
0.105978717900301
0.0671203052328933
0.041069580994761
0.0949780803429902
0.0654504539158608
0.0894403459528647
0.0162164672570999
0.0139852803801982
0.0292178283471792
0.0101515395986259
0.0185229635055118
0.0402204002728039
0.022314246786231
0.00767498494092246
0.00867451520582377
0.115558806784662
0.111844487904676
0.0155650204909456
0.0155660231782881
0.0203931492837211
0.0233595858981088
0.033768494481058
0.00972391403679086
0.0374838153304398
0.0125804415467606
0.0234457622053063
0.0149202391151859
0.0198094933161003
0.0114977796836889
0.0356741819560465
0.0450613439410684
0.019960340960159
0.0225110713497925
0.0167962680533365
0.0153408513492415
0.0127288202283422
0.020880926338518
0.0193356754751881
0.0270818845998448
0.0256437140911534
0.0175364479936881
0.0158302164453218
0.0145175531869886
0.0108832718621015
0.0104031230623482
0.0137099833507246
0.0245988207007772
0.0187779285953946
0.0108034564796626
0.0115935424778398
0.0144642879018391
0.00805947168277948
0.0131405131164483
0.0127693184202793
0.00947368862194565
0.00567551871109867
0.0168198042999291
0.00934237221440607
0.0217164603799678
0.0907504466360112
0.0442042692343716
0.0404422301440616
0.0228879422113341
0.0187035370382189
0.022015557541712
0.0153566186231717
0.0197861792429021
0.0109926629338738
0.0253799716666484
0.0209521445447839
0.0229970371677594
0.0144038846022475
0.0108383326337721
0.0116260008325391
0.00890055859838907
0.0147777427376748
0.0183441073638837
0.0112450215417637
0.0152460148256199
0.0130081406767637
0.0143857021175116
0.0195908977110163
0.041563154743449
0.0163929435033449
0.0183509131566056
0.0183983228509041
0.0166038303196497
0.014233146369465
0.0164599816036547
0.00892368288669987
0.00894770948688456
0.00668937957840895
0.00933604132185483
0.0097061060948075
0.0149022959691096
0.0193743410592716
0.0177439841681819
0.0127995448656583
0.015786545777605
0.0298272451855714
0.00406571949309616
0.00890334041644213
0.0118462855510021
0.0135584784748456
0.0107451447598131
0.0132304423527785
0.0122323125006913
0.0142220699481227
0.0179967523236658
0.0376482152679263
0.0147297813416659
0.00971275776095404
0.0268361938523748
