0.711801775374175
0.482511905896076
1.47322868099602
2.17349847016641
2.64858582011634
0.727482692649512
0.384441148497136
0.63469972049707
0.848249656926488
0.531191158109217
0.218687604089327
0.209792500864135
0.197931971138703
0.225171165193823
0.435931469377873
0.627421223133327
0.528266102259748
0.553966773128293
1.11649300780161
2.28866257164364
3.65761044578486
3.53978691220304
1.80638365136295
0.706383494559939
0.525492599606574
0.679358187001395
0.890385843635046
0.924086658666448
0.952483549720161
0.861528228872856
0.648048531660237
0.508034652833509
0.169018542314184
0.169952728764298
0.232595577070322
0.268708353738385
0.51224400561995
0.956331679789671
1.62493247254029
1.09426223503326
1.09320041114886
0.626876736406441
0.317459682351539
0.245736780600028
0.210667621446514
0.47419709280728
0.598420002498617
0.352047182630514
0.86643170760692
0.845705224350289
0.47627680948258
0.477956490761949
0.306253037684974
0.188811395709067
0.182799981205213
0.209183023776788
0.216302691309402
0.21314171415567
0.437609438417857
0.55672746166487
0.389056943867267
0.26129369311737
0.395052829761964
0.440017756207461
0.962686541942457
0.838299963966895
0.63604897257289
0.494175009221539
0.283516626816333
0.493534257101076
0.681426523255707
0.209312162720605
0.173362652109439
0.182471141085939
0.336337470856236
0.286657503826757
0.275422283962591
0.354716013339282
1.21151328577873
1.12426679036687
1.17015705229216
1.34006212489113
0.858780284296652
1.3657448035761
2.10649947986986
2.96891637683635
2.65324789276889
1.47061417125977
1.3409291025653
0.690659831699442
0.486487043741062
0.733899344817777
0.254072950946139
0.208916310456054
0.265911624182468
0.276692654798503
0.346012655234332
0.261398231395316
0.07837464587319
0.18840119934883
0.37703660604861
0.507627730239004
0.719615727322488
1.29670018817532
1.31841304346929
1.09232902892301
0.887510606370972
0.721968415242137
0.502007681812817
0.374853455340605
0.142388853179271
0.594212549051657
0.86438194132636
0.663786365916317
0.385477880199375
0.313751787164518
0.215052928204868
0.36417685016568
0.410611968763962
0.389813847760035
0.697027082365811
0.389146039911286
0.203552671916143
0.23672748640062
0.195555705055517
0.761113117262093
0.79329622991836
0.58606347349816
0.223444753731958
0.141273078276108
0.206765041469659
0.265123800642493
0.267836486043626
0.299989600784111
1.47625272457322
1.96933154071773
0.732840122993467
0.274992169281885
0.285317172302056
0.242028854482974
0.299713306243101
0.292319176970917
0.29346129566963
0.187469409392243
0.208783273154716
0.374616097326929
0.234184317078598
0.393617476686181
0.473981907977512
0.441613002459305
0.229328441168142
0.377889088826749
0.215895036752275
0.113767635581007
0.261659404311924
0.227800183128471
0.19096638004575
0.356738021912735
0.292961864727683
0.356532845784839
0.37900826199053
0.450995201100069
0.962813253116887
0.74464920026382
0.462330221294734
0.647007802973958
0.405728243079789
0.266467466921546
0.553830941237362
0.544153617743293
0.246011899573328
0.200503507905191
0.419338278944074
0.258734413488203
0.293243501638942
0.988481536281975
1.2448421876206
0.833524999718623
1.08345226688262
0.467466353552315
0.869321051013936
0.892663975671872
0.154877380517863
0.310343513858252
0.204942491771344
0.264314518575915
1.74832521820267
2.07690177884484
1.00670518603343
1.24773429112615
0.72867672689024
0.29227884526736
0.375382137000447
0.294087943745572
0.214295769990193
0.3473705519864
0.242538134341986
0.296545357136136
0.757619720017577
0.932438904217471
0.362257165582451
0.490002044965408
0.418456344875757
0.275592215449432
0.290637478555677
0.197620855166174
0.117811284871715
1.12136359312403
0.970966845395606
0.253215625028544
0.518997697855759
0.616132499472202
0.482262780830468
0.799120124442591
0.516060822078394
0.177156897592478
0.686160304398319
0.491022347692538
0.339516952769975
0.393140269757325
0.476805099207854
0.478839224524393
0.312765231132019
0.284201118174736
0.957752731034231
1.12413693057698
0.404121279742321
0.119781764284311
0.0715233948213273
0.307586764834285
0.455875143764435
0.557588193822658
0.226494730307519
0.280067593325855
0.884165303966023
1.09228635229327
0.493728726440634
0.297043143611044
0.455581363518491
0.276280132715831
0.186193187560487
0.262068920644409
0.491198156766306
0.678141247065698
0.503284768677775
0.29996935073045
0.275377647173746
0.6310281569653
0.541054211446874
0.404265634909967
0.279226529656184
0.469139909912148
0.47591263631046
0.312881175964181
0.338361978315639
0.361657110639027
0.480000209540517
0.526983563891058
0.155989598146058
0.0704128509114798
0.0988762073198525
0.244831152082299
0.230374210457221
0.169447824658012
0.187791484619739
0.154230052983109
0.310890926182645
0.73323246674791
0.599497164461658
0.150241760022305
0.0824322278081523
0.654725536591193
0.967160691928323
0.43629959568787
0.356142348779272
0.499554622957613
0.533792457448572
0.591953233390988
0.447471950039497
0.25972576094675
0.199624152155914
0.282199003663224
0.298284086384811
0.232951530291984
0.136949468510012
0.325966324907341
0.199656554569361
0.169762888077584
0.277497128084627
0.31391231685421
0.148902391776887
0.485212120662583
1.17039269788019
1.0745601759268
0.540653952631622
0.377689056940161
0.434209943542368
0.472558542790684
0.218592430475088
0.490792533508377
0.417400137629351
0.425253502483054
0.829805582958536
0.43143852677023
0.310734258768645
0.493370807921409
0.561188290444588
0.366107179616263
0.398167393540961
0.0742401201696219
0.0770116960126834
0.0830679523521321
0.233757679254265
0.315721412709175
0.195807552642055
0.811499795163738
1.57063211990131
0.592132261295137
0.167536157588031
0.479263801273105
0.39383087585734
0.32836311071369
1.28855607319912
1.83321232748734
0.398673288104859
0.321362962272648
0.330127426042654
0.429478816044843
0.323385774231763
0.242118391807895
0.409974219998571
0.764505985032373
1.30750638399387
0.930034940818424
0.503114551779034
0.294023486994262
0.380062372201392
0.415335133870143
0.669350251754271
0.32749714422828
1.09237006504805
0.87403655583781
0.25563731434867
0.41265853003765
0.715398325125329
0.463523441451133
0.570148703637015
0.5680529844881
0.163609361336062
0.126093598342324
0.214420082803768
0.576676017770389
0.476798055447594
0.438213098401611
0.355830056757862
0.263561346448657
0.298177049738044
0.445868242512089
0.670625573168714
0.658094560064054
0.486528150193882
0.207826052351222
0.383873282925984
0.363992244820203
0.27495375953495
0.189314552454457
0.262912161424965
0.251899624934968
0.402544621766528
0.287692156734432
0.185328799094732
0.239607029503591
0.57582930414377
0.804116629997039
0.260095667954226
0.275247955255924
0.203473672086194
0.117692037849474
0.203891291656819
0.241102577613421
0.0976487246523256
0.0971728668547982
0.270529297741153
0.247515300825547
0.144027609588519
0.134455837038027
0.111718508263097
0.250375865130713
0.25297632670491
0.474607827371335
0.289452397773692
0.224669655710335
0.133850314838163
0.11194852926722
0.173718223440197
0.212919925000235
0.257009152957177
0.577606769907709
0.748055127468922
0.419282919091248
0.236849638470406
0.148222862088575
0.114234888206047
0.2028046474862
0.371265987893368
0.329516449810545
0.19392622452398
0.214865867119758
0.30697526045462
0.271774852163923
0.275887896115506
0.397139690238005
0.366048586128011
0.388590388214692
0.341067747372106
0.47497743287098
0.657759446614139
0.23430748951352
0.305397801417555
0.238389160666957
0.304153150850578
0.36634451868786
0.846049081774467
0.759230984893781
0.457114107964137
0.539259343583223
0.27707114891072
0.626052264295378
0.490727678636649
0.119051492268979
0.0901487346607709
0.196188779254607
0.232806881156877
0.254633532820843
0.312081463705333
0.314065918537441
0.24421418235239
0.249025289857334
0.282589007441316
0.259285326693415
0.216321660018811
0.112107434096333
0.213943934775893
0.345433983692906
0.411775515010788
0.186845137501438
0.104913338772802
0.274686377763601
0.459649450075857
0.185358310773837
0.128556270639678
0.12927537616907
0.149890978904841
0.511782354674374
0.408866250595718
0.287363156203977
0.275377104881128
0.283217942314777
0.228684909068381
0.142637651175526
0.229749175414792
0.566902539866565
0.434604111878854
0.096176883876407
0.195066610931104
0.21394173995445
0.32485128694829
0.53815368644839
0.420260686423114
0.415447378475942
0.251261691199691
0.14868226731332
0.538159659360472
0.565654692827032
0.536059623898774
0.42219733457089
0.120037195198825
0.107029547470574
0.0967803968118508
0.109931933456575
0.166463005934021
0.241724270929049
0.209592607280125
0.414989398352578
0.333187395782817
0.386269894086095
0.713292582807687
1.19123644556924
1.0923744615288
0.508343775507898
0.325401557290181
0.418325266709201
0.424944228011763
0.250318142504541
0.154146755003382
0.243030264849485
0.148402654570406
0.345132424151539
0.323702634147379
0.153885837283535
0.216801762478247
0.207685705458565
0.161685212426342
0.278946627989988
0.612123978960522
0.29033633832685
0.170608238912475
0.203774213316908
0.210957853650901
0.200031088200374
0.265098339691222
0.445686535223345
0.25793798118521
0.176180366951429
0.178675131418737
0.111570701296306
0.186450732069949
0.358585534223272
0.204875845855931
0.116868675443057
0.137628363305956
0.083981078727906
0.112655950223445
0.152881615818324
0.136368746154381
0.0946479181645659
0.102292518541643
0.130384515335875
0.109899861118555
0.0900678281966336
0.132375328054948
0.125048549207104
0.135964815888166
0.344622225699142
0.380184809184176
0.0932171046955042
0.114902930427968
0.182802719931796
0.521644863015649
0.241138792461057
0.153529476798416
0.386030260470737
0.285205549132694
0.496863041933098
0.411508950005236
0.35425890561801
0.16686934189708
0.14103239648067
0.311566668943158
0.381027853462181
0.250371605274431
0.20738295065963
0.377241546820185
0.405866825832362
0.389263628411259
0.94740665613644
0.885285385706705
0.554938208805835
0.387806355126852
0.402410331828168
0.850669380538661
0.51973872357891
0.454186661929197
0.629722335666258
1.87027485320131
0.467380085748512
0.370505076657945
0.307250639164547
1.29621798860314
1.40155418849776
0.424302043293009
0.259244234164843
0.162197017688977
0.383240293966437
0.521318153096647
0.548763235676482
0.263390816785924
0.221345348675203
0.22317020537466
0.273884379974008
0.222769672551472
0.176106678290374
0.281517137357672
0.534358276095448
0.470436942448301
0.335670731959309
0.304093859957765
0.485910135276227
0.266258404250461
0.231592809378844
0.271669904513961
0.26791250669858
0.279512520876768
0.183921666015539
0.202865944999314
0.20156132416996
0.168213510444638
0.221565421700382
0.318790284901797
0.19265274030902
0.711878023578368
1.20883716782875
0.30978657746539
0.126077087732921
0.125167483621945
0.0992046359392361
0.290686505235754
0.278420863468272
0.162446752352431
0.185715852810091
0.459661564645968
0.370946652376268
0.255322244947174
0.397692527718145
0.530857686653929
0.407156083949925
0.248002791208209
0.221847983890418
0.186402451547703
0.104798263453481
0.382687573466129
0.437460992482326
0.2525616691084
0.142275403134222
0.164736166650755
0.224838462439022
0.270466740129527
0.190908643601994
0.158605290955853
0.297081778541877
0.582036121983287
2.43061389907608
2.81415060373837
0.555613233503679
0.242919201144561
0.477860997546828
0.49057050598153
0.263927316723522
0.395625997671807
0.496785849723454
0.325989252903974
0.47876859908641
0.443626601072284
0.613520875779407
0.442513922289769
0.42001604972967
0.313099866764597
0.196808258717278
0.149878104829512
0.135645754083106
0.252915515163656
0.125181647787317
0.204002608462642
0.260418151716683
0.275099096910413
0.553031865881533
0.27053746015942
0.317745706684407
0.534627147522744
0.240839572921069
0.244819377355371
0.797996293445631
0.492205470770644
0.423629059364138
0.261568864807034
0.149025823326788
0.228925928727407
0.238195313900544
0.11868722094772
0.247581291767805
0.415762482251915
0.621723078717653
0.754429778328125
0.209371844957888
0.421964680783535
0.27017229707663
0.363267580619338
0.502216178533941
0.66878486092963
0.208377985959525
0.175371117249874
0.265605251340735
0.194729430248018
0.334469054187958
0.170089814426675
0.599443601447704
1.00552373254253
0.75588496883599
0.426214090021817
0.513526381580572
0.958754392518622
0.83297002386441
0.274229675596954
0.176554409300996
0.440107298743157
0.455533067340862
0.22781142561497
0.181322693216971
0.366682217397219
0.354151381337633
0.12939556463135
0.310240435692177
0.263269714912532
0.145575656640441
0.0851947299199902
0.171876393796085
0.191239716121054
0.192893435046306
0.263761631581414
0.233634068756444
0.116461277697639
0.215159564533558
0.192669532883606
0.176598236647428
0.579998850316377
0.785922300920306
0.213407265030743
0.241803707178796
0.124506686673671
0.165231662682784
0.209986087503275
0.367345296043069
0.260267324757516
0.497936362899142
0.226599555647886
0.47948638454044
0.321254570003841
0.188422552600918
0.350635426257757
0.509596419911469
0.645891614308735
0.859523259047719
0.474992841838356
0.380690779195503
0.291330339834198
0.309171293516642
0.276806420197897
0.652357080339667
0.919807576525311
0.413568905604899
0.229913501169203
0.421536093351521
0.452358220875072
0.21088655026374
0.141083904356123
0.218873792532322
0.654984688937255
1.10765716746961
1.13940602729181
0.258113090440202
0.284476050125547
0.357023114372047
0.225670991393714
0.236924974693848
0.388549763018275
0.25699294872759
1.05129660423588
0.344076523422279
0.133446372910828
0.207216816087856
1.30828255398235
1.33418773503096
0.29575258906874
0.17844093427953
0.149864462832791
0.227921798628969
0.672984888590928
0.63543960970428
0.765784400499136
1.37410728969825
0.802575020860387
0.342630352784441
0.279050239364842
0.241654386125754
0.429290065238216
0.895433207722029
1.00569680441784
0.605530521351182
0.67462086227646
1.03769397661757
0.602290751469555
0.269018112288696
0.505765981889098
0.635043523953293
0.32108873740921
0.298138902817914
0.465482237145062
0.377355542703912
0.792279905764412
0.424479431505896
0.18998026077983
0.563887600524373
0.537241679733596
0.20774134158284
0.162509153180685
0.12917262145929
0.223296582333643
0.248595986396879
0.133915430357213
0.209445334310439
0.129205192495846
0.30323129990983
0.154065142463714
0.0994462454229155
0.172535491742912
0.182626701925766
0.477036629191374
1.01476526134075
0.747030091619374
0.183055985800079
0.0976414118767028
0.214204039433338
0.282374984236135
0.149979101663904
0.302704493620318
0.320271431041379
0.789299053509649
0.857172131244649
0.860428240190625
0.992503800166069
0.561417012482002
0.805560299430619
0.290989476052013
0.162175524919396
0.443306068992524
0.504678257202359
0.374659178251474
0.505377878360652
0.614357103283183
0.491400549875139
0.362980111648844
0.378071703525167
0.297566190988084
0.326667931362287
0.299195204467573
0.266057273257489
0.555651293412176
0.440439064772274
0.228361854604851
0.236133687830696
0.285823429631903
0.121491568401515
0.138657133713349
0.327063422631261
0.494565368984005
0.41923490508694
0.240922001538227
0.0988394270535281
0.681199496363643
0.923490184413314
0.439895503498561
0.214468208133988
0.436059502188263
0.308687449806842
0.150902682307887
0.45324149112382
0.631779151103504
0.550330468058974
0.498300967762094
0.320760770110261
0.318664043092979
0.229925187958794
0.138798524893245
0.0604068037889877
0.100842815422173
0.161463692152063
0.404129810722227
0.98673635828542
0.591422362159649
0.206807308735045
0.272069523642122
0.409084304810543
0.699277470825155
1.07234502123724
0.671438877230998
0.174760699401272
0.171477585832048
0.676905120375563
1.57388445149519
0.814704932244639
0.338134830150691
0.57118017652792
0.671201559385162
0.449333571667863
0.511106000444313
0.657019012494234
0.559077052489856
0.275176902380137
0.18952980733117
0.351323375931847
0.511375873015641
0.464720585562801
0.209423986586076
0.277859274518968
0.305754871320825
0.287426189820945
0.30859905889115
0.468710521799449
0.314755328399569
0.240779101976717
0.157175541746917
0.144640090546418
0.290726984440383
0.635862257586543
0.353329930021417
0.345681339194818
0.228239783701972
0.306573880483215
0.460578099691212
0.39978534940117
0.229296636117793
0.120854077102612
0.208319181596582
0.183518879794544
0.121129488410739
0.539139578462846
0.518441147272254
0.514760134862067
0.732181161491456
0.238982024981222
0.583863825736619
0.410756997993487
0.390841683868348
0.402877161552879
0.276515608571243
0.915202103685827
1.44357600992235
1.52430826582438
0.776005269999359
0.276418350229294
0.296003578729329
0.156653633702304
0.305973265389686
0.25157708493001
0.237575922658244
0.589399107115564
0.380251123564119
0.559403553137018
0.715388733230968
0.50916881264328
0.770551846047714
0.373473550681002
0.181076502728625
0.62029060572297
0.471753984731346
0.173710825098504
1.40733594677805
2.0338280237865
0.917432634512441
0.552815720916254
0.17516252659256
0.171232322000304
0.216080864389628
0.444156759419272
0.242880139757708
0.662482331953573
1.46611883690608
0.615489449453231
0.238936750466643
0.359634509629918
0.981305241174865
1.14445799008317
0.50384258279838
0.182763432895565
0.306739957138904
0.997749961136598
1.31566553265468
0.860129523856278
0.776352483351821
0.780839067872562
0.45747204423688
0.232359338373912
0.218894655456412
0.102730558195162
0.141683572897129
0.245861762310084
2.10786140955475
6.7546119461685
1.96526889694392
0.611937227900894
0.366697042154118
0.249014061542006
0.123828419213248
0.163508702298555
0.21733357627467
0.283059724613643
0.389457253502296
0.23364685512446
0.379874347117726
0.607221824004605
0.405777382688821
0.163830679480575
0.199244220961785
0.215958593504341
0.104677426532257
0.158340047923954
0.286821889844503
0.5058115233605
0.824976992425358
0.630495655644686
0.241178746958587
0.286252371307859
0.246949936551093
0.496815751579265
3.59933125330496
1.37603410444343
0.354628755762823
0.23136387797731
0.252454316709438
0.378043944599964
0.302104117448752
0.206940093685589
0.177020301377659
0.281698053217589
0.403601287569827
0.417400449772633
0.249939053399563
0.474525157250045
0.88259209808289
0.50604923120791
0.209697043962882
0.169617729501804
0.149463056367916
0.123394909260124
0.297429837714087
0.279996190186306
0.16290861821432
0.142077738454668
0.168120979067825
0.131632787665989
0.110845929607677
0.232428249150773
0.523973035221575
0.519718143150853
0.210500699423534
0.139220699204981
0.105813197367479
0.0825715618697548
0.250750260185133
0.245063457357239
0.167444078287389
0.206747868580541
0.109485822394966
0.130250028512043
0.126979620201841
0.16666311448317
0.329575282876065
0.285550918587461
0.270836817628166
0.314136254611578
0.193591325127223
0.186194776554549
0.230088546296229
0.273115840759737
0.428300310571651
0.320230169023003
0.137318697780348
0.131132424421334
0.141349821828008
0.140084156325842
0.176033589397653
0.157329456383018
0.102159110077754
0.243667445817563
0.305221635533947
0.181351647603239
0.338720958192488
0.362942865347559
0.190959904801413
0.43966778809732
0.590357359459879
1.07442815291834
1.10995563436304
2.23440686552907
0.184301234718254
1.81889518487045
3.61221173589431
0.0905761288892146
0.24942832015199
0.153181603304043
0.5277845575096
0.158532945906878
0.240090241006614
0.799293389253324
2.95504403979887
0.1769344556655
0.355811501285596
0.199646536950306
0.178735356167299
0.240234470405093
0.132191892939178
0.170964503888438
0.27032381353061
0.172018222438926
0.0936787883545511
0.0977566768124576
0.0977967795138265
0.111655356481101
0.081268334744445
0.119126924218588
0.167286830619141
0.140605515757629
0.144028855837465
0.183944540464752
0.182474807180901
0.104581839897037
0.184728289918936
0.149713696933114
0.110028233710236
0.258890509957198
0.238581517496231
0.122031503137126
0.116459611654077
0.0943560502164966
0.10612928306107
0.137968801098072
0.0858471320913117
0.0769205327599197
0.101563191629593
0.0798825743388077
0.0794724213524794
0.0843208528484231
0.207928088895682
0.829676031048126
0.543017246177749
0.0848476509080284
0.133512812023885
0.165212331184676
0.331866654431984
0.255396805992245
0.16557031474478
0.206188757341652
0.225917029690552
0.128265391869922
0.104558194654137
0.0987467127364098
0.0838753422614211
0.228159102357885
0.143305376548511
0.145349320499095
0.287648498267856
0.255989296004575
0.12323602801672
0.172427145305557
0.136477080359952
0.127252962130928
0.127679036214505
0.19181935814463
0.302790314342617
0.202801173334455
0.108197536571509
0.0707852431420728
0.12944413740981
0.27461435673426
0.241514864444705
0.134109509797069
0.170525713911375
0.158829229561592
0.12987526635914
0.15851312783792
0.264312941104446
0.359107637980059
0.23500891734594
0.141302012335733
0.139474280380328
0.109763112169696
0.0714939670716904
0.163495458275118
0.313884282215502
0.41239654869761
0.286244659172635
0.219432737057617
0.374949683846577
0.185369171643817
0.232181346756249
0.235860520774527
0.283281093467524
0.284122293050653
0.287631676250253
0.331559778135538
0.55643449558571
0.404241455127114
0.366610091494534
0.353781254825729
0.180723340167787
0.144408969592318
0.1547734364884
0.1357926368279
0.104496130054708
0.190907197734813
0.334589042675051
0.18875642946665
0.146212600794324
0.101152488892368
0.134099321092568
0.180046509056211
0.301597171178343
0.655549745635439
0.473946554109479
0.261846585163115
0.158017270752265
0.570787190835987
0.772891817626401
0.0923515330879881
0.0915950409286336
0.197347396345044
0.169767664123362
0.13800270571069
0.310518277200871
0.590350664224557
0.617893690989063
0.259509688509496
0.262383866632948
0.128442159836855
0.295369990669022
0.714404666951618
0.410722535495889
0.191928070423711
0.185647499622912
0.218198492894715
0.436643197532204
0.379886743070741
0.140473772554535
0.114176154850964
0.244217634737258
0.263454898143418
0.113746275317707
0.147181313098823
0.206182442663095
0.274027891449919
0.151220245526235
0.157124085873533
0.346065266567792
0.290649717420825
0.525476531434815
0.503737861410647
0.150497384298452
0.121408664076463
0.232596775069631
0.271822209775923
0.437320160561549
0.873134990006797
0.717233925349622
0.274581048536806
0.210640374151054
0.170458772248945
0.137680947045887
0.357245268918246
0.377524557168182
0.117373740698841
0.168514715496473
0.124174620419767
0.0908084821890689
0.147777327965088
0.140749975203029
0.166142843012576
0.248432598819005
0.19742613808677
0.25129230961459
0.441004838170745
0.237308981035433
0.310735788822773
0.510974381762505
0.548279626871109
0.398178405359714
0.355705454409879
0.474185625167601
0.392917819828952
0.587693675885885
0.387989531124935
0.366704783951753
0.183305642463971
0.272044982740352
0.230324619860069
0.193250662161922
0.269263127641494
0.222515442734066
0.323365557504351
0.51311235974941
0.377389817955947
0.244710946490242
0.580454388358155
0.606762976566879
0.297055634140449
0.406616941108382
0.252198823288824
0.418364771590883
0.560547907311269
0.531137157555532
0.341868521257914
0.519134626939047
0.289256740483628
0.190617136958153
0.385179394975964
0.640348828276059
0.558716667642749
0.603895852138853
0.416890545445139
0.416712972143466
0.342092355197711
0.249279842359741
0.217586797168936
0.250175692892712
0.196611649848946
0.218217439176887
0.208404828894682
0.28286217313649
0.375925559552129
0.482352474141536
0.421690257235331
0.234279827211927
0.188248201386824
0.213024972323478
0.227421518303357
0.341062446638273
0.499782511758122
0.458380754239445
0.323120161227281
0.294332037938618
0.228322326201685
0.132690444028531
0.112000511249309
0.44692120514608
1.24585604980635
1.07135065857862
0.520056998348935
0.901940585662161
0.607904719369852
0.236013408112742
0.363603578990702
0.339862515253447
0.200741015295805
0.18340679372776
0.29833478380864
0.714196176886413
1.33644394967706
1.11662642963247
0.791418418995909
0.708351576946151
0.372332575676297
0.509764162339137
0.806615288387483
0.358048610200519
0.952371482330928
1.07340971359591
0.52139359941537
0.510457641648722
0.340418634938375
0.261614579028775
0.264770002664269
0.175187842685908
0.191722257676001
0.170422372023894
0.229061222393569
0.399039365885503
0.417746228200334
0.468680881204244
0.544198084158231
0.557886406080906
0.47141861363175
0.361954170548174
0.305757776098537
0.222440992522428
0.315111824225683
0.642215014208965
0.328106976721308
0.328127266693474
0.337104677825284
0.357903437024861
0.436616651074113
0.331261273371365
0.266185884197117
0.315154343682761
0.225348653564383
0.17769936873189
0.179599945467136
0.292854315247512
0.483074874529704
0.430232981986061
0.317327960954711
0.333783450045817
0.250051047619115
0.424963916541976
0.384432657939984
0.450345096544833
0.445307433502211
0.187748261082012
0.264054351569269
0.53702522692229
0.649983144244845
0.367349425452359
0.212565437347519
0.379097638683534
0.286587911524012
0.578852725796172
0.46595365651033
0.411855889238594
0.47420059360843
0.393484123298442
0.229233718822574
0.757551964819589
0.840082574976272
0.566567110334964
0.455060193708165
0.394415421680027
0.248895344219888
0.260768984902111
0.461410134712781
0.122271956317684
0.4218726288024
0.684039240355585
0.372785673925485
0.429079248138587
0.29085848438949
0.229806296948516
0.412095681017243
0.37385227025718
0.251042771289451
0.368262120173659
0.329135415831223
0.216162180294486
0.380580261729199
0.974525957102536
0.519801167708001
0.380818925418561
0.493817742628176
0.351954256090375
0.4512506305766
0.29998123664303
0.257057023603552
0.293485922459027
0.43479114676471
0.626302224774118
0.347614605828441
0.667207339597997
0.612436564659422
0.153306780352426
0.491707236708632
0.568750994935266
0.173669402290563
0.260290217086265
0.222398631576178
0.323926003008581
0.634349937636512
0.756506279875179
0.734024013344727
0.291070338329979
0.461074489705224
0.449854153983315
0.467183944145899
0.757019212400035
0.444527899821208
0.270976566269122
0.790154370752757
0.622651967370474
0.519466647787311
0.474930004269986
0.314256158961335
0.312635725632754
0.207644172899301
0.395584675964023
0.597940816164916
0.483086333133738
1.76263411547263
1.47618385023599
0.445130841918469
0.543083594441426
0.401729271029036
0.307603514395787
0.16486681316849
0.287775430322064
0.786803176419622
1.23640109219181
0.264188037922646
0.377374993851642
0.437445379928513
0.737753411786899
0.671499377441257
1.38397357860713
2.03581723860013
0.629812801683846
0.650430084511542
0.657941462697195
0.725547839000673
0.881011669498596
0.524359236886778
0.391109621826026
0.457020487336442
0.630938099351628
0.380192230347551
0.722658368645364
0.539202883642656
0.409044563644238
0.357714080766571
0.602473637404314
0.50267167140334
0.472047356960744
0.669678995013827
0.214476079519036
0.361516072489366
0.441454300915348
0.611398247939588
1.26362581021468
1.30177809129739
0.553064120547115
0.260574760360676
0.286224349360832
0.220890521671021
0.353068624069327
0.383449129361945
0.151608094873227
1.18822121392047
0.202350908574829
0.36905013033583
0.187938607582737
0.083525980399463
0.135553897293664
0.16862370105324
0.432048512158043
0.687112445248065
0.22226861428194
0.219917406219456
0.217852134445321
0.238480714506586
0.17539940022047
0.19083402655991
0.151684388740936
0.194879444033358
0.185269118423937
0.382111352319627
0.28409392405087
0.708341093439796
0.956164721752191
0.248344059554703
0.126193986178684
0.101169034010712
0.107503771060491
0.263798802376944
0.544839875578796
0.510363942442454
0.562289951376477
0.29495402244535
0.213756659908137
0.167469125254168
0.260285115169521
0.327704150952581
0.267720021582017
0.355353328069004
0.430542050627935
0.2897413646897
0.181018272098281
0.257676196534246
0.431354167899832
0.524333567180924
0.294007786357952
0.255116069531343
0.512324252565293
0.541448915227276
1.03914735761567
1.16121846024563
0.764448647739232
0.330881320233721
0.230197554540275
0.0937396435318428
0.113075939784188
0.18665046061196
0.161630867038854
0.171792435664117
0.160285436766201
0.255484954262603
0.833758616282943
0.4075837852376
0.22945791567129
0.150341056511688
0.255649837966286
0.251527877081817
0.204878257149335
0.116498365717295
0.171105677756032
0.135034182486046
0.107400436258144
0.212808660422622
0.195208823701245
0.211880739995711
0.372175306168832
0.197215353950724
0.185741590493761
0.337398421839583
0.378456525259065
0.650682824642479
1.15999418976543
0.807745728193131
0.254006545517823
0.139512518472521
0.238416665023353
0.334926099165985
0.765536727897864
1.04086794815633
0.565671013680945
0.419999191729469
0.165770154689572
0.188319110685604
0.299019785029899
0.186573667298726
0.256873984065256
0.2406597680804
0.21623226290364
0.434602344456442
0.37711369119537
0.161813468060711
0.211676539671497
0.214835008697731
0.256073464678196
0.277953556529072
0.158240070510913
0.119393833230792
0.281184478648767
0.318504320240231
0.48890776321413
0.552866140395567
0.190855522241559
0.175355245259219
0.173252683451466
0.199705443011106
0.366330199649291
0.317402192390095
0.14480059856329
0.31896222373976
0.358098254623848
0.363849303361152
0.41997677945796
1.23743023597593
1.39489251860969
0.520626887457217
0.474114972738155
0.154553849526406
0.14320781644251
0.226469940765438
0.452172817409648
0.406457500373968
0.45926587618189
0.399864464476271
0.606708635920391
0.648245075296157
0.648298780891473
0.272527331023874
0.5471468316725
0.539666909708866
0.270813721629885
0.163699158213588
0.307329778704987
0.452542309211076
0.431775925321916
0.530773837723798
0.241088066995671
0.436291493906776
0.920956125616878
0.820248582139757
0.67438893897826
0.596554555042413
0.376244691742168
0.1749757082709
0.458507848000287
0.464122544411653
0.131918274809175
0.165106566943384
0.200056900793384
0.266679769215996
0.434128143649972
0.482184120625628
0.230523164961145
0.386914713456668
0.413258505275805
0.525202544112356
0.298704543117653
0.280837541614082
0.279968921401818
0.267563783435506
0.238143648765886
0.218478367709527
0.236647174343777
0.419514804450583
0.444404737956219
0.250617635591256
0.247323018515426
0.292194050379423
0.202898354493841
0.176005015899513
0.162036482911471
0.258545787558498
0.223494873573814
0.357971633326255
0.486774613910784
0.157539889309686
0.496682093892294
0.975509018816173
0.609603874447566
0.429874754493662
0.300152938258034
0.416127835588142
0.678078883271694
0.399795353637027
0.259320539715161
0.246583338060232
0.357559833178803
0.666291935164488
0.509001185860805
0.571258367992589
0.919852681045962
0.549229227178397
0.338934262299837
0.636662586263478
1.25857100533863
1.13543384797451
0.939299491626889
1.21500088291959
0.467729444692869
0.286726418001539
0.295489617556015
0.45591846234527
0.518063146211238
0.223601596767909
0.194759826417018
0.424164953888955
0.404929133544719
0.503131199203107
0.219535132821641
0.233239316070685
0.176074078960565
0.351162202638654
0.427298344246997
0.876057716006875
0.461145530642596
0.111471151246621
0.269943963283196
0.494115194953905
0.321037418675222
0.381769377840041
0.286699454702851
0.219014562533912
0.576296347206532
0.556401872660648
0.340810078379433
0.408548495213604
0.385666740900642
0.59430034991046
0.392450213035265
0.39078844050925
0.291534201633369
0.239084722082759
0.518461543794896
0.379286854918025
0.167948062196628
0.201588152173774
0.308351846325312
0.324711793976311
0.494032288585864
0.686538492620281
0.454307328872996
0.225826477758059
0.238390377828665
0.210046820773865
0.473358106900959
0.445246718624174
0.756388473624113
0.83468894457437
0.432929835191969
0.511842831231993
0.731519519645557
0.719825788651704
0.30187226291183
0.325993515271334
1.08598092207142
0.779403387126641
0.59313858862903
0.546767755706725
0.669593225844905
0.582818933895896
0.749244649176262
0.627817723958047
0.43739514202644
0.431866161013482
0.79265828815106
0.737474587051614
0.324024061892585
0.442815097583177
0.663612810420216
0.482271080229937
0.487752625810618
0.338587217634656
0.452182809685767
0.598433045450941
0.377545616985768
0.21462112783187
0.235189380428825
0.696263931989872
0.803414502322583
0.500446755246654
0.31609667073371
0.325284625196745
0.567038513894939
0.370076105574855
1.03254430596893
1.06221593311622
0.461722602993606
0.567308407039653
0.151152233105563
0.419184013834502
0.557641472796992
0.438922837260857
0.313627180177773
0.323733225584499
0.377017869420662
0.269107503390584
0.596878542255596
0.964869640824004
0.533350131590189
0.51966315818904
0.556876909343362
0.700902023052191
0.266502233795739
0.171510627406701
0.257077212293316
0.483130076788472
0.210316355622848
0.303779289836419
1.03876503244452
1.65426985265225
1.32678197950881
1.20273254594079
0.593719645023425
0.486083948065684
0.33014916247369
0.599725408521101
0.422118702612743
0.452543612376312
0.473719185708457
0.767641660617538
0.27560497626546
0.6276726404456
0.67180522885857
0.229757131139756
0.860042122277426
0.521548246818435
0.412510074786477
0.224504119889132
0.245155618903837
0.34071429495346
0.432434677503487
0.354455704085882
0.719750881457502
0.316586116244246
0.45704772243346
0.451779293116032
0.716308279448165
0.725119909161695
0.447513488766288
0.867789659987787
0.409724761704085
0.212160901686358
0.269514831706462
0.343762582661569
0.610629920716002
0.392250629064507
0.269823910304875
0.382645971404697
1.29311743339987
2.8270278662713
3.32264358000192
3.86146194533286
0.950811005112636
0.625832775106584
0.658282571442053
0.521322710543685
0.844123933803553
0.757094792784033
0.845330924740468
0.341039950061685
0.923035901092339
1.63167266419138
0.860177100727156
0.26501125129406
0.216913873991735
0.464843248025303
5.1355109270515
10.2166887830643
4.38000130248058
1.24454117190612
0.512656641574014
0.874294410016487
0.715304840460391
0.326537938071436
0.222854264534557
0.218464882229418
0.670586733639844
1.25149143255079
0.825990953066908
1.03445348197728
1.14855905658002
0.493662575091487
0.372783089641774
0.34265901229577
0.171435186488987
0.244210344015445
0.209337153813318
0.271209789538126
0.361513272244882
0.40172461445269
0.256769723418025
0.343421215553225
0.24017520604231
0.274537882968047
0.29968231671366
0.395322676946387
0.328673131360761
0.366936658906436
0.398398076157993
0.673484377258755
1.75223056565756
0.610160104551486
0.742131891204247
0.777806226019384
1.57097389464812
2.0800818137791
3.11125036037199
1.90292601761866
0.300244860913499
0.155957577802996
0.273921571280877
0.15242562130366
0.222802083929437
0.466104715293279
0.204017436592809
0.194192120689299
0.12673461022676
0.152112500814723
0.210230765250255
0.359056267126285
0.959648648753608
2.06488890167481
0.905271616951626
0.391583706257575
0.261468936619849
0.476018245697048
0.338635645264409
0.268994111139786
0.290374605639535
0.290726140850117
0.282466654635635
0.312811398014338
0.222646739847177
0.379801582352449
0.372091891348771
0.352991667862246
0.451082981922427
0.971256638077764
0.501164899013732
0.161656120306925
0.112871104299239
0.133645784758937
0.340521262950121
0.245746888456519
0.209573508431896
0.194770213315336
0.216085818035871
0.189124483799387
0.233012103264033
0.237286622907129
0.217614542750959
0.289229385608129
0.859612798751197
0.665675471768928
0.275503344350215
0.255401754721282
0.349121389080372
1.37754163155725
1.15992141888597
0.3203519503889
0.213796453317337
0.533262621652416
0.370822689192809
0.212529249493736
0.518554721255226
0.406732193648934
0.368660097920788
0.342899785373245
0.354605736974311
0.420306049294255
0.501996955057747
0.420508109917758
0.223099515413216
0.123739130083363
3.39655560537244
6.47655497750795
0.775257732513356
0.394392463657507
0.393819644114544
0.27777005437444
0.176241324089419
0.145101306665873
0.24463244802259
0.186400316350217
0.120027088281185
0.169324985194471
0.306150957792013
0.613810548142231
0.472363048838813
0.29477136191025
0.193354569170287
0.206359286604559
0.219722469232771
0.318009390950966
0.408020507142225
0.254692471036092
0.323957945012363
0.291302217449918
0.22295852451929
0.263190330602188
0.140259467769456
0.216416274382268
0.233802232538447
0.251881008702672
0.190975621090656
0.15730363116042
0.270146434976806
0.286734019356913
0.315968593230477
0.35152679004645
0.634406640971769
0.677932316074745
0.499244805910422
0.308927091196923
0.218752630525729
0.2309618446258
0.147609817701086
0.200346367515614
0.624587771874891
0.569833953387771
0.43785503008546
0.619875746686433
0.235709185470363
0.31712373930562
0.256732252487476
0.280495304747643
0.345636524204341
0.198637040500394
0.292990482313274
0.183632033420125
0.319821331044562
0.855584184905003
0.362559701149036
0.286084092135689
0.468906099349659
0.503379156066072
0.600076833641887
0.455904668690905
0.283699937475859
0.380755917088508
0.318464705357161
0.398800013439795
0.628614723264086
0.528614748235312
0.201640324395619
0.982958575956987
1.12920154011717
0.928679158344671
0.624067686695934
0.706185923576433
0.915557135199225
1.10077615728958
0.535939521357099
0.13061480791859
0.270059463424731
0.929895276013416
0.711369155351639
0.72470026108247
0.618264075931165
0.307048833841552
0.934256982792033
0.893726507270101
0.195377550445458
0.126564695232838
0.164485015578751
0.333458667557638
0.223879108377413
0.186504195610634
0.118131466938446
0.299132588342492
0.381484171942692
0.228191814404252
0.678433488240787
2.25353892987863
0.562953626760684
0.738047334376962
0.724251236911396
0.554270259107136
0.686522776482986
0.797339474701545
3.02389032939783
3.62225917411255
2.80781907603669
0.313657165374138
0.236045185793099
0.221832135521349
0.573462664446086
0.823065090395913
0.641654317166636
0.342352554341994
0.148654903834268
0.341784767728087
0.452779039472417
0.362146475981764
0.243917476603505
0.337583537813836
0.197303627590785
0.407077956490774
0.679724376563084
0.522895886893329
0.151077306223658
0.287861599631153
0.447058374283704
0.261907580939681
0.19147112704679
0.185905631673935
0.363797534768225
0.437744792411504
0.212413554949744
0.266547617140316
0.391782757532093
0.92134779633157
1.05385069141334
0.405854984631411
0.440079254853922
0.693423960820109
0.884173883102367
0.791526588273669
0.336911343042532
0.399257142932861
0.617998142023842
0.763828344137996
0.856045226790621
0.746863238044418
0.954208666807483
0.682822407749938
0.48487214101708
1.01290832407241
0.560312770577399
0.266308180153756
0.276623537663552
0.221949396459044
0.217489098710898
0.289009451636278
0.363415194103958
0.426338811332653
0.323429516661547
0.211665254095087
0.508649012282835
0.739927609494723
0.738214559665727
0.48023492783184
0.41378352017384
0.43333692251189
0.544227956819022
0.489998511410615
0.3398425431733
0.250974028174982
0.215056396428757
0.387064610759853
0.379689476958737
0.45537412082796
0.683951652197132
0.746363674617622
0.367458915199245
0.598277483965284
0.569348472366795
0.181502839993074
0.182616127970245
0.50073867573626
0.487156291467841
0.588157442451727
0.772064790536903
0.73630970188256
0.646613758057123
0.55535254110731
1.22981689759541
0.789547333827056
0.632527756073894
0.586581265721677
0.436807920286789
0.32821599899151
0.412535108158872
0.943373054320588
1.03639406338067
0.710877076469517
0.440482050378388
0.352430763438614
0.770398309316496
0.737250514658921
0.35496694648478
0.316460629788023
0.410704243007294
0.525297267003883
0.70369500459503
0.337499485184666
0.478774937787646
0.741872805665035
0.514993887465729
0.316022800472414
0.258824146581005
0.135490000785625
0.192977431877683
0.425869667386922
0.500144986763847
0.65758140794691
0.591134345862596
0.182279516504
0.322028636552028
0.305729186359983
0.609554558700792
0.74439314071429
0.356027798784845
0.559561493584299
0.471751838765558
0.139814572243015
0.277720940887575
1.5214567337268
1.73672629744248
0.304188551522575
0.178184157119652
0.653107134262718
0.488278777572208
0.372347828200681
0.514082770837312
0.554479819074609
0.514040943272929
0.372926504411009
0.671539626016547
0.833095558127827
0.565638243238956
1.47329638296739
1.59638262076013
1.03994051581125
0.841862142178727
0.232758903506722
0.532103036730794
0.95764256349374
0.555198370630192
0.610642333116298
1.33932991605315
1.01441722235165
1.54967183280977
0.734866523402503
0.53911134732162
0.471177374038331
0.3055527084183
0.392550078491928
0.315034743857325
0.31840050808648
0.672257744270591
1.69052933034803
3.48465977318938
1.74707485289624
0.637924474289746
0.684753600210258
0.565553187441121
1.02047048361535
1.14931101529499
0.419110318503466
0.380773035682743
0.609783855284354
0.440814080912146
0.552224866002619
0.654837318199026
0.270054249017607
0.320173588069939
0.614119481665253
0.921196830075478
0.508095476009673
0.408116167243372
0.315542194103225
0.334813787919674
0.439113398764131
0.630931447537972
0.641974473240001
0.777822626709165
1.34771373186862
1.37482887555463
0.554521382520642
0.275425409035298
0.646294199821963
0.417350930005715
0.394357189495148
0.574645894421713
0.400763343091109
0.500114053976043
0.803741256062489
0.520253924625691
0.641178344679848
0.333669379091655
0.428489922134115
0.516591259321092
0.27160154812291
0.338589525905654
0.925431321088939
1.16533091089324
0.597426347244542
0.529771312185673
0.957917472477053
0.883651383384597
1.22608836408428
0.949885580983928
0.65650623768204
0.591520467890492
0.702208180522372
1.07069195071136
0.539868148087464
0.304512217674473
0.308873312239837
0.33405371189362
0.312076875263674
0.315847630692552
0.467179449268159
0.454336158784096
0.42290670161253
0.759457090839036
1.08058675290298
0.699259744588348
0.587104082589026
1.80754570189538
1.33948682202893
0.867060590722372
0.710898396889621
0.539445038364482
0.321025919376601
0.449877684405919
0.566537547097145
0.471365682013981
0.575102696633023
0.565076278080231
0.976709057769951
1.26667350024656
1.09237488087801
0.491740335536073
0.819950380026168
0.938195586389768
2.97164274003198
3.40186527838037
0.770372310932028
0.484779107128033
0.72687675447553
0.427092158377343
0.319511705410044
0.294127123438862
0.639598692825272
1.03190064089181
0.614532929592063
0.970568433424583
1.37162373252504
0.422075854289937
0.431684701305867
0.635620604218232
0.719973125000968
0.637959231424967
0.622072592091442
1.04568890999376
0.537295440542785
0.53290464950854
0.50056335354083
0.336549904955131
0.854381597873246
0.92621158259781
0.953035641878961
0.618669327531854
0.612549521503071
0.626123455263607
0.619339596947843
1.19788503493806
1.35273819600183
0.534155694261867
0.471798167578147
0.484919910588745
0.714232721726186
0.548759433422823
0.68704184117705
0.515027875985155
0.54910564671037
0.788284674780232
0.890933079733064
0.562608194765255
0.414199215390755
0.575710099428432
0.738718288179196
0.664025745669525
0.487499781151506
0.352118247868711
0.535291151974475
0.457006732230712
0.379218077139022
0.651475645751194
0.477508361636985
0.587622071769986
1.10754382074896
0.63276932229392
0.343984225345072
0.59307695928555
0.657452127540938
0.939433807155571
0.443012362252214
0.381465126329198
0.922718979927403
0.433230585860697
0.604385076851443
0.409052241200295
0.521536959805321
0.42234576223331
0.226913569043966
0.30810006086302
0.443753436032095
0.671231600887076
0.540445095529173
0.718961827631428
0.816863668431109
0.441124283807211
1.14633396333284
1.40355404139924
0.694068862571181
1.04102909413488
0.854019765620993
0.859719327769933
0.66995464033275
0.432816187187485
0.604205097197316
1.9501050650911
1.92787553164346
1.05457388389779
1.3232832908432
1.67102917879868
1.47075321997471
1.62561430123558
1.85749099628411
1.4966316709461
0.53184747420452
0.249623597582377
0.178187603908629
0.534794298850253
2.12230312707302
1.27822436116214
0.60746195715243
0.670618449343825
0.98166757425366
2.19865368944101
1.76887724944352
0.517481358502447
0.63643377789231
0.589721625311128
0.846855064647102
1.38329524789147
0.90408674740389
0.879338865628489
0.873213484309304
0.502911178411681
0.627015337709428
0.987512341056586
0.768911820825013
0.459788232529661
0.442660022612452
0.485537452719785
1.00165104377589
0.543067968753438
0.551361808595394
1.02809711179327
0.813718082968728
1.23216050258721
1.00765026255614
0.47784617348916
0.423368373669869
0.51647891580844
0.596596200070622
1.00965959933099
1.66379876466397
0.711849711968598
0.445460757348455
0.435065206163384
0.246646865141687
0.158638315673679
1.51106423733396
2.14462445929593
0.439716247026825
0.6952689804413
0.801826582571389
1.19890323951416
1.45143541763518
3.46248185393493
2.89578627627771
0.713490963423702
1.10339430777947
0.743962128823711
0.373792091212121
0.538713819061465
1.01774156855874
1.68260775782912
2.27454921165926
1.61351388724459
0.865597144464568
0.574002442077445
0.824299412987951
0.331690542778025
0.763655179087467
0.790155735695472
0.637688684054848
0.507602096978509
0.34249651501305
0.461629056897679
0.630819362332278
0.143674728515198
0.246287434588112
0.366644397578615
0.915047768616892
1.58783649027594
1.3268026702315
0.907912249288598
0.714929866162542
0.915546796146413
0.972355416751
1.12227819338085
1.10199741927137
0.820821804822082
0.812312589627265
0.965419000099738
0.856181476191885
1.07937647396802
0.683411317275124
0.55217700928134
0.476878480837828
0.420260193596009
0.772261190969265
0.464018463078825
0.458037222791795
0.752300917265606
1.73002440704952
1.18348479765868
0.394559486915733
0.47706264406765
0.414067561504757
0.566482363430704
1.16405924461415
1.34405423715577
0.30522149401365
0.747477369086244
0.687968616436007
0.631492558285977
1.04646382945877
0.638751231821987
0.428643184546891
0.737702929802698
0.416853478228942
0.365271735023795
0.673415949755275
0.588324943365387
0.548899473542139
0.910632928032932
1.19293476640045
0.905661433181477
0.613240373144015
0.956704747856842
0.984175274438567
0.896597562709852
1.05334439369316
1.03299867457942
0.805569283367575
0.979060660094468
0.864463283688821
0.923074452357896
0.677711838227266
1.46824030869255
0.997274099193976
1.52995907012794
3.30325488527159
3.75585885736879
0.58801470050482
2.23400499082761
3.29641841185792
2.00194864181709
0.749001964507363
0.779721364883476
0.735316993299477
1.83046930000328
1.89066658526775
0.751846600244145
0.757722393763459
0.797074977952145
1.48139245559653
0.669389288080216
0.549322505586073
0.586537941413753
0.489911900760567
0.442119711669818
1.21855117324718
1.1705041076215
0.542292274102545
0.674384978812161
1.03442457728671
1.84534430472087
0.71725754399596
1.32902898631383
0.614841195932644
0.23416910055361
0.610028261791077
1.84674262755526
1.3281066645182
0.375894023307133
0.38181696770944
0.919438611619906
1.11112880173597
0.624130008950082
0.384587223602014
0.600877035339914
1.27647641236425
1.11139025886911
1.45039570397381
1.71391590534063
0.595414581617467
1.03893042444447
1.16249974104978
0.504115311554397
0.58843306353607
0.407360831234537
0.538995817413382
0.853708509360115
0.917798717810646
0.682589103071719
0.537700732250011
1.32882579311732
1.21896081624867
1.72277740191275
2.00574178266356
0.673900410545194
1.10919454524513
0.683945388050116
2.25341723122798
4.30323933988203
5.8099091765515
1.05802502850717
0.524948462736648
0.514169611939124
0.828771526427847
0.972360621410985
0.746459588723655
0.47375843271605
0.979043343397455
0.614023801248793
0.745633126188557
0.926338133905796
2.28841264244526
1.56049601683563
0.829314237015411
1.18608873427232
1.21726269798948
0.905827535963284
1.19213684066049
1.92761653590393
1.63860232263834
1.29443722697326
1.45404930567995
1.57274424226355
0.690631841961151
0.558182569067784
0.698947004010765
1.08056173870688
0.809355139194027
1.39445150778921
1.45876752898767
0.935545064209674
0.727888989392194
1.25619111296305
1.02029781966239
1.36709077869562
0.955132170799847
0.8546390718428
1.25316820574488
1.94036427559587
2.57428052799788
2.64388528323347
2.87918866940482
1.86089767400171
1.04581396574585
1.19552959174761
1.31683059531757
1.07928521203642
2.22176824904784
3.50684156712904
2.33518080543289
1.61610605005273
0.752846375869507
0.491757575160565
0.969968643515706
1.48437239656163
0.817756626640554
0.997973035523237
0.95387137010785
0.58829938774306
0.734419161462941
1.11886461028984
1.13604240086305
0.975462373500752
0.785880607867264
0.613962795974039
2.20311903713681
8.42089972053198
2.63488893425709
1.50759520502289
0.881649597248996
0.526842431177455
0.539648174643165
0.689427067052297
0.860690944893179
0.695903348275123
0.566780518040075
0.568708697602355
0.980526087892679
1.01980331874762
0.267519983601609
0.530505610365035
0.478086428133832
1.00245127676739
0.707190250868025
1.22481918070846
1.49754357860266
9.89034044823439
30.9996816344965
15.4559321343853
8.12775093689756
7.95002214462898
1.96517071789464
1.95482286949657
0.6276732917541
0.826868528891854
0.581018869418083
1.28000458760647
1.40094223630003
1.95668973393108
4.19367243778924
8.26819156162605
5.9519044746584
9.77297778962399
8.18187992481915
0.519433037345935
0.457324319612301
0.427311546050246
0.551467440368286
0.688994386813715
1.65600295507422
1.1046213651798
0.984585061331077
2.3993651731913
2.09221125511583
1.4553987230181
0.774758491322356
0.796529664421457
1.71977959995571
3.03790628076466
0.815790657321455
0.712270823031218
0.389834027298502
1.06388909450161
0.729168881907864
0.368418349597561
0.604145679126153
1.05871637178778
0.930076288319244
0.908285455363508
1.9987252367968
0.61281975940865
1.07989120596196
0.878014986704014
1.02233058651869
1.6285820934133
1.96033991082202
0.847887082138515
0.704479108895322
0.970288675052872
0.921925073045567
0.591163844623792
0.415916852477886
0.450361803772229
0.553797500880631
0.984846166891711
0.407398973604235
0.503793789829748
0.702527130460808
0.739949903181675
0.836616063731636
2.12023192826358
2.72108969674017
3.67899365824415
2.48259783170864
1.56278705878766
1.42100330591381
2.73060644884655
1.67909341483473
2.25255365189452
2.09104893941864
1.17910463097451
0.909100379538845
0.878983768382843
0.437442652045248
1.11538149136131
1.46375928428758
2.83259869419951
7.80312574386372
4.63598842239273
11.2506362875755
8.82397259561368
0.628726639572632
0.665719520460678
0.683324233788007
1.17791856268878
0.688896060583943
1.10196734889842
1.10361026047828
1.26839126256445
0.838553522733166
0.922794644469069
0.935941714699286
3.10402671625513
1.61092993167886
2.07914147461816
5.79175971491151
2.85013329009339
0.252314233236729
1.26016123134191
1.9105610139386
4.49448486361306
3.52310147746284
1.46407552914374
0.653454944301235
0.654345474121997
0.932682353992679
1.30524300201218
0.873992695667407
0.24023730560134
0.886193144782508
1.39157839136549
1.27819886617898
2.01814485786461
0.952309058838697
0.998197534355529
0.368557690680722
0.942578571319425
0.94106704931735
0.722048172721728
0.726274560472595
0.419832636997806
1.13233318443255
1.91622246283076
0.779089569329299
0.407332783694028
1.87186165535509
2.38261491070806
1.05311543147966
0.796218295271837
0.672814858214751
1.57025770651843
2.06296961071834
1.70301524290134
1.85763437771005
0.702311216929582
0.905621454933232
1.17784854308615
0.735632920550737
1.02799060613519
1.0012404542877
0.76417967175589
0.875507539600082
1.78689027083804
1.44334578286113
1.51431189479977
2.85849419345965
2.01132510859597
0.859574956900962
18.9726762032993
20.6260893433167
2.7594926162228
1.70668217222747
2.65566793108988
0.851863182176222
1.216155560552
0.740006500794194
0.953062108634116
0.710040260493508
0.528984561418422
0.408672382214411
1.58727841003626
1.80985980298232
3.66735782726445
2.02025746435924
1.41867328643182
1.31479143442108
1.94517954572198
1.04773328898427
1.03543881495911
1.41689418068481
1.69718340171348
1.94742994047762
0.496305182026193
0.591001577830129
0.953946869468108
2.73361479757344
2.02247124011223
0.867553062294126
1.36296745938803
1.65948839510198
1.45643211184186
1.73000204387665
2.11048012950387
2.58045066728279
1.23303904276962
2.81402186244644
1.32657628465319
0.601369522505594
0.32922046627087
0.452774848993727
0.328673462364262
0.349404733456433
0.389763207645731
0.30510229321926
0.789475976624685
0.878313306576955
0.96344272962249
1.27897702249686
1.3557112607037
1.5561386219285
0.524326891513585
1.37565276268897
0.883506945933896
0.539389557452947
2.95559543456845
6.24005071490437
1.9663227143093
2.02547065536729
7.13509146640149
6.32637361199086
3.15467026742674
4.77988482247207
4.86180529952215
0.982513384698569
1.03980087626389
0.541181322314713
1.46132964712966
2.01400084373995
0.984639491590536
2.15594292663576
3.60774354685945
1.28174529569008
1.06725772112438
2.33062840683431
0.81621227636591
1.11184277881903
1.74056714791735
0.541703537580781
1.14390360020838
1.92896262728002
2.97030737835722
1.81335320213333
0.672266116503823
1.23433746319732
1.02005727703968
0.529465509710844
0.880957449962602
1.50099123791734
1.48326683925384
0.950947867763301
0.790871481007134
0.857461081731949
1.0086787497143
0.735610572846704
1.33959960706228
1.49408459675275
1.54913252523885
2.03632145933937
1.23955912229284
1.6358852295813
1.60393947343741
1.58020972991462
1.05875162621169
1.00133565714645
2.33348530912638
2.26422661754354
0.637728916735151
2.76845946618115
3.41527607867625
4.90637903102698
1.16497371574466
4.83518283832661
4.32926823690661
1.29134880758613
1.66225992456419
2.6186974315412
1.99015756965873
4.08811389793642
1.17869272369855
0.98780006613743
0.518266806801668
0.361086024238458
4.49968870054372
3.11031353525936
1.50777285454036
2.51901068198001
1.84552168111409
1.69113654981688
1.18003364898401
0.846923166701489
1.6757684897359
2.35175723298821
1.8351739718983
0.546730945071452
1.12602254075039
1.56043869012098
1.70530137211546
3.28016304595212
8.16660532987216
5.86076928762925
1.68433046071953
1.93060539366687
1.53755052075767
0.416397010569336
0.799851127215298
2.52697729034517
1.81003675844533
0.530123187984949
1.3365537221156
1.52709222355442
0.346128039853457
1.37462519968259
6.43371720843155
7.70361990416231
3.23001088793394
3.40625278150382
2.40097392469347
0.620112727103471
2.06382429888605
1.02968013296876
0.821230657856827
1.41576773390308
2.95853628060996
2.36205498314553
2.85677058224239
1.86676219673181
1.65573922887725
10.6588762166732
9.56391978696811
1.71453299360124
2.8285421281116
4.4454789630884
1.22753308076741
1.99001469183436
2.79702454738919
6.12106803325389
1.28115678060593
1.26275718930873
3.65819075227628
2.54659730398161
3.12386830652643
8.79339549756187
4.10777410183506
0.706677073562621
0.679588339173864
1.21123554133426
1.34073958526144
1.21167872451702
1.8959439068499
1.22298170108338
1.01198426698552
6.7021915607098
1.78952436584054
8.80047096882574
2.79101232638464
0.712790776123338
0.394078932306357
0.25215004376594
3.28958627609689
18.1312516355813
18.0661577536263
3.20781402737808
7.5811310641582
3.19603948846353
0.389122698443796
0.140423789426606
0.202707209346801
0.185985178697165
0.323173572081613
0.369539912905656
0.593814674289494
0.594915518599948
0.355771025277696
0.15041734702015
0.227518676060244
0.439582604119591
0.359621592938338
0.248625640592584
0.281393338594024
0.330587025188833
0.615157272239057
0.205281771887528
0.164329043410035
0.230802965176356
0.299753950822337
0.202357177105066
0.117616362398473
0.0973513618267148
0.0888786566594503
0.111381866554254
0.0608720916842932
0.0526982307891278
0.0721429879381666
0.242460410647046
0.200231865901264
0.158752977679177
0.291236309032664
0.332459376495506
0.228114633232645
0.210100663210292
0.1524563199873
0.190345216057872
0.0971406551378504
0.252342935750531
0.128479512904223
0.242408697328658
0.19843625077944
0.225831716745577
0.285016409611051
0.293973729053792
0.324227491660086
0.260736993534089
0.288913103333966
0.155140260065835
0.172740977118481
0.202511842174656
0.152846716270934
0.175432053351164
0.0604510911838357
0.0414168113848066
0.068895624402864
0.0875961193513479
0.0696019572328065
0.105316608960945
0.168584656695432
0.0913366965613637
0.0965304784421343
0.214117788621859
0.275803000738548
0.190272531625732
0.16021241572992
0.297538115261271
0.168585319811612
0.177458574547423
0.23140451242513
0.202487067025521
0.19042627167951
0.205892106748224
0.243651272914641
0.145710412528005
0.221380206502552
0.300724384014113
0.738391813505785
0.502923626667942
0.231571141513265
0.162444951153315
0.109729302637332
0.187830794366212
0.528657527324657
0.466657415194574
0.187001696994055
0.326043431869387
0.30235791972988
0.181565092234707
0.134707234265527
0.121621214470303
0.145963215569233
0.13110152044402
0.292159601688761
0.238562820346806
0.287363609870868
0.233044388961941
0.191214097928185
0.132069490544316
0.277293255460116
0.200938973325792
0.121911823125796
0.259420111791197
0.416712534972641
0.524670396372687
0.320310288359411
0.309387027942253
0.147511410923885
0.238650729587392
0.188027192013837
0.107501397764388
0.218742622265839
0.275485876871857
0.14817885766192
0.142952900598505
0.477870622606296
0.491702365141196
0.314430670241947
0.70595243986172
0.446625405021478
0.23380621826898
0.153781267887817
0.236834521714632
0.387039672668279
0.313929571319234
0.68818158055362
0.763705713087479
0.24015604108695
0.299585621797246
0.280955615590929
0.613004221282482
0.427361611820412
0.395379873950566
0.339183008838065
0.401111367426424
0.464760026714311
1.23825411029754
1.21949390695569
1.39672943952801
0.358708221606054
0.353521624221916
0.300548618610457
0.333664357905875
0.483907958964163
0.312064945208615
0.270522874513425
0.31172631402853
0.252924016507438
0.249701448154478
0.1072351868824
0.359827819703016
0.513996299149651
1.3585279757319
0.801979391734077
0.243977398813497
0.20296838533839
0.209826643410376
1.42468242072034
0.8419210645993
0.273582762969862
0.138058590176554
0.263393429591374
0.277679954058069
0.140510510578948
0.255359642563277
0.536641996174153
0.363668856476601
0.168386547123587
0.137807850793221
0.195823354746009
0.355123220939034
0.235871617536275
0.26215118937577
0.677034657779746
0.909808544931433
0.357110959045099
0.457920908001957
0.280582899388369
0.4182129985166
2.84351757647412
1.12791195627711
0.428072894098173
0.301867699496597
0.151769023293513
0.0680206620840163
0.115871067191791
0.414602927468596
0.66722472742451
0.425804806711535
0.430283221523061
0.928245763189083
0.476783515228409
0.978246426647357
2.52866489738867
0.174288166074852
0.193862106650013
0.314499665615357
0.179303477181386
0.105122336774595
0.203770814596372
0.165443231074296
0.154863144150774
0.130580196768519
0.125571449406738
0.270595384068639
0.177200396178961
0.188015372217563
0.245699732714056
0.194667585916706
0.269309966651994
0.233977897046304
0.41802950697974
0.178906655823905
0.31056475642941
0.366357618005741
0.570365782737372
2.05559212333644
0.357807195804521
0.63696121779638
0.465678344956226
0.199778223512007
0.348866177017564
0.580070780437261
0.446174671667359
0.208893892139952
0.39630867630387
0.97360058844956
0.979913317093107
0.201224085328684
0.37637003925132
0.357467933830635
0.172042833171063
0.107246577599261
0.227567231267918
0.3350097111745
0.287612478642352
0.23736440651117
0.228177782971203
0.295092897739325
0.853740247128225
0.409984063108192
0.290762947390981
0.405390482152126
0.273704117086082
0.898192123947944
0.970839280374067
0.306936346344911
0.2539794517249
0.304122836958583
0.416786231990242
0.375116325401649
0.218527426888935
0.272213048726821
0.612223157397816
0.580282689967862
0.488242680052333
0.206068735895639
0.167453471291971
0.130519103717371
0.473820441369483
0.330391315895481
0.378474396634208
0.429691860536853
0.268635501937132
0.321821752472411
0.313679256286358
0.207399970340691
0.221955183770119
0.160895188954501
0.130493158095388
0.206519768650425
0.207602638095733
0.128213169304744
0.282108955649907
0.104860500260546
0.186484412061229
0.29393919671632
0.272168943983655
0.226789786821444
0.220111258052804
0.190829593372495
0.137495483460696
0.151911355029317
0.0978386238321946
0.168373641904445
0.290065270806154
0.175272915300288
0.382816816713208
0.342264723458842
0.357232057773197
0.393023772103134
0.328172497775724
0.306064805162222
0.365616588060182
0.487396707051285
0.390911569759535
0.32998340452081
0.241121042432918
0.22224955974807
0.238987209011657
0.420732028425601
0.258841062831009
0.285017047104152
0.12392325337007
0.259867405186143
0.223596994917714
0.323740092451974
0.283213550445768
0.276595172355533
0.363183956714271
0.404151906908395
0.345304850128694
0.304881495784578
0.625337023336216
0.320068657965285
0.527625300568593
0.369797503592734
0.181784744181248
0.377638371303247
0.144815130386938
0.24203668063045
0.209222133927805
0.166221114867954
0.38629077189975
0.520203088800082
0.510876842752222
0.526066194730442
0.334723526581232
0.173849465687842
0.250251423741488
0.287479498264786
0.238824798572649
0.194311553454584
0.282101256196951
0.25438834829482
0.27744065426344
0.322529391605392
0.301624328374708
0.469919430253254
0.521742242563001
0.316938583760023
0.276033457264374
0.444498858065676
0.500197420538189
0.159936876361296
0.234106519713561
0.376611893177506
0.41825120017367
0.403507190065458
0.265624693631151
0.261441381869408
0.267016229328145
0.214119105712496
0.278224093430022
0.263163553754752
0.390571702794752
0.51282795003032
0.196232012062255
0.16075566341257
0.371247837128492
0.593930764319503
0.362128129611514
0.161836999578828
0.215566307474554
0.433453233594372
0.3371138642692
0.341024046273981
0.268735727652893
0.301899277280894
0.297346483620823
0.535967170645593
0.443361764162119
0.352919688709723
0.59326448911308
0.690039774105279
0.782790544572618
0.814473037999951
0.393409840254953
0.252211845829042
0.584413127577368
0.370040325751845
0.254142087067319
0.410769079529222
1.10571830189869
0.691480294099923
0.606060513989712
0.665029596664158
0.728367928090317
0.644843853034386
1.2044908711223
1.62796920756593
0.59635282769053
0.458429824138052
0.434534279324367
0.430862640678848
0.152993040669711
0.243540025471194
0.281625858140133
0.219087223196207
0.188547513662721
0.38664394246708
1.00179445759269
0.983136226788592
0.862550569801517
0.996232001396538
0.577089322209582
0.176708284781561
0.329786768151647
0.304647239488566
0.224980748999879
0.243881337459109
0.412949964273788
0.428823473999244
0.54043172171047
0.287051760035988
1.85782895439592
1.36360478359994
0.699332836957058
0.480633012185715
0.327046636951339
0.341179120382543
0.712437790929572
0.434564335998809
0.288644778312092
0.325498800185085
0.325122917577729
0.378836523656817
1.02860932151135
0.441686453534992
0.180819576458958
0.198311079218303
0.241468830420169
0.523344237404584
0.516283306965365
0.445084865828668
1.41370415024984
2.09706459316732
0.682008350568813
0.40749585281793
0.195102612856228
0.17929566665
0.232050842163212
0.121457228119599
0.143759920358083
0.340962262579878
0.891056650981703
0.570606540825765
0.28570381296331
0.318280436750477
0.266549993195101
0.176018849079035
0.253402147683159
0.30698472228503
0.257057766191238
0.279401307371211
0.886991704486634
1.48291676137133
1.57560872641028
1.44497598190126
0.310934257844961
0.381447350154914
0.460718697855732
0.227740337388597
0.404512298425679
0.340474544085906
0.279216043810404
0.37387346672009
0.417428977092548
0.63330802959044
0.426827651670279
0.315571284644371
0.592001524004031
0.713681082833453
0.266303531053887
0.451606391648155
0.232396547760696
0.136193032434654
0.311950179314953
0.424772261527438
0.408643854944191
0.287437173431655
0.335308713723072
0.410431369368264
1.32973828071073
2.38786835639902
4.06948861924147
0.812192925700943
0.381476985948827
0.647620633405926
1.45463593395058
0.257081397874328
0.108269072803491
0.10119769992648
0.233627986769645
0.201512843052542
0.2203693156091
0.313961529576587
0.3776169315609
0.969280300847295
1.18753762464627
0.814649934650837
0.926795115190801
0.916726836377333
0.530740521436177
0.421390407050394
0.741678902183947
0.661050647575367
1.04512352267099
1.17319820870223
0.499069091461502
0.355764702036414
0.319756751549897
0.473403353272681
0.543396594285505
0.27941872373037
0.375121121652869
0.290135325251361
0.349506656280561
0.621632160861426
0.782348251796009
0.615791366687518
0.73419691948533
0.660290446719756
0.240221289784285
0.218414500711519
0.549142004087351
0.716816008405097
0.361548877951968
0.221252817587548
0.395904299233546
0.310108214904261
0.209236942952082
0.411346226929165
0.181072687749595
0.152575234412795
0.345054823312143
0.563256854644516
0.615099585801311
0.775894731075837
0.203911758450841
0.254832182387249
0.308050364095688
0.294505288465413
0.29110315166448
0.163636842369762
0.203181561194395
0.215588036505482
0.477757460832093
0.40192382854415
0.52893867514549
0.768574922881999
1.12091106885769
1.03200710367111
0.918546207881514
0.618370712152182
0.695483376178196
0.42648745741767
0.332997462387426
0.218744376922786
0.24655869129004
0.418754899831222
0.175132140841937
0.10568045035322
0.355791576042836
0.453590315911027
0.401996898055842
0.220009570054684
0.259542337433642
0.265833692449056
0.167227445637791
0.284435166026713
0.820453151361659
0.844062598431677
0.418706283749234
0.609311733436634
0.959314603690435
0.369233367246524
0.32472769116149
1.31767818552298
2.33445069717411
1.44927913042678
0.726622247496829
0.642419665449178
0.929708441597656
0.952706863866017
0.493411131613431
0.4533471089222
0.310585190096609
0.472769991204428
1.51342318459129
1.55562589670641
0.425337537233699
0.440275120078249
2.81786874134704
3.77047928139121
1.30305548490905
0.457918083997441
0.376762788484687
0.571072436083805
1.0468716383749
0.305140518737763
0.278524997106043
0.347987908332682
0.372383165453898
0.473269721439695
0.272960794282089
0.301853751894429
0.373429518699641
0.428128405463559
0.360931964071159
0.425636980245045
0.532208809580565
0.146848244079732
0.105904306135171
0.420289663862447
0.728928153889025
0.846482722060827
1.19773440411854
3.40346487523308
2.47948353667147
1.2481065191598
0.495815817340712
0.266450956322675
0.128334938354593
0.103992560364825
0.250234190392234
0.241940659025811
0.469879211470627
0.573424800086947
0.502556191627529
0.66774129354793
0.259570090725152
0.374084989600186
0.326187307815975
0.227517079971986
0.185142011665837
0.231592942341617
0.302776993936633
0.356016809941964
0.274391640672386
0.341099681348155
1.05298041452353
0.81044561143801
1.29152760170084
1.36333327640087
0.499073135378538
0.22892594310785
0.308476817903556
0.238903770632269
0.372529770239919
0.214522668805413
0.140815011181939
0.190409161441303
0.588601306770677
0.38956184107118
0.246617583985095
0.185912428714894
0.262350477194495
0.17933762689291
0.306260412635878
0.614042248843569
0.472235372461572
0.538816441087338
0.296214444021688
0.142482068753348
0.166637190417072
0.194346219027005
0.351719657752367
0.310441113374143
0.657659414544165
1.52562476806981
1.3417025947489
0.410717992079987
0.356021892245266
0.506808321262603
0.483425475486262
0.23650577693359
0.18294035799761
0.227229274076625
0.271726321425651
0.246016386313669
0.533650453765997
0.601796039675512
0.554824568211804
0.674500957134298
0.431838391175906
0.398992928415007
0.423336863471749
0.595048544883528
0.462670068006395
1.13599014572745
1.30199034321428
2.55845473839758
3.5087663993227
0.824346468337981
0.42071094521267
0.728589231381587
1.03965696968087
0.243005251450078
0.336001589883567
0.315754059097557
0.382589367875297
0.425188946857237
0.281511409402904
0.611955761119147
0.445615742067902
0.497047761611606
0.507602756299507
0.326898704839364
0.642142560663638
0.868473566975637
0.405342470228047
0.214195204348239
0.324553207377699
1.00108456485018
0.565684307907368
0.32920032164194
0.259635198682573
0.31419823264534
0.443038458509145
0.338520402346036
0.566123755762065
0.828946426065176
1.0421758795836
0.736927780947007
0.769501257341432
0.468806306728677
0.522936689484162
0.648063408686613
1.59088673496103
2.26469694560936
0.791166669974037
0.223933953141115
0.282657501434557
0.47096698834627
0.401713309004109
0.472715806963154
0.246414184850443
0.464050543153506
0.574488290117117
0.32331462938387
0.655049504652606
0.440950545994957
0.322854759444083
0.435913009249046
0.29200350636805
0.144598850421099
0.377896674744954
0.648037579131468
0.952136032255045
1.02309792562359
0.58674325878596
0.748570895375486
0.53365328071528
0.54503839946322
0.74744192142583
0.599709935461521
0.466693913384931
0.234449243301103
0.255200426921757
0.25506854094714
0.237829123226901
0.206038993243136
0.440428598513892
0.771401365641309
0.591400136214299
0.62353858002652
0.506399235822608
0.373962196090933
0.224887457472327
0.345342670106619
0.382458285713499
0.320241908933346
0.801257488764011
0.825565064270999
0.676662855106723
0.644110825221577
0.417609991094111
1.19381004890345
1.16283319095985
0.324777756718671
0.410465696085659
0.456255663230265
0.509508443907943
0.388483600184065
0.318738658959908
0.406738744715302
0.403499731764332
0.621345971251596
0.388507148588217
1.03004611383769
0.391274922247594
0.198645776749498
0.35724249653003
0.471137818770976
0.582598782678666
0.776854873763583
0.5368760510999
0.591491902249305
0.361398457807984
0.349570997682292
1.59197847684526
0.783774148156128
1.28459250854903
1.34034713127683
0.80993246364269
1.13310182787459
0.620780050847007
0.612276422501559
0.300313114581482
0.307195919533462
0.549773608313844
0.492860122070226
0.558516844513491
0.343063504613725
0.308889930477359
0.296907248062192
0.518704534652921
0.459799011154781
0.308949610400207
0.39364809530179
1.98839789577537
3.2263434824425
0.95461815121894
0.763303124203013
0.484259724836536
0.389615621774991
0.398492530236345
0.409218107111539
0.478413621715122
1.75786724626225
2.6086472157219
3.38260204503276
0.847354008631642
0.915135396131178
0.606184481097931
0.429858242193486
0.397819676746775
0.523293076105372
0.402926988370325
0.592304771966178
2.23614829759617
2.80470749445052
0.591505613879897
1.15119539276282
1.8085788344967
0.820057658411353
0.546706916957689
0.265737679010206
0.649363840232514
1.0698632501976
0.729818475856693
0.318059482399725
0.652607246791144
0.350284302192589
0.399877370003573
0.27194740690745
0.604344062172777
0.942975119068074
0.917052494221236
0.629122528401293
0.882480221820601
0.752856443311269
0.467892354969878
0.441365566920557
0.47985330801647
0.465426764637686
0.428728686200355
0.468774679502275
0.711051095039801
0.499532853730416
0.659482720588427
0.455127967274274
0.488623920785601
0.400820284034395
0.273882724739777
0.842763227385369
0.95504892092196
1.02343377372989
0.870268846644256
0.298347287970277
0.453332510074434
0.854856796617964
0.680474552750338
1.0356945687204
0.539509580749092
0.490269860648986
0.53316581262991
0.396534376547426
0.317806780281355
0.302597963789885
0.629256121595631
0.529022680503411
0.384463965236227
0.326290583311798
0.88862337804827
0.629251070041036
0.639021793075721
0.694297102152095
1.08095273739038
1.06972959084618
0.816218635599181
0.57044228477286
0.514328088401614
0.478996544613767
0.358656089917025
0.211067259953662
0.512326978734977
0.461495401293373
0.213572329010203
0.343463627237223
0.445767071746624
0.451289157252043
0.900926157311449
0.984678668250197
0.378438821742419
0.826408966943695
0.773149293897082
0.795004679156897
0.998789293820107
1.99830583518461
1.30732899756131
1.19179088276328
0.972035382788618
0.368417500916646
0.493937893397644
0.462724941556263
0.84119656280395
0.529107340204995
0.574082991277194
1.11870170233087
1.6015581714164
0.765994503021061
0.520902469635364
0.882780649364838
0.55157558578849
0.380343706000896
0.524697146129294
0.438642026856388
0.357972642504734
0.312191726925258
0.556642984100252
0.629104990460465
0.459340246236258
0.663186565280965
0.573158854443953
0.600006380986228
0.365603999205131
1.16261803417701
1.07051020117583
0.495760859251497
0.350219344883985
0.693634635398351
0.818133759447263
0.460128339279465
0.380051746915449
0.362770311204769
0.65140380067495
0.96037982671984
0.997973465239022
0.703017522291402
1.47595913622868
1.37715233526427
0.977295247950757
3.39908316309654
0.677560753748482
0.13910260581945
1.67782910239631
1.91989975319418
1.04240548069113
0.932771072519134
0.721634167901335
0.5571531323797
0.237303088927863
0.567122407390451
0.419120500443898
0.795548176106051
0.696145633816915
0.604497226957367
0.776430878374613
0.567932154925558
0.440149983701853
1.18013260358803
0.871149565267602
0.450832450789618
0.389096248386826
0.56075254050602
0.925804721750576
0.827322836490276
0.72274150008956
0.610993953327814
0.720586169765983
0.906153038855051
1.33026990224881
0.619382355517299
2.82566048405714
2.35444032450622
0.625013294072944
0.288678454248739
1.41589880529003
2.25402777919013
0.42830272718339
0.405648319936851
0.818270698199175
1.7060008167593
0.554485033706874
0.411755069351147
0.491138413901249
0.761056632920628
0.549671358297649
0.382212823564651
1.0990733033028
0.779408859003961
0.278786338576769
0.248265646136316
0.46215879665569
0.499781363945073
1.04126942624991
1.1237055001109
0.535672307851495
1.211974920034
1.02383104774468
2.21561808861857
3.34116544227555
3.41579762223053
1.00778514699698
0.341486916967394
0.419087564814407
0.421866347502181
0.600396504838916
0.918147649527157
1.50963801345925
1.38007011827522
0.893671094766244
0.795690049157562
0.382961587520803
0.482700051165125
0.28311093822104
0.69819293590307
1.02184987549473
0.924052446106762
1.4721118136502
2.02690999441139
1.06671800933132
2.01276709045964
1.73430659555662
0.587568812975337
0.441663194336783
0.360418739238822
0.428441976312074
1.11979059756
1.9906047401823
0.908530732520687
0.585698482384617
0.275764806084601
0.279220835859701
0.509235677963373
0.745800414585534
0.987141454582171
0.95030620486533
0.803222520408296
0.968988028846689
1.20015520643036
1.36031808851167
1.06106590788527
2.27841717869793
1.79066171466211
1.46918001543555
1.01011494793787
1.97748650712317
1.20654748434492
1.34086331693633
2.23211090483041
0.66720607422048
0.688127361125008
0.401727664269553
0.407235777804894
0.228652572837027
0.197990757318193
0.669874686332326
1.03405049191956
0.597628920186173
2.38251303789142
3.17432170146132
0.932249400994715
0.822906494280883
1.04306199667287
1.53346433815536
1.68590915007518
0.941636087780893
0.908025349338331
1.27331947682937
1.52157862534048
2.10405366623793
1.21330041227517
1.54739445025523
1.8595571385079
1.38924462756553
2.16807115031926
1.19703459728691
0.939605162044282
0.913826310985378
0.79881390602038
0.527715235972474
0.540502818346938
0.399539655927072
0.642228486148461
1.68928712824184
2.47016183637395
0.668204707747228
0.933013582045344
1.46002054984872
1.9892460158917
0.415314788308014
7.85751227835719
4.11753522232842
0.320800276483236
0.820737180549613
1.61718933960113
0.737875004649406
0.773431893578353
1.60788446723267
1.64419202209703
1.4864749970944
1.43631200912515
0.805562384443477
0.779126854205467
0.561273183309925
0.98198339779777
0.336055008832596
1.03386124016445
1.63237925345582
0.633083796533074
1.907395766881
2.41846105928818
1.11821777923108
1.19012362527702
0.68240608296602
0.346279924754557
0.398581959631755
0.278191709549725
0.732517429559391
0.661483659093469
0.394646554797854
0.734853893587006
0.898791785366668
0.401680252847613
0.504499302958336
0.227084132584467
0.181746836206587
0.570202160297005
0.870679789802087
0.840331537896093
0.61924512626598
0.368640975624938
0.228428351044882
0.42194454622912
1.26056277109647
2.70858569487726
1.60031324222943
0.91569634152787
0.568678304993178
0.434724953747074
0.64477866415207
0.556587023246327
0.383433039300616
0.473549685204773
0.441053966300278
0.455603425018929
0.501472274824104
0.286518368480189
0.680136377179841
1.68588231692029
0.691418138456706
0.182457488793602
0.232227484034219
0.227031245146938
0.231834348440465
0.35950679707692
0.316079922918867
0.582159119533572
0.582123276220956
1.16373000907133
2.57927866349493
2.30453829973876
1.80166792097118
1.35563943431411
1.06980468104663
0.713663372247593
0.585747307327443
0.837942321834018
0.484352989266681
0.259572794047497
0.398614919076126
0.535508707692748
0.703096545369378
1.12187930602063
2.05975578081608
2.81086209796586
0.712981916525811
0.320600795549707
0.528837079367167
0.495389065352098
0.343831956471483
1.63376161932497
1.84455247045005
1.14237650139886
1.24485323314238
1.58738001673465
1.52430205537473
1.42774795411228
0.550414010063449
0.313592842542664
0.705044013935825
0.387623636836982
0.59182285111916
0.914378810163776
0.983707613450832
1.65715601708172
2.3011650160484
0.578890513953846
1.09960665444744
2.36141336630975
2.01972396263585
2.29014068891698
0.702306429853842
1.1389008545142
2.33693143956512
2.19931585318833
1.47707189752765
1.66807996091032
0.82060508382814
1.03994504925774
0.85482075646598
2.04838600568802
5.21683720560725
1.66246918272977
2.70789971585189
3.06160439808961
1.20329129750337
0.305033470512335
0.523008002452673
0.763880305094061
1.4121418396156
1.64646664588177
1.78694449225904
0.548091405093628
0.70444064586796
1.09273377637266
0.9813953998249
0.638347623354395
0.639530171909972
1.52165436062574
0.997076390769279
1.29042362756165
1.52757945348911
1.17483405118648
0.94454550155121
1.26229198522943
1.56140075438045
1.9941633788614
0.972060815816478
0.71600610542623
0.548252993461206
1.05333240369892
1.2540826004285
0.808303704919073
0.533451578379572
0.728993167843418
0.443618466901121
0.402816523252908
1.02152818169548
1.7372180460741
1.18918253176973
0.793239116623064
0.759847233543458
0.679381821258043
0.868871000137248
1.53726203072311
1.79000320696072
2.90224994942017
3.76243535623356
1.18198916002198
1.10513390838726
0.898857740886915
0.834654526791894
0.805415008441491
3.31287924700792
2.68145437497961
0.827252265607822
0.797540443874139
0.695660567121291
0.586633477812468
0.512154341537458
0.926857021705193
0.500799798470546
0.914357244203643
0.901909236498915
0.805084538189552
0.536872195664416
0.362816204088423
0.592104136308309
0.509520589623326
0.423826647452909
0.585346624225003
0.515138609945138
0.96665344261221
0.428511005103482
0.422038539361065
0.471922736803982
0.91687008370285
1.46163376938053
2.35660248706011
2.63283051851853
3.04794041774699
1.95325811315683
1.0114075162516
1.62322204134654
1.76438924519257
1.41213645808365
1.00157574898654
0.773967118312508
0.589251962450844
2.80000112470494
3.57745384879511
0.60868831858586
0.144777804257205
0.781460692994935
0.958544180160114
0.653693906585315
1.30840848408772
2.4374739337981
1.68060627097652
1.76509969781939
2.28650347074862
6.03505023751276
3.46415833417304
1.44166248015214
0.79741536708649
0.574284179429633
0.283855535789709
0.359501637331158
0.854070591382367
0.787563457471125
1.14867940821422
1.33920938889198
1.0589745120124
0.847697523775868
0.529609750850398
1.38500893042872
1.4407056426706
3.18861910094644
4.66862470825156
2.11933358150799
8.52487385564985
3.06383882862243
3.05437697201899
2.90795717246191
1.05124909103227
2.21613822833271
1.82307589022181
0.926864036722998
0.416129583990699
0.672844339567136
0.633085228442164
0.724784752415012
0.628883237128188
0.777733563925931
0.895783909459476
0.498930448616368
0.913406058230485
0.925812395290359
0.869890867417395
0.889665451357573
0.45413605552494
0.585920160442624
0.685219065588087
0.869076633008456
1.07578257687396
3.07770910450818
2.15352483594843
0.746657598358857
1.19363512479962
0.846632797892494
0.696875602983155
2.14361145733624
2.13244012809036
1.05510123061485
1.08264907553378
0.745633002386082
0.380026885930596
1.10499475730349
3.6557850326276
1.83256123229058
0.435046922424843
2.19189834697206
7.86295932952811
5.17360652992206
0.950162103391937
0.669400442429297
0.891666377065431
0.621287530097728
1.49917780690414
1.19996412244917
2.61990435170674
3.62990177908604
1.22136648520596
1.46117489583845
3.85112454987159
2.89061577923094
4.25441393243114
3.59486437083942
2.02246616008256
1.50809448701127
0.863472904795548
1.42014598147979
2.71940742710372
2.45392000010108
2.89460100826538
2.24562353928001
4.37732359336634
0.844762089509299
1.07154154244127
0.973381529578916
1.42288644912203
1.17120098661229
0.495587887733235
0.892916175404268
1.26744654516724
2.09629773061172
0.813327604409902
0.494028498352337
0.418725009170867
3.25726467479501
3.7766232624833
2.58253641282087
0.499003287979285
0.756687349737333
1.98496419619732
1.88894101261812
0.527032227161053
1.45765692018022
1.99154356305485
1.18298308163987
1.88230519448289
2.10328705430876
2.65886482201488
2.77675911938668
1.15448346360773
1.14816952177612
1.28779874791188
1.99466870370798
1.57620143625694
0.555621438242216
0.661723333944352
1.41705841815127
1.04113085208163
1.46468643235228
1.72904744402818
0.705539195708257
0.830599036215167
0.48776200809498
1.01200014749869
1.42750819948849
3.48211339096941
3.82666455404961
0.986368203911523
0.816622789728138
1.81289491572086
0.532313784422496
0.424565651391678
1.07458163587147
1.22795486211863
1.09051602098591
1.47839636089052
1.55918000915427
1.3037918686397
1.14381290497548
0.547212467263593
0.53811737394296
0.515563966451903
1.2794794650403
3.2395769437
3.79875331445273
1.49689089907601
2.49565854202218
1.67516403848046
1.73124444258466
0.816984434547292
0.944157298145342
1.08252572213989
2.38051756583857
2.51406904066316
1.07186148639142
0.760299784097037
0.697577057140365
0.681839778862202
1.82272690296445
2.07623511769494
1.58764506051806
3.14103593657373
2.13249024315921
2.56173542440649
5.24074628351945
4.12679838682624
0.43539292400837
0.653227303251217
2.6831928145689
2.53091957799635
0.950135411789455
0.971709222283596
0.845852354091997
1.91600954327734
0.542203323798632
1.09513191564856
0.958753172628214
5.11167916076598
14.5435480630886
7.61479571058908
3.64645112489411
1.05920547039635
0.779990925117865
1.04175118457435
0.439261274944039
1.14316441711766
2.48874291377751
1.0913078892105
1.60862127401612
3.27134100167309
7.27644733688019
2.47229616951857
3.56751720361893
3.37731469568776
5.6832727916231
4.66431635386458
1.42846339639423
1.99792147888552
3.6450979138861
6.86690526491718
3.35699633592534
1.67381448871081
0.968079245102214
0.642220183976627
1.54061843944704
2.00501221695381
1.808697949319
6.00518454022386
5.02394583138051
1.81042798241194
2.83847253242401
3.3103197655679
2.15795929061209
2.55667590635846
2.06450775340392
1.13777894601635
3.22878042423398
7.05241714289841
6.60733903327385
1.0776293319795
0.496513308782723
0.692235908222751
0.876701093628205
2.13822411110663
3.4410091385694
2.71132721661583
0.496796739057344
0.56830060810796
0.845791997172108
0.868948280797016
1.54341740449576
0.84286639414043
1.44599624979539
1.04731245642886
0.719126617069656
1.22063161427109
2.89418923692707
3.6805933765276
2.38216974871611
1.607505343041
1.3032147612527
1.27109459573733
0.633945649650832
0.788264939498816
0.665124111289828
0.809778233796292
0.518431556661537
0.345327831401244
0.543592838555895
0.782394217578693
0.540199247819275
0.526369237285348
0.758678865132857
1.2603547223359
1.27258471933509
0.955246736543235
1.41078215585974
1.45145508457907
0.81719314160973
0.730322143678876
0.655639923002855
0.53454591553538
1.77729803687374
1.23453789691503
0.952789605607617
2.38590748900302
1.89546558482976
0.808692079159767
1.13048850888314
1.29090788531228
2.83788346084311
2.02020897518679
0.682709770819754
1.43968058656756
2.24096715817502
0.742849466098765
3.66234593280954
1.85107585539515
0.768956756250087
1.46775598315307
0.237707246493957
1.3163504939107
0.876335202824944
0.271663353481493
1.45747358680755
3.94450723662462
1.50737598918841
6.22389281183764
5.5361689375962
1.02506476169524
0.77656836036259
1.11323497716319
0.752850843358114
0.623984934915897
1.02144539704341
0.948694437331629
0.840548994933712
2.78416783959998
3.02732496416959
1.21498881316851
2.41913580706787
9.39067899491459
8.11310170918059
1.10352798806368
0.907184123783485
1.0141500724083
2.84815610518522
3.13089030479666
1.68713994690584
9.86995240594402
4.43218286265855
3.8374013964566
11.8409196398525
7.04892874460219
1.82347651039247
0.899352532320968
0.831498415991404
0.309879076870485
0.798609140991762
3.63354424167027
1.96676171975007
3.443452675415
3.19309237308122
1.22047575667692
3.98937820930983
4.68444624732034
1.38331359167077
0.915024328516694
1.80551298041104
0.936645086469406
0.465187341209459
0.47169533284239
0.6170647175961
0.884431046886804
0.694514183181523
0.837531326379039
1.74533827574307
1.42791740482374
2.95679099243524
3.49722415221563
0.421387186562364
1.99275494590617
2.84676068713596
1.95198626291622
1.19429086907127
2.6644828127406
0.486228092696164
0.72002127874035
0.595081546187553
0.36975334727076
0.463965051974303
0.693217100563204
1.80420807927946
1.88474141887369
1.48580580685252
1.95679858647097
1.32242194007401
1.03574532155524
0.603887990975466
0.533195154109533
0.908672071884785
4.12046228269672
3.47539545731177
1.53416717574785
1.70612007776322
0.968697895289306
1.83335585302886
0.783682670292388
4.42664929036651
6.66759560438638
2.2053819630449
2.76222876954019
2.18745076976425
4.35040517265697
8.3234476408199
2.94597395138525
2.46548697811656
0.611079998296198
2.68113128005177
8.46340274318011
5.65099234417374
12.427599040866
4.8292318672286
1.0937224255377
1.50670030300073
1.81430798436197
0.960952280738237
1.27260112785521
0.486603498131826
0.751796401925826
0.976115118983207
1.24461606201243
2.04126646080667
1.63497847418218
1.044063023263
0.387620807045854
0.578183522568062
0.854829867078397
0.971149430532353
2.38048696274179
2.78945854103547
0.930021747153406
1.13654389270605
1.12025785546452
1.31727259763333
2.37012821484772
2.20413459456334
1.37493666111306
0.991639288848079
0.97101927925237
0.740487510602953
1.21574019130689
2.66945734292615
1.55316847397196
1.40964441421545
1.03435596894418
0.766609808595604
2.70958876425212
3.70904145974658
1.57510363103859
0.932848749786771
0.859866247828215
1.38706359230373
1.73347849084445
1.85042893694152
2.17642378494781
4.62957835447717
7.44582864929201
2.88182599428262
3.05345766564953
1.13245761266177
2.63068630410102
1.69518010045812
0.874595175853194
1.41370276223357
2.53721777393717
5.44007565850978
6.82941066068197
8.4590273298346
5.30781361629733
4.90908975857408
2.34629848137721
3.16571956752252
11.003098790001
3.26919947878556
2.16033629899308
3.39268935123517
12.9436594480515
7.22666384258634
2.59225156802561
6.30603321683809
6.66887548385133
4.41460955862501
2.60867528326017
8.69228968717628
11.462559421781
9.64368801552597
1.52550108032663
1.19461995749005
1.44004171240931
0.625166247762089
0.355434190633622
0.266592668636972
2.06410334164788
3.60481926879045
1.957772872528
1.03980247076616
0.363465068229672
0.618648349072139
1.01373252848575
1.70684034720528
1.50777738330271
1.71700696367205
1.3834211264213
1.55158900601827
2.69403327331582
0.959513072618823
1.10434425982714
0.767923795293023
0.884767037474318
0.916120144643432
0.481712402817325
0.152035925145002
0.587819923125749
1.08131822459565
1.0517417502321
0.386680992100109
0.87638005188687
2.33112027492602
2.00842329826454
1.47984606645314
2.01403515126022
0.595826447597492
1.03325634229448
1.98294898026421
2.2032848920297
4.43691689439915
2.66096596923208
2.53856872058892
1.26641151581403
0.950748412504638
1.10157175811577
0.867373541792283
0.540673320481151
0.2904492848626
1.22591702128963
0.876394703415067
0.394866077783387
0.451374555148588
0.509615023423463
0.782299756813603
0.95841759546165
0.769111257860527
1.17925158017516
2.05978205830894
5.43201324473229
1.25268672454296
0.375505693515008
0.815916214323895
0.718794582388959
0.941918067785793
1.61556521374093
0.887683859403662
8.69323424545571
11.6752005247371
4.42521405554894
3.01129385750286
1.15125452750539
0.865574778211439
1.55657363919018
0.450151704464588
3.03765890544727
6.9378955373128
8.29133676502896
5.94775106247632
2.09827475379972
1.93179647510886
4.06248262695903
2.50775548717701
16.5715582710103
15.7817264873222
5.04396380987781
1.54940612968153
0.158252263567503
0.188170094861111
1.11046988598291
0.922221701661631
0.372942901996985
1.02484937532831
1.03584931599644
0.487558340295867
0.300354776150001
0.487610918408652
0.671090203884329
1.19745002910392
1.54326538546414
2.10925420722275
0.880734198345684
0.974755857060828
0.659551137782047
1.23821609765496
2.9575174812685
5.46688260658027
1.37835406882649
0.378419126807394
0.884622327411714
1.04391222026263
1.25656499558286
1.06862198893529
0.788828426669544
0.77922671391657
0.812407165428846
0.355270103988275
1.55302658393943
1.97196555215454
0.757124213517909
1.20229611891446
1.46838628889695
2.05163937689642
1.19888335032945
0.447438451898467
0.581313474638286
1.27944337344435
1.46465584852597
1.527562665392
1.33085542971574
0.510311582816938
0.515435826205236
0.705325316737944
0.75172076492712
1.81181586045991
2.66469840960486
3.01818770383961
1.7953164838433
3.2402138643916
2.40424767835216
0.707357266924634
1.68478703216908
0.930898597883592
0.276279280048672
0.554623672490616
0.743570722536969
1.51718547464992
1.43313950359183
0.177393562605967
0.719317393608678
1.41116429225576
1.97479440198138
0.658967380692335
0.374683144769157
0.464197214359354
0.896365423370845
4.75395605181755
2.98788118134106
6.99986801267995
3.68065490447009
2.56414755955646
7.11457927139756
13.5882876574636
8.02084344849683
2.71444284354392
1.46559313901561
0.877333606349991
3.54715331907695
10.9978871326305
6.2954054674402
0.725320851683938
1.51789667010508
3.27020617793099
3.61013110576361
8.59770678709663
4.95853872717931
0.652954293469701
0.7574146998113
1.07517977283971
0.603632021089157
4.64750591753103
7.39134799399607
1.76736597638482
2.21823619950354
2.56197342024087
2.22212719769583
0.732222664121628
1.57120412166267
1.18778824140712
0.631263776442603
0.477922132887679
1.14760702141873
1.0731991849806
0.810031777987669
0.504206682573746
0.262452371238393
0.393474208544551
0.91916461411094
2.38268963789318
2.91088645808508
0.663069679016352
0.303701484211204
0.22370096998708
0.421236141129996
0.315137005954463
0.28288959280125
0.820424010302295
1.0649959520666
0.961037568017094
1.51238149127977
1.55122772650276
0.746718867475022
0.674399880126351
0.190130947175424
1.04336795358724
0.786633048686608
1.1616250371035
0.785676017060834
0.33764642937285
0.221370420892504
0.237785296886745
0.315822257107241
0.273096626745189
0.183452785398455
0.247001063967198
0.207685226083706
0.335411927901811
0.419039677051205
0.241333943389315
0.329931520645006
0.277385500538156
0.282783020847776
0.185924288187404
0.297381123692318
0.515236047560801
0.479871252242036
0.379567464409464
0.348678347309267
0.175383108481998
0.603855531096092
0.538880966182225
0.317206741590474
0.2679879664307
0.32774153210308
0.231741838947793
0.531368755775504
0.987972409947971
0.304163302705757
0.203726439416644
0.222961528236078
0.292909847545419
0.326771982763547
0.490411212132758
0.419354888049309
0.545711436355724
0.568075975879227
2.03960560794322
3.71266338787248
4.32030546185553
1.09379598618187
0.866376473583569
0.830937600316416
0.751542863964961
0.516018861009245
0.392836905987244
0.848177448889097
1.1829351121737
1.48424420914771
1.16065603686872
0.936001590086454
0.983318386477747
0.76669364514371
0.22315171020508
0.318319292508253
0.593473795764998
0.640679308425577
0.294091953584911
1.00746573356091
0.700400057120758
0.619552326639148
1.24689714262451
3.22610465121626
1.60909909832156
0.599098764045493
0.396731266757981
0.261812880015985
0.192273754600577
0.255448479702045
0.221414335213761
0.17848164274176
0.208077191448423
0.248112778638594
0.317997743819083
0.413621775921145
0.325035250963743
0.149390530629995
0.183004021720052
0.185314671467575
0.183372993110535
1.38422640189389
1.65492100224215
0.679396152619069
0.377825693101351
1.05310778864182
1.89576598446582
1.78144790181134
1.40483431863663
0.532084225236327
0.372901039259871
0.471048860423456
0.538927668699029
0.621697883677887
0.382087790238758
0.327799821840486
0.280505752280002
0.353383420643524
0.270376886949186
0.412716095831082
0.355898808403109
0.226572564253256
0.186636698677875
0.239559661263827
0.366430006524725
0.756653997697191
1.1478982773019
1.9480884625896
1.6070957672737
0.417334826468972
0.162377699049443
0.447305366021857
0.356845409839208
0.118613812128577
0.146565822697235
0.532544516289909
0.608968537273482
0.541064366476804
0.285485221005771
0.187499044526001
0.646781954174967
1.47450450446643
1.06532521936749
0.711725681232359
0.6828708615473
0.827129310075263
1.79147308387785
1.82151471980192
0.526824844568426
0.333974751682352
0.904089264186453
0.885573624299225
5.2583284162051
3.64426314069957
2.79837980223353
2.01851522160198
0.782250253224937
0.590197549843819
0.485140946345892
0.647282962289299
0.487421465815043
0.344014531873587
0.511574258905517
0.370716536181433
0.22412966825482
0.37399685672611
0.384182582681828
0.451929868421592
0.386234833150538
0.610958393167232
3.02281645652891
4.91155299642866
3.10820769246052
0.633125523843351
1.24061283574818
1.16749387725004
0.727404803428251
0.803979747451415
0.926652252226317
0.961005186527986
0.875200754511369
1.25935930180834
0.483947730398193
0.737479221186672
0.546835977382871
0.249761558822734
0.540908839433683
1.20147788532933
0.672497894898516
0.315719651386497
0.276626139255173
0.256517974938649
0.929686366062104
7.84259310594076
3.89537513416308
0.490647209696285
0.319000587986839
0.2980611001016
0.176482453495749
0.317668618198118
0.422133222783481
0.217927284533585
0.72688231236479
3.70335426419272
2.76378730541069
0.453054213749469
0.314587621901701
0.763259991852942
0.641337447626971
0.263103364128223
0.387108188957891
0.303381169728551
0.237565657480544
1.41797416572199
2.90161829308681
2.38626915946963
2.01096605702612
1.62858770438836
1.58421065018227
0.848565476262727
0.733663994608746
1.02706143041384
0.512923961331041
1.17956062165671
2.197263961705
0.362036111856908
0.235161666420018
0.215682862367292
0.896342108638319
2.2399708562685
7.06727959498789
1.21835792549024
0.495703293814685
0.632110970646381
0.410996244127254
2.4734474785481
0.860218455426274
0.654083155877976
0.324834887136257
0.420105626038851
0.297587411325252
0.25942449135637
0.52130822721017
0.700859445899812
0.284200226600143
0.180983433809219
0.187813862832991
0.229067080620947
0.391082825579412
0.638290089811168
1.41675090338594
1.16174554693425
0.901533306473705
0.363128836489526
0.325712862783972
0.448665119339845
0.480035627747206
0.500966672987202
0.81877430317065
1.14664820131175
0.723710852025485
0.188628118660134
0.671097965418969
1.80935748690841
0.832718977496626
1.51272352548647
2.00235523357867
0.56941638769739
0.405618608629772
0.944232082297985
0.844676977263398
0.943675198292899
0.989307536597108
0.634028502319032
0.527977481191723
0.520625092306872
0.354042952930914
0.173717079471724
0.244403017660273
0.27364834184732
0.191785013086491
0.0624292365868528
0.0886511346439964
0.147295147209652
0.309508028436149
1.143087069364
1.43107311827092
0.476863316899284
0.25557328162717
0.152210281217843
0.213555262881894
0.124758914026207
0.127333177513497
0.135333470470021
0.279796118752619
0.43261133334392
0.351614519596381
0.302505944392949
0.258388600475556
0.382722259811957
0.455841762644598
0.39277389864891
0.341479434104208
0.184942620468987
0.197738752825951
0.153388090935044
0.19243062290286
0.327043851473271
0.319534359706324
0.241315723136825
0.601338710158037
0.589642329803559
0.17357571240549
0.151096562100656
0.269082449124601
0.38210449167519
0.595717620179556
0.277798539574601
0.154974906278432
0.3037801785509
0.595164056840497
0.573621382720621
0.25520583260127
0.232363934680493
0.298124877618063
0.694266424563703
1.45273795038153
0.290177713995191
0.129316721054039
0.156086210597116
0.251673538505342
0.285800115841027
0.308292640356049
0.409957764671673
0.404567687889054
0.163195473940509
0.402829388749309
0.983096133017592
1.08219452153107
0.674590392811303
0.502778887057434
0.606672859385485
0.499001506673903
0.302728085326649
0.14179344974049
0.0499776307005447
0.285068809257085
0.541110208052725
0.443007778994666
0.304062587532736
0.243348382903923
0.433347297009027
0.40710688786889
0.363198715542344
0.635959919332805
0.32679434667187
0.19303322876598
0.217009787839373
0.195603627792821
0.345274564630871
1.02264982172685
0.657144116103807
0.421558150606322
0.505773272026416
0.462442627161012
0.409917739707073
0.165058435788629
0.27299898386306
0.550852478885697
0.817305962861887
0.531823688428596
0.27291298144981
0.249801922572435
0.292711117371268
0.508074658580092
0.341466999461099
0.172421751964806
0.371401453326877
0.304245868713502
0.297951357565498
0.465180954171736
0.601381466731777
0.625321956916115
0.664323344126395
0.862743366455484
0.51236635176535
0.313092718420011
0.839979357382954
0.454766238632528
0.313254405912029
0.121756124391874
0.207827244894166
0.334234093425016
0.355739533567525
0.264123934056034
0.383522711515487
1.3967079917469
1.06356362247377
0.283488497552676
0.117828356410951
0.224836915257942
0.163473518716651
0.167185176092933
0.167859941311879
0.303616885337408
0.199387170682201
0.293857013267302
0.31398719306642
0.255189510649115
0.0558016027431974
0.0924913386643793
0.107078914517084
0.336513799410343
0.264723052502717
0.161348523990108
0.217057700546892
0.388800778514376
0.294456440980282
0.22024566145443
0.813480534063005
1.13490868804856
0.558864626153569
0.259285343341374
0.211850247100159
0.117075332019702
0.0833123449254558
0.185207314605796
0.326938252145073
0.213004749539728
0.250301185609535
0.232760832930096
0.408758088423796
0.431424207051975
0.330269578567543
0.245722890137455
0.251800074021285
0.354887504649014
0.34015900364301
0.252699425996811
0.15202184363765
0.536070087285574
0.751135420042526
0.184171394427706
0.284959538848773
0.1830302554229
0.447315049981906
0.32225800528039
0.150401259676504
0.433418890578847
0.275709648752495
0.236506702853736
0.164885934636517
0.323610057114182
0.268566724727568
0.0668939408029622
0.118403156339267
0.409748281347744
0.323234532493197
0.10663802235637
0.105298285918858
0.228218384291957
0.200579171262941
0.129036535325831
0.153417631512061
0.241895358359096
0.292624218122054
0.140172456356766
0.37319166759387
0.42485947622468
0.426919818908742
0.357984227298838
