0.0804968230389814
0.148123620428783
0.180960614395279
0.145768633168422
0.14799176896435
0.208067833612676
0.33860260096517
0.343021156214072
0.183798799688956
0.158391493189084
0.15835166370975
0.0990741451002574
0.121086921708323
0.0950067879883777
0.301377555044423
0.235692851529692
0.178329543010071
0.134496516056745
0.132019110219034
0.143694327778748
0.243862799161498
0.240760074824474
0.225855418082545
0.177268089103083
0.238377321737676
0.217452536819215
0.265483534777617
0.136076903553827
0.0946606396019064
0.112735552837198
0.158636130015951
0.211557939090203
0.295443860856908
0.483745165259414
0.365343079572285
0.277467323361004
0.194708209782079
0.127097498808292
0.102850284060137
0.14306873979465
0.195715567543811
0.257404295368538
0.224351477043253
0.16835031981555
0.108700872597386
0.10709335922262
0.11612634773749
0.147579474136243
0.14651530693431
0.270895343063286
0.213579935660557
0.257496938634789
0.203514729248372
0.147070408851324
0.168241480281985
0.193530634801336
0.207049301706158
0.133850883749585
0.158883079508993
0.205573451298907
0.284539830424691
0.498746477806191
0.538305142078578
0.223247256960633
0.180888356766181
0.105167422855794
0.136707394087731
0.144644954347157
0.120272802972443
0.133966729683127
0.304393805339583
0.259784917693017
0.185464030908461
0.210594298593257
0.280619817189653
0.157091788584814
0.131961357303553
0.148610562749706
0.154863287413454
0.112080764732313
0.102118005003127
0.13384149849609
0.142091399846688
0.177031623590139
0.136631226028665
0.0953068319154653
0.0950556268301661
0.169801502445487
0.210640405393384
0.127747280561621
0.142165266388144
0.197580892959613
0.18054230718115
0.189697728526968
0.269814702525331
0.202522944741033
0.175769334246587
0.11569371040618
0.113250840073847
0.127834990282932
0.141795827925322
0.134273145747834
0.156733095387461
0.16246104867245
0.172199447534621
0.180175138048917
0.21410089452
0.193086232677142
0.259155867084523
0.233107694043007
0.164006772798677
0.140180432130319
0.114499762636041
0.14193607795537
0.0810902463067907
0.118179750366144
0.0981414579990148
0.101949949634895
0.158426322219859
0.167637812593778
0.237363962135735
0.309714456999678
0.192173821928495
0.136411788058056
0.161237909813151
0.119181972650714
0.157849249811671
0.384165328858435
0.22453606974146
0.123206001685534
0.0876622365506218
0.139063690256754
0.175214786200781
0.205722145585478
0.197019876059497
0.256991984137821
0.200122005734263
0.144455787166339
0.193312153122729
0.252886188874775
0.263640614899794
0.235956007002524
0.183339848491381
0.182410597703927
0.202621473477014
0.134874518107244
0.201996263017888
0.197175606054275
0.704823919264976
0.563927000528763
0.17898864147006
0.121932764299608
0.154384325720753
0.186267815871222
0.567592531972367
0.727362043835351
0.413338645671246
0.204282834500141
0.116745744589678
0.144171899920789
0.155549259561844
0.179886795264937
0.148312042066969
0.171250370610586
0.157105064784218
0.106436750942289
0.109773178963144
0.178523950542791
0.165528455781737
0.15745482729982
0.156722980981827
0.131999754625307
0.147236894182804
0.140783163537704
0.112083106328611
0.22821754718553
0.270716302309643
0.175681567268318
0.148148472466263
0.078824703270926
0.0741033142804558
0.11029905935986
0.196700517548868
0.195557145806595
0.167198950182477
0.119776739255324
0.129574470288165
0.157093652206465
0.227091218976648
0.164920925792257
0.143415777514614
0.146195665202652
0.164157284088074
0.209093504618926
0.148218023879594
0.215965691843038
0.228433247405756
0.155197719676717
0.120293259643042
0.127733753423993
0.176033384489543
0.204940152089882
0.162951730409312
0.101737711604524
0.145430609142232
0.12958530453951
0.100641573268678
0.150293061180084
0.187800788821152
0.205866382793158
0.148650589835434
0.0809264147096329
0.225480519750525
0.3206280754515
0.217958465480796
0.227952671204673
0.146186267410428
0.128823689557165
0.0912952646343604
0.0936758645335598
0.131147613081392
0.148102871813282
0.211031127603374
0.157066821947321
0.120101993530354
0.248746655485069
0.225157477271721
0.232263064839339
0.158233013566412
0.177253874156667
0.174231969763484
0.185388554390306
0.161925859518711
0.138141684425886
0.144330237077215
0.113610372875446
0.136784520004787
0.113516536655616
0.131992649231631
0.123199140576743
0.187214414426636
0.161461685368248
0.516082264392669
0.221488433152069
0.167136985457674
0.167564377113023
0.165770680763931
0.110996740859571
0.148746974529488
0.180466797288863
0.12272200275379
0.0927447203134743
0.096215747012584
0.142693900204384
0.13367306658065
0.0941646861422467
0.101371688614999
0.107925531521332
0.13733511844527
0.101454007218375
0.107127442221123
0.116943324417785
0.155948064077886
0.116872266055784
0.121225696334702
0.171574006295249
0.122027747148862
0.118071489378421
0.199872474429751
0.250515033235953
0.162841233161573
0.132221810635326
0.114362260888598
0.0910110210513811
0.216771314992486
0.262763010065785
0.237314715541954
0.301321291230018
0.218338371187745
0.318134646517294
0.274986766908164
0.126399637349895
0.0884576384576672
0.149126664836647
0.184220885643782
0.148381419951123
0.104190621887648
0.129465695889697
0.164522455339292
0.113905592040456
0.108592739466392
0.126570286136855
0.148975162713878
0.174014616609655
0.195858949246905
0.221040972578852
0.15853251373615
0.182552677377977
0.323969529364216
0.219128197790104
0.326995352275708
0.202705972678422
0.0976363316813359
0.112684146821616
0.130532248987919
0.133369137823713
0.123201412638534
0.109121525431942
0.128512906905631
0.0999048576336336
0.139931328616306
0.130083297429601
0.138019845918664
0.291375045919619
0.291557735656022
0.172408672256423
0.193412217803976
0.164321672833636
0.130107627166033
0.112721486862141
0.141365304585471
0.236348030079065
0.133735505000047
0.138052970793663
0.196757177530402
0.258235021760546
0.184479590293662
0.122777038141441
0.121913118371538
0.181892217633981
0.192757432451366
0.209135092675765
0.129439002441714
0.0993562975176554
0.193056914208951
0.238520337371683
0.149171820094901
0.0996704196475944
0.123943706830347
0.201210851812246
0.225077205170438
0.142282004417958
0.167118185714444
0.223182426082393
0.270281940136785
0.163392705915236
0.180201533899657
0.20046076308243
0.146937214166672
0.22392439359202
0.230074830064045
0.153385573586343
0.181032558308483
0.201481894513835
0.265108818915383
0.245057158077859
0.163772099360442
0.17324778990885
0.119378748911604
0.13002696302611
0.135120556998982
0.21511431804701
0.159031485300455
0.100263691857361
0.127726909870304
0.152125544940446
0.177320742084223
0.20041052948582
0.133277174629289
0.145663127396865
0.166691962113059
0.248326260351167
0.237647701082895
0.290165324900898
0.333578228714184
0.138055015194285
0.110915112382203
0.100135750818251
0.149073083981099
0.159555177862137
0.126396023617881
0.216016260609637
0.190748147882418
0.116374080939577
0.0757798775026248
0.133523706156005
0.214228536409107
0.155804705161533
0.175588524852993
0.190386917577838
0.200993514016039
0.174766986317109
0.176151769232273
0.208826769372089
0.267410153578451
0.271109090938752
0.251334998136323
0.164460926820855
0.14887786559257
0.145169698293669
0.18435969994514
0.160613373425803
0.145952143303316
0.127418156313194
0.123286427212816
0.19487532611613
0.219365397217593
0.110461766783966
0.112997241128156
0.129073019131176
0.263763579946969
0.278480970480929
0.148096750599618
0.165559020846513
0.156016099252389
0.140637252476253
0.181548492144776
0.241143007400572
0.199165079777406
0.475961158338188
0.625903332603804
0.126915413848347
0.174751019735294
0.0986778695761602
0.115804304043057
0.133161236552867
0.139964016382665
0.178372355502501
0.143925650347568
0.0981407552455908
0.102252233726684
0.101860630246814
0.118509453358162
0.211776938265984
0.136404373232101
0.112331035072678
0.126789096760522
0.138045967148468
0.112250184984202
0.112706967424761
0.140967188772563
0.123640585163571
0.12161271685596
0.13484171316353
0.14607990339339
0.160824513850973
0.103552677890935
0.136759888220785
0.0784330272244275
0.125860783978721
0.188599155761939
0.114262191862843
0.115604801064248
0.133181598588737
0.15859214312267
0.203739145689473
0.180082503291486
0.272610298794177
0.200530444615552
0.190790282785688
0.136269111422533
0.220147027848667
0.25914759859071
0.210093270384962
0.216820791231148
0.151420300124459
0.212648999541159
0.215426756298216
0.141378949763188
0.107772238535444
0.181784826426222
0.138773126304146
0.178123896900155
0.20996474208417
0.282574353752381
0.137331257327475
0.155616135567376
0.143966575600478
0.132996525542902
0.17032940714238
0.134316472803721
0.0800778791479792
0.133100308792849
0.113354174941773
0.118067148384403
0.153039516937762
0.162105999183116
0.311023600774398
0.398243321184545
0.164550403594153
0.131804025012188
0.106035386599319
0.117417818982021
0.181320648040438
0.142789989634533
0.111799273376478
0.0846282512099621
0.0870717373121968
0.0984559845272227
0.256504065256693
0.238200901020918
0.104116026532218
0.0765126401053378
0.0833005725712884
0.138395612144885
0.249325372220167
0.253646353947641
0.303360998201376
0.360628880188741
0.193421936937541
0.171207231858732
0.197080500728001
0.211168516162783
0.209552812244858
0.191036428519573
0.107037685765253
0.137579439692868
0.116621313051962
0.0945269137325618
0.0877702151299956
0.112633275702471
0.129376310864007
0.155169379583384
0.129408284110772
0.102491882583727
0.171593561467304
0.178056127228972
0.149158143668591
0.178006126368192
0.151453893758656
0.189988525724145
0.117514051407717
0.128513478332138
0.187666305938283
0.153922933971109
0.212187676297075
0.240168259843209
0.351761065557964
0.416010433245115
0.368383645789245
0.139668348471753
0.0737239396095615
0.108365628370813
0.158661025438684
0.154755049117556
0.191648328455645
0.170892404084218
0.130261879950327
0.0988076347739412
0.0847692280721664
0.0839814435103518
0.0474277953324146
0.105406066138155
0.137529372833798
0.191857412094794
0.1726847026164
0.167407830778827
0.211009603760426
0.210696584599729
0.165217203843458
0.22408258036859
0.167852581934559
0.136590056621435
0.147513934528609
0.11572809197055
0.139830317018106
0.150325392576723
0.190524239121416
0.221021902902436
0.137905704472149
0.196330963904867
0.18302127587762
0.183418912163629
0.266540747039392
0.217336039511107
0.165871027337873
0.260842719314542
0.213162228862546
0.200755931502952
0.245895761924897
0.200711120437935
0.195619850499385
0.16125858005965
0.136677314437664
0.417395935458735
0.58041860021691
0.201228171864498
0.125482548013877
0.113977291775768
0.118927018001116
0.234192694301724
0.187885514900875
0.175540626242919
0.211729537843261
0.165811056645599
0.187130745172752
0.26356710106809
0.220162976963326
0.15240282315205
0.210993201558549
0.170370629373711
0.130741562006445
0.0948290606686643
0.102385177028423
0.0955630265381952
0.094716510393491
0.133514985395677
0.145637139740432
0.136008725757452
0.152606389530747
0.149475562448721
0.106468138636528
0.112590411054564
0.163007178446522
0.240505647158322
0.292507606426864
0.332361841063773
0.355564294191433
0.206338808587875
0.16693854142539
0.245791682556701
0.153296924054639
0.107521121157423
0.238096955426106
0.222923660435681
0.158043184436118
0.151190731884797
0.186909894528511
0.0941527472044196
0.143124469415762
0.163945730881165
0.126759998486651
0.184558224446123
0.179035455983089
0.158237337583168
0.103060044189266
0.130706776534838
0.171570687277704
0.234746966617573
0.241745913187736
0.0898786770390146
0.0971522346932151
0.0874560520902496
0.121245395450354
0.101277537079836
0.17952147012528
0.0952883255589467
0.162358424205678
0.287182271784609
0.241371931784059
0.168213507669795
0.23131318073915
0.376980904656256
0.282294893759415
0.125804891329702
0.11041274644838
0.0806733426320251
0.158216037851518
0.225405263517385
0.17006174303663
0.127158087028482
