0.344790944717811
0.265459842801026
0.15588170567175
0.17631176304985
0.328192357973972
0.3079564529925
0.393721419658563
0.91673609545595
0.782657444087857
0.678178687933456
0.546098871100738
0.475290385807897
0.730196607115567
0.34709958569048
0.221572633443486
0.143962931354543
0.358562923429232
0.180236219446265
0.07951928033783
0.242250922543615
0.511010441920015
1.82315283001257
2.26132982352552
0.9742579606691
0.390122906992192
0.261592336768226
0.198886044740721
0.139708889927191
0.144033706019127
0.201425417614
0.120166625681919
0.178179995527501
0.559788999665343
0.635892595594618
0.674575218238296
0.667578857384976
0.616502917958552
0.566204538108747
0.629482575109468
0.316936631767196
0.406944910883752
0.539753594560398
0.699518990027637
0.689083290425535
0.492353496750174
0.698588676582716
0.643719301914782
0.316311417250731
0.348540801778601
1.1834204980634
1.05591041723294
0.320742813734332
0.878870982989622
0.857275984352836
0.304575677863725
0.564485267306195
0.56491630154446
0.187927970484847
0.107448935790546
0.0845749602199719
0.15182411419541
0.146234024189827
0.240914625506263
0.309615465506759
0.10792980581043
0.446219105634827
0.348606612730589
0.22993135654413
0.0703550042288014
0.0956564030548756
0.258911023225191
0.242840226280574
0.0820797106736459
0.149048996158506
0.16313153923526
0.193440186215953
0.861123627773277
0.39889751564596
0.0640842979648293
0.317619666540484
0.269794603777663
0.317622953250421
0.3839826181579
0.374920439604586
0.128501874440771
0.10680955260511
0.113692995816592
0.238608430624453
0.230077788621797
0.124155750915894
0.324100906753989
0.246070930665603
0.360193838541892
0.336205883829098
0.270065414601742
0.34345888765314
0.398983960841284
0.469808367579745
0.546141039247738
0.183588371169611
0.125533330773184
0.173852345482956
0.2745830618988
0.636210410999338
0.386854323907088
0.222777476140229
0.215964051385353
0.246637645074474
1.24643207991917
2.74530124025005
1.67307710187494
0.6739009456202
0.582956417694003
0.873460698139047
0.474446925749966
0.142781125601583
0.323747400535169
0.31302659971416
0.27228963146642
0.239020151086583
0.652345672884053
1.7681478697455
2.46883728925636
1.65097415393009
0.306880296600262
0.144248625934194
0.302422924431996
1.09854076569642
0.505216895403654
1.83615638668477
1.45404602721568
0.701490220752781
0.257624484734256
0.477502578168181
0.608448385979593
0.124503875635205
0.274035533436555
0.181086022865703
0.225830913268021
0.286710758648405
0.371125101218602
0.682634017501338
1.04210022577384
0.194945645597333
0.127781722418729
0.186679683972667
0.423532923440313
0.464299727008563
0.297271147651744
0.170274674306344
0.257120322655864
0.771732468995255
0.57873522703222
0.401179295450102
0.359087667690249
0.412697651529742
0.263174927241338
0.417652969997902
0.587835004498323
1.01957730501902
1.94698585732766
1.05638103042003
0.658872913767579
0.267812162483724
0.103896360639967
0.0834598486199389
0.528978391496041
0.708905312640197
0.467143254298406
0.713305196710301
0.578852244303353
0.28721128127588
0.421705160474737
0.8838374949425
0.852472452802423
0.771215175113059
2.37381763767189
2.13216845176612
0.672801740033172
1.79637148683967
0.326000639465626
0.202352957549856
0.0926056183052209
0.169241310009883
0.223288035752453
0.127032352245257
0.533709042336113
0.348509087328447
0.381223661263473
0.29159345439107
0.190670916189078
0.151785835771864
0.198621840050493
0.430728683447364
0.476446330946195
0.381315000280448
0.239725959367648
0.226068270438719
0.31111679093478
0.374851007060074
0.266348504430492
0.176300893974676
0.261690936527832
0.280390702470074
0.207900259937033
0.117737630769868
0.131717033148272
0.270891871706389
0.229812481806253
0.844100448211482
1.06537126639869
0.716971919540817
0.751512106738941
0.542060344302042
0.284597005532864
0.215153599641805
0.347183426161713
0.476509327956836
0.775880281198475
1.65239220596621
1.36774729129554
0.62926343775994
0.445871314429418
0.27581386798545
0.299630879296013
0.496299240106613
0.809158697371792
0.753664130331504
0.2664087101159
0.759874463322246
1.01492294660018
0.394109544948749
0.291251077444066
0.196124502119612
0.955608701804518
1.66524429078692
1.48522953419561
0.813484040948072
0.367503122669934
0.392311899171316
0.64094034710552
0.406215837239726
0.204115755056633
0.274337530380688
0.230597061318283
0.158836641920987
0.15687729712306
0.253238763869281
0.174825371373563
0.16378460789886
0.0865413115510296
0.218324470061154
0.36725067890516
0.0994795121512057
0.126320952370387
0.27477666749135
0.235426522247638
0.10137275483425
0.0658312727885881
0.0608579913264425
0.20587119181516
0.210553508751824
0.19871931613267
0.159829899526345
0.1161997148159
0.0844531781823307
0.175391072015075
0.268740363853531
0.234907910733427
0.331064813198557
0.312490530958411
0.0362807869139328
0.30892138041404
0.226141642340183
0.754264571102612
0.982789083821452
0.137820282215414
0.539364346238737
0.992614579479028
0.396280050535983
0.492153283166025
0.696734438497145
0.211569548865853
0.0475296883441832
0.593389734926115
0.362008072999624
0.0834159923389141
0.109058170114503
0.125588439986407
0.0501356973087244
0.210763716669684
0.315511071160128
0.247488163204388
0.777860452002357
1.1249881761876
0.526036816551238
0.215470767060958
0.386603897870994
0.407459792808972
0.446108300212332
0.428258571488692
0.363124304965608
0.275054516625535
0.250296387659202
0.419200824724342
0.327496336227696
0.147952910735648
1.24914042089096
1.71336305627104
1.348675625322
1.02273036133187
0.336734352915133
0.39738547573251
0.633992481223141
0.224909599775137
0.329457518914794
0.30063337148342
0.226872234971098
0.0794740712196904
0.136502823359745
0.218329015590234
0.435899391631936
0.294634487617754
0.190952399417522
0.150056514789507
0.21952077869389
0.598887448687015
0.819517819313523
0.509091790217983
0.284030283046948
0.280943306177078
1.07735866545883
1.09463430658963
1.40966914246557
1.46834132716209
1.66092450388951
0.938252644838632
0.692770307481184
0.506375877626783
0.118957741013532
0.148218477324961
0.0984198651737782
0.0946508799195436
0.168388808997463
0.243921683969734
0.189150838592651
0.0969953285519161
0.105515511082168
0.149867215042526
0.199053489031095
0.365416147834852
0.597939258100487
0.492225049124472
0.213077096659809
0.221375656718422
0.0713221847584022
0.13797366819443
0.138282959541537
0.110391634670103
0.0917748766532399
0.351590485211767
0.184426568016842
0.143776801421279
0.113901149687299
0.230889426215723
0.176829519283822
0.114141538331836
0.125730059534046
0.141894708175592
0.477151334880012
0.472504228214312
0.413882338501362
0.362821679323693
0.23467811670183
0.166382537715538
0.0985139482446134
0.066902756657869
0.122309578513726
0.201383822060462
0.32878729290802
0.307553320483401
0.105703912573044
0.140406117650197
0.443454694314088
0.299606762676947
0.20455192720823
0.163722369454373
0.38451566961109
0.388937408680573
0.451202807294419
0.159377621556999
0.158184669965216
0.152552277423538
0.584240103857547
1.47939122947988
0.0945566892356279
0.0493469310496119
0.118611264167552
0.241980742881504
0.101283959966118
0.174691552673592
0.059608617832613
0.0551324353359232
0.0550989315535717
0.086248253347359
0.263109416353241
0.342596901772327
0.196463608607323
0.195001942432312
0.365865006384055
0.206189235318349
0.0697469853685623
0.0572826834134246
0.324998100581789
0.667215743414058
0.157522425181355
0.123119340638783
0.118493333654272
0.237925549265496
0.23489345811306
0.258821490224877
0.325993342951723
0.345274418577115
0.31219871183464
0.0797662320918924
0.0865285418376987
0.302583888252424
0.29648478937599
0.144893497943611
0.101104301683199
0.225769021940505
0.185284499041654
0.103447628373067
0.15457217805342
0.46408400117958
0.349460398268826
0.119681166496866
0.125312458120312
0.18040109213044
0.18563552682572
0.166850080284269
0.341703536724962
0.278105867075453
0.175573846211933
0.405896803583436
1.65765285364798
0.524381973069149
0.222900495886402
0.458887263529615
0.380693557871197
0.160848616967983
0.166252596922248
0.21903257465911
0.463517341528461
0.362570077163125
0.450167950699048
0.990736042456418
0.668542775892596
0.299574102505297
0.793429142627928
1.04686667802197
0.315046399426468
0.254919411413857
0.770771118967791
0.723485346624391
0.42497003593829
1.45536961270722
2.52940311216457
2.09202151413624
0.52028350662114
0.149240347217969
0.207012896848664
0.384082362522697
0.533825162716173
1.49045203684741
1.17252090373377
0.0859284253366437
0.0938575280546377
0.129722121549484
0.319713807644359
0.384822144202321
0.39822634252968
0.205085377551236
0.196159120389295
0.174043762727693
0.105471378204509
0.116625446796973
0.616608165315709
0.626963470652843
0.545143510480195
0.398290300290886
0.312267475596534
0.236591704060605
0.255663687114687
0.274028636572922
0.314676991802147
0.457668085557188
0.192413646211511
0.056148719898896
0.274721125455212
0.545470178183579
0.551166694716334
0.842551069818622
0.753875964639914
0.450386604983436
0.246046230131035
0.242659091099849
0.303487961929436
0.336398914109711
0.144472309094392
0.142113280473782
0.250532173172157
0.111932737057566
0.128000727964441
0.234878838962386
0.588493092032503
0.778810897300616
0.521700137444295
0.214351608335724
0.183492320822501
0.245658719440144
0.210445442963684
0.444544392466125
0.395911048223202
0.334352457329122
0.128826986774979
0.159449945802315
0.250274615269655
0.182983219188508
0.110469533396129
0.278903057835873
0.72549942850978
0.423100122993067
0.169472087421312
0.307097127230927
0.284316403316389
0.283718565788676
0.682570911875589
0.582278020621681
0.187254285310163
0.100728331429124
0.17762684376442
0.278147499943157
0.379662316966705
0.345107922115653
0.419569414339395
0.408596037829951
0.160158158354198
0.124542551951721
0.183588145706514
0.282755702322706
0.365848131358313
0.439922481094841
0.379375578038427
0.244737294272374
0.182025745113518
0.277950021773806
0.522450661169778
0.277493762567114
0.0952324027089113
0.0987643635189586
0.33147186390369
0.416099602462169
0.309375353744479
0.2764831679562
0.30541160624452
0.244788020002196
0.391659863904272
0.226920110587834
0.219878479766227
0.220315821932769
0.124930299153086
0.366866373893422
0.323384475826935
0.217614242467562
0.347100982486232
0.34234245865075
0.222551105093894
0.218311210874589
0.218001851089384
0.180673580454912
0.153606926553627
0.193070543876698
0.246666278282203
0.0789400549893202
0.153055735215823
0.212540107692108
0.209195866206128
0.241150543798009
0.136318557798392
0.203828083219858
0.162508533482967
0.206204654101351
0.749843725258453
0.506185613268923
0.214237740840659
0.241665776925555
0.269573113330006
0.102766822965196
0.137115810202346
0.140646820224864
0.119967253993301
0.152086932748845
0.392147187950707
0.480496841856617
0.266909394773215
0.234927855578251
0.321279956270271
0.196335668183573
0.111257420874362
0.200445986356741
0.144836911467977
0.1627656549073
0.213227133633978
0.18159337546263
0.158088813201237
0.206508818874864
0.299391677449323
0.314319187513714
0.291913795214853
0.277211673051145
0.389093674201816
0.301583849437317
0.156656593106359
0.185912375484165
0.106814717903569
0.103339327219452
0.118658069277814
0.272179477056578
0.185279616019535
0.157390958319728
0.331970920596192
0.222773003988897
0.33375400191389
0.496520042704642
0.174622659048322
0.390853051297739
0.357066898319486
0.232375490746724
0.16401168323596
0.239967250306549
0.190015282235412
0.0815875982419573
0.0828109091078304
0.127708201074304
0.194765041975543
0.428365393579689
0.388761650146814
0.236734796908592
0.295399087712137
0.669215359901256
0.243194812886979
0.0728289586669583
0.262128133546183
0.195864851451582
0.0874379788901934
0.283626977788507
0.866115081329847
0.37778921566835
0.174484364803903
0.177953167468795
0.138492951613551
0.228455682056294
0.360084891447597
0.1663447117193
0.174888770947673
0.311471815465707
0.387952987639124
0.202830396932025
0.0875852413676977
0.169063011911566
0.275861620358622
0.10753438800715
0.0895216285785441
0.217331782982055
0.179611486342553
0.106784241663494
0.521532499332847
0.210353645566005
0.082062076654257
0.122632122087966
0.144918437993717
0.102940433087881
0.16372207486233
0.232054456976647
0.120284858689511
0.168039717187281
0.227891084738693
0.14998099787089
0.571474352916444
0.676605337637556
0.409151668005792
0.8830674824404
1.21615723828792
2.0059235363423
1.87432661087507
0.466532600109009
0.42637837502036
0.247578120739008
0.305523755481895
0.389250412122684
0.959247329786512
1.06027234514412
0.518445056094673
0.415010705298712
0.320138030465546
0.277613816929539
0.54917743168772
0.567432298439593
0.311158548570606
0.993225944973664
0.828844724238149
0.909348716618613
0.932657078794818
0.56124157759757
0.325633451552961
0.121957561585281
0.254229061248562
1.41935588183139
2.57295426917973
1.14490350396554
0.305022180117417
0.229856396041695
0.363868666336909
0.532604603426888
0.403128097855135
0.290217239108373
0.633824466474829
0.719233361419492
1.2975460985577
0.866774214743127
0.443427185757632
0.337946051698492
0.333987568642528
0.677310817541179
0.528972232357163
0.0844522391763304
0.13567120731644
0.152112178445152
0.63049203572587
0.975971751728451
0.475364454140638
0.22203024290423
0.314689053205617
0.21822285946821
0.155486405645627
0.657734836510268
1.01877146463873
1.12690497896883
1.12652607250603
1.06267270591532
0.864986833966329
0.524751818949326
0.402542939494178
0.519931149130624
0.75691919347132
0.766872395080004
0.354578825176946
0.236516185474409
0.201159316683913
0.118853190636071
0.268070395595888
0.227170466029959
0.631254362567328
0.688912244872868
0.350916986066785
1.02405824490479
1.44843295686743
0.367749861237739
0.23363810201672
0.208514359227893
0.110087647065544
0.294822307313898
1.81014328098438
1.05464448707957
0.344806978433109
0.46828979396385
0.348581885382846
0.565077945170583
0.495971837232385
0.778581319047644
0.525683677736955
0.293764489287326
0.150705800293916
0.107649727964503
0.440378104244812
0.470533418974423
0.430621063042965
0.14432321174512
0.16232490529198
0.260475066246863
0.579664879344352
0.281040941544573
0.564775422894115
0.768454581430799
0.340084440949964
0.382892826851907
0.398469310316572
0.24613029166965
0.22950977144596
0.137897217330893
0.122353228034698
0.175537104263872
0.230067974984109
0.219762267553804
0.13848597553848
0.295813432634021
0.293094030518975
0.141436803371555
0.142431814479695
0.0543418910162929
0.120171642643062
0.12859970891955
0.409898158631834
0.781286747093823
0.414064975012324
0.212722699260814
0.357605274057869
0.208824186681877
0.42596799882722
0.52743490661794
0.286136668204643
0.291007814715454
0.278047659962497
0.226166394572457
0.175268864006168
0.115907044677632
0.277991800469128
0.114571529668922
0.109183508091878
0.193118682056692
0.43054707738588
0.179026836747593
0.109235973272417
0.129184220468636
0.322421712178499
0.408154452168304
0.304855787145495
0.213010592992856
0.596447671824075
0.773141398392105
0.5020920152139
0.320643575183165
0.199027586231516
0.239171344102578
0.901794854659979
0.895550738131694
0.442891768256426
0.291169121944832
0.26054886313368
0.81485052858872
1.1647546867013
0.633416797768573
0.671240818891763
0.281561851096158
0.148950742015769
0.112685269585368
0.140890247964952
0.117425946680646
0.07935327157092
0.744817019029408
1.67710920611891
0.29587745179272
0.125966913335363
0.166123851973742
0.108441473761483
0.0977017441449431
0.160993984082076
0.185167322962443
0.150945239665648
0.107155542251973
0.135070927839417
0.30113865355579
0.594606864017926
0.406108296755283
0.257777385253618
0.272097717783533
0.177322106073973
0.121550511712473
0.146634732668812
0.150010219986078
0.111537196991924
0.145671739138997
0.49853198330324
0.589085705957791
0.175937826870188
0.0933304196390571
0.118511447169595
0.185170776513357
0.180469710233511
0.111939457892298
0.203447920901509
0.159585640982842
0.185752160042151
0.277589280123334
0.196630588543375
0.169896149298752
0.270168061104088
0.189096256031385
0.289071136358212
0.388185487069172
0.299272638561199
0.212985960192332
0.234794910829226
0.246206001708834
0.128413581009853
0.529639995379349
0.597661654745887
0.188253231542581
0.232738958523104
0.215109496708786
0.116715044724433
0.219695742627293
0.282205456645909
0.0807230291296207
0.15337957196302
0.276748834661033
0.264247582109752
0.244835653111281
0.182360047960207
0.223159375113625
0.502706000382179
0.350241311205577
0.271880000428905
0.232932564590113
0.16582595898403
0.184701844305532
0.215976119804681
0.173790247115559
0.435802778471629
0.504189335039433
