0.00489879596968881
0.00525985828106423
0.00315792879000302
0.00455453700012156
0.00401038662839042
0.00461148140033738
0.00380992672075223
0.00341231378006364
0.00350927617395952
0.00354441061288296
0.00305826293383798
0.00417446081581442
0.00468943753788756
0.00306220042245095
0.0033360149517311
0.00409866100503776
0.00472423255138525
0.00352825011304631
0.00430736955576652
0.00462635381681752
0.00465209903872161
0.00411464682714724
0.00404994593025966
0.00439861094016483
0.00416886689867835
0.00451985709862009
0.0042124804331212
0.00506062495794027
0.00393776153271252
0.00491815336809309
0.00399274319444961
0.00419762059782496
0.00495327780196733
0.0044694806775954
0.00368194331107113
0.00378192780949195
0.00434994166910727
0.00396114620626817
0.00477002427307331
0.00396791045481133
0.00377971288437345
0.00344064949161939
0.00328354016056088
0.00392265112045717
0.00390123439532847
0.00333767371805418
0.00467910259324615
0.00457893984037727
0.00513850509049117
0.00603901497934554
0.0058939635729285
0.00395861916585898
0.00351023083826691
0.00402870632156529
0.00418395490130906
0.00518272260720581
0.00443147023271283
0.0040562723510446
0.00366485459652587
0.00383564521473977
0.00485760904101691
0.00363818832666816
0.00432807309443833
0.00437632539991727
0.00327321148753124
0.00380968079736479
0.00501157418338927
0.00438412862436822
0.00328162239210849
0.00496884154934529
0.00456904649594062
0.00490765125095973
0.00440389136063208
0.00382426039234579
0.00345242858296674
0.00448758452780938
0.0033476446128501
0.00442459011666959
0.00510393988710567
0.00418942152525933
0.00428640893629841
0.00451496313174642
0.00392116022209742
0.00345816240348049
0.00381968275029602
0.00394539673088763
0.00457801380373896
0.00486447181915142
0.00527356380441621
0.00412404668392576
0.00355249130030399
0.00426116602874205
0.00418257040978118
0.00321127275383307
0.00348509076596407
0.00311151761211179
0.00377370647134075
0.0038545301140364
0.00420076961066925
0.00448235523865828
0.0141909290531072
0.0299520777093061
0.0921179857201373
0.169072825804497
3.1724146552299
5.47624115178953
2.69955665876785
0.986927193286288
1.10558510481761
0.801456765164422
0.564055849224826
0.492083466549811
0.299838409860703
0.126130144909411
0.107137536656163
0.0937952989637627
0.086390638693151
0.0868118523838304
0.0836175840241953
0.0673619621222245
0.0565897326794608
0.0555555161230051
0.0551219251632039
0.050141271177998
0.0569423886945059
0.0576023060924677
0.0638209575306741
0.0669300625238981
0.0632553145555031
0.0675090437528447
0.0596348011055912
0.0534198389164621
0.0530775131122794
0.0610955415279993
0.0470905167108303
0.0451956451514328
0.0543323539413754
0.0490176939801387
0.0367079409759576
0.0407439349634502
0.0512000036581374
0.0424972640179145
0.0348793714410708
0.0347448840476483
0.0300486436233812
0.0271425730331172
0.0333930230696468
0.0342294107277063
0.0312647875217741
0.0242482122944045
0.0198889925571235
0.0156619447366258
0.0117759842477105
0.0138197433527325
0.0131240991553513
0.0121887826364762
0.00951505765213654
0.00676292305514686
0.00707584307930401
0.00749232373130014
0.00689068023280849
0.0103345864692512
0.00771657517978532
0.0110980350149494
0.00820106053312163
0.00985675804463671
0.00980850578981902
0.00870475519342682
0.00726437696102741
0.00699863193621872
0.00683549634966235
0.0060001454031795
0.00661665102246315
0.00650339334143959
0.00740514598324533
0.00746639419909437
0.00641140639970073
0.00809850566030813
0.00824776197525986
0.00871163678578704
0.00918768422473296
0.00732966327901016
0.00663989672114166
0.00726849346123683
0.00799852001693775
0.00861434974644919
0.00775402210748516
0.00781679095097324
0.0071227945641056
0.00601644028368408
0.00655639090654672
0.00813952130070387
0.00793989984146402
0.0102423467358008
0.0083798569167228
0.00745210932505134
0.00737386155382485
0.00711846847625472
0.00817927893164321
0.00724678908904119
0.00922442516052256
0.0075536911419219
0.00701572224975102
0.00764867780451017
0.0075663642394114
0.00827405318439312
0.00759590342809986
0.00918570032694062
0.0073336499262141
0.00851794116623262
0.0075953810516997
0.00748263602854109
0.00706482964358901
0.0071757484874868
0.00853992976891858
0.00780095722486898
0.0055397578509227
0.00714288568230784
0.00784711302377566
0.00714950892453701
0.00705991063501647
0.00710658315903674
0.00653929285905894
0.0076522724424464
0.00852083001688407
0.00854261934809131
0.00751582131069687
0.00708595058899458
0.00646467008878104
0.00740543007060162
0.00841724153224658
0.00836099079748259
0.00746882868556449
0.00822348747854688
0.00918512430488227
0.00703782794156053
0.00920078535194099
0.00916142254127208
0.00825103842819572
0.00792939663968683
0.0072921103001167
0.00676282123841989
0.00619144828525389
0.00652187037820276
0.00665825272161415
0.00698746904228277
0.00877906742559845
0.0100420863311473
0.00884982661882102
0.00768239690640207
0.0071147385301939
0.00724709866522364
0.00746744840502599
0.00735085751842922
0.00812973490641307
0.00728249122736175
0.00661579175589697
0.00683385851234615
0.00864175986256243
0.00617538011362752
0.00660872013879029
0.00969004064124639
0.00862319075689312
0.00735797918421258
0.00727524105051196
0.00883059141171152
0.00993486471231886
0.00997662895199549
0.00956223428464169
0.00877944103355025
0.00797666786574184
0.00766163850705904
0.00835253472471183
0.00900649801986749
0.00800430946572285
0.00737191662232641
0.00830130639276309
0.00728329719697154
0.00677252764991611
0.00649699154873337
0.00775775478644991
0.0081907855006919
0.00903547008784118
0.00764821506002552
0.00699085210898908
0.00822661848708464
0.00835047958800446
0.00888699408024049
0.00829134687922029
0.00901550179992028
0.0137671945800668
0.0208653846436985
0.0341755120207158
0.0320751269406408
0.0180773788024803
0.0118318053701318
0.00900289681286157
0.00982482303991623
0.0132936116595394
0.0115986624739402
0.00952544365165729
