0.00215083999486964
0.00125777872642922
0.0012421287339661
0.00134420024723141
0.00138330499083052
0.00131912583080652
0.00128078874587494
0.00141141560395427
0.0015359153180038
0.00140638366095446
0.00143795079891849
0.00125834936309064
0.00107221993266539
0.00107477673247441
0.00145933323892553
0.00176428266392007
0.00176106335049173
0.0018143880134108
0.0014359494462322
0.00136316644464892
0.00128698363171483
0.00129112206232314
0.00139550485793713
0.00136450340657482
0.00154494267125595
0.00169818432409937
0.00141159785839945
0.00122009512209042
0.00137405876684242
0.00138098510734452
0.00147848604689808
0.00136564067915267
0.00152997780632077
0.00166310968834268
0.00138261219054612
0.00126392727960374
0.00136541317635786
0.0013879973993201
0.00159532253146135
0.00169971460701067
0.0015706497571115
0.00134904341021736
0.00147849134334925
0.00159765634297006
0.00135496147100542
0.00149731134048519
0.00158563069094539
0.00221853911908285
0.00248541686772377
0.00212181004472978
0.00197398432980822
0.00164914201087863
0.00162642446903934
0.00125851138962314
0.00108369860042673
0.0012759634845068
0.00144194605088032
0.0015103464067472
0.00141824915008772
0.00117382671507393
0.00122992018261941
0.00128234982092404
0.00120154161014847
0.0012786201895047
0.0013226318989245
0.00127598063177599
0.00120118670967689
0.00124125572897952
0.00120153896595761
0.00150524991142309
0.00134691142073206
0.00119435625969194
0.00126738444695288
0.00241879622825133
0.00334325550077472
0.00269121039276584
0.00172298937400553
0.00198530324768177
0.00184834080875286
0.00151436939701036
0.00147918333310227
0.00128144410087677
0.00125571448783157
0.00146892573561697
0.00138228478142922
0.00116961266035218
0.0014200248880165
0.0013541766855816
0.0014616638908961
0.00145031885545547
0.00138641692656072
0.00140896833851519
0.00141323647258055
0.0014172240970217
0.00126894812815822
0.00120793924600011
0.00142273175952421
0.0012703136857966
0.0011107854790737
0.00129504148847785
0.00141271819526766
0.00142456571163881
0.00115011383637288
0.00103057353135606
0.00147390111776181
0.00168503936488738
0.00159552611328927
0.00160761905413627
0.0014343598699998
0.00132868508613772
0.00109943726733999
0.00127966147579245
0.00141563389837515
0.00135000501464553
0.00162454381679062
0.00162680327396433
0.0015036098564291
0.0015043143545495
0.00123737359287538
0.00131773990883436
0.00139411480218741
0.00191950188331031
0.00182666496839211
0.00165175553975983
0.00133685630814142
0.00126119913476543
0.00116512228518034
0.00119178187500515
0.00144399702815695
0.00176258906956574
0.00137466677407874
0.00104250551318855
0.00121699960005001
0.00120480533540233
0.00127351458440397
0.00141651458975486
0.00114097678672987
0.00111474871205508
0.00123745994417538
0.00128663235748283
0.00130398275941915
0.00136644319236144
0.00116066494967738
0.00121616272339174
0.00160337592298438
0.00129901806871106
0.00109962973793678
0.00111254109293125
0.00156090066559422
0.00168282534729418
0.00145503986254265
0.00125171927346457
0.00124760388743137
0.0010993936782974
0.00116310325452433
0.00126069475173647
0.00119248794673966
0.00103938823859717
0.00116910490418617
0.00175143595640046
0.00147446364867372
0.00183661663902225
0.00127668182297213
0.00128883934397707
0.00128880134223149
0.00160175241751761
0.00156166757695632
0.0012010901554538
0.00115186681101598
0.00132494144727722
0.00117233770587507
0.00118838846671759
0.00147980482993199
0.0013733902964501
0.00125392981128002
0.00135875801618039
0.00147271809067918
0.00209214443097327
0.00241517764102594
0.0020044880948147
0.00177549807286534
0.00166219728262852
0.00175431943162766
0.00169612388617786
0.00126086302031268
0.00128616768823129
0.00118108828403329
0.00126699284938113
0.00143735136920733
0.00148803967175313
0.00149018727388949
0.0012813232296654
0.00139855233187616
0.00125136578852393
0.0011803072019842
0.00121623068630096
0.00176568426355186
0.00189608074750964
0.00177427159740938
0.00148235703866023
0.00122588137838735
0.00131915939392589
0.00139134456084144
0.0013745364722059
0.00125210876162914
0.00147267367797376
0.00151235092793595
0.00113600331208792
0.00117144191634781
0.001444178054503
0.00155766583348614
0.00149084345269232
0.00172720346823079
0.00186938592978592
0.00176696835898142
0.0024331644554726
0.0026970809021416
0.00151640084873056
0.00133786655903633
0.00125835046698245
0.00128020770540473
0.00138247687117093
0.0014662237684713
0.0016653743990878
0.0018080828517235
0.00150131093628407
0.00133240358753441
0.00138809153447145
0.00119450925414572
0.00134275912135136
0.00119038703108073
0.00118442544324418
0.00124233135375358
0.00115585741990132
0.00111761381471122
0.00122828306357167
0.00141556979114851
0.00124691208196892
0.000981613006309334
0.00105116199177172
0.00111260453951859
0.00115467548930969
0.00140994916496891
0.00163158093563033
0.0020112744789522
0.0024204333409458
0.00172995866619513
0.00123085199436315
0.00150378058752362
0.00145578516993186
0.00124464392171692
0.00138497452843618
0.00126304550694662
0.00122846212597343
0.00127371121905384
0.00123769395384389
0.0013507011296553
0.00139024228555524
0.00139029351517125
0.00112205663145101
0.000999873362280318
0.00116821749311832
0.00137858311044794
0.00129501766732426
0.00132528542602292
0.00139272057975899
0.00145817048537392
0.00129046588723992
0.00115564208966023
0.00133255552456242
0.00224304451346775
0.00229667166033679
0.00228019014524957
0.00173701299277991
0.00138739247371643
0.00119575653146228
0.00123028098086521
0.00154034215118913
0.0015991104397956
0.0011685191474112
0.0010134254573068
0.00126003703887838
0.00142793747305795
0.00131010880661147
0.00146485244967863
0.00134890834358835
0.0011821334909089
0.00128350253061964
0.001405034865714
0.00137987712243453
0.00107868107230396
0.00114555133952873
0.00129193794022247
0.0016331566902996
0.00151779780863276
0.00134278442672879
0.00141474809233226
0.001348564830403
0.00142062450480192
0.00133953724217601
0.00134397550052069
