0.0983091797637344
0.268685000230744
0.541264654839708
0.392040949595893
0.259402390635003
0.319495048317587
0.405241748751205
0.255313596760957
0.303371211317122
0.388886316350464
0.277930252414338
0.0898447077144034
0.338603373384812
0.606552258928251
0.360574511633228
0.230746032343395
0.728685018743807
0.716823346005708
0.0733098027850214
0.0626667194824898
0.0590449078978327
0.0606769476418095
0.344583034565304
0.50362765237129
0.345379766087488
0.131335920037053
0.106544732871178
0.089526521601328
0.387637183082668
0.297684698642423
0.141956172967031
0.508521576979651
0.726579503793306
0.231311888151036
0.0620454423138983
0.171996539813405
0.256710587865164
0.233391873600837
0.186681454331606
0.175485484096429
0.152168205326164
0.0921113090701708
0.931284337730689
0.980005362000968
0.125336120275744
0.0611106209057067
0.303804337949598
0.693777607070334
0.204876514868498
0.148240477911615
0.0773689508030134
0.123405675076368
0.159566975412892
0.597078363184514
0.433445187544583
0.123625391690918
0.220005239887201
0.104940462990517
0.211775700485899
0.476518178891504
0.428551495398598
0.118337194450423
0.12084397150822
0.102319329384834
0.34323393243895
0.316418495230701
0.11771659998318
0.0336835852343931
0.352731028810509
0.473114546475644
1.17396556072003
2.005985639852
1.36606251241096
0.199734149280676
0.564326957431234
0.847025740094095
0.668217088684484
0.0960457576960753
0.0873347937748202
0.444031080653284
2.80330883437269
2.2191619607053
0.20932977373337
0.249835411197945
0.903958680323958
0.799521256635812
0.543511923722175
0.551450877175849
0.07267622861101
0.251368187499019
0.299782002501457
0.130715494365325
0.839020963763506
0.802806444837007
0.134746134994643
0.301529717496114
0.254963317453751
0.0643034101505332
0.0470837027864402
0.316440745473976
1.00326085621527
1.1043601620407
1.9513295683918
1.39814957375295
0.216065995300205
0.145929997675866
0.53540299147291
1.1873169453774
0.691134479118739
0.486040625973049
0.197379088351857
0.426927514983503
2.77437194389373
1.60393770906276
0.101016090631032
0.029249570630767
0.534882407174738
0.938673377622224
0.352294809562663
0.14560101938579
0.158591592124957
0.253239397759135
0.0852131665378971
0.0745324658086033
0.078742149400615
0.69968240956177
1.08948178598091
0.276412715336447
0.701247441268435
1.28044415665918
0.578346161466804
0.318081462036504
0.395349572137413
0.0808266203818391
0.143256807373414
0.294134111040084
0.403449774851559
0.378452618885167
0.686471880701779
0.664379555835058
0.0953800451667166
0.0881414969772635
0.196126677734989
0.0929323998922687
0.0874591914153508
0.0942619314537234
0.767340938170124
1.10905662103059
0.571800800043292
3.49178161570655
3.24361321737246
0.505511402579484
0.223361392508176
0.544327128005394
5.03020559086473
4.34032585632865
0.419673395457086
0.295598396946225
0.0997761338428641
0.102758117086897
0.063117553172617
0.0735691756026626
0.101809399440129
0.0795817049766004
0.0832409257658043
0.157540523216547
0.173194849387246
0.0713093970178147
0.0465218137409246
0.0612035480634457
0.105864761795069
0.154042640493638
0.196775103108457
0.569720364110994
0.845925768541886
0.331815630307141
0.199610520469969
0.145913956256963
0.0513099976380902
0.122631165934098
0.199719353288778
0.155812636482491
0.238492869274304
0.307172364310437
0.568193013630719
0.717803286955339
0.292086493118525
1.09670544090709
1.05914414067829
0.0891980127489409
0.227663852464383
0.213759013349332
0.27310381056614
0.231678773646608
0.148180994474385
0.13367022950621
0.372428109371129
0.386962521766509
0.203210023807161
0.41882964230666
0.404987777757077
0.084313595964098
0.195189396032038
0.175733235868998
0.112361531441152
0.227353915334998
0.560769305628745
0.347968123702101
0.111729659358988
0.184451804353762
1.21553932545697
0.633131228121375
0.132657113379609
0.105906107983489
0.0803489214844521
0.066813467896918
0.0797240753736884
0.192046532008056
0.118098126570985
0.0944275855791421
0.0404024753193946
0.234414566998887
0.365285894809417
0.157881999355391
0.336418607851633
0.311295179184689
0.128431072135052
0.209765311954515
0.160842364496021
0.129610107321933
0.166258683783366
0.160381628891999
0.159135030069824
0.389519652905895
0.607846381576658
0.370937033326133
0.185570757270782
0.243799784902511
0.349185387327409
0.821820739479566
0.460044414768959
0.440860245715487
0.190730104527105
0.164193097160659
0.359793219511655
0.315404049014649
0.0870372797683007
0.0784626652059889
0.0577553562131536
0.111439484555469
0.299937891416683
0.215301150384534
0.0955030620512967
0.166887186088132
0.243299293092883
0.239736439589835
0.21100027426271
0.446146079269307
0.239939344549951
0.504893132196472
1.25748811547141
0.277904650388029
0.691264636773434
1.46587437257931
1.17079736695829
5.42189137643402
4.08628541183083
3.42853380868259
3.13129478988095
2.07500772034913
2.24423265516379
