0.0483868869745581
0.0522190233740312
0.056621361635867
0.0550373454287631
0.034084774355504
0.0298155613763257
0.0333378472343647
0.0370804306292068
0.0441114143435003
0.0568492861498358
0.0427503397593661
0.0393380362388587
0.0459429957460631
0.0512384213477483
0.052094587117145
0.0574535775024821
0.0437689370403779
0.0360965226075874
0.0389093884101736
0.0409533403010419
0.0287635841593174
0.0428945455467392
0.055389618401117
0.0422716683083991
0.049916493742439
0.0829257921524301
0.299883659688392
0.275478643506401
0.0613964923866788
0.069151008625059
0.0452371274915188
0.0520284173058123
0.057196965694515
0.047326646468168
0.0451645102227272
0.0717908297133197
0.0638205738010162
0.0317051040993322
0.0300933599270251
0.0261191500716364
0.0260609711245447
0.0341460533474744
0.0373217792646832
0.0294664340162729
0.0466135787450795
0.0611014888049117
0.05392681089892
0.0655531443606533
0.0506841719091229
0.041059249631146
0.0547007197096021
0.0601313374692308
0.0557558626645421
0.0436246098345742
0.0223009754677172
0.0603026913836535
0.104920032874555
0.0736803983267132
0.052629517459386
0.0520233595000919
0.0328837797501632
0.0270899937387254
0.0290756558163184
0.0283362198049896
0.0379601422225046
0.0426562415369409
0.0366883650037532
0.0480092819505996
0.0498453345996529
0.0515920677671716
0.0428210153269502
0.0553634054544649
0.0544078284214911
0.0421432176380784
0.0412317020105
0.039832660481288
0.0351115672382971
0.0451143007877323
0.0404036411045912
0.0383351453836005
0.0398313009318216
0.0583301063636899
0.0584545615558484
0.0594572972520798
0.0458874495106498
0.045253317022368
0.0671690568446908
0.0570236832263756
0.0370930879107591
0.0550141241484029
0.0473735095870206
0.0588647759259198
0.0591038742931881
0.0505090237325538
0.0468451415508683
0.0274519895111446
0.0461337386182566
0.0897553677192314
0.0984195844134425
0.0670522331169756
0.0463814412373033
0.0585468107532024
0.0517446346245372
0.0415031606721811
0.0478435690430882
0.0460268442193193
0.0414985619368752
0.0364313450139456
0.0452776637240945
0.0456394056196929
0.0442636934356692
0.0405333272064196
0.045764235015164
0.0406165358883898
0.0340093397005732
0.037797830869191
0.0328692061867481
0.144942175201116
0.146570623260611
0.0633036663883012
0.0889812159317049
0.0589200787473017
0.0477124670604098
0.0423819332848088
0.0398643856493234
0.0421560198639553
0.0346647057037349
0.0344550505880338
0.030621131234755
0.0427260996818968
0.0525198466661908
0.0354078302275955
0.0449525601203133
0.0627289850499061
0.0514957567148665
0.0302062915799167
0.0769029252508682
0.101541256564152
0.0684997802971122
0.0634886730761956
0.0366848307353496
0.0413072414397288
0.0370715906543892
0.0301437004939289
0.0409188096916165
0.0408328000941571
0.0297051961760061
0.0429187723560239
0.0511782677183412
0.0402251339396863
0.0539416529544911
0.0565214408567046
0.0426895471213538
0.0449334981197538
0.0473661730548058
0.0386058714569572
0.0438842981850591
0.0415241870609811
0.045582878311924
0.0428514116792453
0.038708889893452
0.0402067087484729
0.0513796807652068
0.0779695458699314
0.075668788403086
0.0508159811381695
0.0479687296304472
0.0436332535503977
0.0366140741827217
0.0358801002812218
0.0370002930300048
0.0362754506754149
0.0697761703953204
0.0664648538988281
0.0325642303797412
0.223846259034786
0.207260128876742
0.0442468208177854
0.0361146751060233
0.0424478187026578
0.0764122533268589
0.0553794218849818
0.0316665344282417
0.0507468109892706
0.0412600229136618
0.0364282840486052
0.0552472717423286
0.059113980664232
0.0797513768488165
0.0829666284979879
0.0560777442022654
0.0502196986183668
0.0749505919358176
0.0742819549709593
0.0510899567165119
0.0464853789142866
0.0672179239359728
0.0630726182790816
0.0436752866561512
0.0454197506767102
0.0468008720505136
0.0847680057915858
0.0802160867305066
0.0336684728723563
0.0394943998574431
0.0661697170158896
0.0801395183853346
0.0557003084679491
0.0338965958535577
0.0557394938925246
0.0581553750966966
0.0431276693338479
0.0491882816208682
0.053892022958317
0.0536720679147179
0.0427171288619285
0.0320898086500966
0.0328434621210437
0.0642691902047475
0.1063108955987
0.0913619586744904
0.0591130600834776
0.0457473191697425
0.106422087697754
0.123419949952512
0.0887091224571509
0.0992710414762319
0.0687727205308406
0.0801613669350393
0.0839659701307325
0.0527167978387806
0.0442370338689767
0.0357088585554344
0.0399814339694665
0.0378649544654112
0.0321927336817804
0.0387760770813735
0.044075097590409
0.0546934584910041
0.0600237857143707
0.0469040976014238
0.0430553312035777
0.0405368522134488
0.0348050219273392
0.0373912340880753
0.0380535561206134
0.0334349430281974
0.0378485975480719
0.0405626583783368
0.0392338575737872
0.0326675388540861
0.0297279939179926
0.0316777986643782
0.0777333660797946
0.0813757073675569
0.0615997731284149
0.0611849215888746
0.08225516226791
0.0854450568679002
0.0396230372864539
0.034757043107909
0.13418666151525
0.130463610299611
0.0428974412933234
0.0384668000132889
0.0452509930233663
0.0443785818131947
0.0267792113407069
0.0397032319369073
0.0880749712278715
0.163348619472346
0.173166483199446
0.120419241190275
0.206941443226251
0.176354480198013
0.0811426586412483
0.0887317811739516
0.075111873325438
0.0595830582307189
0.0379645159483825
0.03098821847507
0.0321423779200711
0.0408579779794752
0.0449141452161769
0.0725287093113397
0.0646859901708124
0.0501536905313974
0.0523829236709474
0.0926639857612654
0.10662079552424
0.0962429524872313
0.079661391096068
0.0563927186871959
0.0740245205073753
0.0690072294240023
0.0428030805761386
0.0520069221917297
0.0490493137654373
0.042294726142697
0.0565209033445415
0.052366913485322
0.0346326843829726
0.0448377965496815
0.0529948954494331
0.066724865194833
0.0633652206242679
0.103583625542955
0.12009783089299
0.0382437210552729
0.0526459704400808
0.0632647564755579
0.0468918910606365
0.0459455363555615
0.0440071143100414
0.040130967594128
0.0622795293542565
0.0710216709994587
0.0408379546311923
0.0504152046415003
0.101659088216145
0.101186219140326
0.112335232901392
0.130127531861401
0.124419553532729
0.0840681100618276
0.0562836010991566
0.111677671701235
0.105938419779931
0.0572311504677254
0.0733023130333243
0.0800218072125145
0.072160055690151
0.0565957994487111
0.0686561291701269
0.086659154877245
0.0643524004387842
0.0558294892499723
0.0604800144101404
0.0645931743566022
0.0587204263169472
0.0679393927293744
0.0815279874702891
0.0856825237829707
0.12585295452533
0.102495576994919
0.0745753967027569
0.107070125925158
0.0880659609459883
0.0600316519326409
0.0609228327914264
0.0572174455117686
0.0527001055717797
0.0690786742680256
0.0779182715454394
0.0755109458039854
0.0616660714661457
0.0760477562381141
0.12044009092075
0.107674554004174
0.0851213130396977
0.104412519112486
0.100591125337196
0.0909806638242493
0.0819095249443696
0.086302786004498
0.0927426189904138
0.0893802116413068
0.104132739116361
0.0779262487935478
0.0497851402010534
0.0782710563184252
0.153033638627605
0.14868000513823
0.0916556167002365
0.0771225246510181
0.0651691419344182
0.0698431619817387
0.0542873586030715
0.0781510430113165
0.106838566668782
0.120395655263545
0.0794422335773809
0.0602588616610267
0.0428336499496841
0.0465029146740056
0.0603138936567505
0.0908756547242029
0.0879489830309354
0.0610490585114974
0.0552054708041444
0.0466127488513093
0.0567589778522761
0.074822307122094
0.0815139655341608
0.0751902386397347
0.066991791427034
0.067419329038653
0.0649786501605307
0.0843026512032067
0.151657894912478
0.244499152074165
0.348560481153512
0.323754742698969
0.212916825943915
0.324677875393154
0.393101992877928
0.307396765825813
0.265888901709074
0.221615320492447
0.138361781348863
0.0904064520433644
0.156216165904993
0.211137032887482
0.16293772499671
0.129206439459908
0.101835635569269
0.170416488011018
0.214618588025067
0.204056820461752
0.29355200880521
0.276018739501215
0.150397225554993
0.13122214389118
0.106447725027899
0.149054744331456
0.165901114138147
0.222656994098479
0.35137248940259
0.282208066073222
0.183727389828502
0.247804496554172
0.24419688662397
0.166295491097382
0.222333799643886
0.220727597214535
0.18586723431591
0.229776078630188
0.206617130617892
0.117048267059481
0.128718473886397
0.266452113817011
0.354508085720286
0.155371828552982
0.0717893055960897
0.134858448979296
0.164564234969564
0.125091195921999
0.0928283584872786
0.193784817758312
0.219504519093457
0.0826863824283346
0.145147283275922
0.171892189812947
0.075018889101652
0.0545486845264394
0.0639037626278192
0.0459838444693012
0.0518576620843925
0.0634961110466894
0.0501179730559788
0.0538541926287381
0.0602117996113089
0.0568527411674589
0.101478113029344
0.308015847139483
0.229382101700291
0.0592598983737429
0.083752916803416
0.104317429338465
0.0866155540922009
0.0476174750122838
0.0432887922655026
0.0395930619588882
0.05787981085417
0.0641663822623356
0.119279590698814
0.17936651423245
0.16226338368388
0.167395283775764
0.153923155465147
0.350629023092492
0.421085288538018
0.171939611377114
0.122635304848912
0.180746774135097
0.320680992201116
0.367953505294342
0.307541928908339
0.274487856933628
0.344125232461464
0.300873822814376
0.244603981513698
0.215319826479339
0.109341780025632
0.0686249997148104
0.0687255880244013
0.0864844563684392
0.0765851600592591
0.0933242188509099
0.102035361126758
0.0961372756425623
0.0775079846386362
0.081050126652018
0.106838775773718
0.0979370771512622
0.0614395577546482
0.0702745187425368
0.0666742683661599
0.0681031774949782
0.0691101784442928
0.10689159179356
0.112985146824622
0.081869821486742
0.191936429220065
0.236394951319552
0.0954856146042794
0.157359932343785
0.188221006833532
0.0950734836817403
0.072608593909424
0.107770765441772
0.121802450399905
0.120639469563348
0.11056187671566
0.0600904042318187
0.0713244219737907
0.131120971737883
0.140237632581216
0.0968342631079624
0.0850018336181236
0.0856230563695297
0.141157526674968
0.134933856845087
0.0847682148679237
0.114749915664417
0.0999581453204059
0.0657176504811464
0.0723718628501753
0.0834378609478821
0.0821047667224943
0.0710034030597286
0.0740668409365989
0.0942641719964734
0.096685115329684
0.107217099340204
0.121878903579352
0.125464324860744
0.132851227431596
0.112211012084412
0.0682999862867904
0.0972136745680728
0.124480122105311
0.101403612712197
0.0641500880775553
0.0643844954065963
0.0845072323158178
0.102484997487514
0.0935451496705298
0.0704003095115635
0.0652539418629971
0.0504608619525788
0.0554455593399915
0.0596795225411924
0.0510610303645707
0.0670978336489489
0.0790139285450481
0.0554761626724847
0.104356265524429
0.140089440699206
0.0952719907413371
0.0893022424432248
0.0924618005541956
0.0812166917972637
0.104703026699834
0.0880955326018184
0.097556341242339
0.0942574724908131
0.0647544502299877
0.0599771873162862
0.065603830015938
0.0601085137013329
0.0573528505904252
0.0551064536753503
0.056115264441741
0.0610684204215092
0.0674624213151113
0.0742927012563206
0.0799827156073457
0.067035826564701
0.0471058266070002
0.0528268795718651
0.0746226347627255
0.057786744393906
0.0585206436665996
0.0581955724975429
0.0656100532679136
0.0605182330634859
0.107442840082788
0.0963374541854541
0.0613713903714376
0.0554745880997693
0.0533111236404416
0.058450911803869
0.0571399066847252
0.0575478846790749
0.0764726379582527
0.0874574456436561
0.0671974371204493
0.0624109216514072
0.0594677970201884
0.0662003749564691
0.0866495528195438
0.120622670517681
0.104512831840479
0.0586181475107064
0.0900728572498963
0.135322021477995
0.11473682708173
0.0983910143355035
0.131470846365273
0.125491919316136
0.131992781460094
0.123237567731775
0.0694942624017096
0.0581618005796643
0.0709735009957689
0.0617721902826929
0.0559240561960084
0.0697933069720111
0.266848146104463
0.336357806030779
0.147446336156043
0.122781002527704
0.199049670839964
0.145560974225394
0.0659643862371267
0.0774499222963965
0.126967431779823
0.23128381483169
0.269858622462843
0.179793915127684
0.110973783578621
0.0893617662699623
0.07758188264045
0.0558783222521302
0.0433899556651959
0.0486316642266158
0.0729692501903379
0.0668514946982555
0.0399688532584466
0.0636433477636559
0.0738646449402898
0.0437211925920651
0.0420051820043125
0.0348673439976757
0.0477481901912159
0.0804815589210742
0.0851441913610908
0.0570780788206348
0.0819200581953013
0.108183504388262
