0.197474969392471
0.11995969082685
0.08481560153255
0.925855439917951
0.817358693418542
0.148949108593596
0.245127590608409
0.308192932547241
0.125211473404269
0.026030072578041
0.0186057886548445
0.0746357266904663
0.0734456621143623
0.199860873328757
0.0865966541768406
0.193068221805662
0.0523378237854173
0.10655417432017
0.0337823042405772
0.0459032109799009
0.0165072709619295
0.0749529340072877
0.0411114267670128
0.143346588975411
0.0269556867091754
0.24914152440231
0.12946502259297
0.0383605050166845
0.0702787353460164
0.0904152953676967
0.0384389441080948
0.0922617403910202
0.167953476319194
0.0279615608527876
0.100140789134825
0.0307813486138612
0.0183082281749492
0.0627822992202564
0.0260871274608378
0.0869896515059471
0.0747307327592695
0.117836120315464
0.0191233075319287
0.0330856357712724
0.066502886006141
0.0150779537159127
0.0665940366927655
0.0675086724378743
0.0325396313364327
0.0608848488336586
0.0105296643456267
0.015073686407362
0.0206521890367423
0.00832828085493
0.145654226325748
0.286298989432403
0.0971241735639117
0.185400736515777
0.122517122325818
0.082651171680264
0.0185674655200211
0.0101101034677383
0.137263822828893
0.158662539339922
0.118460816007841
0.091056029982738
0.038463051419872
0.226444765720843
0.369855218422398
0.256766450641997
0.0326624925960229
0.0124639048994234
0.00917772170917043
0.0421919934347366
0.0267994340174614
0.0111572900573162
0.0593781232359681
0.707339349264994
0.241041983434522
0.0340153062735958
0.355331185432881
0.208116882799312
0.0289964846812826
0.0214776953736117
0.0128173774233075
0.0167411669584553
0.0424697753988878
0.0127861328051468
0.0411484830567385
0.223766759995745
0.150560729211589
0.00553332510814791
0.0338199827773124
0.0115996429597014
0.0113692771165213
0.0176357401686605
0.0388930751037055
0.0424344745767007
0.0221397286878021
0.0394928809554394
0.00471481314003187
0.0234021222327378
0.462180846842065
0.153028533966611
0.0269326244692941
0.0677321758490833
0.0228974671112433
0.015253039432297
0.104585575457821
0.0970026752082803
0.19058381612125
0.0257821708264402
0.0278835376776626
0.137883501302102
0.0650788552781863
0.0311148029563918
0.0236156097057448
0.107546750778589
0.20765232868079
0.0881096598320934
0.00707290755340775
0.00561293170400176
0.479280036663879
0.20873707630721
0.086926041395097
0.0179798932321853
0.0305102756953031
0.111688009069157
0.0291715669812906
0.171444627895492
0.108106242115696
0.055775177459643
0.0227750324279021
0.0155281891681484
0.0133381009730692
0.169552390925647
0.263080115018467
0.0229561992432776
0.0228196133817511
0.0272743048351984
0.0385318096739037
0.0417014655407757
0.0245286008688378
0.0523465896530028
0.179982003912226
0.0487506379059639
0.0337064097483813
0.0367875984469177
0.0139377370343851
0.0183196135887478
0.0406206814689039
0.0340410976847799
0.0274214780995358
0.0184652863779028
0.0681270584072617
0.0174655105543179
0.0256228831541724
0.0328976774396848
0.107446880578984
0.145605995803763
0.0696941133562104
0.0398178111032505
0.0277611590793684
0.0555574680366914
0.013006350113157
0.00562533274127142
0.00547300962513715
0.00331762345508982
0.00459279653951964
0.0058284142090571
0.00528787582177049
0.00971256133979754
0.0075064039734152
0.00662539785817561
0.00756819335881904
0.0127564296835142
0.0124312805156099
0.00766601949183637
0.013169730819022
0.00348027803044986
0.00553870738961383
0.00788300802426306
0.00675227067709899
0.00839240763798986
0.014861490797666
2.53458095943954
15.1659338464544
3.44843844410859
0.137489378828356
0.0255080130946088
0.00739685446486803
0.00744001713025415
0.0541786314530829
0.0395953863591456
0.027021517637213
0.00705434681776297
0.0712469379660282
0.00502002106789052
0.00676785596950837
0.01594562113148
0.00480339832066299
0.00370418157629125
0.0127882046389924
0.035281777741999
0.041576397895166
0.00538418351719942
0.0204079578147858
0.00942439794501254
0.00400766130390622
0.00262663101713755
0.00218003719127044
0.00578418222476685
0.00576641023607589
0.00530427937459057
0.00294409358399234
0.00685217587571232
0.0117965081584554
0.0161415605789972
0.0133107906481444
0.00944106110381726
0.0078042407209582
0.00724592627088539
0.00611296137039816
0.00472668330133696
0.0104557499774378
0.00973875910141882
0.0171794169206599
0.0221638052400054
0.0219006323437081
0.0164594531028339
0.0162337412371614
0.0102355856541092
0.00529646115154053
0.00660080289971928
0.00895994846955995
0.00574145179107893
0.0051759495636867
0.00516302399213038
0.00520361453330519
0.00731699583983761
0.00690565701514211
0.00648205795658241
0.00454344131366809
0.0069704340683788
0.00993394356401143
0.00660456291605116
0.00903440087976653
0.0500972684247456
0.015832337760766
0.00986119636216556
0.0205208474999094
0.00733971528154103
0.0094331539690025
0.0123997456074076
0.0107145342556385
0.012828141552181
0.00662554226224831
0.0118806690813991
0.00715342747120244
0.00862827016136694
0.00545833277686473
0.00632884398451577
0.00612477567459468
0.0233831156313422
0.0239856852010529
0.0129448069912778
0.015569395438161
0.00672592696387331
0.00537610747295962
0.00957242753279816
0.0210408251009073
0.0118119371665088
0.0151027273851836
0.00920722190474794
0.00330345527491483
0.0044221675066568
0.00463642520593
0.00758731470458012
0.00682760838559488
0.00322949074298338
0.00842291797032935
0.00846090511555725
0.0390983197227261
0.0202554838629515
0.0185014998036945
0.0158633251578531
0.0137927084612362
0.0222191377682999
0.00627363481209974
0.00861802135982552
0.00389711190510319
0.00445541535749315
0.00497038482979496
0.00487731451499171
0.00336583166163986
0.00945483211014153
0.0133588220185893
0.0143521827655608
0.00599846545579787
0.0371793781513316
0.0372572083931989
