0.14265822763787
0.237189213854017
0.233278490976077
0.169862713626157
0.182900112966274
0.231789496141115
0.179161524726835
0.138420253282865
0.0917463430404346
0.111511763874403
0.167042130434716
0.186110931903706
0.196421350967309
0.263666793764209
0.264810883745682
0.248968696764809
0.188626859482264
0.152957465384
0.122558680548683
0.104339854230043
0.219046933772106
0.252430489516844
0.145022499985791
0.123148459807864
0.179480672088353
0.251607345507358
0.244721326311682
0.15292813713754
0.108999251965389
0.115013996846485
0.268761501527197
0.388581175670006
0.323091464828158
0.226794400756715
0.20097758960334
0.138240258443508
0.17305430835362
0.147465262762076
0.155368222684336
0.197177196934501
0.158579055320326
0.200717139877628
0.191858468291107
0.240372643433277
0.278802875842567
0.32897488047671
0.205922512975914
0.0876511982361169
0.184288365804772
0.181963655730154
0.114706767105948
0.1134481696865
0.166754047550124
0.220143381053408
0.248190612054662
0.198679674158528
0.204827068390282
0.165615177704816
0.185217147772585
0.268387734086728
0.240767448821052
0.157586071744983
0.231461958372073
0.239458443698331
0.220876782297736
0.31434027332576
0.238737867865576
0.310759348947548
0.203369196485519
0.111379320904087
0.145133752652225
0.198020871722785
0.125770590212683
0.0976399042795308
0.139932483649084
0.198940128336737
0.216927599904644
0.164036584874467
0.110730309628571
0.270023333078922
0.281672155822961
0.216580480850758
0.338932320880097
0.30748171101624
0.180804222818928
0.20969513151287
0.296066045657021
0.208196347272941
0.0520755047313812
0.134990608865518
0.339175590293309
0.400717157612615
0.188471588143269
0.302001758522874
0.326496899272758
0.220248973482344
0.217387008329362
0.28165304883065
0.218699281614765
0.104329256970465
0.127995289632342
0.260466095291465
0.258268095096553
0.0930264509211392
0.0957226571355958
0.158247542209092
0.208980282536631
0.154099931044268
0.112698083780253
0.0453175155005404
0.116553162915343
0.325724681196083
0.28140065274478
0.188373710607814
0.146457159505051
0.14501708001439
0.215761206050371
0.265862219254279
0.156094861621984
0.229922228248796
0.371277806437327
0.269804862026048
0.369435500312478
0.185636640433238
0.148193695000282
0.373675604136011
0.274368508098115
0.126011190078442
0.120694881331602
0.140418137768474
0.0838123976644764
0.077200328872259
0.0965991190234513
0.179747036264966
0.156859294967603
0.196626024910363
0.177555001121022
0.246801851693531
0.689383072809813
0.566174572224992
0.126100064545146
0.0969288561012103
0.110715366180739
0.175266911661774
0.279822801607959
0.146389959050856
0.224594412700265
0.334937333253935
0.239275026560461
0.240164125725692
0.245591622320194
0.133186338200463
0.330360004832728
0.364105208159593
0.220784619439975
0.17858386855337
0.276324103512708
0.302107061445935
0.186518465353992
0.128041533334446
0.0794074500303657
0.15193011914201
0.233489136838239
0.296695274745783
0.390142480968351
0.295936767647043
0.123276636584177
0.150726290845018
0.287595961910963
0.259340555212258
0.189566540009422
0.26603405847598
0.198414090387133
0.098775115926312
0.103481827954968
0.0922798903212656
0.0877004467097494
0.205333003023959
0.194563654963948
0.144190994590639
0.158304739582127
0.180627402935808
0.171259195171888
0.306667610243825
0.292731088169963
0.237566340468057
0.132023513024035
0.17541825796968
0.11270039278125
0.177636270961798
0.293298200929368
0.27967505739589
0.199576964131815
0.175697349589139
0.210284544495173
0.272835838931006
0.254027061483236
0.294890966069308
0.347543275521172
0.194143576085348
0.189865849386201
0.132115751060876
0.145815592861068
0.100266814294909
0.0883616821706629
0.155356238725045
0.350518829882475
0.334724546887285
0.230095527594341
0.120784600526046
0.157434090455584
0.236715693654766
0.183538332728616
0.279985070695086
0.414229898402156
0.254608226501748
0.146842123685458
0.401472455063536
0.349724059459547
0.100860788965452
0.156946429957034
0.195219392433176
0.327476267559083
0.400875408064836
0.291407542734492
0.200830606271082
0.271275699651921
0.264832673938834
0.337738064787931
0.295037489590458
0.318283702514411
0.418101783851795
0.378783351080942
0.340933982121882
0.206085674057324
0.109068168979016
0.217237987970987
0.163566138648653
0.102544178738293
0.163049109468703
0.195604497791012
0.158626406950101
0.199020797644516
0.283746408075966
0.216197423239
0.240986158558741
0.197623405120192
0.192555259872072
0.220748974335922
0.242483933971631
0.187846842167881
0.151412207547026
0.201419029635985
0.212516990144236
0.251338323524384
0.24089910209544
0.24248128559236
0.215513497800295
0.0930167576039116
0.136565540035455
0.222098493404414
0.181076573934213
0.111416060165294
0.261038821924231
0.219554430392846
0.153623529463662
0.138664901718442
0.118866918640475
0.0990249571621719
0.181925862526813
0.404193819383961
0.547081419003932
0.277467725254076
0.606989272278956
0.614100446093282
0.255988754223299
0.245709066603327
0.23519165406697
0.224995594624694
0.27252324337085
0.248269532122927
0.0501750978108199
0.108065396332245
0.26643593683559
0.434979367059948
0.439819095229891
0.298557074893772
0.146781535342204
0.23725809215081
0.238220085748145
0.274020524251886
0.260768902385067
0.169950175074431
0.3512926567494
0.350825307007866
0.123488060520942
0.10119476849869
0.199752332666651
0.247621371779688
0.110080993848205
0.0943920271449458
0.123248680208775
0.179190317891198
0.160301583225549
0.107706802118834
0.108960974376385
0.369144660334749
0.60463235859916
0.378772735288484
0.210464234685464
0.205213730402683
0.158453130838039
0.110898616639308
0.11856758776335
0.0739327564381942
0.151222168959009
0.208255034430499
0.135183584373033
0.102652678179974
0.0954733374956781
0.0668184777851474
0.836503888923035
1.11387823450834
0.433743256068121
0.568458714369402
0.662293165274835
0.622586236514028
0.716057983594666
1.19098375329761
2.99266074988939
1.63930425446641
1.53342718758192
3.11225029509593
3.50023355322408
2.26151120828243
0.48385572958725
0.543602805584826
0.0649648831961399
0.222337978967023
0.25967069206801
0.187316513063342
0.110094212332411
0.071827388169881
0.26512791221471
0.371081320443907
0.407112710773829
0.282469963033465
0.336848578455266
0.433351786371026
0.341156660013441
0.311180648955874
0.680689594794887
1.08775984320881
2.51461688925644
2.26725766131938
0.372654797479105
0.228885255343568
0.173347901309188
0.0569442929513933
0.110478580844788
0.0570345272981223
0.101546018034553
0.0625353223861561
0.103279884672329
0.296444297937112
0.271578018688839
0.146240209325577
0.396869103761647
0.398721634524455
0.351436582393413
0.185019531833401
0.288061611513098
0.515173221091967
0.498654625514362
2.05474404850552
1.56683293539454
0.619483784695914
0.348612732287874
3.29462111890111
7.75477531895888
4.85016707146588
1.13430745311269
5.29611312672188
6.95262484686164
3.28948404978244
1.11459193064411
0.970479036436464
0.927368108967444
0.251452333155464
0.668063285281358
0.777880407045238
0.205055412521188
0.153613324652479
0.169253110543379
0.0830616815947559
0.122406939710561
0.102461506421221
0.13234815349916
0.0353321438646237
0.0377774359032186
0.0457950520356185
0.194980587164136
0.126685762539666
0.0353176457273671
0.101326112104176
0.16428536238573
0.0558326227994063
0.0418981522549889
0.0485751578310146
0.042648513858737
0.0814698391909735
0.108387285470062
0.0609847803696283
0.0330007549744545
0.0274908492114385
0.0395742203541267
0.0640602900809536
0.0316680094597351
0.0649124763770219
0.0652375290275957
0.0316296754321498
0.0191387524474587
0.0979437253884667
0.0339253724146265
0.111070841693039
0.013484804730409
0.0583347220433228
0.0613446809908493
0.0717128573189634
0.0634101074942571
0.0403905969120577
0.148900508510745
0.492380209974676
2.13144581983646
0.37172991448915
0.0460288977140751
0.0251135443359511
0.0501597914832086
0.0498713362076908
0.0979585271526474
0.148945319851532
0.13913312727966
0.0760982311053333
0.0884253461239025
0.12576707864458
0.0548587770441341
0.0291091374333915
0.0759705769588764
0.072912055882945
0.0403854567851359
0.0376451027812121
0.0572602256439298
0.0945672198412438
0.0182308487213741
0.0331859481415574
0.0395636942071088
0.02596934112549
0.0668579943259543
0.0586658583335412
0.046332758633562
0.0805318326230675
0.0839929471751238
0.049835190870757
0.0684302106091611
0.0409837128614544
0.0762012183386808
0.0266179889247681
0.0573158871761787
0.0625388966965859
0.0403854339089593
0.0391787017800027
0.0447420546291659
0.0495497782348413
0.0569019110966326
0.0563089340697521
0.229263397097232
0.20747311211336
0.13809110484604
0.104058013537518
0.038176394251641
0.0829934491992395
0.0755227532316495
0.0372562317247242
0.187706538941536
0.311296425971923
0.119986097807637
0.0415106465893785
0.0564699435420524
0.0750842952965782
0.0916249380011435
0.19870499670974
0.0709140145463987
0.110816508549216
0.0307574918740618
0.0359761755521143
0.0560062532885068
0.0970244292668271
0.0454155703451934
0.0374716947328974
0.0585092758600252
0.0739349265011932
0.0397744275220574
0.0444249087546296
0.041929223738625
0.0394280368268163
0.0426002526536604
0.0449511181545538
0.0461938375264036
0.042906127380661
0.0707745995375935
0.0891135176369496
0.0449433450892178
0.0571052713862424
0.130568501721622
0.101072840183131
0.0535013975702441
0.178739054616182
0.229145582716425
0.0982660657630206
0.0366472250966172
0.0490705163262827
0.034916398389099
0.0258372159539306
0.0210469093191866
0.0254578729443927
0.035617707772935
0.0688371735134284
0.0858990923275044
0.0580192499873429
0.0536482873102309
0.0549598153031423
0.0511693461329633
0.0855946245418501
0.0898796449015145
0.0613124441636077
0.123925358552454
0.103377552620973
0.0793548250318946
0.135727349474981
0.109681590378512
0.0858175232533166
0.0831605137888983
0.175746874942287
0.144643951703344
0.131629133369966
0.452880012143973
0.173771202248057
0.364075254715298
0.0646051805757549
0.0494571296032662
0.35718707227555
0.367492913775031
0.983078615607045
0.883286573205251
0.0445717007856409
0.0596734673683765
0.135814548861873
0.155102373716716
0.26890450768944
0.273284524213287
0.43102349252417
0.241310660121013
0.132564047006876
0.184816124778176
0.227478608019418
0.689570675686509
0.835581095636352
0.135363309821358
0.471851551093559
0.450995575853944
0.280762977831005
0.0680415345094273
0.0719291595820387
0.158607864555844
0.0523648235733291
0.126504590249518
0.178749733147124
2.89539347404256
3.05307200869646
1.06954846432051
0.589104224805835
0.355361150734531
0.264308884370507
0.243157378353072
0.159016370464098
0.0502403250545889
0.0391159480146272
0.158261088388351
0.238573036700035
0.0483718854610218
0.0523108980132535
0.228545257687403
0.149100562611177
0.0901581898602957
0.276088651611432
0.204223146621521
0.0357111663373919
0.0715316594622317
0.059509181273454
0.0261390694652587
0.0362600056449589
0.0359054071085509
0.0463658436097257
0.206043550166663
0.59436765628164
0.589829313529972
0.396524177841874
0.131083965204561
0.07697541189729
0.13382201248991
0.16074488392045
0.621738902651303
0.818012814723329
0.273471547080492
0.0449751104492352
0.0436202595093966
0.0321990609811302
0.0534170047927986
0.0353126393572913
0.0256104994490005
0.022665317658386
0.0303167243200704
0.0373540821792587
0.0191845207652437
0.0229119880790585
0.0291957296702481
0.0330384546022865
0.034954629976198
0.0389830793707343
0.0692751182933027
0.0608752513883327
0.0526405283740893
0.0650941262971245
0.0468626448723565
0.0465251995349299
0.0328462342464818
0.0730491190211727
0.0471434004078392
0.0487830027538076
0.026780500066753
0.060262994746889
0.0877470648994196
0.0442140418220461
0.068148975598075
0.0809569011555801
0.028801455179307
0.0210249549493672
0.0229091026808326
0.0218607488288607
0.0525322819296143
0.0263422312348136
0.0334203184010193
0.0274784034538298
0.0594564711545897
0.0228978617459957
0.0247154903692395
0.0920285293175259
0.123992500432706
0.0455148521096013
0.0390257768756402
0.0464612155732831
