0.264643524072304
0.274298793727538
0.137379452494462
0.107122457827711
0.166522875086153
0.250135108375603
0.432737120579706
0.186017675635016
0.0825724785941985
0.0994446154585318
0.0786755599505841
0.0596293667174682
0.0728084938249528
0.0925079372888922
0.156109176847236
0.162883784560843
0.134804656966149
0.132829500311707
0.0855492879187111
0.0783707477648736
0.184405892538678
0.104495536816439
0.0921181501025337
0.123533843321613
0.0960370964486541
0.0982698621447289
0.106670297452023
0.107722283874559
0.279592780597732
0.277968345736587
0.0855833711078938
0.121477155152351
0.16702568139542
0.13964481931808
0.160766708862449
0.167060473424912
0.137657883355236
0.167022477861073
0.1088429739351
0.0990490472063097
0.26431721593219
0.366030048614535
0.18474477708154
0.184884693418026
0.107083617672264
0.112903674683924
0.112913532991995
0.0797789583495774
0.251680417999514
0.229406841930236
0.0959107596638354
0.106689967290168
0.120886607355756
0.10329988434975
0.0782730838727498
0.133978895232226
0.21780270126881
0.220612363746674
0.161274488555905
0.242596176524296
0.141663575279757
0.11827658489939
0.17461347852205
0.270366999986155
0.148852492923223
0.169154125909231
0.163950407136243
0.135256409875849
0.0911720111384335
0.229570102754851
0.141624381605503
0.0920850997308917
0.0755445979391769
0.0574326460708206
0.0899144507976554
0.0978059083237888
0.127994681425502
0.162270319108035
0.152660621120603
0.12114355561903
0.165594050378243
0.204371350625344
0.268862572261442
0.386345358796712
0.359134955652079
0.159635267024375
0.137337982480154
0.12252222894409
0.108797166496092
0.242984524213353
0.386556371821145
0.191086130455084
0.13428582129342
0.157530778252028
0.0975428042891941
0.0837581372454846
0.107142406806783
0.0958453844273214
0.093189395751618
0.0583758662855084
0.0617648844093709
0.138207398576965
0.168625397998144
0.0992992899183315
0.129678902537256
0.133386581793713
0.0905612518732364
0.122234212991976
0.167682388115126
0.143121140933879
0.139283946773644
0.103363949274988
0.0924224148203849
0.0517192201954818
0.0570268634938415
0.105880829487256
0.0857700527518332
0.154911838073567
0.215253772366203
0.225468212288395
0.356506375213579
0.225098935618725
0.12762816200118
0.17735350564623
0.156974159471531
0.112243135069256
0.127803720050343
0.146699982048507
0.121805316776477
0.116231347335154
0.0797855584798842
0.128330506441893
0.217103274886366
0.277970742788489
0.122900994912627
0.211277928821356
0.330637775095042
0.17593785443215
0.115716768341659
0.114621687407339
0.101690318873662
0.0487533383065344
0.103129091130379
0.128435643721156
0.0956822018322464
0.0818849468931967
0.080243074292144
0.075936726377072
0.0966987332422672
0.143331933756543
0.0817538365453223
0.120998846262492
0.14770102618722
0.0856918896561951
0.157782945884295
0.102256083053995
0.107226017789595
0.182558972850876
0.193768832841971
0.116522591435355
0.123589910565718
0.187946574834674
0.152071756208402
0.0949317724783429
0.112982634030365
0.15094397497127
0.310384914164184
0.315990581978703
0.143375275726526
0.0689142307975242
0.116112103215937
0.164209195182019
0.137411161096929
0.117642975549848
0.128269470120469
0.136681559745508
0.207602761970128
0.197815368706682
0.165209934210482
0.143245531959137
0.247614410695543
0.220787788822883
0.160207278542269
0.14859862595061
0.125514943687609
0.392076691328504
0.357514701242783
0.292833589492129
0.346034665529323
0.285626232692405
0.283708995297845
0.146657700226456
0.113184181146951
0.104444412789562
0.104466055943089
0.0697590314643421
0.119398105393504
0.14074913872845
0.220521020480344
0.212222530749685
0.112318435706193
0.110655616338437
0.124289468654685
0.109233089485932
0.0553776983228249
0.0576762644913106
0.0749242091922873
0.0782386373163559
0.0766948064384048
0.106530441197346
0.0853880815737935
0.0810517778039543
0.0624661928150962
0.0641280377930581
0.0479508363317157
0.0552331847037214
0.098652002481447
0.114726476052565
0.066281057285027
0.0611705158306818
0.0784190968586784
0.0693511382151196
0.0609230571997564
0.117666604408402
0.138094726460963
0.115485317415509
0.0750449986074439
0.0920528025352714
0.118949760968788
0.151898462788342
0.113092141076514
0.0736162387389791
0.0765417332718017
0.0860929330814305
0.109567309329457
0.0951318117226941
0.111535317706015
0.274659816893631
0.341919221870161
0.314725480998866
0.166715016476552
0.130013042045166
0.118508459790929
0.152746188026283
0.145310723258835
0.113756040393043
0.223199825019999
0.233925290037276
0.0906265777108993
0.192838323919578
0.313292757903166
0.15604489754633
0.115661445397433
0.19617097254426
0.118297993175981
0.178750511694493
0.302785777836881
0.131013480910362
0.370429305958035
0.272509627935009
0.109516672940833
0.108813080783876
0.11187482190991
0.137676655662873
0.163060403030951
0.101625025745552
0.146348312813295
0.175478343253374
0.120959705947668
0.116500125109214
0.199876464278127
0.0992575286911761
0.0712871018662038
0.142178087455855
0.082823362133472
0.0602758707095481
0.071804428482289
0.102489684414261
0.089761819380569
0.141857620361813
0.150581838786701
0.14348924388102
0.240860235517807
0.185936239887389
0.234432891770143
0.135756153310171
0.110196459497872
0.0929410958281264
0.147890133728045
0.0899849925201096
0.0829544517806281
0.412493096284919
0.294059974199491
0.117129026618776
0.164654115739958
0.213639867660422
0.195844058560588
0.101465697628353
0.065874113463993
0.0723857409121002
0.0913225958757179
0.0817318428915744
0.0726994218204618
0.131389473481077
0.110347523916318
0.0588233396949138
0.127140229607113
0.129627964077711
0.0735193777463881
0.210005537903353
0.37628854896251
0.396311000898801
0.151249519331791
0.105272899001359
0.127679777649078
0.207376958300601
0.125286255458531
0.131900548523385
0.0806425090883613
0.0641427937863632
0.0596588091373544
0.0587305497373212
0.0673169645115423
0.0705547749873626
0.0736071550996477
0.101083557835618
0.0984712966099784
0.0832019553462727
0.118560281408102
0.121841494214608
0.0790846541554606
0.0547388092967571
0.0626228607370645
0.0618180794632868
0.0577411016337303
0.055885247300075
0.0687182278708507
0.0680842940528821
0.0768756861328801
0.0968197852956827
0.0810885191275605
0.105227529056211
0.149094506118395
0.107118931172572
0.141167272922042
0.167960772251675
0.149060327586581
0.161883452433692
0.119115593434384
0.0709016439888185
0.0562268516034405
0.0410125689523644
0.0440212703788722
0.0499847583871297
0.0566104236724355
0.0564750541989925
0.082324377367703
0.0779776228475075
0.0502336237189167
0.0545334609982139
0.0516550181349283
0.0297750602959903
0.0492901303924935
0.0479553161512516
0.0381872788306702
0.0428027291496006
0.0537681686866691
0.0520419976801025
0.115990792271512
0.173165518858134
0.143738535388044
0.114774825900501
0.096027611292928
0.0886099199971155
0.0820173140302027
0.107188165615776
0.108591085222517
0.0979618254418849
0.0646830246972216
0.0498669948270592
0.0526470031068615
0.0546570681008666
0.0458527771312754
0.0409865524662931
0.0555468853770104
0.0529688135965706
0.0635299464782761
0.0688571723062287
0.051081726218998
0.0454877374081227
0.0396885566517398
0.0419623832956479
0.0554698634530565
0.0517626588506727
0.0430088625989792
0.0728626705278888
0.0880940749265752
0.0808564486747841
0.072578924037789
0.0664259397845615
0.0519774071758111
0.0423124800376651
0.054623135437873
0.0531059552259668
0.0557991944713661
0.0560741061711528
0.0422808190542
0.0475679823711467
0.059360269558805
0.0460269032828411
0.0468793446702562
0.0593143724794034
0.0411302603315206
0.0283982112341269
0.0333601837969196
0.0317205300979481
0.0437562457928434
0.0594756214755127
0.0766540639100732
0.0720259855646241
0.0646780353480163
0.053604616768481
0.0956132108791454
0.0839762358445359
0.0258849037403644
0.0426648456678904
0.0444779095763771
0.0227324454625974
0.0312444286162918
0.0502999187870244
0.0357281731129599
0.03417824351954
0.0241420030209924
0.0315846587826605
0.0718476521430944
0.0600232917886167
0.0376797008694364
0.0502757095797815
0.0880631269695205
0.0873307229038404
0.0419484215479789
0.0438294212713761
0.0507654047838765
0.0347933742542983
0.0322666682815355
0.0311529605476609
0.0597148756827063
0.085393306581364
0.0635703610342596
0.0651035533570265
0.0701375773244398
0.0516719121486405
0.0439439288983443
0.048822033095059
0.0456596578292407
0.0398736384057021
0.0378572820587871
0.0446099621983248
0.0783367297294946
0.0761127106727888
0.0313221013182649
0.0410276375120063
0.047472998851872
0.0498844320324339
0.0449066660864148
0.049812553830136
0.0616495751502308
0.052164939948998
0.0455757226938015
0.0544549621454351
0.0674573483426697
0.0422581554812053
0.026702291125293
0.0473859104415839
0.0495332832486381
0.0614600910400145
0.0712609241774695
0.0577228749121068
0.0394465428246775
0.0404574759485826
0.0568272830808992
0.0582304234578868
0.0751100068880625
0.0883270942767268
0.0486965107921858
0.0487986094232191
0.0508053325161263
0.0434327679348297
0.0402610755798114
0.0327775734222156
0.0459197146490726
0.042648514118422
0.0443294708482199
0.0508643475597341
0.0397345467329778
0.0382572110378249
0.0529032308346825
0.0577972605513343
0.049007329224224
0.0638741552531147
0.0563927423585033
0.0393340374280352
0.0402449531941118
0.044902029682668
0.0428516282162692
0.059230286897422
0.0403307599839494
0.032197847255411
0.0414286116843898
0.0370851760040372
0.0476776075237051
0.0567353133742925
0.0510043834017803
0.0565096916957089
0.0704856316228617
0.0673467803095915
0.0850125996789309
0.0479167814640858
0.0376156101740517
0.0476467993695583
0.0671069058955309
0.0598441722985167
0.0779502373896872
0.0663606943052161
0.0557540430393135
0.0680785632159366
0.0523846213348559
0.0514900705353051
0.0550249176364277
0.0669936384206177
0.0720972557421485
0.147963108349478
0.123809526117472
0.0755491117680199
0.0696353467784798
0.0513839491342173
0.0999466969387261
0.120566591452436
0.0724482976100057
0.0439085021507752
0.023344097731482
0.0278523336730795
0.0227344724165455
0.0296406255112297
0.0389540413051442
0.0789443771543678
0.07128374286693
0.0462211067933905
0.0362949806303273
0.0360594453809533
0.0585041315051453
0.067995859693535
0.0466211939356034
0.0337204803890116
0.0311575018077242
0.0382879180620236
0.0422517449499651
0.0395103242050966
0.031090881886195
0.0476888265145862
0.0590059573708925
0.0605980240745703
0.0747169438145128
0.0874226095627952
0.0522646541445944
0.0919932066493106
0.127579438978384
0.0729551400525072
0.0427346298299078
0.0584464495237515
0.0366473863764922
0.0380189134350253
0.0519955668533921
0.042551136622031
0.0500513480330705
0.0478877734361716
0.0402178331766716
0.0374549838816538
0.0486989277856371
0.0536088331045255
0.0469785681874068
0.0627680495883415
0.0541521024685019
0.0675035723193301
0.0725441997810752
0.0739602337813115
0.0558939485865421
0.0783919944787661
0.0958502150586602
0.0588633456099257
0.0474149767392622
0.0578392819083487
0.0528052542589592
0.0453495229772716
0.0468593197329039
0.0396924754214171
0.0618926167836845
0.0727161586540454
0.0891471821217688
0.0955462373623203
0.0782269094187143
0.0677048806972822
0.0620702162940852
0.046981417686018
0.0447868981258753
0.044874111661884
0.0399152116181315
0.0511651268720967
0.0458351399209867
0.0320091735555159
0.0748358889814817
0.0719529442626889
0.0699788383253852
0.0454978708299434
0.0627217011816892
0.0433597681200916
0.0339688875925658
0.0595760494785193
0.0272961810560437
0.0348902501696632
0.078881902566246
0.0743043536401734
0.0432943059953194
0.0315886295652322
0.0375447932184645
0.0395089661411789
0.0633701893448056
0.0847013302059809
0.0621582509684711
0.0657122880089985
0.0443910679999602
0.0458349367845277
0.0586102118742745
0.0242357938005457
0.0380205815618929
0.0339659270537706
0.0434867691154007
0.0453620761176538
0.0384139602487973
0.0682118947225335
0.0366600775693053
0.0380025120334362
0.0495322822359179
0.0442175114251036
0.0340767275569273
0.0478231126950077
0.0552926995689087
0.0428955909445072
0.0442060791474772
0.0614215773693288
0.0464003685889374
0.0363385477296029
0.0367362889572924
0.0544510110773293
0.0761363196709263
0.0901497990081322
0.0634393288496348
0.0348734700048047
0.0477203549836406
0.0647964227161766
0.0380098944220184
