0.469870565019509
0.446464003834744
0.530961647646447
0.411034557627428
0.404882384464956
0.989899366862565
1.09231258244845
0.555900199058689
0.873129456422592
0.424462807020061
0.197898146897868
0.0637993696668895
0.567049880863523
1.58854445982071
0.612509924771505
0.255749922851008
0.272574368995915
0.25312125844696
0.345026738379584
0.444828087424637
0.309201657442546
0.260062689724782
0.80555070700837
0.814490445862887
0.352734286146673
0.268771617881654
0.199082804788688
0.259022377138139
0.616203434179741
0.931079756391112
0.570222622941447
1.32862758466468
1.28134164815208
0.641062284549654
0.255089137410915
0.3349593264725
0.302150401319882
0.309784540273444
0.323890475823759
1.30600195157507
0.846148921346201
0.257565964501731
0.634723774103674
0.551679926404906
0.224816876512685
0.199109830517895
0.515710459990294
1.1619017869143
1.31652226622854
0.527661672857444
0.895262955417399
0.838631287017208
0.665774704842341
1.36449741971056
0.91794266160974
0.395101530675722
0.282431373747996
0.218081769547002
0.332116846206571
0.933333729009267
0.799866558571016
0.399518517079776
0.300874652630594
0.336117446347956
0.656062518963061
0.338908835377323
0.274054495365294
0.219600310058692
0.797911426902017
1.10630279901407
1.61927559448367
2.55854754502207
0.83689297604714
1.03559585024232
0.993545558492036
0.920294150777263
0.847254368139965
0.445236499171313
0.434537123793969
1.00347070736052
2.43720495922894
2.22224222365724
0.703086646562446
0.33052594295779
0.539681596094476
0.408195080707661
0.393441964165208
0.78276405624361
0.31334123920519
0.617555931852686
0.696809238804172
0.156864841393291
0.64029578015063
0.627190701783835
0.1920411932131
0.583881400618924
0.427176908173197
0.173059411764182
0.199510308311723
0.669504171831605
4.06306787645025
3.49768242346493
2.73352020198926
1.90076465199698
0.339390773533591
0.106790034686721
1.16750828535358
2.44803724526948
0.948871253220447
0.17504347691862
0.117699788580983
0.854718327933314
1.54308220565324
0.642124178207951
0.644808111066564
0.290778505446717
1.33951045020659
1.59257718385104
1.2706402067492
1.13281574677662
0.945149360387765
0.340591473756819
0.460824127670519
0.708686694646313
0.995206484022015
0.647389050336922
0.408457875267005
0.297730885035114
1.08212294219965
1.40346548730666
0.736388869784398
0.857393021071526
0.642116285538581
0.559503517589168
0.677024355407326
0.738181569237279
0.561623126384924
0.571251680953086
0.699513762437646
0.775584041584791
0.553873387191054
0.295331583831087
0.288151229292678
0.502885310116889
0.30395380235849
0.514361746486895
0.826120286575667
1.31754389927702
2.26965997960774
2.49328286427116
1.78111423757565
1.62667504866857
1.10162620569673
0.700990931047008
1.35778444016117
1.25712127628802
0.579343511061478
0.151416466876659
0.107112163389688
0.157836331969063
0.150967133066212
0.244535396791506
0.32871904978672
0.214608319939602
0.0840664127610661
0.119364138629383
0.140644554035105
0.245315061087656
0.558720313858256
0.2097542860006
0.163517065787628
0.204775435160596
0.615494103356366
1.35702499823715
1.48564297237777
0.444655470904338
0.221020011950236
0.161565984223672
0.394777388862006
0.710644361851299
0.479143857758017
0.46183303345907
0.491582970584091
0.36425276237824
0.798088048061607
0.537107978681891
0.317217497695886
0.43432580014897
0.280400515390867
0.357239515501966
0.69087383063884
0.3546402043988
0.246482043680714
0.337932019398507
0.291593465234864
0.225667780602878
0.260973805523149
0.394151881638387
0.64909296733957
0.560265284028156
0.133065675043272
0.777120446661037
0.877185688552559
0.291681957815197
0.227959836413849
0.232812325494789
0.554757761694544
0.320344490287447
0.255439993175343
0.815394062252754
1.74517797415642
1.04293823244937
0.271444676969753
0.234042855039588
0.167486608388363
0.309741022386274
0.293171443280445
0.206145161948053
0.198583188449347
0.166809095229452
0.102011388283213
0.199955490229222
0.479040517497713
0.255669753595974
0.344639913683976
0.28479316664154
0.520016470097249
0.582053154235453
0.74214860242156
0.616249054395646
0.341086771803315
0.161157649639127
0.249365025173523
0.304843421414124
0.755890163313099
0.578042765197458
0.245007886447793
0.373321327955995
0.564862308315048
0.394834919938526
0.113036871227125
0.472672507476808
0.279148696972498
0.610885380613338
0.690099136414831
0.291096807726407
0.383511133269891
0.22674771896614
0.319339753194941
0.502454365417071
0.30669300945076
0.244884534186855
0.364705289166617
0.418147349132148
0.309375535592177
0.532815640683173
0.564138210099034
0.606300924661817
0.786641017491657
0.833082019172043
1.2685138461041
1.11185622499566
2.01676418751647
1.97195299055831
1.2958956523493
0.840305701239387
1.32248508667972
1.32956901346161
0.454264557496617
0.708208317044218
0.332432056280068
