0.410097067968571
0.428049474802224
0.451321417493934
0.461377368499106
0.386739682602755
0.548859281313406
0.514537623414323
0.596361553850378
0.59243784506887
0.388037454186845
0.271902094335118
0.291795734122213
0.289250647763146
0.240846554572931
0.405452226982164
0.432355781247533
0.490494416257972
0.435884903722011
0.287503001869946
0.34560955856449
0.324606641257409
0.23885451024629
0.271723069218414
0.61969834257947
0.583716390344807
0.437916865597594
0.350168163326636
0.28449802455483
0.370346348030701
0.349286273677795
0.309138926643325
0.416875819385928
0.459202865577398
0.347893618064606
0.339429813178533
0.320015243142422
0.260556563712424
0.376420930647335
0.374582655752424
0.235432543863446
0.405969329998888
0.572475663951432
0.486404156862333
0.379669796877052
0.42446353602373
0.356698393208996
0.44234107583072
0.607297701552995
0.467483318944844
0.593594109134269
0.859828795571767
0.748793705367102
0.605649380559249
0.64336677726191
0.442050943034107
0.430127203855101
0.324567099879077
0.23076373284392
0.327699799274449
0.51913416232121
0.596389062612651
0.367781894917029
0.353261530399389
0.384602504666084
0.472348104618583
0.492638003321357
0.279076636567806
0.186641154519544
0.429206068741517
0.385996976075978
0.265357344752615
0.329139150553957
0.32432142501918
0.424288990134086
0.371202808656907
0.291536137272703
0.363668417209789
0.32317110830513
0.36046645317226
0.715412505620896
1.08795566693249
0.783429066948566
0.316368066669841
0.401226331147288
0.49079412988836
0.600836310214136
0.540433413013237
0.30148871535922
0.389331272032716
0.407562194693829
0.294562607794489
0.415720955686803
0.471665428655294
0.348458121173138
0.343224294773626
0.365965269913054
0.243912913507861
0.344447072205466
0.420437930422565
0.667428993215177
0.972176774967645
0.927294749310683
0.720290006952944
0.357966585221488
0.492491674820381
0.412514623498155
0.224273074111565
0.345397728445256
0.520674863288986
0.602732760757275
0.509378837256231
0.434530673114976
0.582321578945036
0.380731464342292
0.263002220516668
0.445813000881291
0.652391879247503
0.637656635247551
0.358669329741234
0.328786945483316
0.418019476378937
0.440600690854367
0.32533705812363
0.31380560141917
0.306219437845359
0.331479106597555
0.335362652273153
0.235766361448215
0.289696836324627
0.50119885728943
0.569767083526377
0.454206968214423
0.379354721519546
0.281198735333579
0.326722691853432
0.331600935123997
0.351194918574069
0.364736257069534
0.432037077352601
0.425780407990517
0.541247584070026
0.526457767869038
0.47056558388245
0.508088832684662
0.415657855762549
0.649248427522955
0.759130370225597
1.11723130254604
1.65086300012313
1.27181400942779
0.656350775247158
0.468786323280833
0.260223069843177
0.232141827055738
0.391093181090034
0.355351851309152
0.385250565092288
0.305886594016623
0.320040952210717
0.40479389297083
0.274504318237281
0.289044874864733
0.301127680069813
0.26347812677596
0.222442856170003
0.156645627931569
0.238825464789173
0.313964558150561
0.3107730961031
0.209516068324771
0.182653541020161
0.332321758010155
0.475213482341929
0.568937627544087
0.568361472057614
0.324394117137986
0.295432712152988
0.322161956077727
0.324239332636238
0.267046004340126
0.24970489804823
0.405675802419382
0.551743963488493
0.399008895951375
0.374014805534958
0.337734726897523
0.308746824687183
0.289303839349021
0.342385471914444
0.313360485631999
0.712250143286721
0.597823140814998
0.23169835864483
0.345097836593638
0.298096242591736
0.222707575963011
0.309388984596252
0.301567794236634
0.269435915757629
0.40124894253292
0.378270950157636
0.33372584317829
0.369144879540291
0.348117301047368
0.29630174586602
0.222389783117811
0.287155773852513
0.390838269137047
0.364471851115074
0.30143827045029
0.633357987858663
0.550406865750009
0.284715064365745
0.383539506643399
0.40032613924205
0.264546452129401
0.241791006248111
0.262791293100936
0.277229197139536
0.422047551765203
0.3021678479109
0.297456939590378
0.355611870595059
0.42608132189089
0.459126606187898
0.259210170953823
0.285503325737895
0.40116462222019
0.329519574343165
0.296101797127169
0.281182114440568
0.216547548593766
0.220440221764084
0.318840022009276
0.400349115008517
0.266420239187527
0.221567111103554
0.243459462192334
0.300535085757431
0.357409124010299
0.43837722848371
0.3514556264763
0.426792137606024
0.405918098525903
0.492071884862786
0.410840824305799
0.328652956447659
0.263092778266257
0.2983663049602
0.252940440182933
0.233480583137117
0.397441006762074
0.40035273635899
0.316221855143152
0.321119711658617
0.387457584053501
0.575905532259712
0.568746143595268
0.487938760372347
0.57098513285484
0.468100182230894
0.347383981600624
0.293450099847882
0.363796612641264
0.26260098410686
0.166507888915695
0.325860018259156
0.303259081724145
0.170428679775363
0.212508514082651
0.208795697122924
