0.0566212533010867
0.113502179087794
0.130163541509627
0.168685722103923
0.235053197563445
0.1570095353946
0.237709081287696
0.16135952524094
0.115055528341932
0.136299963809409
0.196139569597702
0.113370544776927
0.0293013952451907
0.0524571331662127
0.201333587911529
0.214781582045323
0.129392712520885
0.0874954791346607
0.103765033592661
0.205626716276129
0.301077002903604
0.169737430543175
0.243271416194348
0.150284589122795
0.322253571897873
0.143077193302422
0.268709547252194
0.180040366907079
0.101538692469379
0.197334578243364
0.250901679218161
0.225389184435671
0.232772593961451
0.406465059297791
0.495080130254871
0.438969836960462
0.328549348271647
0.0750110638752126
0.113342413434232
0.12559507618008
0.113558910680481
0.194419705463351
0.17640560312336
0.0967620070075617
0.0750646107827367
0.161461880707806
0.133351170875703
0.075716888039441
0.0720392550866494
0.363557449959462
0.339109329362753
0.368925712749448
0.210456932558809
0.108102582775382
0.218502375554271
0.230870959403618
0.242249616507834
0.181395496269258
0.184332274505204
0.111809458995744
0.247021796504826
0.403615058742069
0.49386570167318
0.256567398810205
0.248902937006768
0.0849721567853054
0.112144477483531
0.172721001011812
0.15462875702109
0.10667132445082
0.230715093543088
0.121500936464836
0.133715774422053
0.182619819722225
0.138154599371553
0.0694874871649682
0.0729982777579135
0.056762310882901
0.0497516903890013
0.0439945825836386
0.0340894925070602
0.032379427483706
0.0631121818021088
0.13885437696711
0.0692402846687449
0.0582535185770957
0.0621001864466752
0.0351188137066054
0.0689222754521799
0.111038943028844
0.108809363678063
0.0556033364212518
0.0509023651362669
0.179542754646362
0.322328659348839
0.185990355508435
0.0905316444755968
0.0944630639236438
0.161881098205891
0.0915099346508948
0.0987350973700301
0.170008464075404
0.13224462293084
0.165248952718195
0.129604813285661
0.0937245675473977
0.21047896863361
0.251600590268283
0.256016369633963
0.205096032382426
0.166424036789515
0.163718449501316
0.301191436239224
0.227800916269999
0.110883829502765
0.111635585292219
0.175135715520671
0.121033070862204
0.234750139630419
0.184394326257223
0.188095364468262
0.272880224486793
0.132782856874942
0.0780195559463086
0.151888095163952
0.110979767865887
0.145324243051629
0.220241097900282
0.142129413986239
0.115384977894915
0.0966363891542224
0.173460598515888
0.237350122273971
0.155854320103564
0.0912474079939293
0.219471732798472
0.157289850316252
0.13565969891951
0.153712680124319
0.129813068518739
0.128694180451031
0.181665676555923
0.153447931261417
0.210970695518717
0.274446233533103
0.172029344978711
0.111199624575591
0.112845997644649
0.573378192279184
0.38294865258277
0.0779535271993464
0.132015996408908
0.173801491932549
0.29607924532552
0.549399985762991
0.504141817230237
0.317669313306268
0.211612943644252
0.101650209616158
0.10887636176861
0.145044690129902
0.234538076911127
0.18941021506604
0.217349401923081
0.197967134586156
0.216832016961417
0.243295926402054
0.284899915199478
0.253724764221768
0.178141286176373
0.175651397867857
0.232305248776865
0.282130057508829
0.177944501834125
0.342884244196919
0.433239584440531
0.286179549940064
0.226600676435363
0.261585574533343
0.0607603991463503
0.0270429547215011
0.0429298234581659
0.0593466093051339
0.0775539424500068
0.137651013069421
0.121197909678661
0.103366228765343
0.135470155198106
0.183325510103963
0.0954228176508675
0.0935914895432187
0.121596678397612
0.158281417909334
0.184033554749797
0.12318745327617
0.146986759705796
0.239493491349683
0.107850434662415
0.110794624300873
0.115301590633521
0.143673011595696
0.105376282430242
0.114144615755439
0.137199235908922
0.220078763114504
0.209476950171982
0.147766427498648
0.21787187766637
0.168307909155153
0.137091438895113
0.171628132887458
0.152197444244844
0.204667323218982
0.336516720067021
0.245447494576611
0.13415278508229
0.101568642678343
0.10163702532235
0.0594776026710892
0.0450149038594033
0.0870154805446036
0.153939643682514
0.227117318608291
0.180185220279541
0.0812727390920769
0.221911446180729
0.123021356293114
0.293621868980335
0.301022060055211
0.251277912547799
0.224961893098258
0.324705805887451
0.15847759022847
0.213421282331159
0.232013855889935
0.0530670245846433
0.150422492514922
0.307724957000792
0.090291151204508
0.122269802273843
0.170423248491135
0.160673044953782
0.154317974133264
0.229553597275345
0.107208088636715
0.127505297088404
0.183665480290493
0.114765803162215
0.128204736330386
0.099683318281444
0.0857092203372181
0.125955521570398
0.0921619655672064
0.124188645523456
0.0697143666454809
0.082939263793715
0.100446759468841
0.105501107406393
0.108139250268167
0.0737802850708001
0.0972417975561699
0.0876536852157305
0.138876722428337
0.14603477465149
0.238896997599027
0.211569455111903
0.0690947145880501
0.067128648639878
0.132409739810006
0.195619198566323
0.11077338124973
0.134950677463101
0.103053889274544
0.0858264670970011
0.246740696698937
0.31839621325521
0.23003281107644
0.164913369754401
0.0877350542023004
0.329505453434504
0.228555165791629
0.13765549573722
0.107668134205733
0.0581226511001456
0.116410594794827
0.133867896763393
0.0996296016460464
0.175118817155804
0.194708139088084
0.117559998156232
0.0901099550056045
0.0691791991193295
0.0861596062675699
0.0945539934322002
0.223330464565806
0.227697239974055
0.0997983048716332
0.124338802240754
0.280318958968892
0.258808500280988
0.336853796376148
0.208291787432998
0.0686261576199187
0.0471037918558892
0.0757762408478107
0.144491937745422
0.11778961983857
0.0651126342267161
0.139633685630347
0.147277981415705
0.04722324022471
0.051937657845455
0.102238590826747
0.258867025481892
0.318896598370853
0.263614003453119
0.225221864972897
0.18130867362777
0.11869486801671
0.116146970067648
0.183238664243019
0.134349194282145
0.143220169515953
0.0817974143676054
0.105075156891789
0.399716548856526
0.32579776032117
0.114257856202345
0.158812513681632
0.224327906174705
0.232229648785497
0.227417894349652
0.0806967856317329
0.135351283558296
0.168266785081412
0.158967791537474
0.14581920038421
0.07998204605188
0.115583394415629
0.199756247726188
0.185396584988559
0.117674310593153
0.0941423255005858
0.1724022769558
0.119628323828451
0.104647138991769
0.111791640290789
0.27057095547009
0.31393973283889
0.0881203009516127
0.0856843991366432
0.134483309244215
0.167751968027807
0.131552313957384
0.241958877172448
0.22044362210066
0.118829251271281
0.0978634552368436
0.0912166899802431
0.10417122394219
0.0685543571136513
0.234106829673414
0.0857476146024171
0.0726499729538545
0.0747736982523709
0.0681144517334278
0.158571081020986
0.201497207299864
0.0964020970488256
0.15903571076843
0.102583971727675
0.29645368506811
0.243348913080368
0.238786300856013
0.311622672966657
0.111776404731043
0.150415130007711
0.11475708867171
0.0795237844153153
0.116850679342821
0.135273535919614
0.150072556835081
0.179558434251867
0.0946834347828094
0.0559390387099499
0.215999127756833
0.18168630169387
0.0737241957400959
0.113800613816048
0.171639569378396
0.22645104710469
0.171743127447574
0.163678581545264
0.154577006207163
0.296813245522088
0.205801356909979
0.121083564616422
0.147917968256372
0.123011913618388
0.13386076499586
0.206128320983661
0.147370526342814
0.127218415668637
0.105528709051095
0.100305736295739
0.125999060507696
0.0946319304000358
0.0534288123889539
0.101869417620565
0.0942660757761404
0.130104251268687
0.384426381707328
0.139127225543146
0.227910407820495
0.201516135110421
0.139385280974235
0.136143515747598
0.206197103038241
0.152113622276221
0.715636622158097
0.809482316102066
0.158113870103023
0.127274268538164
0.0540477720650817
0.0736648197781
0.0951134180879555
0.114380051373513
0.150424683217638
0.118282537462675
0.0910334656761359
0.151024384107625
0.153780627219011
0.181340530193624
0.340139362277254
0.223739866440106
0.177280202109126
0.157470613281027
0.169024865147631
0.109963738952504
0.10650483317027
0.125171656556035
0.0816454010959593
0.0871225152484592
0.101919985902106
0.0711747761161044
0.0925974582129319
0.075994872005462
0.070755544574542
0.0592278249424495
0.112745361989249
0.11127359615625
0.0812575689385745
0.0990103370761511
0.0943190142381047
0.22834239073472
0.313993484379573
0.110636449912212
0.305752440260335
0.216258710515938
0.122932948307942
0.161764175071484
0.28286678591665
0.343834828051287
0.150560167839145
0.220934230696846
0.227149009582596
0.169398444333341
0.240319519565886
0.242680419510235
0.131842708402763
0.0798135967242964
0.0539970844503653
0.0587018435667127
0.106300451769881
0.133942463805332
0.0995216962609858
0.0629191164393374
0.185224883723849
0.131036970034085
0.104001620428557
0.071885264170249
0.0354418788186215
0.129678323040958
0.0950235484517109
0.0998101414521907
0.14711645084481
0.139752440758081
0.0778161249134163
0.0231174040842726
0.0592096355040012
0.0966413463736702
0.0866225080125565
0.0923777380471789
0.151499947491815
0.070144735692332
0.063644886671447
0.07894515469249
0.142956524680236
0.113914657841213
0.179901120217811
0.142150289585276
0.100612486441567
0.0777494678553203
0.0772989082478468
0.316610456113934
0.206171632212321
0.122294035305463
0.308926871442838
0.339012913081816
0.181136154116569
0.147159387845094
0.208769102165662
0.186925197172786
0.0746290852984318
0.0534314946650251
0.0910531044031216
0.209227472990102
0.200196532097699
0.0930430019987599
0.0630167846076623
0.0535495483534737
0.135138717644765
0.13971665838124
0.126040057266086
0.0987928996666522
0.105439469183524
0.0909623727464415
0.0830841228262741
0.195060808035694
0.17016935536027
0.15687347963421
0.150768444752614
0.181051857989041
0.27528730497825
0.2223074258589
0.358311732955742
0.384584864000587
0.357714707379943
0.468022957081625
0.29443124443066
0.113273881353047
0.0981295482280187
0.147721786447718
0.203067638753563
0.104365769517647
0.123628410183359
0.246612454953518
0.142714410537103
0.0963791596044796
0.0716487211927204
0.0938765420918828
0.0877705537412806
0.146821508831725
0.110751365572949
0.148852685291065
0.0812461367485673
0.136052243263919
0.150775720512111
0.0939213584824504
0.137123532084484
0.185205748104122
0.122679023338995
0.0798106843823783
0.0782783877085575
0.134205500597125
0.133254936743691
0.0533673224722653
0.0886673764586901
0.129989920312906
0.102388120649787
0.122731587456062
0.152403747721214
0.21556981507478
0.156209271132374
0.22963033705002
0.113597021175653
0.112082241860239
0.501533543209859
0.205342829762712
0.281958615666381
0.180293653220234
0.204821402484586
0.243482176740793
0.191684866199255
0.187797370206971
0.108749990220684
0.0855779258431524
0.0743744597308936
0.100876477962289
0.0916744693613599
0.0852821916528733
0.0985014280758264
0.0734481660886442
0.0961208345744587
0.0470198115899445
0.185441663350768
0.164718411018511
0.108534963328432
0.0984968454825257
0.194804553197961
0.1731863768551
0.119021981136473
0.10825910785112
0.105071867623173
0.0937880024566169
0.115483504929894
0.105639212395941
0.0910260822828032
0.0518732684697061
0.0791695070936304
0.0716315072811121
0.0980203633208651
0.105437062218145
0.122325433666226
0.283814879255145
0.46011179324542
0.415585614069653
0.482805652654901
0.372063634446498
0.195919092105868
0.135491313760257
0.206778793998703
0.229200167657192
0.246242800696584
0.160569259524116
0.0370997232790149
0.0513074249649966
0.0661217040075618
0.0483417470450326
0.138381473438478
0.163132227982784
0.108263353348709
0.129228988084445
0.0836726246315191
0.0873751574332676
0.0959972060349995
0.112664304987269
0.215509443376257
0.249424844326446
0.186441614377942
0.0758340700397508
0.0895087419802525
0.0860608011740147
0.193206805998467
0.0745953291242508
0.0497141661348389
0.0583098240707769
0.0651865796575068
0.0943186698196408
0.124637963326669
0.121612018832393
0.230374663617434
0.479612437900275
0.19364476168595
0.0959246191330243
0.0494736854664883
0.0438810403262421
0.189456306395254
0.222279532491016
0.174647876392211
0.150093041596193
