0.0651405990257184
0.085326887399658
0.0961357198713956
0.135425694197128
0.11922624948388
0.110502146973705
0.204018139761423
0.232329410682838
0.177281612409743
0.144581982836645
0.0899345748489249
0.0504332490464115
0.0652611307517463
0.0835533931255213
0.119226556155298
0.0650004333120762
0.0574096044956774
0.0561681319243198
0.084576788634426
0.0859732956056012
0.152168878542509
0.15039734668644
0.201863683262142
0.110483788809555
0.172557015947536
0.20316661314118
0.161709766699368
0.115491142766
0.0355646007513393
0.049970494786378
0.0858661397663757
0.129073929068853
0.362327177867406
0.617865474628168
0.279833252516188
0.274067180554801
0.163324180340013
0.0626837518349387
0.0292640933849518
0.0409164922499387
0.108551062494133
0.267081740737339
0.24784188240884
0.0974570241563652
0.0440989506037846
0.0637756573089304
0.103639966175444
0.0993438079678955
0.0802477033665847
0.104205686764789
0.0696438084521762
0.090879783995781
0.105720736801407
0.0997221307708193
0.113328329683242
0.185094956431011
0.163320083747482
0.141257110545829
0.153496363554101
0.10430785219413
0.157045650442737
0.304810380542624
0.292182210591035
0.075231287245504
0.0463161190733559
0.0331662395795627
0.0617426400620726
0.0928117353757232
0.0839296316907215
0.09637020637624
0.140838318634992
0.22055897290493
0.210946887268391
0.157032805901038
0.141657660517998
0.0579606206378527
0.0547782235439065
0.0366979831853304
0.0384040073319081
0.0285607432101191
0.0251231952775785
0.038163937029112
0.0402299932508448
0.0667360038394335
0.0567254717361342
0.0199522280661291
0.0419493958770981
0.054817867367496
0.0453664754873231
0.0663050687053039
0.106997363043503
0.143751172063912
0.121107149086217
0.0780161898927426
0.113839381972125
0.0795993393273772
0.0932451255564658
0.0315785666664004
0.0721578973553662
0.11169796413949
0.109639940822151
0.0864770166898813
0.199281661806192
0.181535192253192
0.126885592147378
0.144883710733587
0.108747797852134
0.0860232024921778
0.115011073269619
0.150014276119379
0.124634039398283
0.125108037274597
0.141176441685876
0.130185342371132
0.104318205170631
0.0526102763426318
0.0210596734436038
0.0712286150359842
0.117390569039645
0.153682012605833
0.138206648302662
0.109772195264552
0.108761769019937
0.113662942412191
0.0581155847501342
0.096610741769865
0.0972851631463547
0.277344608975387
0.136442999560703
0.0672745019159955
0.0521066002117512
0.113394965096614
0.18282437594953
0.136290491030436
0.0632593373618466
0.165989394775972
0.149629141963648
0.0655589411923555
0.0719871742569007
0.0897764393643638
0.0952119247215565
0.0788929834853394
0.125089530847949
0.148275319312886
0.141882574617362
0.113620022487488
0.118773093369446
0.0990397034903602
0.189960642642228
0.19489132744465
0.0453050405693687
0.194642604286127
0.0697648026042291
0.179021856018049
0.567925651454329
0.652975094375791
0.159718924882568
0.0629327426699358
0.0760411461828055
0.114742115420451
0.11451852572896
0.111324197516985
0.0928674068299449
0.144110811728696
0.201010535168067
0.127556172776075
0.0532725686772918
0.0608756999169421
0.0609188608475164
0.0823824106925513
0.0548640221917942
0.0365493609641205
0.0414705841795761
0.090101684719648
0.0937189955842295
0.109996085157989
0.0990596106051152
0.153341449584626
0.157952138459351
0.0711832238252317
0.0260506824029443
0.0779647990300006
0.0976496805524198
0.076353018630238
0.1086927397095
0.0876862071571703
0.0837033659274562
0.0721504364540594
0.147881187764742
0.144543122587625
0.0857224052862405
0.114791670881227
0.144599371743289
0.10026802944064
0.0823376665053521
0.155927318239266
0.14071010737262
0.0865149320647548
0.0763470711267582
0.109171597818338
0.187902787155038
0.175927695512828
0.106807617897294
0.101302060032798
0.111475912795293
0.0511431398906915
0.0673269999812362
0.0757182175142973
0.102191268545917
0.0967318794211594
0.0527225156190022
0.0563316332726128
0.172140109832398
0.132131517882577
0.0745490287417043
0.0940457969559
0.0874357914930826
0.0829922398441635
0.0522200127648839
0.0725236550288967
0.126113482107509
0.0984188633869705
0.102617848520366
0.0495248164178278
0.0497882012121561
0.120202216709139
0.141626394148233
0.203715020758143
0.153029568404092
0.155903615727125
0.114956949835625
0.0944652694231804
0.110161431546495
0.0916758460390961
0.0858705611442449
0.0798121139884762
0.072071844272713
0.0793787321936981
0.0527732079507163
0.0317295154940602
0.107993334048837
0.137240241970753
0.189401669142441
0.11327271132301
0.0931858538213185
0.096302374133852
0.0781404501781395
0.146845454373864
0.0921983293870156
0.156305482671196
0.148908407348609
0.0811453947245079
0.0882770014142869
0.0881839771007956
0.096367838539319
0.0697491498965968
0.0630050381280804
0.0828861161478245
0.122243197690213
0.122849224386494
0.125048144335697
0.0628947904563507
0.0799015732606856
0.105888966541343
0.11905683873525
0.117489983704979
0.06719215632191
0.0783174542568468
0.102172152629792
0.108079351051341
0.0974745740141482
0.112293791967281
0.0844652695163626
0.0578739030279124
0.152928926298971
0.179114685130423
0.216280025674876
0.266365889804106
0.109000879421713
0.169042936874043
0.206590779834092
0.117351303210675
0.0288772748875433
0.0740944297995246
0.152816743817911
0.100552438567832
0.0774843781472244
0.165653684927961
0.113053752423959
0.0717099869557472
0.116677490755561
0.0942254626780166
0.13876718925475
0.10090876108358
0.0717096722255928
0.0577028156904331
0.0786895516990117
0.1211581148569
0.30816493647738
0.171447990964725
0.104525595956823
0.110119768097222
0.0754848819592019
0.0638713276340422
0.0850311368845627
0.0914162388188786
0.0704518524601885
0.0374361866791103
0.05069379946189
0.0532710660731564
0.0559510433235782
0.0610990990386045
0.0567643718252304
0.0763118689680419
0.0589223712971983
0.0399917784115433
0.0822380106194272
0.0753452573814493
0.063165661096324
0.0676962855494079
0.106166281439465
0.138075031514324
0.0680377768240838
0.0949134706871915
0.151817422424749
0.15807241232912
0.0749001670443636
0.0423565574880293
0.137471108707828
0.240717739388026
0.135789930630226
0.121704344181295
0.0916456814604518
0.0665162688459038
0.0844600434141726
0.0782245844719263
0.0575085446285973
0.0758813095033125
0.0968505112872779
0.10299273270137
0.124726740278807
0.0770462146815775
0.0485561606559696
0.11103656045179
0.202316440558975
0.0871636078771276
0.0626415879363056
0.0539565892941883
0.0512140124005023
0.172334318094049
0.142184812748465
0.098020787282781
0.12955174576413
0.0908518189836008
0.182159605642487
0.184066105513014
0.0832429703802466
0.118943944687422
0.0920100605451259
0.0472722935462636
0.114286760007915
0.106841684654211
0.118103471487527
0.0638655754128732
0.104804366602046
0.124749929986423
0.158091955947679
0.181831712084867
0.0434079752937622
0.0511236819377717
0.0612433135131656
0.119312063105487
0.190810185786949
0.21880526318735
0.215481498071528
0.0910624491230259
0.0400177919199996
0.0497126087623345
0.063205575245199
0.0874268270354832
0.0786743689226728
0.126112758335069
0.0949492308814439
0.063210729815531
0.0482284210091764
0.0684203330601345
0.111037037267751
0.0872320699039862
0.121953670198948
0.142652328148943
0.100493966711965
0.0950243771603454
0.103714651479379
0.102489356048792
0.0662220313539167
0.0777640140944018
0.0815444073058095
0.0686163618358702
0.0825648309950418
0.0782219092507116
0.165039254001026
0.106003370006795
0.118363512838148
0.104106554500498
0.0647210392558637
0.180326537774516
0.168416745913133
0.0672996097903261
0.0562176395908306
0.0697623935345221
0.112433408363886
0.116745136891002
0.0971559003323456
0.101971878557012
0.127964175242632
0.136926499807736
0.214316503053636
0.197468027439196
0.0856043594379867
0.195473233544575
0.295367942122819
0.0493052335572094
0.0981977903835628
0.0696321354893917
0.0477340638829455
0.0635265719475711
0.0615790147871362
0.0938239162802754
0.101000245886698
0.076126095163946
0.0775456921202082
0.0464431219988743
0.114735976373904
0.19310682149269
0.122524913103483
0.0925791562207828
0.0551947417492323
0.054007381817538
0.0556304729214386
0.0546435305879221
0.0660218103989506
0.0603363093581837
0.0806071481049364
0.123514383881307
0.085104818693248
0.118284674430636
0.0896199713295282
0.0851337176749437
0.0454051935796344
0.13703114438417
0.156380906055785
0.0747071647133489
0.0883537411323047
0.0832244379564551
0.162752204112787
0.125752229855008
0.0969852446877934
0.177275396770403
0.116529109636088
0.0837704874077322
0.0848278338936627
0.0980771418869449
0.0798016760649524
0.108704566738593
0.0792896439259283
0.074473637987102
0.0829476468765671
0.0598087342112038
0.0795602893357631
0.121629883099808
0.128839196753336
0.0718317087657064
0.125065628654661
0.143352577094936
0.236141424521329
0.166424477130144
0.0948528853286696
0.121427774510572
0.0912521168570874
0.058622039375322
0.0699458011011567
0.0656422835697457
0.11426108877545
0.102126372242837
0.0615203643697894
0.0720603774373493
0.0778962196567895
0.123306225844405
0.148404968941446
0.0817533124548163
0.04495021076375
0.0368025477987198
0.0583967032672674
0.0865775377691151
0.0624384983737587
0.0740157956564748
0.0423480394904152
0.0379271717169296
0.058177672596811
0.13243243964608
0.124360422280212
0.15291812235072
0.113564121674863
0.034993884881421
0.0407940452558403
0.101452306844819
0.105773748223238
0.305648908578649
0.368515029715412
0.108312461504191
0.076600230313896
0.0655367369104349
0.0889248303642601
0.0773721246228719
0.0631374521772122
0.068582834556998
0.138824019624996
0.172709272294226
0.141822863691736
0.11320672972285
0.0576634240951936
0.0922706977385766
0.0772581852633794
0.0992920365781121
0.160224808846184
0.169054305868061
0.171340163474424
0.10773186461293
0.170241898669053
0.151260835318601
0.222266866763429
0.141120865873523
0.0831369150703833
0.0685030166535318
0.0520975215569523
0.0806634852626371
0.149488850197484
0.222623407567277
0.255419066219943
0.170330003134504
0.117751642105111
0.0829772019492429
0.096151149766646
0.10558062914655
0.0810474110154815
0.135550308025173
0.146802456405323
0.0763879258537661
0.0413206836245785
0.080326394816718
0.0944768429328089
0.0452541492767377
0.0477616356241914
0.0996732881807296
0.130512723143248
0.0564256475309009
0.0546253048873746
0.0653029542014495
0.0996438036543145
0.0909959520055227
0.0961488662006254
0.0914665319389158
0.0582247880896916
0.0522533456524331
0.0920849108832997
0.102857099582215
0.0917619485834082
0.147319027061707
0.187378645257229
0.0738826233587949
0.0915687739109416
0.093933324194745
0.106773037688425
0.0779051496210061
0.090832153566375
0.0756537292999803
0.19586830233705
0.0909016445096825
0.0946764985496159
0.198221023473881
0.147266959303603
0.0679487528911638
0.0702944143266564
0.0578035184975256
0.238122425995778
0.373934020980183
0.104186241948341
0.107027448175007
0.0818191269433358
0.072595570190707
0.157514548805819
0.134682626610836
0.0786540800098286
0.101965843816446
0.0741250113922219
0.188633437284493
0.200121013757389
0.129930239291737
0.101076553365348
0.0618254767176998
0.048597566510803
0.0499741339877956
0.0497079427673932
0.0900376335971845
0.091857773372149
0.0669223156695802
0.183123205851927
0.129998273410477
0.0780586952760895
0.106639161756993
0.0545424237146077
0.0373022153373432
0.08737162727531
0.0941197448406575
0.0679386298839597
0.0978060773943334
0.128506634727331
0.206453834864906
0.15189820078447
0.074404521953758
0.140168695091652
0.0902228949825537
0.0595278104662672
0.0975213204134308
0.159219630645247
0.132530815048416
0.0759430105350866
0.0982877357928389
0.0512827234066544
0.0795756147388756
0.136333660302261
0.140075180253078
0.183628816342464
0.104588018281202
0.0906436802026411
0.0926926333061304
0.0863683535265271
0.15577132280797
0.242032788765166
0.222429583535755
0.0708994944695951
0.0556291003652229
0.0700351927727374
0.0745205253258391
0.0410805425124669
0.0740283437754295
0.0488176411927869
0.109752506233151
0.185862943515784
0.153135788473504
0.0798479671842875
0.130307617437581
0.248306522363427
0.140541570834052
0.0681524478902761
0.030449087826198
0.0457145903881415
0.102609465823013
0.253597614844076
0.210847753111962
0.102180636586595
