2.25736548421813
5.5031942990487
6.82232153844737
4.1616392422022
1.69866449388913
1.59650754442258
1.89934479103377
1.73426231499672
1.57761635352125
0.870755684789385
1.21458104880271
2.17160717408586
1.20664584729786
1.6863108819085
3.18537696520401
2.04437307296128
1.40296552681831
2.01578109294097
1.64506457634746
1.68043205385451
1.72356844245984
2.00415549375078
1.38451600926984
1.76371532299493
1.45405267683899
1.18085435976898
2.6402127186417
2.57129244295202
1.85443148595407
1.78857314603757
1.85365171331001
2.88249357769201
2.72439170113882
2.90071377513177
2.79310961551911
2.39874317553349
2.11001079594878
1.1281288361485
1.43088871714495
2.22294316794006
1.92498005428915
1.24226674282725
1.28847440355928
1.82494590292116
2.67295560332451
2.64550272096741
1.8945330400551
2.92048192244698
3.15816679362798
1.00648858321789
2.62983098913765
2.94645434828115
2.00932557682124
2.26395256155839
1.36726096522312
2.7201120297833
3.9888599771534
1.7770846947558
1.32006737828448
1.2544968285952
1.26053783561635
1.42942900689024
1.7753160873558
3.46568654364937
3.19676456013066
1.78458668136065
1.50082917730754
4.10325144326891
3.79861063616158
1.88628611121335
1.10794624424459
0.79646867780016
1.47007378212525
1.9385958761286
2.25956342212981
1.66756979217996
0.830234844303785
1.01869795185677
1.83301009188757
2.13581993375564
2.2898008927528
1.87811768439758
4.07002995316469
4.85246394754186
1.62975183221452
1.51288135104262
2.49365237855102
3.57732770443467
2.16411932354323
3.5118356603653
3.40994325983038
1.82151896939498
3.39959037935657
2.71255657033151
1.61519941591388
1.48591313722222
1.85511709694007
3.04464886112072
5.94713802868709
3.3484924655849
2.00895161110373
3.58733239965771
2.6822176083076
1.41672599005391
1.22552567002555
1.75838238039607
2.2252168754067
2.12817131898223
1.41376358842583
1.89458701393743
1.59484399436759
2.16222985888438
2.06929538986083
1.70787056674702
2.16925777860179
3.14799465798227
2.66794215425494
1.66421632668047
2.02506363310349
3.38485204225865
2.57702863134902
2.67082173453353
2.51292630797308
1.36050193182765
1.52545765329908
2.09061293255125
2.47586517276383
2.19372231364058
0.939379537481491
1.05368003544569
1.53219788759084
1.36356988678417
1.59635901142351
1.83893723487867
0.918497260002337
1.17091747392432
1.46721433444075
3.26376992192435
2.73077571410481
1.21831569871128
1.34999221818909
1.64216524693921
1.55808258649428
2.28427288593573
1.96999706432699
4.45884037081716
3.87786129829148
4.23727982543624
4.59112653450459
1.71638492187141
1.29459953853634
1.16387812578366
1.94068356516001
3.51731901623422
2.48739069071028
1.27081975813324
1.94232010509699
2.03553638707394
2.51979924031067
1.99477937475502
1.83771764083492
2.18224707441073
1.90156552285408
2.70143988321094
2.85617775239165
1.65353807311307
1.58385283880525
1.10486094013194
1.85800306065403
1.59140980788874
1.69175619753302
2.93573988960421
3.77461232114897
1.12223744438757
0.770546159619582
2.0236076386084
3.9605389019904
3.55281047018254
2.27921231356594
1.65750196101738
2.22279824658913
2.27788010322736
2.6910101507774
1.84632764663867
1.17697619012039
1.26716423517645
1.85890786019765
2.04153751022523
1.79159677308222
1.74703770848266
4.0101029729824
4.65567361757543
1.98748431540968
2.86648948163217
1.77767006225301
1.88024081024808
2.07100472787101
2.24549594935865
3.85263171189504
1.57751336943081
1.6023628047
1.79404670578419
2.20013417355422
1.60111547186171
2.99307644816959
3.76939722431766
1.76727855354489
1.04572845720919
1.32923353310206
2.37627781107575
2.77331747691265
1.7114579636853
2.46915902819481
3.4277162097587
1.85236440743244
1.2616444359951
2.73084388452041
2.42463845438535
3.59558196113942
3.41879860376135
0.856985682093152
1.67787145216384
3.97323891663647
4.04361583421144
3.09059713714911
5.85796048155208
5.07245052868176
3.38051959715835
2.58688947718659
2.21722418640626
4.00328009335618
4.31100107278071
5.33508668871393
5.98098274659555
5.36945783961131
2.85941904684464
2.28154282379533
0.987383220672532
1.13828349148219
1.53998351154608
1.05939705477192
1.15216586981006
1.06177426007808
2.0523362119445
1.92124166908225
1.69299607655669
1.79665976212843
1.57925733728313
2.14126813784443
2.58531878849547
2.76767444204039
1.81844341182802
1.23302344364684
5.86955497226263
8.61261072883554
6.32711830589547
3.52796219510018
2.64737267044037
2.48116867713226
1.91924514398469
1.66890427873626
1.30402803404726
1.38717136915888
3.59222609086358
6.96171936814328
3.04090692293769
1.30179516260089
2.40576635818106
1.94084641422179
2.15742823964988
4.59093796372661
4.98196651119896
4.25226956778283
4.65564564333406
2.81937308376693
2.21803180823023
2.37014266392449
1.7844451605524
1.59298059774626
1.6192957636552
0.755153915597952
0.510677050364474
0.757743472105459
0.781795489106084
4.87911618243353
5.55837037470843
3.58175634822482
0.789657858150693
2.45817620925798
3.52730698957023
2.1272224057944
1.35174121211871
0.932727659622172
1.67458425784042
1.7238564686833
1.44811946895765
1.89271279358349
3.00697237590187
2.17889366411089
1.84264179612806
1.46388806337702
0.511124016098384
1.04217213409014
1.44393902689879
1.06693947125684
2.85582683013761
4.2495500819511
5.67044293123713
5.19391099449858
2.03810668827066
1.20696343165749
1.60456300600253
1.79710676926332
1.46265704576219
0.730799654433269
1.92191887185511
2.08369452558593
1.63548123501725
1.74947841791248
2.13368534702945
1.71660682181206
1.39802070253206
2.10581995604082
2.03804223840812
1.11408503807731
1.24859106452896
0.789768675804694
0.946034432981578
0.561524682500363
0.599972928903348
0.554223828192375
0.622951060033992
0.599702702143748
0.57188829727116
0.793970476007132
0.711992768493816
0.602671186575111
0.578503976285006
0.798395585240607
0.648782951234313
0.48861570644445
0.5421683638904
0.989130615131507
0.82897647784931
0.498873812847596
0.766086155644619
1.59217725492189
1.21438606579814
0.545553487306792
0.665260915403771
0.934587546479307
0.858176067413517
0.75517465519173
0.606936814897958
0.873289966476293
1.0140803505658
1.11778319192524
1.02191657780392
0.768195654840836
0.737713371356867
0.990155340131464
0.366344816964636
0.651541407738475
0.610693406400596
0.516361195081858
0.645119396763823
0.834862293366969
1.05054549232403
0.850628079525247
0.698050596355051
0.825265280241332
1.23071853553822
0.82639157892656
0.653055574036035
0.582820662026381
0.405633330986412
0.45332319599618
0.790395925694955
1.42922341746068
1.20216099937893
0.651603306841911
0.486463162804253
0.851504177152325
0.698327705374629
0.555700160534073
0.404223371296413
0.542376728504277
0.42106722562634
0.767445570566625
0.889207202847847
0.772889199174473
0.554158916692192
0.466363932759825
0.639321142297826
0.430026692021956
0.266397377162099
0.397414783657817
0.519352864173836
0.526282487406682
0.428195562198962
0.598434219681634
2.00803729132525
1.92167788287516
0.625714963162516
0.508751636058272
0.809457177685499
0.718650808269849
0.509706071769934
0.623334561063615
0.507319787794542
0.349533645815108
0.516258802892579
0.87619877578465
0.6574038317766
0.311654170360317
0.362691869382111
0.434806698895691
0.560741600448135
0.379550682024798
0.69033612769812
0.691641643005296
0.589808249320626
0.631034401644674
0.386294728757026
0.355392803573942
0.531346434510013
0.837192100587263
1.01192786000744
1.02343752384253
0.761562455508511
0.819151584353425
0.684107018022586
0.639814080373171
1.08181395893625
1.10479027597827
0.721778215944261
0.677829066433004
0.818994997384448
0.565155612199429
0.356948993104378
0.869426354105511
0.928682411005949
0.446242986124078
0.644855027164177
0.700109374807245
0.42960745585277
0.394634381650712
0.55657484789391
0.827444665698846
0.7975106262045
0.486013984434232
0.536681229679679
0.630926042716886
0.497187978064529
0.563712645130925
0.563454908450194
0.542018783412554
0.746536050668178
0.830525857353
0.892364973930033
0.792582825100292
0.667307420583459
0.749826221800835
0.773079310387364
0.759971210311917
1.43046978694545
0.580478933550736
0.752606816106491
1.20936967489704
0.653449751331541
0.725259680909798
0.932030385249381
0.72598847122332
0.716565736471918
0.88532259582846
1.22174528862681
2.01791369550356
1.64904294874984
1.55360410879389
0.728413494731864
1.54905262451741
1.68559537604324
0.85200905075013
1.08457644083256
2.0629415814412
0.967190604965164
0.996622667885722
1.17882588466527
1.35504686752828
1.4744256215828
1.31393134851826
0.822245712611389
0.635881604137606
0.477885478834706
0.56129195067337
0.695715930718375
0.505348055770741
0.523647761767004
0.504522194902591
0.903311762003973
0.776256528034758
0.55007530921159
0.611491670361309
0.625660434603754
0.91081647623563
0.81510929455739
0.569108834279078
0.531696831077941
0.572180904192416
0.61383482282619
0.719925660763676
0.937357351244909
0.910802685903567
1.57986769118885
1.48515309474937
1.00565684528604
1.05124192489665
1.31049754741066
0.759254055015284
0.789159589772651
0.642552384655525
1.00928192515642
0.744110701285107
0.394240623076393
0.445991613266803
0.730804639820043
0.69065481399758
1.02447222252662
1.85878356364084
2.16205420247773
1.03716454105931
0.769138169279841
0.799828455847861
0.804914639015937
0.765697071750829
0.716483831695365
0.849206983249543
1.68349829463166
1.38782806876826
0.538820948017893
0.577491930292625
0.642501465440001
0.66727772379945
0.668360465566956
0.661469884500131
0.639421193986702
0.727379148181231
0.747228116216461
0.770241013713252
0.36906743920082
0.457539141645739
1.07300271852833
0.6373429267218
0.719746056219875
0.406324674050741
0.784707934858922
0.871977868474478
0.803108035401914
1.03168768676229
1.24357267364838
0.491723776208097
0.541341938679754
0.760315390564792
0.744811792976477
0.525623482841688
0.794337164763139
1.00910279371248
0.524238963487238
0.559362505072675
0.853113514823836
0.662694840310474
0.419909689205419
0.452380529348023
0.377356855925387
0.442824105408827
0.850871674901451
0.826015875645171
0.799237540812328
0.793951989258128
0.643337649245377
0.429197843057536
0.596324768861298
0.953836132508246
0.849935928525579
0.504984019582166
0.413707741713519
0.341726293428292
0.595120246699679
1.11824304423911
0.660702721312428
0.550207686579309
0.702259928899597
0.580099068621344
0.638012487262263
0.646589844311794
0.641319228962865
0.67541112334885
0.577759823554745
0.44398029406554
0.463284861613594
0.854730883055861
0.736909663191724
0.773270126228877
0.788583570109497
0.79431796368041
0.925966158466592
1.2285872546841
0.959463932952047
0.531663233071194
0.417286357907311
0.677248794975618
0.932255614640562
0.92029806781049
0.883404636882044
0.573336915843534
0.498079631197758
0.615531731801832
0.509570174911931
0.526393090637301
0.359544789161381
0.280642745445954
0.421165919872462
0.580535219063477
0.747562059648328
0.62896178643755
0.680557758547151
0.80497340727448
0.480173107533732
0.552398637202765
0.8831494277672
0.905396775128255
0.7280462698184
0.686516901859731
0.766774226250651
0.607492560617595
0.366251562662861
0.511216780829916
0.754855617605264
0.774108253512862
0.591864816025109
0.695121760094105
0.890205585288285
0.478497193949562
0.613733628342711
0.456054893033308
0.343840482513464
0.491224609698465
0.407141900795261
0.325991522697841
0.331453852274864
0.422931995133992
0.566820633877975
0.565133155355221
0.492866200841108
0.499847480150747
0.38232635191883
0.33250921919955
0.53535221513114
0.629459230046435
0.477186492741572
0.604680360431987
