0.19433614188968
0.180985707154135
0.211232490712552
0.173721075710486
0.170912895794811
0.149349251748668
0.173220415094293
0.193747171131407
0.21570634203109
0.215012083583414
0.145672235844012
0.153711596152844
0.182166041849328
0.243773760441531
0.396481397698923
0.533002231957806
0.296799409562187
0.199959340681851
0.294461992416882
0.421817457167024
0.357634417389702
1.06984111395376
1.41609434189971
0.672451078047467
0.348102611982944
0.25648470074794
0.204357313836532
0.199863980273802
0.127834327808796
0.142415530784374
0.246370124113537
0.17031131686916
0.236289792464785
0.281952615619611
0.162989400493195
0.161256221726594
0.167916183409648
0.225710253913666
0.243177695477232
0.162970080527889
0.0988592228820091
0.176647782138765
0.195699751471084
0.474216413730062
0.652646747320841
0.244798002125467
0.143825193685943
0.166865520753139
0.230453552003456
0.188356238038449
0.168939892567329
0.269712736778031
0.301105181385254
0.182376646987046
0.172448328857526
0.290927893609052
0.390966191247988
0.423176819892477
0.279079461324533
0.140136884217414
0.177697798877325
0.182145877264931
0.143934267873148
0.107068802434336
0.312991969367584
0.480250621790313
0.323919486344087
0.394044010369016
0.438396483957426
0.519278042642679
0.480901511088562
0.412165211180538
0.237016483422338
0.149152965217264
0.170571747482671
0.22909175191774
0.176081260163245
0.185257531974542
0.16716201417292
0.134910509640399
0.158591420207127
0.214347070111287
0.188492959535966
0.136967398722613
0.141688969616023
0.13845188180616
0.228885744324765
0.366530149869598
0.453869264578916
0.333944395941521
0.282090372886198
0.165525544252454
0.293965934682912
0.248997807752058
0.186427048714964
0.196397067395449
0.208107391512505
0.227274946073336
0.247072652815164
0.19589687319786
0.242527534458662
0.3083709909454
0.467380708838929
0.305138554167111
0.238301919939542
0.275572039042157
0.25193417108368
0.223545786620619
0.660699195585451
0.646771114147898
0.290210899264389
0.227090963511943
0.314673181954198
0.309447211342683
0.38090589406585
0.480739853986074
0.414670179844398
0.256964627326971
0.576636428323799
0.629830612083474
0.497548576946249
0.417411711827214
0.208431447810002
0.221263447711372
0.306398015345145
0.35680760665208
0.35347882289269
0.422842172141041
0.3615087585732
0.321578167356287
0.267937192897042
0.158021051036215
0.245616425891057
0.210071096133142
0.265139321377679
0.471924775764235
0.361763497856727
0.22080865690525
0.469093961023925
0.931697906130096
1.18389485638454
0.825275421931907
0.37599073175748
0.198003979899897
0.236252543209794
0.22270671516486
0.349051604736762
0.335144027532695
0.488282234207751
0.569632430150855
0.293224064963971
0.171479795181649
0.259437835720831
0.290427641735686
0.14857132779603
0.119223773157694
0.129992617161541
0.1887567417461
0.157022902556353
0.298162175242623
0.256307996758225
0.254979687632019
0.258999769495999
0.190174586079814
0.249282999993496
0.299664502500114
0.254876123802091
0.229365402043193
0.403377302344267
0.454099050922709
0.458527608951139
0.273817982231198
0.183875371643235
0.149229987246318
0.146017082121437
0.150812809139153
0.173430425903301
0.213008517698626
0.224640338508546
0.434377218948017
0.403704992587185
0.236971091905791
0.30348886368134
0.433187524235532
0.356394917724187
0.426170898693675
0.450794116606383
0.482656635291505
0.584812552263825
0.410556600785573
0.238103134823509
0.217111358960312
0.261465040716249
0.335142686201493
0.227788772855313
0.169950450171632
0.239582017546455
0.553736493665214
0.593301798909791
0.347541267938629
0.289221511045208
0.322639937811918
0.212090617136289
0.154731319471375
0.319559136379902
0.530313328449828
0.366351814504542
0.31624240508817
0.39668131424701
0.380142753526389
0.37228463797776
0.233263464335493
0.283099925693764
0.330724348280435
0.170752980320298
0.184648761787122
0.201128730101074
0.218584001547587
0.208512965309164
0.264401626873348
0.431916108838977
0.76955263045026
0.726645934991007
0.569006515939349
0.390715788163293
0.405533356082089
0.275543809752996
0.240771242228313
0.373836070410334
0.341132837982347
0.379678121979724
0.619606230492912
0.422979416192
0.167059980395073
0.38656683348598
0.855045532947528
0.79217787305726
0.617606735057863
0.596671328099406
0.397745808140355
0.307366332458329
0.303925698564595
0.234180025085507
0.286788604380785
0.293512581602401
0.240367595619397
0.178478437743789
0.212307562918298
0.423613564175426
0.456078006007728
0.330222470745894
0.256597678897967
0.210076422756365
0.217123280116528
0.308334750733962
0.332305087184557
0.296869285713854
0.289603991674195
0.312455448063475
0.2270029923942
0.228797042332832
0.312214100610358
0.559526169631503
0.465364251596077
0.430953499586757
0.455518806588965
0.267313720503434
0.392081291843033
0.460140296878592
0.379119522587425
0.257097961932134
0.338135275765516
0.453880299965164
0.426092360510522
0.416588576638891
0.418515533985531
0.223484661887001
0.192667802871209
0.242032359562429
0.347998463530896
0.342467062438144
0.480394419324298
0.482466406605705
0.262083875879143
0.166220928085354
0.304349820347031
0.412601403605044
0.33157188729977
0.252707182388875
0.422378016111608
0.438339962675702
0.505919941131371
0.661507773763741
0.447903587448576
0.178276241566284
0.478823303697489
0.640114084288065
0.375047536009032
0.266421849776867
0.30336239818853
0.248723845438704
0.20323373240412
0.218911407384678
0.326864526149845
0.612246913158375
0.803917193720974
0.626152937190409
0.534945779096866
0.610692244336904
0.500704395937528
0.337854407207974
0.420565149085797
0.770634541262456
0.657991235906384
0.310653454710984
0.298671261328096
0.195083370405737
0.157773827789739
0.234916342082861
0.291223110987649
0.40119744867892
0.444605036725959
0.348591405741074
0.378473726210888
0.365659176639021
0.312418547624847
0.245299961006019
0.286481942450051
0.304680630798758
0.219151448017966
0.247566694417877
0.319040308262989
0.416967716539886
0.32646274991342
0.295339167314445
0.271096678527178
0.361789212478344
0.583941805897704
0.455110217068595
0.179460386774607
0.198089454501775
0.334973274035171
0.573575535388932
0.496559199369422
0.326972841821374
0.427402737832791
0.542804211307193
0.548431252813924
0.31462072544537
0.212308323761174
0.278167677907253
0.273153806811977
0.29242603236299
0.266411473294286
0.296651034390075
0.44141101751604
0.448059411973602
0.629846621060795
0.588148557595928
0.199915869359432
0.523552332752372
0.614977126311063
0.522374036791351
0.442372859446322
0.28995771804455
0.246487488089111
0.193002348827123
0.266288418604139
0.149096473727458
0.172206477774673
0.16898311835713
0.19576665538398
0.207306711018104
0.320567589178617
0.238834776674785
0.28800898532974
0.253118076866096
0.286962231744039
0.245035853276789
0.383217315668587
0.528425883338703
0.297748621678786
0.381243362714785
0.290453919731007
0.254696273249557
0.24414861342959
0.224992707377302
0.217850462665754
0.200658090613099
0.202299671181132
0.168993111818774
0.292731078290339
0.353108782610848
0.346358669692312
0.747190301611537
0.78299321027052
0.403428308825927
0.242187414850572
0.371249004707058
0.611912806049997
0.648429511829119
0.457341479214838
0.34961451535817
0.333022455629305
0.374433145718834
0.439030224050435
0.661901202679732
0.796905968311296
0.693149222339828
0.288594565311989
0.218923787733163
0.355578967119846
0.687307434269948
0.549241167003645
0.314226523825165
0.381309574231049
0.524761816896044
0.574500066940482
0.386721494424915
0.344919019287418
0.336087325742705
0.337378928771101
0.212392442939093
0.319419628534088
0.316040808504846
0.143524180035625
0.263229160967296
0.387677836297933
0.312781857468878
0.404210723213684
0.923672099656149
0.733094967687006
0.249666607748857
0.318520764893904
0.416501226150651
0.802610799731389
0.730221267864684
0.754647412395667
0.684720924684767
0.333566710906181
0.334981101537407
0.310744378495779
0.199584964674122
0.249934533260746
0.496905381043671
0.46207765505154
0.199829203148183
0.438467925368897
0.510207957671806
0.559822449076541
0.4438503175413
0.277321365312859
0.278216633493956
0.242203451626523
0.142157322672599
0.293570320669397
0.345952492365739
0.375612421881829
0.345850183146043
0.365934969596222
0.3004176291978
0.291813184101857
0.331779232645826
0.252618750413668
0.328574998216161
0.461187477471811
0.407274013534107
0.250747305053065
0.15757791798464
0.279502242145286
0.458183593046854
0.436528079989746
0.300218457921828
0.188656759113797
0.198580065348805
0.235601639294776
0.272680594782648
0.206935574859708
0.511413057193629
0.652528799826372
0.513865821388876
0.560046927838539
0.672431930992261
1.08391101386658
0.4883616416372
4.42051049172515
2.51150620828153
5.93854262667137
1.37997518216065
2.34416975523353
0.902676842930979
1.13335138189102
0.851427978492931
0.268807552409511
0.400803801306408
0.317671462588645
0.245680388310286
0.255048997943694
0.370810568440305
0.685449973552531
0.196531490605612
0.468792025201718
0.360198071923804
0.231850989487094
0.168450905867502
0.211917280483968
0.192271248605896
0.123540134800765
0.486031734852332
0.331178990233439
0.24729076251995
0.388429711210322
0.293046147970904
0.131986754657556
0.130386771148949
0.140603763507366
0.0721458898426354
0.115557500109931
0.100065265435907
0.0903446468421428
0.112935309626374
0.131386469234056
0.0963765844126438
0.0797687251135156
0.0856435661762695
0.0976863259879464
0.184964821632978
0.212819287732132
0.162986522978491
0.115553356497408
0.192157832840115
0.0916648051982341
0.0990987422977699
0.140331357256004
0.180320451841794
0.120567125674288
0.112560701497178
0.13536466471848
0.155856781938112
0.0996980994162532
0.0711155451869685
0.196684860034639
0.206048555301747
0.10965103707141
0.115872685445902
0.119392219625633
0.129285627412713
0.104801587358808
0.0639306694292827
0.109719225585003
0.138784050882015
0.101575186455999
0.0951947649678197
0.236066862896198
0.321148806880779
0.293452621487643
0.278304797844828
0.140614734932893
0.069283500573936
0.0783572603904031
0.105569320043042
0.184734777728167
0.124746117831818
0.109890028225255
0.096203726162515
0.068950287267562
0.103115787184464
0.174730154547649
0.533786309643592
0.678583336862889
0.255653616034594
0.115436390791774
0.082787760104697
0.117687019506412
0.133035261010956
0.133460025793091
0.231586504998412
0.334168692309847
0.201988508343747
0.072624140947305
0.0696336201253226
0.112833397649571
0.128608628088385
0.0904186255332541
0.154369176266071
0.147631794072251
0.221750384217968
0.370611376455382
0.278069535114449
0.155332017668442
0.276963936552702
0.222565155889291
0.200571305621709
0.221773461481099
0.228586336554326
0.142259997407172
0.111144610505895
0.141458373927434
0.143221709344446
0.182665438480089
0.263300170359679
0.337774895444613
0.259401257843852
0.180160529179974
0.100495145926959
0.117265412873437
0.128743714825408
0.219848336375733
0.356388054719553
0.384023908427183
0.306749757783931
0.133301410879996
0.125461117591222
0.362028864625679
0.320683006725484
0.284461642144733
0.381661329731906
0.336010382685782
0.108844342168027
0.182060411967556
0.270682676444407
0.113038666192943
0.177724589420858
0.342761845803889
0.332818052967636
0.140522454644419
0.14492196222712
0.156495201807766
0.114890186355334
0.0924189044178922
0.131115281554786
0.189791745969383
0.0908793144426023
0.125787533170573
0.160493481022889
0.472654247250293
1.02820945946633
0.684513407616922
0.143358898684742
0.1320963672467
0.208326172797356
0.182146749894896
0.218425616938185
0.31015210761015
0.194951966095295
0.213681394915678
0.122463429311092
0.177886233295256
0.254650429474163
0.29239583606154
0.121901937756589
0.181766952192673
0.0969391623938541
0.218031362736755
0.253758810329653
0.40267366287331
0.468326494065018
0.237115527101241
0.206753703206946
0.165319881304404
0.124311103749681
0.0842827259779486
0.12982732619338
0.251464902015166
0.299513722118686
0.341554232518786
0.232824754525145
0.235698342544024
0.199282194701487
0.222709335935736
0.200907294966542
0.0912397840894341
0.135590160206342
0.358144622989253
0.353081442420598
0.123110112604503
0.0991087956317216
0.210377687390888
0.301478808158008
0.306923149748208
0.345211639946695
0.301341421094808
0.395223029878001
0.363998416846737
0.20674240658678
0.204111100903035
0.111366945276437
0.087205782658809
0.0781866166422691
0.219779736326418
0.146544431419236
0.105919948089046
0.145257723457699
0.138127503749615
0.52458142424802
0.694155935594802
0.384336563554097
0.136743716371862
0.0921850014398269
0.119399857666579
0.174655114073545
0.183406362370208
0.203186386759803
0.22683833258009
0.160460608556141
0.104584281001878
0.113367001177627
0.146999187311552
0.116427180585998
0.176180264114441
0.170952914988584
0.206101460985648
0.289558189256385
0.215007452798828
0.166837680443563
0.236052237513467
0.212801809729538
0.233161652707265
0.321950321430625
0.361357251079064
0.343966679794369
0.271481976998014
0.20923887430117
0.218649176602133
0.157213976438612
0.127340425427329
0.144505693947412
0.148017758531903
0.168549196372685
0.143754870960348
0.217088013039711
0.330884376497045
0.321221721398613
0.222037869820474
0.391204341681313
0.49151908308542
0.370554432924697
0.183479217775239
0.234063294727134
0.270509367118983
0.181009587315501
0.255822756634506
0.254020603232432
0.3406892899154
0.333262990539169
0.256413955902114
0.161796298153971
0.0954292132186499
0.165958361011755
0.236818274082883
0.264587268629303
0.230530691285823
0.173207232995461
0.239820026311816
0.24960872883334
0.257697408359959
0.355833500478376
0.461540663564291
0.761324012749136
0.679495301704671
0.332196704668607
0.185953862542986
0.25734471949402
0.514292149220409
0.78043668990254
0.533783335243122
0.252587271514914
0.206458237602023
0.280586684653931
0.195902594707048
0.160791990058666
0.238741150648684
0.379597247600226
0.281501102865966
0.196853169246482
0.373132559373531
0.316919016944692
0.219033146410561
0.175180460826038
0.217590438122602
0.229251419982264
