0.0114730072999454
0.0101616038146259
0.0109435589929567
0.0117163082683601
0.0142073145888569
0.0179093987637135
0.0174132465069795
0.0147309847845372
0.0183876600916061
0.0198541071909478
0.0118123518024804
0.0122646694253091
0.0139427476103447
0.010333128258858
0.0140073975028508
0.0236086374270216
0.0213731123885451
0.0213392958637821
0.0163331142486472
0.011138860318917
0.0132133761903787
0.0166981906588802
0.0129520842554779
0.0184658967858113
0.0164703783747518
0.0149824520685103
0.0168135575394867
0.036757167149034
0.0317429906778055
0.0189739594697582
0.0152269891463814
0.0107304097823674
0.0181946388891221
0.0210279619003672
0.0177380334704809
0.020646984411049
0.0245288902418035
0.0196309612327001
0.0151995057919654
0.0100428736640875
0.00960724683855646
0.0114611638265482
0.0142974802215106
0.0172190346527322
0.0184211208398059
0.0138863613684947
0.0116400029898601
0.0105351449352395
0.0119449976785624
0.0139806784718094
0.0171537342411557
0.0144632312291864
0.0141179059267065
0.0166195165530564
0.0120289947691241
0.00976394405833216
0.0118361085407679
0.014410889216069
0.0132296681499032
0.0131005020408161
0.0151668428843244
0.0167973883793626
0.0189248575017026
0.0169448716631894
0.0149686271656553
0.0146933111745066
0.0111596891309689
0.00849309487969267
0.0123408923794214
0.013436411925822
0.0147704391508162
0.0194061517986036
0.0196627247752416
0.0129141179946673
0.0119511206659023
0.0172319335946021
0.0201628587240678
0.0366978110464785
0.054131803990268
0.0807417122260242
0.0732753606343187
0.0371198725941136
0.0193161399164097
0.0146858982858001
0.0181460846584592
0.0334602079145379
0.0372623119100901
0.027487703460954
0.0250319358638221
0.0155283434986004
0.0147184288571574
0.0171194777339138
0.0198796397253832
0.0197657232424409
0.0205893674382539
0.0202574247981571
0.0178357629070102
0.0165358453594041
0.0122728283514059
0.0152302383793851
0.015894513161486
0.0101453314181172
0.0141782650218672
0.0164129629986827
0.0132302607993474
0.012680007480611
0.0110752953898216
0.0113440002912491
0.0153586924889931
0.0169443397098647
0.0179838307993579
0.0188331347683999
0.0152725261489063
0.0136148480071092
0.0153713872483358
0.0155264724380919
0.0212186273329442
0.0223127855513925
0.0148662972731855
0.0124114433402228
0.0126488661582674
0.0137072009075111
0.0153325739524108
0.0159522156302897
0.0173026976148314
0.0125523606291203
0.0139929144221513
0.0339527405077198
0.0413675801505768
0.0137619620070321
0.0111858483466534
0.0113653945546854
0.0119828490416666
0.011203216540844
0.0143793002454013
0.0150878641587686
0.0115074805352052
0.0101907898785129
0.0197323218709901
0.0311390281759675
0.022536579053612
0.0174154849339961
0.0219439809331463
0.0154837907054939
0.00929829042734164
0.0120631018920129
0.0103982767821867
0.01707797344026
0.0257301613600368
0.0345325875075362
0.037063542798565
0.0149513241416171
0.0137852454599396
0.0180775551689605
0.016932862697122
0.0147200183131058
0.0140286665917683
0.0198881559558052
0.0241965956437502
0.0134848506823532
0.0186830096746495
0.0254298743604042
0.0186107140567249
0.0176569697270187
0.0158445233829693
0.0131585646184996
0.01251214980984
0.0114080976607992
0.0163371716471496
0.0163336701672782
0.0176618297268205
0.0177695342491366
0.0144305638185272
0.0105971638077208
0.0110509695010808
0.0102760866814289
0.00926323854983806
0.011758314665759
0.00954376838189751
0.00918399588411199
0.0095004814332983
0.0102534310158048
0.0112783611675299
0.0137905824676704
0.0160884709931123
0.0180853171398679
0.0163185502592628
0.0144061938415693
0.0143400047294647
0.0137320802903608
0.0121029286106152
0.0124344793390179
0.020525212647446
0.03893609659311
0.036954282755577
0.0145028629701864
0.0180925355291446
0.0185129918837803
0.0187836029754233
0.0284434516938441
0.0217375222030512
0.0124104947123557
0.012121314166297
0.0118369099450129
0.010673082065417
0.0107504845693463
0.0110947727427679
0.0162190529510959
0.0166689396214729
0.0143343783370678
0.0133400829186512
0.0113079966103451
0.0118056470605386
0.0109408534324771
0.0096221275917329
0.00974010425689645
0.0122787991538091
0.0140142820925319
0.011539036156213
0.0111902348177813
0.0116748452583758
0.0140446183711607
0.0157834342904197
0.0176429122815925
0.0205544657446094
0.0141019607995415
0.0092098757268666
0.0124773880247274
0.0131212689251878
0.0119506667596543
0.00884535280572306
0.0115124855071812
0.0119199457723109
0.00876821165477713
0.0113650055071464
0.0140430465545785
0.00893179079648054
0.0124085780194004
0.0128056698216455
0.0099906574773774
0.0103628546405591
0.0110945351466509
0.0152091659225694
0.0175127740441984
0.0102890351408669
0.00795472687703855
0.00834144226475695
0.00858759871295993
0.011693845912789
0.015057143199856
0.011564897888994
0.00828319705838352
0.00727832651804898
0.0082041419106093
0.00821528459213088
0.0083047160726958
0.0110543040259412
0.0152272093363741
0.0157217482577603
0.0130003806395422
0.00998092905684188
0.00929832727188875
0.0106731709946512
0.0100850261301948
0.0125412689606158
0.0124380293298878
0.0104577509228914
0.0107258736197336
0.00936160349013091
0.0103288577655108
0.0155793772531774
0.0160394910401789
0.0102155086109145
0.00823838191149281
0.00992014417139565
0.0133340764177515
0.0123578757778207
0.0146930930156217
0.0150905331777273
0.0109076913253458
0.0124940157414067
0.0124349840462859
0.0172347815615027
0.0153211329681954
0.0203101632915646
0.0221226096682748
0.0223559306674508
0.019304888664533
0.0105430741709798
0.0129221581259824
0.0143980876522509
0.0114395446888739
0.014327907497859
0.0139201276809186
0.0126174969683793
0.0170185783029607
0.0142096223097778
0.0145479260935462
0.0114610159798452
0.0129114766440915
0.0159818793995261
0.0152379727259765
0.0124437481669529
0.0135277621972783
0.0115222065997373
0.0117903523142201
0.0134250795345444
0.0174851083650507
0.0179635151796216
0.014945146189255
0.0179577953444941
0.0211505918504388
0.0160377535736165
0.0134857737393393
0.0147370928614516
0.0115748646439118
0.0112430318031027
0.0137077203721068
0.0144298733030721
0.0119944358876421
0.0117741498662762
0.0124338934407844
0.0118705426567993
0.0143217236371074
0.0140705554692425
0.0121501009828428
0.0153903526690402
0.0143943481710244
0.0133802430750583
0.0128465109043401
0.0125073966809297
0.0116988656515295
0.0125330629648946
0.0142032909143109
0.0125117965126737
0.0133143821815622
0.0135786457682429
0.0135287936435836
0.017598164971206
0.0126038230270393
0.0107473971352572
0.0190526768571288
0.019490698524384
0.0111541331577778
0.0130805224486839
0.013300123440327
0.00931949733022428
0.0120261357493075
0.0168168805739156
0.0179354112506129
0.0200535534249869
0.018769332003062
0.0132282898598267
0.0179124724454195
0.0199476706433225
0.0204982774375483
0.0197687028199468
0.0189194587725553
0.0229897403336993
0.0217144090906222
0.0114252601511215
0.0151192489657593
0.0165151109892526
0.0180781138255156
0.0169138925315192
0.0146070828934665
0.0123120450401282
0.0142896092731174
0.0143042883396263
0.0118464016935155
0.0116915383004899
0.0094868177330349
0.0127058389490847
0.0176699864805418
0.0250894469766755
0.0315370686726146
0.0314346609435605
0.045911913474739
0.028985431004735
0.0149344750720493
0.0148971437421621
0.0131251759231045
0.0142249957595185
0.0169662730508409
0.014673481932777
0.0118114530402709
0.0136722794188679
0.015087378939264
0.0145944415043228
0.0138785645391606
0.0123436761316962
0.0162908861734199
0.0169233377440602
0.0149712272381098
0.0160398982847259
0.0173787972733179
0.0172144866144264
0.0200763654975913
0.0233181845564745
0.0195177708058686
0.0179374063680013
0.0218445274266787
0.0186514421695129
0.0138159772949382
0.0215563374455221
0.0130674212776754
0.0176945068262956
0.0229036773836276
0.0155109192776951
0.0127056511314658
0.0144952929294924
0.0167881059830494
0.0163945515620231
0.0202137610567214
0.0170182774737605
0.0106241307976993
0.011541423172767
0.0103759267925055
0.0163253136977028
0.0146761875139542
0.0124920546488121
0.0138868223953179
0.0138634126586055
0.0114884977969373
0.0106115830167415
0.00965680262716538
0.011714243507773
0.0210508545847582
0.0206172701804779
0.011335963528673
0.0109994888407204
0.0135811285250134
0.0216273501789879
0.0210778008970771
0.0118213185459436
0.0137921660200299
0.0163944489188477
0.0124797032983538
0.0152639048494885
0.0144579667417732
0.0138389163799294
0.0132874144660105
0.00988045357106289
0.00952654083589218
0.0157599190188152
0.0152360776451598
0.00881834898565823
0.0110571218409957
0.0115122252279436
0.0108156165403097
0.0124189365735413
0.0137491361158825
0.0139788670984352
0.0122069078746412
0.018038789604985
0.0210812584542604
0.0162953669847112
0.0130855124762055
0.0244781467003484
0.0269372719837396
0.0140132207686021
0.00878897737004821
0.00971917674560994
0.0128267245700373
0.0125253337641767
0.0112777807618338
0.00881964024607098
0.00795262962010385
0.0119631362517451
0.0117963638611536
0.0124888292613016
0.0121225208396498
0.00879626360605961
0.00934346317358768
0.0117240358030756
0.0100074278881373
0.010181921591822
0.0111615920245885
0.0131672120500348
0.0136067631934437
0.0137507479139614
0.0115400348824056
0.00856493263231646
0.00818745944155848
0.00775779987420718
0.00979104560737734
0.012012419170971
0.0129856113172306
0.0168473222241143
0.0144345047739259
0.0109637382806718
0.0110356702509133
0.0111479957539886
0.0107785575003904
0.0131428368570862
0.0150902463231777
0.0128627448789349
0.0106632606558527
0.0101606763556452
0.0124959098670305
0.016748773649628
0.0212850442194278
0.0181091029483105
0.0147624615327255
0.0193088024550057
0.0154920730351432
0.0102772707286732
0.0126902184977309
0.0135815888521394
0.0130517203623705
0.0130571202680078
0.0117665141307874
0.00955454285233653
0.00938350005401378
0.0116752257033737
0.0135852697558155
0.0154278259825844
0.0170003893581427
0.0161102435925269
0.0192866853172718
0.0179638245684438
0.0123215526560464
0.0123139244781281
0.0111271915231997
0.0154223667669552
0.0204956561129868
0.0147361761648334
0.0193233375791476
0.0147347925677691
0.0123376734979194
0.0164549038861947
0.0203636821268112
0.0149318604357506
0.0104956361089223
0.0109643120478156
0.00893150200638072
0.00872070193606729
0.00866001930850504
0.0105538606794737
0.0131262885292231
0.0157761019445765
0.0150390461183406
0.0100719951433063
0.0123738128693784
0.0147561331916024
0.0137919181232745
0.0136269060047965
0.0173123700148535
0.0165970814570829
0.0121063232409403
0.0174130839402206
0.0219413878305419
0.0178430300315633
0.0184270706202397
0.0167978973302771
0.0170739956769859
0.0174604595708859
0.015325742149713
0.0107050177756298
0.0106510635298886
0.0175407230373579
0.0153351793784804
0.0142123625011603
0.0142040741291349
0.0124370472628777
0.0141724701542397
0.0152223730799594
0.0130110944729447
0.0110436076077027
0.0127849592149915
0.0123669023391682
0.0113221818534775
0.0150513761354339
0.021972935763563
0.0206680733051302
0.0130246614923756
0.0123117751739178
0.00925294762465852
0.0152213050978536
0.0199131402831325
0.0267793591678255
0.0261419421217515
0.0144836285792341
0.00970611711324976
0.0126606809530111
0.0187646020995202
0.0200199473522249
0.0177020261838959
0.0128275992227215
0.0115413249665566
0.00971104305692618
0.0118523440676533
0.0164836820142121
0.0149079382170479
0.0195804259830472
0.0172533867301222
0.0182103260865296
0.017368953625789
0.0208442842011705
0.0227111538908053
0.0205984737760174
0.014413826180195
0.0164667780295093
0.016125097746973
0.0121152254875138
0.010948996817466
0.011030958606328
0.0123176987306669
0.0141905823063297
0.0129880559944275
0.0126887402379017
0.0160304123818423
0.0141094343476409
0.0147438721831562
0.0203631101261122
0.0141204568809079
0.00992918934712649
0.0100961971291762
0.0110325954446561
0.00763933371167691
0.00867588738527617
0.00906152011468042
0.00952883863145766
0.00932989046325431
0.00983943718453188
0.0118781064988512
0.0108230649484309
0.0100490474173956
0.0102472485731225
0.0116008790657298
0.0135939889424959
0.0123043710810757
0.00833213898532908
0.0122936664027253
0.0146587353799272
0.0144903898407607
0.0187079262079011
0.0156088208719521
0.0128771804111672
0.0209645129818211
0.0202095916602661
0.0131598314248544
0.0169315271119678
0.0144046034876494
0.0157059892143661
0.0151573286587169
0.017154951728538
0.0149915878716565
0.0209563867839577
0.0243148273243019
0.0221655344923019
0.0215856906961662
0.0238349339799307
0.0254493490808781
0.0104518340392668
0.0111333974033428
0.0136437411691544
0.0147184605105672
0.0163070570740626
0.0167510904720528
0.0162742081088817
