0.0135932703543129
0.00999365114128515
0.0121183637941331
0.0104429805747546
0.0145163712875253
0.0193465636135348
0.0147994708042196
0.0126696431914335
0.0145205676413167
0.0185324322927935
0.0143301536613388
0.013440188712885
0.0108892193964872
0.0097026314504663
0.0199649418665259
0.0207429800161473
0.0162957939577023
0.0212905771628112
0.0175714521144268
0.0132882947333929
0.0144318240106813
0.0138080039018614
0.0153048513108935
0.0202923332787117
0.0176839604056668
0.013072203499035
0.0166981427305534
0.0280727045055751
0.0278163066967029
0.016379679085365
0.0168323665622669
0.00954248758177741
0.0275576240733191
0.0272832961938378
0.0172984552119306
0.022843717905251
0.0234793376236194
0.0172021583673057
0.0138402281345813
0.0118367752489503
0.0118858904036464
0.011524646855118
0.0108265832440116
0.0110077962002493
0.0132080576649327
0.0131191532460578
0.00939966227339043
0.0103697730807442
0.0101313556730972
0.0110594901898639
0.0132513139598006
0.0148224202504891
0.0156655617925101
0.0178685368429362
0.0157964570510228
0.0120196605377143
0.0132925450396455
0.0171108209133487
0.0165661381146364
0.0145033811792425
0.0136941917589045
0.0212208367534296
0.0224054678469148
0.0141319339446508
0.0127688227160611
0.0138867490638255
0.0103643454477777
0.00837486894093617
0.0112902186473338
0.0143400434510579
0.0204448517036267
0.0205919654822115
0.0167620091799185
0.0140548325033125
0.0157004730409181
0.0242229646054634
0.0268091345989189
0.0318079432151111
0.0436709874333744
0.055549809913041
0.0538988673126526
0.0371232300592027
0.0197394853265798
0.0181025779046961
0.0136232794565731
0.0218013402643412
0.0197427516747245
0.0208730516291132
0.0210381173015977
0.0125583746966635
0.0128819346904146
0.0123091508228265
0.0107011813769084
0.0142088438477186
0.0181493592535755
0.0151946552804013
0.016991586123727
0.018222386012633
0.0102180046127316
0.0143341246350998
0.0143705517716947
0.00739777446792991
0.018055307572353
0.0195619598428016
0.0119241565656765
0.0100250951599463
0.0085113259860931
0.0118683224948582
0.0150923064033283
0.0190734971586276
0.022047152809492
0.0224840279595229
0.0216003329482198
0.0146268077697468
0.0110552182966423
0.015529010831579
0.0191773940083668
0.0138223512277665
0.0103096072304768
0.00933935061127314
0.012633620906454
0.0149871631994412
0.0165858563624251
0.0153697172112546
0.00941105314661273
0.0105040456193767
0.0178540109896188
0.0567315216327525
0.0431739803753757
0.0110880383751187
0.00901387428860774
0.0120861351135048
0.0126066990103227
0.0109027813567959
0.0132696394011642
0.016541358348239
0.0148911914852601
0.0106079645925147
0.0181602152713742
0.0318127030913244
0.0281192941858209
0.0214271110389995
0.0215134671751676
0.0119834455557473
0.008930022761701
0.00877442548533005
0.0100710475948989
0.0183158778629375
0.0303637787945645
0.0472391517543843
0.0439929781787525
0.0223809243978215
0.0114527016197036
0.0155744750126964
0.0213177814610029
0.0163397390935441
0.0135619633136656
0.0162551739675168
0.0223525409452575
0.0147131946286963
0.0172486749331171
0.0199747908689308
0.0145176038924637
0.0163942636599337
0.0141645329075393
0.0111992704348904
0.0110038479090583
0.0131306993480951
0.0117642696152049
0.0114554900090723
0.014161962424619
0.0134567857669855
0.00987129712111216
0.00964511089735302
0.0094938689545168
0.010966395846125
0.0114612450599387
0.0120087278083212
0.0123286161273684
0.0100688249076571
0.00940166486715726
0.0100425444494311
0.00840578806022078
0.0130051999680463
0.0158676502911887
0.0118871212365814
0.0115611794244943
0.0129701311986827
0.0138907345735326
0.0147222944659227
0.0117727509812937
0.00835304864523868
0.0170736181507043
0.0275738419600564
0.0217123829370846
0.013787272459348
0.0143818025519396
0.0123280649595058
0.0156541262730321
0.022950656880574
0.0181050849932947
0.00772937615717467
0.011117803915463
0.0107326701960187
0.00821130149871861
0.00920031912805342
0.0112223470767097
0.014563252713382
0.0140604607175598
0.0170886273063904
0.0144505453991902
0.0125680712399172
0.011722534445375
0.0121185553048167
0.0129990323681468
0.0165127450763268
0.0206866000669468
0.0142807800640875
0.0084873652557449
0.00937281351497956
0.0109003867077822
0.0153540201267251
0.0133196051227497
0.0120335344323461
0.0173960594984103
0.0177732521139822
0.0161109998431718
0.0198403113593256
0.0109518474930577
0.00855044026261488
0.00856387971551286
0.00984420255262611
0.01163524566797
0.00802252586165337
0.0082444494489257
0.00843039798920878
0.00864770135790071
0.00945598301078534
0.00892876559701723
0.00936863336280989
0.00986490776523881
0.0115700968488844
0.0108373950542553
0.0134977752567392
0.0108153797189591
0.00945013363709746
0.0110502708626781
0.00843319248168069
0.00803598925342614
0.0129724664009164
0.0133435308573142
0.00854895950329173
0.00872226506891999
0.00938376800374883
0.00929413490750151
0.00863750946229227
0.0136030914627443
0.0130547953557361
0.0136050805307491
0.012906132360297
0.00825343516201312
0.00789201283976115
0.00621229186128668
0.00676290782355002
0.0109707050541718
0.00963392464205795
0.00910198512062589
0.0111657112276894
0.00983331744218346
0.00899824647860506
0.0164864692989289
0.0171309856182437
0.0101960747385563
0.0116553662465471
0.0117284471438786
0.0106332505030605
0.0107969111211979
0.0153790529699489
0.0174316586032473
0.0139368836693517
0.0139657907625091
0.0125699285369855
0.0146296387532299
0.016360551514327
0.0167618524859523
0.0200445624448431
0.0167998116525754
0.0138695912042241
0.0118349514973759
0.0160131025994568
0.0146105951954829
0.00976603623793336
0.00804298230590186
0.00938191054101335
0.01304893553145
0.0121575928195072
0.00971999431752182
0.0138687482752265
0.0141708846028795
0.00921655836254565
0.0164480619387101
0.0230275333949404
0.0164153256509893
0.0138810216146986
0.0127122289629355
0.0119037452026017
0.0120274943744767
0.0136469740285227
0.0160872413919816
0.0144333642885321
0.0118576539758486
0.0120754250791509
0.0115536328629501
0.0132160127054068
0.0144524777388242
0.0104887386268351
0.00937535665120615
0.0108566628532717
0.0145182961064846
0.0145230848370276
0.012081082625299
0.0121737070546586
0.011857854847085
0.012783883646931
0.0135463087571502
0.0142009806247173
0.0149037184717092
0.0150016112121637
0.0125245064889967
0.0108192591558343
0.0140158981907157
0.0155674829970219
0.0129398546686574
0.0100042711797907
0.00978812550147668
0.0101856052603714
0.00901455857205386
0.00979148629860875
0.0124833734027363
0.017506606844821
0.011076600999375
0.0164424150883576
0.0154473844160411
0.00890671587419639
0.0141620000038398
0.0145038403624903
0.0108357172681597
0.0125000229439975
0.0151772393903653
0.0140724327846942
0.0184479819712915
0.0166140707170441
0.00972681135069889
0.0110081654092626
0.011942704272713
0.0115154879668392
0.0165777456956428
0.0195418814701958
0.0212084053949451
0.0125475187808842
0.00762305654927783
0.0122397681343172
0.0159790860823847
0.0141802229647509
0.017054145205128
0.0167866708049484
0.015950794067609
0.0161471856510624
0.0144477713762042
0.012618878958654
0.0148780240558345
0.0160280161924719
0.0115206945933553
0.0157337528908152
0.0236728689496932
0.0287863428035896
0.0370856282819523
0.0490712034432026
0.0351008163758411
0.0109174813363722
0.0143440641801549
0.0179369566028601
0.0111630301531881
0.0140752175286978
0.014700728294524
0.0106141261938594
0.0106321923166985
0.0126427230810633
0.0123246451365068
0.0113332845213021
0.0134250390908353
0.0157902317156206
0.013575348913228
0.0125038682383058
0.0141302941646717
0.0160568081199864
0.0146196846223582
0.0163191092261067
0.0168238915815049
0.0158965225985035
0.0158462443497355
0.0187415046972153
0.0182142303689341
0.0140563347205647
0.0190180880969739
0.0153734054878194
0.0149606611871849
0.0164686795294501
0.0089734832309494
0.0109940357495084
0.0104445342576452
0.0105300573107815
0.015334560611774
0.0198911568663204
0.0160710942253007
0.0130341051172802
0.0144183342637425
0.0121701133106745
0.0170593786313233
0.0198023233710361
0.0140913621498816
0.0111116154024109
0.0141646636485334
0.0132663382595611
0.00874381449834089
0.00712378728814919
0.00967612240319111
0.0199767156338775
0.0209729382741821
0.010068614640137
0.0106582592348197
0.0128972739252332
0.0192599868482079
0.0189381450224764
0.0116212128871241
0.012816149585545
0.011453973307877
0.013727531783136
0.0190324236063696
0.0146013504987755
0.0118148301878545
0.0110036661468343
0.00883321737633187
0.00920698726313462
0.0126295821208165
0.0131423901810044
0.011418087761118
0.0110319098641487
0.0110788250342608
0.0113399123620262
0.0132118738352036
0.0103941021206123
0.0101649857052241
0.0115430330737073
0.0165022244033496
0.0233927251273081
0.0188049608374571
0.0134525200578716
0.01993364702351
0.0252718977409949
0.0151502543348209
0.00825108885948981
0.00969489579564431
0.0115625969275585
0.0109407594276865
0.00850932449382413
0.00946291059587561
0.0121044403280867
0.0160201014295789
0.0144104057044612
0.0135496410909763
0.0137251937500611
0.0115605198087754
0.0075103567009451
0.00768213593150468
0.0112790609897447
0.0139855421820456
0.0158621456043981
0.0117564587577076
0.0107892581074763
0.013580299850961
0.0125859863890097
0.00878648904053368
0.00991145668521459
0.0108182232849827
0.0107576137395697
0.00975427235672848
0.0119741213308607
0.0196266033718373
0.0148789490370336
0.0110411325368738
0.0112579473315719
0.0137732283653509
0.0170936909837608
0.0157216263945272
0.010592140935924
0.00945835223827042
0.00843917105131428
0.00937056498695747
0.0113658163367667
0.0138607264675532
0.0169027043801714
0.0141437262938527
0.00947131711355555
0.0164880836239491
0.016396542432503
0.0095187609583005
0.0194684256040665
0.0204953835782635
0.0135873157518239
0.0126204677177197
0.011168540304517
0.0125079738040349
0.0123561313482517
0.0121525626529521
0.0122950765580027
0.0119205336763859
0.0205090007682786
0.0162576149844265
0.017616803916519
0.0141555381675253
0.0108141397273237
0.0110181288125272
0.00981617735779891
0.0124905927794078
0.0144774515116708
0.00898087288971039
0.0133041885949743
0.018247604879479
0.013286703767981
0.014625748840125
0.0192938731894353
0.0172264423505343
0.0101238945117951
0.00955725986199354
0.0102097119201633
0.00874541986253031
0.0109066942069172
0.0107065009466349
0.0147854995863532
0.0114526242739741
0.0123200518806466
0.0131176256227622
0.0105355182095949
0.00952646122935771
0.00731333328396659
0.00828627666614391
0.011859651779416
0.0145005986941812
0.0137613567116454
0.01451608088831
0.0180251573978723
0.0175709331556307
0.0123732342933858
0.0139912416727071
0.0170357257081601
0.0136082442906455
0.0121040170117557
0.0102202726705377
0.0116011553382712
0.0144653201417424
0.0133271757309756
0.0117813455391781
0.011905560522508
0.0117924175512001
0.0130297729195545
0.01869649158188
0.0188664280858301
0.0132634515996996
0.0122230216752826
0.0138063136622573
0.0137291479027589
0.0121613450868684
0.0306702544447198
0.0286424118843935
0.0105847913860016
0.0080161405042589
0.00890976717781811
0.0101242033317973
0.0133972238754659
0.017491257059395
0.0159294759979329
0.0107486008687314
0.0139241262011935
0.0132879093024206
0.0193320071951233
0.0304808358612594
0.0248386151810027
0.0147007361077014
0.0074762170266365
0.00815214556016144
0.0122123601725278
0.0141576102536128
0.0150581421763788
0.0143087361861029
0.0108620244175763
0.0123690744288572
0.0116780191897164
0.0130759940390467
0.019089942028809
0.0156570435643145
0.0103028820701135
0.0114613485700977
0.0129404454095058
0.0117259677538847
0.012865423778609
0.0125405185660335
0.00939318013924044
0.0124585920317422
0.0136851866727229
0.0139601584996695
0.0137494499520959
0.0119415081122874
0.0118264718945597
0.0140110754572276
0.0134187503976603
0.0144501721301045
0.0093523944316738
0.00815948761710593
0.00919185054382754
0.00999553099585168
0.00925404181840533
0.00738293970587086
0.00976279636496279
0.0148337181746993
0.0155005572178879
0.00915258880783024
0.00845237583870256
0.0103699605292509
0.0125898925292647
0.0131279760403019
0.0104321244576372
0.00823380033385856
0.00909158024739467
0.0139381534537388
0.0205309185714856
0.0267872714749464
0.0183149610914196
0.0150285757456013
0.0186884680878056
0.0123716246241283
0.00974280117287801
0.0137400502047068
0.0122176950762186
0.0143714808280536
0.0148806482138738
0.0137089509555055
0.0130820779604537
0.020030995404486
0.0321985816868568
0.0258519567470492
0.0249048387845136
0.0313566023058163
0.0287897860872193
0.00916098270070161
0.00850879630713582
0.0117319206441605
0.0124741366894522
0.0153275109346351
0.0150796413685331
0.0182911349244215
