0.246896790587154
0.0842110599271027
0.115540203852717
0.112534334777631
0.159245495452974
0.153049129744827
0.103566598796423
0.125967825901764
0.11261300707811
0.0787138667614547
0.0654779054539375
0.105623781133401
0.103372603234372
0.0678392685577897
0.0643400524947864
0.103565042153659
0.290256850100739
0.645927176505439
0.733211407267481
0.528046104776943
0.202960646765725
0.0964892281255871
0.147654668999892
0.125498488549244
0.0974253462639875
0.110361316443533
0.133860490634129
0.0880178636758075
0.0514344091632211
0.0391599186708042
0.0773642000936138
0.0904798357421264
0.107195934423698
0.133403260851519
0.149833907423623
0.125167139109399
0.107735585183134
0.235183155294611
0.235197542428731
0.135486947022064
0.145962669529938
0.321298519119976
0.378333060884119
0.266944220980896
0.296716714424645
0.284531368540171
0.153770027599123
0.0915094712679757
0.0899253606381684
0.14504925309354
0.115132125251196
0.0571279481018838
0.0642890377766048
0.0669565503810573
0.0902161979863835
0.0891859626527263
0.0830082152253742
0.11177971713009
0.0991925692091415
0.108295484585317
0.114510072876779
0.115423049000495
0.212765809637519
0.193802345953719
0.154346346517041
0.100613893516855
0.115775271400893
0.252497943345323
0.255494472515888
0.165934751192238
0.190299461957686
0.151772707693259
0.171471150239063
0.207922946839877
0.309589506154796
0.534272563155817
0.329141174807946
0.267008349137818
0.158100022232664
0.150007292735487
0.141942987174978
0.112710709838298
0.0754581441126071
0.160906146917738
0.202113534424151
0.0972147287555637
0.0996385977555148
0.101349802818522
0.130479371341872
0.143299446083116
0.104362935554213
0.0718562844613371
0.0747196190242902
0.101483487552016
0.0700732597303077
0.0599619742149952
0.0562197739305069
0.068741244309754
0.109645111791201
0.0881590092396169
0.0738322558594718
0.0613535795896352
0.0796265795815713
0.110755662553544
0.137020543438875
0.107923149410692
0.110095317343746
0.311411732292497
0.342330996137649
0.188900590604632
0.100415742566867
0.088964672641893
0.127320019662224
0.162429836762115
0.338783681833727
0.495551495026365
0.549986848678741
0.416470794322039
0.132073895046608
0.138961981505976
0.183646396736673
0.410950877269572
0.617399176832613
0.445319561084496
0.167105899683753
0.0757531824125602
0.0968151457308849
0.131953458414899
0.120531224689988
0.0958462128899977
0.116243514176593
0.125519468718403
0.272766699850036
0.307406100666248
0.167496317251656
0.0326584496960138
0.0822243720831993
0.170902143925994
0.137242607375592
0.0787899202161012
0.0791861447443256
0.073312467060219
0.0663218355517687
0.0840708172435157
0.0985585100026148
0.117083304023716
0.122598891470531
0.0666625258434564
0.0655695094586889
0.364663661011664
0.600322802386583
0.387761917343939
0.13889400148466
0.101604677456384
0.12331221271795
0.122499738226825
0.0976825139887215
0.0669654460600281
0.106460039048794
0.318581867561759
0.426683392873981
0.151363042682837
0.0848931282762376
0.0776760685200711
0.121620996081958
0.132827101445102
0.218657356649641
0.298426691808326
0.184911662383396
0.0955928423050263
0.104188233846429
0.106131655193034
0.154423996568478
0.177882275837662
0.175122477723057
0.1521622864745
0.148451342658207
0.171641212709549
0.132481400673295
0.0707254434660865
0.0921500388860967
0.108518155592911
0.0552618158545144
0.115959300542436
0.146312113014679
0.123674417130078
0.168307466345
0.164721010986176
0.109226947294796
0.0786754017562176
0.0837575568218359
0.0865498669832881
0.0688406224901526
0.069915018783976
0.0810196182859594
0.0718472816069116
0.113404056043668
0.0871273733540356
0.036262389375601
0.0807906296806157
0.111290365024196
0.130469830115431
0.0999563434738491
0.0668285045329513
0.192100314159061
0.448523388016463
0.336529155359303
0.0932016263292172
0.0832862837240055
0.113772798877078
0.108000200813139
0.103228927360424
0.0812268285762176
0.0741340903537745
0.0761272016173055
0.0956095264998193
0.121792606467266
0.038924339303853
0.0267251964579593
0.0534197034579937
0.077974391555837
0.0906225366122071
0.120224074561102
0.160739388598945
0.104209191454554
0.0562078093867164
0.0823919228080219
0.0495945184208805
0.0731508978228843
0.172174909669861
0.116484294398257
0.069368438307369
0.0912663148345422
0.11260315141506
0.108071106438111
0.107579073037575
0.0806382800613505
0.0487391972630189
0.067041548986382
0.0648572173213411
0.0576330081664007
0.0500149491984652
0.0497405269388757
0.0909904032097641
0.0750828245772865
0.0883230606000946
0.145992863849122
0.127248669304761
0.0895483635366631
0.107030954832249
0.202440363938893
0.24380557884251
0.300689430250079
0.184429643967604
0.102819573478074
0.11771568910976
0.0981617976655583
0.0900961880436817
0.0844352163878087
0.0697176506601369
0.074894131215227
0.072224860121593
0.0318620419090501
0.0426008810060752
0.0631096515644182
0.0737903330452414
0.118002748050504
0.141322049853163
0.0850079054872674
0.0878936640646731
0.117953517769941
0.135179519802178
0.0649698574188455
0.0780678900709828
0.152130314607398
0.159384915992413
0.100663706720624
0.0758124202217233
0.0756107927236823
0.0686839315743269
0.0623650517119244
0.0705005282913994
0.0761458796113942
0.0863297597392915
0.080398245382803
0.0664674614733332
0.173909067723237
0.181174674847863
0.109993279655798
0.0929589928106502
0.140857289815211
0.147382225461982
0.113216827183103
0.0967300769465408
0.0869552732145793
0.0806160154084972
0.106298151419168
0.0666199670353158
0.0920134150510186
0.0922696834986238
0.0712402677097992
