21.5681095256007
19.4865618854237
26.1284509172398
20.8337933380496
18.2317450286426
14.2760563631643
10.4287081632982
11.8422500800985
10.7775122675984
7.5377253370532
28.421609690677
34.7130415071182
21.3053838975616
13.7275217031929
14.322812536889
20.5404709112624
33.8374023196383
36.45825096309
20.5271265780208
18.1294882950413
12.0293718017777
13.7773446950688
13.0488395338435
9.86505846373085
9.59302932080043
15.6992962827029
12.9523017051601
19.4482358497034
46.4027319542407
30.3035777543493
26.2387924889947
40.4269935651749
18.5227764940092
25.609932433621
25.1126603944617
29.8071352152851
27.0920057192791
16.914837289568
10.4133618025751
25.2903761861265
31.849286761981
22.2877877144812
26.7345688481724
25.297661628755
15.88833477004
20.3356238864321
16.7832197103383
21.957885314132
35.3158597137696
27.8386776787193
12.9843702084522
11.716281873158
13.9472794796065
22.7696360523642
15.6922988703397
11.7959958955612
15.0692867425685
17.4829326639193
17.2804364664208
14.8052951059164
15.4143065552313
20.9456974764166
13.1667746407616
22.2270015948339
31.6174272411613
25.6817640028428
16.7122514278857
22.5153278144251
32.0127296839627
24.0592634656582
32.0036694463472
32.4604379338001
27.4474789836103
17.7527929723436
17.8056971132442
17.02644982795
21.7306793332115
14.8295162366646
12.6765343747477
16.4005025599055
20.1773707515243
16.9519904167078
26.0287938022415
30.5896963520771
14.4921860208832
13.7107884042936
13.8537758388358
9.98436021461722
10.3285471944333
13.1449175028987
18.100982657267
21.9033551689212
14.505676964402
35.1418738832076
50.3236048983631
35.7623075821323
12.1684165141104
7.16265004747948
5.90129461460456
16.8113960417386
20.8062694386719
15.3424857517131
20.7122427158664
23.5102670645988
14.9215086458664
13.9807742531132
15.6156451426597
16.3894711636645
18.5797874844968
18.157302457071
22.5307272546945
19.6135632932079
11.6840914530391
16.5902504551657
9.58255439497112
8.70576347452729
9.45915614531952
16.9197291182574
16.9774386470695
12.5627790092499
16.1898758289071
20.0315783661702
13.9574180389107
23.3370293457928
25.7450509543609
13.3241574646677
6.59423743535447
8.63325171966172
11.3390714142608
16.4420828767179
24.2991381838213
11.9300997201048
22.9872156701209
27.3854835749342
13.0548415162473
9.51801267123123
9.48690153721385
11.2366659036639
11.8380006565219
10.9376643494173
11.4914946650804
15.7511523562886
14.2685998044856
27.2791502309871
27.321620249027
20.1377498244737
37.944689220101
37.4048369223812
26.6190412734586
31.7816567268829
35.4801224021428
31.2797276102147
13.6669468378099
12.4686159387414
11.3561502542005
8.94723371538283
15.781146308868
25.2942145375195
15.4432133946258
8.77146098414485
8.5987828038043
12.4888229132522
11.6736134269797
15.7959409145046
17.1852803089719
13.8113261724976
16.7575831987654
15.6886235596137
23.1277509478724
18.5658648083985
14.2998864069351
8.86349511650243
11.3077760415699
11.3866964115404
16.8391935445232
27.5597648361079
20.7239012149417
16.0288956938791
27.264097757461
22.5177945369545
12.1990761295843
12.7890440654559
11.0978658122897
15.4478034767278
22.651171957523
23.1200067945271
14.8021244473504
17.7053313715939
21.640551875312
13.6267545932305
21.5344750772273
30.97901629005
14.7813438160873
12.3288657351147
19.4090810249754
27.9335444363905
24.0455975213145
14.7126237642697
18.6625916835446
18.9313846537181
24.4518477222188
26.4684262753407
27.7649276865532
24.0982074311982
20.5899356471498
13.2885533531993
18.9106248415696
24.887743625569
20.1629198870987
15.6085658380488
11.5036223546415
11.7081348715538
21.0734926408889
36.6300910192221
27.7153838689703
17.3556528796366
10.2047586575929
13.1082733262382
16.1226050524636
10.6555621792632
29.5345744165943
26.8967103974297
12.7895298038647
11.5400731998164
12.7463614795226
10.1797056863096
5.58024760922064
10.3171670916046
12.9809928577435
9.92958070438119
10.7378999336487
14.187874967585
37.8797438447055
40.4007992658828
22.8789427914291
18.4914064561683
16.0979850021181
16.3060407060947
22.1759851213977
19.8477024800742
20.682667983867
39.7930530872405
24.2468118571481
10.4066488837103
10.9656682747647
12.3186722636562
11.2991002353051
8.4244511504355
10.1131420990951
12.2187323624753
13.8301965427789
13.0219049973816
15.4306338167334
19.4355420951506
34.838579987924
30.5833464427114
14.0625587061258
14.2401239585503
13.1271462356611
15.9644225302629
15.7605567526643
20.6505501632137
19.196493726391
12.1017324198889
18.2255111227396
23.1583195752773
17.5351559167866
7.90686974303206
15.3728051331742
16.6096243341652
32.1874409795551
14.9981138816839
23.0160894121479
21.2012193485768
20.0317803770601
15.3414778097504
9.36238696804799
18.0177163658051
23.0021034653286
20.9251623519594
16.8051091443052
15.993768695455
13.8099925155145
11.2534701886992
11.9067906140335
14.2909947890454
15.6099166874367
30.0349150316644
33.4585956029571
29.2841400406302
52.166720174679
41.2128696467722
12.464303032562
4.71207582299685
11.5888151330467
32.8158161271594
51.5760430428352
52.0190029793765
45.5535858626824
34.9624746699127
36.0097134687828
16.8193125165926
11.9727188587888
11.4453245727957
14.1505560003751
19.1908763470482
15.5124512219218
14.0250912952417
8.60615578901477
8.30368633332076
8.41436880297422
8.75770659081996
8.05754549412438
12.0942984469116
12.578106268601
13.3503618757338
14.4216155570814
11.187183954252
15.3229734508753
17.7060931230499
32.1614828873041
27.4094482435557
11.6415041415742
10.9122746852418
11.482906640935
12.6357474022666
15.4797701663813
25.3182565866137
41.6236501146595
33.6079474294393
24.0349421236456
18.3236088895653
19.1103161242179
17.8280334388684
11.5373250096942
13.634202143087
13.1865917692368
16.1149817019932
14.169571808099
12.5273120863745
9.65035326549991
31.0651935159741
34.7300942663579
9.22352284476412
7.94536294008554
7.3175535208389
9.75635175153447
9.30014035075125
7.73174329718839
10.3677948326925
10.2808520119382
12.7357639375812
11.1350915881614
7.22501881861982
6.5532889952147
8.15333189110855
7.36274880680466
10.6525974111496
12.8517731469086
5.00284527929072
9.8625221251017
8.13619424138139
9.42415886497377
6.57059646160246
8.31482373692953
9.37690170944168
9.18290780975967
4.81550942590496
8.93800306310837
7.47112985704151
7.34522109114588
9.85002792780562
9.05097466842793
3.85959674066021
8.03769046391268
13.7440152602246
15.7941613291414
8.01063420301414
10.9667024300455
10.9532136768149
14.1874552982587
9.18892845743932
11.7344697219964
7.60844273568329
5.92415092517424
6.93011383540626
6.80172680047924
10.8376118027067
11.1953005962101
4.82072667845902
8.77319205208561
9.78900345187003
10.8055539659549
10.0226910999623
11.9945750133418
12.0001371125281
8.7795201635268
9.13307552701426
5.81948675537602
8.02055768954523
7.74061243031065
6.24624221858359
5.76130155385195
7.66410508488034
4.68317078305467
3.83764990836908
4.30467159163584
5.73605908668174
4.19575367082311
4.15760613989853
6.6220465169727
5.00729804994827
3.97166485885278
5.60389545599551
6.09122726816879
5.51973004035025
4.8501959647757
4.13205655858255
4.65368074644979
6.12407458314339
8.0310614940084
14.6937314473799
11.9695886104101
7.2720644539404
12.0808466838699
13.7022769596345
19.4486814323844
27.5643644970615
27.5533370303353
10.1834995139175
11.0451746204215
9.18016298072616
8.02748601018735
8.13556576137271
7.3710873002234
9.36616626729476
8.61701587193881
8.05657860251254
11.4049246935909
11.7734237788878
8.77465632279931
7.56568287258863
6.94185930276536
9.77294940732163
13.672657400834
15.6713964497669
15.4882200284755
15.8128958073292
6.85664170634925
8.91970677959786
8.97192851684079
8.4850576152267
10.7804949536648
13.8884304307699
13.1226978301223
9.61820092049743
9.59741762546823
9.88816164467173
8.2751583597316
9.11120396004204
9.21344169003084
15.0016485428619
18.2715015949592
11.478924578683
8.02220660231754
8.42863380352391
8.18508866239401
5.9228801163638
8.36163151358433
10.8085876280179
7.11041929792522
6.2294236977915
6.06600576260789
5.47639696110542
7.94929700647394
7.83773194224107
9.20190246032659
8.9024956123579
8.23801401806126
7.22580957555822
11.583142021464
11.3589396171565
11.0638475909985
10.8601496615895
7.44477402403571
9.52013672597374
10.3282437653339
8.36330855203777
7.22674852689892
8.44988964390861
13.1129532682819
13.0063055145134
8.27742152910611
7.54780550944227
11.1208440404908
14.4638869338558
13.743144370249
7.00781243764363
15.7088136274634
8.60899211445925
7.99254107082622
11.1349318184013
10.9888104877623
7.86611741237388
9.3603952708774
10.8580112422558
9.40753623906164
7.09536591193033
6.50062299754578
11.1608916184285
10.9882627794845
6.36169765972771
6.55728065429232
16.7465030393504
4.61420982568215
5.72814472610613
6.97096490129496
10.1414834594909
8.39711768606488
9.61751120618629
10.5799549830423
7.14648015476426
10.2645508471292
9.10804716636212
7.19677512598204
8.98666989842832
11.0263148128572
6.54599336487109
9.16257170564213
6.92757516350334
10.7564419331405
13.0596324391197
6.25508977235585
6.72111010265025
7.72459424921869
5.98815185449593
7.75133953318958
9.05138663965547
6.73371397576146
7.77218049808443
3.00906335272707
3.82670906741328
7.93518463384795
9.24002495339003
6.79503384028533
5.59473559929744
3.6621254985384
9.20054688595455
13.8917082155352
11.8581302826438
16.1855490844522
20.2172370746091
7.11521480492753
7.20223277246258
8.95002282950015
5.05268174269634
5.70189108080124
4.54791251931802
4.1182517008959
8.9040284328198
6.89870707848235
3.59662282612807
9.42727822869386
9.07654064043263
2.79672687620924
3.38996017362811
4.83745620452434
3.98338469601402
3.85959904600205
4.89343837206239
9.01638650680877
11.4656236471245
8.26037513437034
11.684848624484
9.70412128069425
9.11783358864643
9.53927214255982
8.02217682251023
7.07490596014591
8.30494625476284
8.34924155886933
6.31345335691141
6.04347428612905
9.98758813938846
6.64266976243943
5.32636182203057
6.02492859510089
7.26469247849467
7.78221716465322
5.9550147395428
8.09480806062543
7.75159560061492
7.9198157651189
5.40871441596841
8.14792140638385
9.4467429353863
7.32373210171689
8.6516255647384
10.7966521829443
11.2818982544078
9.32939077415068
10.3157971536943
9.33988748186392
8.20281759297019
10.3791138009619
9.04510279407096
5.93428229899111
9.22469894654631
9.96824572125048
5.99247512102803
3.61353725064763
5.18537269575415
6.12557461460484
6.91357267490773
5.89052904945129
10.0640230667461
13.0133222266124
19.4288471164667
15.5921628727263
13.0996562464484
13.3886771364871
6.39333465802307
7.74013328234185
9.29389642317404
9.67077846936472
5.14621676998263
5.03617479940325
4.79780305064553
7.60051877738479
12.8191780999553
7.43730898285706
8.27997577890772
7.85323178920473
5.22289259120417
7.7500623811539
8.47605979101394
7.56850057512312
7.90060867521665
7.15053194756242
6.98863429062553
9.16033753003762
9.71128333387833
8.01727354690198
5.87021920805716
5.21926393094031
6.67196374763719
9.32603620273208
9.20772896064023
8.10438719572766
7.92678004876313
7.37201063331775
5.45637044328669
5.88518106756275
6.53615583195371
6.01931489228439
6.46922574886869
8.43649882662464
7.55619100444762
5.9615531102558
9.78206141012647
8.87844525895752
5.71489067086356
6.54759748367737
9.72277678870688
7.96075961647914
5.70659150528112
9.16218317852037
12.3672479525651
8.59411869561685
9.89723562402047
13.1053663424782
14.2217713516246
12.7889102363486
6.37033313744594
8.65806481368757
14.3202639606987
11.0658562726698
9.14180874594461
9.06151177131349
8.98049790165333
9.87405569985481
7.31081523220199
6.14169861943247
8.52708726075589
6.68670749889278
11.0339857146397
11.488131481176
9.09655201316325
11.1947677351067
11.2520197506943
8.28823570629172
