0.850394095571089
0.301236927533018
0.836961310376236
6.3625491234363
3.33506653585931
0.539282390954774
0.915740594779392
0.91279161722094
0.446494115574972
0.198822270427247
0.0515778497931469
0.109538370731199
0.202372457537832
0.346660427061528
0.534471703430991
1.05481461472223
0.143120431372998
0.104958156292578
0.320905628304807
0.161106114726456
0.115133561311285
0.250682276683721
0.0833434686307989
0.186105727387413
0.124520602792133
0.506759763054837
0.460205170222314
0.234775851638933
0.245312970046245
0.183337948079095
0.105350164523817
0.116547009273633
0.0668715915929642
0.0951780570056072
0.163340517468462
0.0973463354788318
0.118431782482919
0.148701776442174
0.114236276033268
0.181870145367506
0.0979223381575896
0.130884625892139
0.0507806193645354
0.09404225601545
0.0878296887258394
0.138537987108625
0.124167360721186
0.101212639842484
0.12122284088648
0.324025073708901
0.258208596733357
0.150931045229093
0.102686538740804
0.0287351463240569
0.678415171830232
1.00267535024671
0.741927871080402
0.343345471986242
0.116547897791127
0.0678689777029853
0.0890001975471501
0.119727150746655
0.903207451266811
0.677781725077051
0.204816988860544
0.124961183740544
0.332159352015078
1.63838115991461
0.889549494431133
0.135146955457358
0.0996697844934386
0.0528621971654504
0.0610511718092849
0.125101138326464
0.240483892027393
0.147889271230375
0.296824552026522
0.583684752850337
0.171426519499849
0.343909145888709
1.44288453751012
0.375864384739788
0.167201004318408
0.110266539569956
0.0687710869619366
0.054263838462066
0.139324558200069
0.0516615238557177
0.147895940100725
0.20355214280213
0.0948645304667165
0.0550626521044365
0.0617119367486718
0.0358396446898496
0.16527742866428
0.161360902713928
0.0823915919346933
0.124956064960329
0.13642440674937
0.232037334817036
0.0326890477494677
0.0445714403390197
0.138819039275469
0.104990942651442
0.227787374211105
0.600318901946954
0.164336871319165
0.10730421720447
0.163118583879476
0.307318154288785
0.191294221507826
0.094806754123483
0.164242088548638
0.288742313569517
0.186597303964102
0.0852801378048098
0.125486693384559
0.338872560238773
0.295997011856737
0.290439804028676
0.0498501933037016
0.0843133793808369
0.414593063399861
0.148782646061219
0.462331983724874
0.183631030772045
0.146818416153764
0.14374518199191
0.581039170628291
0.957152855724448
0.317749325647842
0.304768757174693
0.288932400991849
0.214938091745844
0.188119404376123
0.489032744381716
0.257505933591945
0.242771586729517
0.155499090354288
0.16416661754687
0.222059668598075
0.192853846041146
0.133534709814509
0.142372101840773
0.258346678476959
0.398887070443486
0.548275421583698
0.39442518213235
0.04592972264841
0.130078437938786
0.183771451823841
0.0911594396667268
0.138744647981115
0.209517335883192
0.477894435554648
0.347450201016307
0.371673464295146
0.263331541819651
0.24543650235866
0.355358044434746
0.302397126977829
0.451995180824633
0.504092536679267
0.725977274953985
0.12607375022774
0.0682169399244586
0.0937189594516877
0.0736147988287885
0.0738916447005401
0.0452892206353371
0.0290465456617254
0.045229661263155
0.0497594277593986
0.0372448109314501
0.0409215303377431
0.186929331454784
0.201796560203065
0.07083800374367
0.0801144277893638
0.0565170794826403
0.0903782065432575
0.091546995213514
0.0375871613038816
0.0500847767752263
0.0413425216827697
2.99380666949179
20.970372753227
6.07389435805253
0.589563449485348
0.0114249245614717
0.0239064849743454
0.0480280303645169
0.128287005303486
0.0264972760001311
0.0452962527663872
0.0390635093592326
0.0675885162146696
0.0202819358038595
0.0373693978839521
0.0566798803389885
0.0344107209489867
0.0414229403812756
0.0493779812379431
0.0702158085361448
0.12695193002921
0.0427085623349836
0.0571703936737449
0.0573523324386534
0.0348450135034847
0.0279677236468568
0.0297162392792631
0.0676774296356314
0.0403066467269131
0.0374511852295987
0.0429170747134866
0.0640621983548903
0.0672339725371072
0.0856654322862082
0.0802115328306038
0.05853912076923
0.0670337969475783
0.111437971621503
0.0617256129157546
0.0593593177983504
0.0811810042904111
0.0956144613504693
0.189326241784475
0.290902631926592
0.522946939000958
0.376358230355994
0.220011865462444
0.119013324820763
0.072101405513018
0.0364311259535167
0.0489496796795694
0.0459614848391918
0.0395086146309985
0.0433510386036682
0.0314251018380255
0.062883765595214
0.0845700655468584
0.0876111754088652
0.0334334078599402
0.0422055587522065
0.0557275145919815
0.0389032030195628
0.0544891409633276
0.0835272788814084
0.067975794119601
0.0435188621669549
0.0445566148980453
0.0537216224926322
0.101756475430318
0.19384037593591
0.172196235951668
0.164943757125036
0.0844426439201014
0.0890882502240672
0.0603990487969957
0.0575950148449864
0.0427937561974467
0.0549564808027388
0.0578360870277107
0.150593503694939
0.161633882628338
0.0907748811600186
0.137339770009452
0.0965850934540693
0.0215467344997411
0.0699313783356652
0.225477435429982
0.134390286984682
0.202221874338482
0.13066582317577
0.055150166594109
0.048952481839101
0.0449941283589231
0.0460516737741759
0.0629220924368681
0.153832466954094
0.323196390078364
0.250992912403318
0.191376818374698
0.223108412874124
0.168351368060208
0.157773433149201
0.175315056655649
0.170596748486999
0.0846840342455732
0.0823254055180831
0.0400402004639255
0.0241222597629833
0.0273756981643463
0.0486455245095573
0.055539405717458
0.0492931844843905
0.0514767754966435
0.0442589036507397
0.114018437126956
0.22465023156386
0.420299856286845
