0.492086560310106
0.347691334392484
0.162577103892383
0.154208065665865
0.225298782432156
0.432873264498744
0.597229527690315
1.01344909437634
0.522842546910391
0.353178698459458
0.504013892400923
0.234398804629739
0.0483612037678592
0.14429159512582
0.237129848197255
0.303477557277533
0.171309540439482
0.267929449788501
0.309399648950695
0.324046339003622
0.34812379202003
0.0896477415451525
0.199794944354622
0.356676321815851
0.37440702568926
0.288934350660489
0.161032454468921
0.13582802115549
0.842777153375541
0.971485004242669
0.295657122788321
0.145132558197543
0.209042588015316
0.519166332974724
0.566967554032043
0.365488168518586
0.260824690412558
0.261076631493799
0.335408159099361
0.231228111560953
0.720606043938833
0.815511386699441
0.54559452691439
0.462397612569685
0.304877889347199
0.220072753969061
0.200875936299675
0.361821312534143
0.592349812617942
0.610063322994104
0.40022826631891
0.134367700935876
0.140645934930376
0.100215370720788
0.160609707911817
0.388428136978989
0.927291174116817
0.82729265386727
0.588368168635418
0.603424687162517
0.301264659715119
0.792689370024997
0.84986077506667
0.572282637155591
0.643476214348221
0.456761214544576
0.81192296225433
0.711040939427943
0.465063582102946
0.344553766035962
0.290622261199257
0.322496767490759
0.639224393745145
0.4085492586385
0.2648822962807
0.235129579808203
0.181329240972098
0.399191540864444
0.324430874836834
0.121212723089811
0.12543100829916
0.266771519783567
0.246021467722658
0.649988296495952
0.855757571519144
0.620366117198081
0.5210489516003
0.503375455952246
0.272797822251802
0.20387128234501
0.645692171934153
0.742884842466029
0.478993022148855
0.63990906500243
1.03331382108149
0.734549909795617
0.28191074081403
0.30485456823791
0.287739216259239
0.229457124213206
0.172961048587269
0.213998387609994
0.153626894217024
0.154848195395603
0.0944261648844059
0.110467850209669
0.343371543712746
0.394119820621589
0.531957333509699
0.602853624895597
0.686577012961225
0.711460313182914
0.479126501023844
0.349262230507133
0.268714803379998
0.125569694188472
0.371864041543944
0.212617052393337
0.39520313191521
0.739487900210005
0.708683555251398
0.723422247025996
0.474257260679279
0.917795817621973
1.03698358807285
0.316904558576234
0.0842440650638333
0.0940766742098424
0.0842916216026784
0.163581734297805
0.197530483030984
0.218929587681567
0.583762066876258
0.598790620701459
0.774785075451367
1.03867479951929
0.773925726452198
0.280415997201374
0.0997670066879258
0.125223011438307
0.0622241839738291
0.162510570913096
0.116983333935292
0.106635694276668
0.113758818412572
0.263886786889643
0.169266839328656
0.187525312796944
0.364085761799851
0.244355514020291
0.51346314579634
0.666281382531203
0.334053153983643
0.259384207751701
0.726508367247668
0.798920348116583
0.474306871437271
0.325832154689388
0.246883491137737
0.168787174265756
0.206704971150217
0.211166896024057
0.119564302654038
0.190988549136528
0.284535295786382
0.297735520486803
0.345868173097272
0.371312243597197
0.227675968533067
0.128477526085935
0.617873588437564
1.03439789521883
0.776597174469974
0.565121996956527
0.384785964470467
0.404395414651402
0.183021395984442
0.166148335804447
0.285941390026267
0.339805420122938
0.309390749152191
0.329683198674122
0.529713477893939
0.753328477818091
0.931476211229924
0.571728054651215
0.741402704649579
1.31151059088966
0.746278041685274
0.248116657683575
0.270185123403068
0.0722145244082863
0.0783099326528566
0.0807806757381114
0.0562680753568045
0.0268375552710424
0.0569896336994052
0.0731470281043628
0.174371387751962
0.18783651453397
0.0616072676752645
0.0616585154324703
0.0735223164582861
0.0838159497263083
0.0228047630869721
0.0284597304315065
0.0412865585916622
0.194469582989713
0.850947985959105
0.705541915943574
0.296237314950138
0.216768678705077
0.215667918049177
0.0651765344178952
0.0312386661256362
0.0480530339753611
0.118316633293298
0.0939275962705262
0.0398987038795172
0.0527536078965112
0.0531933468906393
0.151445175197911
0.188307451378949
0.234572204600604
0.389674716774795
0.418946225045304
0.296443673373487
0.118030004052828
0.0785289834126533
0.135934506949261
0.124081529368042
0.11850026445651
0.0801332394830409
0.160300922086924
0.140412973177447
0.0687899048810202
0.467500242978013
0.522253638608618
0.643726359838308
0.686641689430491
0.225981206341908
0.123016020893846
0.15424557386922
0.35459758387638
0.298466475190584
0.483004918634658
0.527809456953261
0.309173141794691
0.136195454007956
0.113781432174963
0.339045540570074
0.533702531398276
0.385311615971398
0.572451935208079
0.476988254246619
0.474767231861037
0.576850551466803
0.690052226619304
0.657018441652476
0.177790874253535
0.116316137854919
0.110100784536762
0.0600027283551333
0.0984123740694121
0.16390929138545
0.347551781630291
0.324458018830761
0.217065055202145
0.493650582754926
0.767438013610172
0.628221282676937
0.456724454777287
0.362362918246137
0.143132598633308
0.0580349502998034
0.0395149384230049
0.0934705846248478
0.272478879275531
0.430812898174522
0.309551604651598
0.310713927443258
0.518393846278105
0.469657051596011
0.107946506962017
0.832818725782077
1.28399143539691
0.945513743570024
0.532039303264085
0.472093094474129
0.216989370151299
0.263978352031082
1.0541663580012
1.2935867938239
0.525239746463243
0.531724792608218
0.778887527385529
0.977813363910654
0.619281644219308
0.349874529719862
0.131963829323077
0.117832101297142
0.140273372133139
0.27370688632794
0.44590679197221
0.289923951484001
0.0443698049990437
0.412637204247332
0.735315908913776
0.569262835433931
0.979374146803574
0.930593910091879
0.285983228124277
0.79985945788053
0.712341583106975
0.812789447029013
0.835400814233421
0.294548293893469
0.159479977897998
0.0557807618570351
0.0889778626257582
0.168239140977684
0.111333976466983
0.115528294082478
0.126477592125877
0.214164158151701
0.24687754948951
0.19889599345211
0.0785526365573678
0.150770910231668
0.220236936768081
0.0782818536346066
0.162423979992674
0.119020539976547
0.0768457764231091
0.0396982605997718
0.0479925296298779
0.080351105521073
0.0967848338609772
0.142694383643184
0.166807493627553
0.0962970243341009
0.209623414479427
0.253818929992292
0.188487738960203
0.173297219809041
0.189835786734522
0.371339457949316
0.402100109968619
0.104589746433714
0.0933019073915391
0.0408501597159773
0.0285731019670092
0.0309915020350474
0.0420955523404002
0.0556051199445654
0.0329811335648476
0.0433297805622046
0.0396520964243058
0.0256371366888678
0.0305104861513182
0.0437261913699256
0.0393604426390387
0.0536987537699182
0.0541789932083599
0.0309518299944772
0.062654727784366
0.0821433128817812
0.0415572391092004
0.0991579068315358
0.18002867213127
0.0811279436243711
0.0705750084358045
0.0491736588779969
0.0571179830089404
0.140847289003968
0.186437690934772
0.0759971484471087
0.0792976051193971
0.15927641394085
0.0288970344695416
0.0465478896555213
0.0220947573632992
0.0189469189136544
0.0165931275695493
0.0306075818407029
0.0364953748973033
0.0293533052652994
0.0314770838240879
0.0363112262003875
0.0235291942708321
0.0170632393951841
0.0252312795269455
0.0373312245902986
0.0288985454573679
0.0230571888301612
0.0649361781667257
0.0551219791141477
0.0627184830077427
0.0786519561072295
0.0710448165311756
0.040489224897974
0.0218707268372332
0.0344518830669765
0.023206666429084
0.0245854456442524
0.0255756295987462
0.0166450964179447
0.0213746491717964
0.0350420993534972
0.0295564523973094
0.0288760537310241
0.0440147432296092
0.0197005849067788
0.0207598905787783
0.0176558144715087
0.0127068288933241
0.0202068549115559
0.0411299277722952
0.0567815958884363
0.0343636547113824
0.0385512544783214
0.0447725482685686
0.0503418229671402
0.0555600420898308
0.00986679697203458
0.0238087594334053
0.0353920140669783
0.028417307463762
0.0196288105602344
0.0371987237512473
0.0427723779784871
0.0582847700848336
0.0946967550854605
0.100993836263361
0.0612522899383181
0.0269237824638293
0.0164412010518561
0.0235456047854908
0.0390229735716444
0.0481418982109574
0.0189642890478015
0.0189122028765725
0.0442088725729163
0.0315529775768328
0.0262411130053687
0.0169413738567673
0.046283203515951
0.0704573547308142
0.115921551488484
0.0585544915139183
0.065223662300159
0.0661973042507551
0.0195339378000939
0.0233402978148761
0.0223778667404129
0.0184705226327056
0.0196267343260021
0.0240806865827911
0.0805236159507833
0.071050067549383
0.107323317288086
0.0451129802219348
0.0485521796325738
0.0299225664772762
0.0281593104032599
0.041171898286584
0.0698636599241839
0.027697631743043
0.0283054988822725
0.0267323689411295
0.0338105970056606
0.0215923901910949
0.0094785120699568
0.0187889121061627
0.0180787115008213
0.025202330135557
0.0322007181012307
0.0226000640509102
0.0137520275371938
0.0139760828859835
0.0295966311756215
0.0608226151729482
0.0521784915126159
0.061669476759236
0.0209896700290269
0.0239598013644938
0.0466582696419129
0.0460405854568809
0.0190572940694855
0.012649451125153
0.0186614183317116
0.0173045098674801
0.020781302289804
0.048844060896293
0.0606492120177771
0.036961439325314
0.0476594997675196
0.047745820128034
0.0442977051360518
0.111715630442185
0.139398222445733
0.0230209045632664
0.0426101049965408
0.0351037275412491
0.0221196596318053
0.0463154011973524
0.0193381273435083
0.0135921530443636
0.0411460792993984
0.0183175197072453
0.0474706935617096
0.0507873956128356
0.0562424965295704
0.0804564733114355
0.0509971730702798
0.0352390668998128
0.0520318663923805
0.0194090957871419
0.0259441786784958
0.0210212424411629
0.0330159639195321
0.0295148544275919
0.0700513241208973
0.0772944379505501
0.0518781070245593
0.0428719235623019
0.0228632836862033
0.0444627117675883
0.053231034722238
0.0571808589011894
0.0766370359865494
0.105848339739457
0.0634409986292253
0.0632553475284171
0.0460725435807807
0.0278802080561406
0.0643826976926617
0.110458275544177
0.0744583893170271
0.0239046821331537
0.00868099758463687
0.0127774406257693
0.0102850529620795
0.0173512639501885
0.0331649693403067
0.083102605563817
0.0650709738607248
0.0577131587149924
0.0718452367720408
0.0238821790512174
0.052357272388655
0.0589249437213145
0.0238449280157448
0.0228511812494577
0.0172289569044959
0.0342907661941053
0.0567532801686888
0.0354472064389584
0.0561721307956335
0.0383840077984953
0.0362605075747533
0.0466537634529578
0.0465578030656845
0.0411043842255104
0.0224301132254241
0.0668117057545562
0.124560508936138
0.142462749169804
0.134568083888432
0.0537908889695767
0.0703239617605468
0.0945004880332714
0.0925263171377554
0.0627270994277753
0.0758738569330391
0.0434643142358002
0.0301781818067888
0.018393328929046
0.0401257411360112
0.0370216250525847
0.0199394103558471
0.0250294633435412
0.0186867432958802
0.0360829554008688
0.0337886212346707
0.0328767036595365
0.0324697725784232
0.039956286675156
0.0760872069346331
0.0326606649882284
0.0316339579436356
0.05289768600921
0.0549978762896575
0.0344558736162754
0.0498876841858766
0.128551717998358
0.137640575336506
0.063240498420869
0.0600988906579093
0.0527653390685007
0.0768132439640586
0.0435865809952442
0.0330419409578311
0.0252704149907897
0.0250691736175855
0.0253117118369812
0.0332725659632907
0.0278097973649213
0.0189258346188977
0.0119271385659941
0.0487496887543362
0.0383427445750729
0.0467175847422038
0.0459151914166781
0.0532889207030225
0.224163614070655
0.19978096639268
0.0953191044948626
0.102683704109203
0.151164828150052
0.0402226907291665
0.0360989734879305
0.0221149177753328
0.0257697473201073
0.0349827682670097
0.0527372969009154
0.0715518600566627
0.0649219313526676
0.0288581516600274
0.0455345006934861
0.0394662183567992
0.0812283931155027
0.0654106136561011
0.133677452248245
0.095541613491385
0.100191824028369
0.0441855139391109
0.0538690697501765
0.0573136142241259
0.0475117818282472
0.0152695701645498
0.0171270659804912
0.0232552190658785
0.023819612007931
0.0288402103548072
0.0444259224972424
0.0378823237620474
0.0405766355078736
0.0425074321704
0.0684427538421666
0.0752552829533728
0.0200517719941342
0.0302747273132494
0.0478806617537303
0.0648730217267201
0.0574468474746172
0.035102576048941
0.0149804926178982
0.0216840888531362
0.0357634283021619
0.0138972119274086
