0.0655090865862126
0.0676855507903681
0.143454466007027
0.164021285995604
0.0953176294506889
0.130055419942134
0.154665930415697
0.108172173760771
0.160598334635755
0.271899508806253
0.0967617763340241
0.055314782595806
0.0595879135756072
0.0469236996479818
0.0607670215807437
0.111453094845391
0.103360693461296
0.0693400847614955
0.0806419860915056
0.0644270844201511
0.0786673882563078
0.0937197907606917
0.0680574767199382
0.0992701510202687
0.294887622136456
0.0995034582647691
0.0740294116692489
0.0641748305958975
0.0870765410614651
0.0627768477283115
0.0530119726688644
0.0686537650370244
0.0770635111517214
0.0689557788606543
0.0739903119491016
0.0860200492867543
0.0689983655396217
0.121736299978896
0.054862829638985
0.0597914132386296
0.0488485072404861
0.0598360855279136
0.127885876092145
0.129794912810006
0.0795592712881674
0.057730506217064
0.0775671760324187
0.0947739671585345
0.0881760679635518
0.116139296415785
0.0917120392608923
0.101678840555481
0.102042616563929
0.0891719062314228
0.0886040976069123
0.120553915085246
0.0785500944122169
0.0396161742110541
0.046140400915447
0.0781320868703664
0.187761401280202
0.0808243753500472
0.119722522398911
0.102998099111
0.0677602040328556
0.162082628877505
0.103947887659818
0.0464446520261783
0.113787835637079
0.150467120267357
0.0934738800095152
0.121039165284999
0.0665489982225398
0.0883300290561459
0.057738757731961
0.0656533948640524
0.0573615812866461
0.0534639350948907
0.0788232830829702
0.152126939476972
0.243141622514791
0.249940492474094
0.0974152722895798
0.0585816889509883
0.0556851038798172
0.0871659539159896
0.107573650236192
0.107933690152161
0.0574624969783673
0.0488099272783873
0.0386894802148082
0.0643329157265381
0.117518487951936
0.0875449344975176
0.0248479058885727
0.143208748734214
0.0744113450426288
0.0599348940489615
0.0489843312771337
0.289335516389882
0.806422460852531
0.275792262677672
0.375512020108404
0.579509624398928
0.198269627948788
0.105969209143102
0.0762042648845536
0.122698295728906
0.107503071197412
0.0937797015550667
0.0695839000272009
0.17810406722355
0.290503828565631
0.0803062085325095
0.052156030946382
0.120770110316218
0.227137726000445
0.165177294138563
0.0833808327384321
0.119143604716789
0.075101148800581
0.0761848771220358
0.115101872842553
0.146933046718711
0.0790787327935015
0.10864381047853
0.104403003287741
0.0607731210306597
0.0984914032124016
0.218256391937209
0.261323624280136
0.15226086389269
0.063605246648842
0.0569629676385151
0.0993900426416773
0.121285694875722
0.0692166021561126
0.0698429168488316
0.145096583804262
0.133470513726216
0.0410650414372579
0.0450304897761189
0.0593352668495489
0.0713403684948403
0.0403623499371897
0.0673076528296163
0.147232834701369
0.181312682360853
0.217476402572619
0.622613463103314
0.424052529732055
0.182964980057166
0.0629430110172465
0.0656819477433122
0.155246017434637
0.171103093790855
0.093628574151768
0.0568891645295407
0.0471858607927892
0.0801886266192507
0.0440016518623658
0.0473219995682856
0.0600064012648593
0.0469022232531735
0.0264703273644097
0.0249406676573318
0.0389284796472907
0.0419285357561205
0.102391388502584
0.060192118779829
0.0278379531709084
0.0935462550046198
0.232979675479158
0.195124975931758
0.168978616107827
0.060324641911908
0.106519872302247
0.102182532175114
0.06520127075818
0.0507620594132583
0.0661457388334838
0.072005959644031
0.0876209874542875
0.0686335155737847
0.286279191144982
0.0996958405838471
0.0432607892998025
0.0750333618961208
0.0735251073625392
0.0712980766638833
0.260687796917662
0.162441718542153
0.031474600614631
0.0473500855981712
0.0690705042655029
0.0272268948621642
0.0696926919208702
0.0805094227552601
0.0577052826312722
0.10440288865642
0.0964872666620913
0.076399968576929
0.107091043199802
0.0855090356485517
0.0856148552222986
0.0472576072761328
0.0462272014661311
0.0378417563357142
0.0345866116438894
0.0576094416162296
0.127251464073862
0.156479030239864
0.0494791515829729
0.0597317796586991
0.0633671292054683
0.0431022204961787
0.045787531051026
0.0566583654084296
0.0426210946048677
0.0715000112820453
0.0460985294862254
0.0568602137563683
0.105998355928619
0.124747629409711
0.0864318084253941
0.0542667020929371
0.0459938830435724
0.105699289320073
0.10255805384981
0.0904811684380255
0.07771226639213
0.0407983720879204
0.0331672731739438
0.0794355488458013
0.0690559372652068
0.0241144343735413
0.0457944224597192
0.0753821650218212
0.0544915518215546
0.033046051113231
0.0875586861398903
0.0838558403010244
0.180643030072255
0.0878292252263351
0.104023530379704
0.110369501941116
0.0639851693304345
0.0481960178902738
0.0414746200268591
0.0378986335422002
0.0381300450096697
0.0531142935592593
0.0461237982410247
0.0703988115510994
0.10153401093055
0.0818649232059084
0.134045565222501
0.311731432298827
0.172382424080614
0.209453261280567
0.257992234237833
0.250237308397462
0.221337823174247
0.147220316543443
0.0522256219986733
0.0267174430959077
0.176870341376744
0.198790380709031
0.0326809616339409
0.0672880293855399
0.0452139910675473
