0.298124283851268
0.220618423497797
0.0939619068892025
0.0851703294486551
0.0910943511531506
0.220085996913464
0.292641094848629
0.174882586254084
0.0722679561533822
0.0731468268266451
0.0672781346758797
0.0547105891976616
0.0565761087141622
0.0699502354714959
0.0711430282163524
0.0629568825434785
0.0600199075744218
0.123701547609543
0.161580338700674
0.169004289429226
0.188927845458917
0.125950329967309
0.113011756670318
0.164654460093741
0.156271941923681
0.112608647356184
0.0980208922358298
0.15044585652416
0.281821427725387
0.271167950957333
0.109504697298645
0.114808755226699
0.1695393168773
0.201024332551198
0.184163505088767
0.151113095632282
0.150956630039996
0.158898309339106
0.1737897606551
0.116447937891592
0.219694281430562
0.319288921966509
0.244145027549134
0.226109141017929
0.129490909923926
0.155916507006706
0.174226860328555
0.126900407200376
0.267092109289718
0.220571258955964
0.0487325529117185
0.087318565399561
0.105144163429334
0.089856185839439
0.107116279189555
0.221583415316594
0.232769452535248
0.28781389935173
0.119900636678822
0.125886835717212
0.100665045564845
0.146108102642142
0.150603886059276
0.12348407893712
0.204040453868875
0.217351817144364
0.0820718092017781
0.157534300038778
0.176192468436213
0.172011918314096
0.0994468101036907
0.120861191239065
0.150804587742154
0.0877442829276951
0.119245665099352
0.0834918145036284
0.117329958007201
0.162536289782101
0.102563831282321
0.0923433766681315
0.0888857862913537
0.120652455495841
0.156774507195463
0.254001632733599
0.242981388491536
0.172770155294793
0.233486079330775
0.100785352166461
0.0809514443472936
0.213302674476234
0.371702628579938
0.314518650529634
0.122293743190313
0.100326525954103
0.110126448947586
0.0934642331442172
0.063215859740133
0.0645670786896825
0.124230182604855
0.135841796630625
0.149305232509319
0.141950078035864
0.105199064593255
0.0927357065314335
0.109124340563205
0.168637118360514
0.192919907918362
0.107322764251105
0.145649149963035
0.0684360179542525
0.139238972142961
0.234854576436923
0.107922020818092
0.0569733214879069
0.0793688571623627
0.0887815798539087
0.10672784546713
0.126902578916958
0.171406341377012
0.140002735704008
0.117344105632009
0.157503423089074
0.177210799616396
0.277391642716853
0.346654743657474
0.177523354327557
0.195533634724274
0.227456409589781
0.179576448871767
0.150412960053323
0.126139441043462
0.146917832406132
0.160643941760835
0.141789342858939
0.0964311506186301
0.129026970593808
0.164453243183367
0.0625008993806373
0.107336758893528
0.0915036848708725
0.0543769930381435
0.0470512320941724
0.0826422714342293
0.164364914934098
0.127502278437388
0.0573298215389192
0.0627635396928271
0.106201040367726
0.121035927349579
0.1123104882513
0.225856460048162
0.17772675396467
0.054812507315212
0.0413075134008104
0.137413228767815
0.115439146351255
0.0960410279289749
0.147828715886629
0.167236649619823
0.151133493643926
0.173007727413889
0.225122617816829
0.199744749480918
0.124267325355845
0.161399665703558
0.210313797734953
0.228360437717886
0.180779156150682
0.104021440946726
0.0750681774244772
0.166355556449138
0.196192412099091
0.0856781573369456
0.0739686785004277
0.0942356048399309
0.104610937241655
0.180830331392349
0.259071811076152
0.199039354274384
0.176268051155184
0.21917385408924
0.201821651719382
0.235834315201975
0.163281410948704
0.117420367731746
0.225236864836253
0.337377360393206
0.414016801920693
0.268464620302167
0.178239255475083
0.117998891598301
0.129448269528791
0.115473504999572
0.129379535124383
0.0841366793991483
0.0703671954709789
0.11636309959853
0.135571873383046
0.147740546223025
0.150167450783314
0.104988767106173
0.121537453898118
0.126960600169407
0.122131064004428
0.0704512620974636
0.0672774879704128
0.0728272789162559
0.0941137314872407
0.0554639540605908
0.096103031857259
0.0832481435980831
0.084487741458259
0.0665693614991241
0.0643486398502127
0.0433527495673213
0.0562414149877149
0.0980709174937388
0.0900613621934412
0.0501875213771526
0.0699006435607936
0.0933967697256675
0.0869501741960388
0.111762571133793
0.136112456369959
0.0949566739499849
0.0929458109482121
0.0945963146336844
0.068304579420367
0.0941252455011563
0.128063513856937
0.110958610182369
0.0939923241209624
0.0931571856672006
0.130242294899541
0.165651258198546
0.120887198543939
0.129291761647155
0.227824850897913
0.400833215758882
0.354402159924113
0.126970858988684
0.133447940499823
0.144526811552801
0.148388827712129
0.147713369539115
0.0938568179397451
0.168848905461427
0.204010164690967
0.0690111653661476
0.159911779550218
0.257151741148244
0.232279913494323
0.164220146502495
0.176768947419636
0.162270081031624
0.189688410649922
0.259488891361384
0.109628721880405
0.191878915317171
0.209742954807822
0.0976978276255322
0.0869315217289868
0.101720582703935
0.0984338112016587
0.0823321139766141
0.0931898352049159
0.06789564995438
0.188198659746789
0.109019750567837
0.0878134368890201
0.171761722979747
0.165811610286121
0.148511215878512
0.1410275774915
0.0650449180527125
0.0545141669150176
0.0770855343160497
0.150062964915873
0.197893638669549
0.212824894276706
0.208972640605004
0.252929124184285
0.269015579176541
0.242602971481551
0.321816309669434
0.214579099258261
0.123383647323373
0.081653386134636
0.100119870425482
0.107200101318964
0.105309914976881
0.329125020020536
0.232232106356939
0.139618188689986
0.112543237356257
0.143036794471997
0.178042563051157
0.0716098851692921
0.0611596869572019
0.069222604335178
0.0668253536121768
0.056539701723515
0.0819808575589503
0.0899625032192953
0.0722297140949494
0.0646268755600582
0.103713159736997
0.149975370699961
0.117310975197279
0.169940033830086
0.276714169670507
0.222774085140739
0.0703388790556826
0.0497920142438939
0.0790334705853259
0.19978321174422
0.142213375131083
0.104040911171708
0.0823515887845223
0.0621926757618183
0.0538773602047827
0.0529882387384096
0.0474378526536309
0.103683732067892
0.115427683349149
0.0763785198849166
0.0569959097072997
0.0883999827109246
0.0956198409572188
0.0609854808527186
0.0481971480465717
0.0401508920937426
0.0434029108131638
0.052441987293287
0.0539898369180879
0.0520880465339118
0.0545568171072519
0.0484758890406634
0.0714488416630396
0.117017936821452
0.100053049560661
0.0986195168450961
0.135545732746571
0.120488394958179
0.130429345335704
0.133138699950449
0.139629648335591
0.125406288022113
0.093786082640086
0.0728655300214827
0.0612894985538951
0.040688081550672
0.0293701659803259
0.0307595155791967
0.033055391081128
0.0576972977110132
0.094828277308274
0.0767439943060604
0.0658841740745541
0.0676344704209919
0.0345825358563008
0.0317738054531437
0.0561617222983118
0.0592341620429731
0.0323605715065283
0.0514011581386939
0.0510376992283118
0.0431554012594195
0.141492953668825
0.19302129541724
0.110401626639401
0.0795042539269906
0.0880724968450128
0.0799454286908162
0.0760064773303269
0.0850511792184733
0.0352051600601296
0.0718972226414681
0.074028645446236
0.0760782034454823
0.0450216677725198
0.0319654172018732
0.0353865153693885
0.028527794519028
0.030983373692735
0.0372198986205104
0.0421377780230341
0.0486545439255761
0.0453035557277946
0.0422675539923491
0.0389803183567578
0.0489992547679765
0.05703925855062
0.0515648833126554
0.0586183591734155
0.0866604118464103
0.0924493481917963
0.065741147087295
0.0527534375906284
0.0479430246027994
0.0380207065759595
0.0402457844132786
0.0355413844345805
0.0399562543486837
0.035824495561245
0.0348616696250677
0.0284993985134793
0.0391398865797053
0.0409956722403406
0.0415061398417837
0.0356696252469766
0.0426935862598036
0.0381431719409018
0.0299241792467332
0.0196031618745117
0.0281392145443473
0.0344253913972095
0.0393307492277848
0.0461380386050159
0.0524766695789971
0.0440466902982417
0.0310898418925785
0.0728200219319805
0.0769959382850434
0.0507724708211345
0.0372382959546017
0.0341405845964199
0.0372573362872487
0.0337549572335136
0.0432086858758845
0.0391488045294424
0.0261471011710804
0.0269542481673087
0.0320049007569944
0.0547849110990709
0.0428223937888787
0.0264220242126546
0.0296227892697393
0.04565204052957
0.0592920205290655
0.0454164560779561
0.0396845354076835
0.043137831254138
0.0360151845620529
0.0293141928497832
0.0293553992996923
0.0383208050204213
0.0551371152171256
0.0647726380912624
0.0715384335481859
0.0695768949145914
0.054926641184369
0.055898019637942
0.0440719074520039
0.0386414411071015
0.036146727784108
0.0366782650730996
0.0431137863613345
0.0518396984014119
0.0519182298105024
0.0262966802827023
0.0348770367513598
0.0445692961338027
0.0412042512886415
0.0397406651029949
0.0515812908484853
0.0656409141111435
0.0501994858009718
0.0428529228765067
0.0423674254553352
0.0324103365239875
0.0316203973530801
0.0245092822072525
0.0419122647999979
0.0711443040556754
0.0661315168222648
0.071704433293901
0.0486875879300821
0.037001485111535
0.0400794442238477
0.0611302900518814
0.0406020871725659
0.0469528842778001
0.0569674252483835
0.054779181740609
0.046593336613022
0.048035911386015
0.020720814834931
0.0333998481953737
0.0364003658324822
0.038586427558043
0.0266263693914196
0.0435159169396847
0.0444692788042632
0.0498459540013116
0.0440559317497224
0.0785763173069751
0.0863625406967876
0.0610589736151197
0.0577354756528371
0.056529833871477
0.0405316937244474
0.0363157401693668
0.0346588841992603
0.0376766086970839
0.030505175483842
0.0287248576854963
0.0250327523536827
0.0322787584766234
0.0425400234077809
0.0441191485489849
0.0427921842294824
0.0449856491676731
0.0647540348469419
0.0632903610072466
0.0675253742131926
0.0776170646420817
0.0396214295609697
0.031223170446545
0.0387894462310164
0.0518183298644307
0.0599807322388232
0.0483520668214882
0.0529815931727947
0.0516864701586382
0.0562999294369384
0.0569657679716699
0.0650093640647013
0.056538333696877
0.0617971240045859
0.0551903427862702
0.139878545393013
0.136321389499765
0.0661620943098876
0.0542654839950902
0.0570280609170926
0.116480786088969
0.137862256629233
0.0685972515001604
0.0365656408626498
0.0268793462330763
0.0266173831567957
0.027493850921828
0.0278883447097233
0.0393916346280048
0.0700966941437056
0.047281375648538
0.038219447424117
0.0351271131546749
0.0322058836943835
0.0450829504332561
0.0406878370128881
0.0344911266502899
0.0279118759751931
0.027919887916342
0.0254646282084147
0.0132629045540647
0.0255124362314394
0.0250097432089445
0.026317998550453
0.0312385978724125
0.0431103416508558
0.0497410771700511
0.0590937959202416
0.0471161556778175
0.0713047472169343
0.102588229413429
0.0981409919940267
0.0719233659695727
0.0610343279620643
0.037867238265211
0.040848482707531
0.042456789906427
0.0418433399080463
0.0391987006843297
0.0386394296936362
0.0370392063126702
0.036172084610537
0.0473519446140751
0.0543733262953856
0.0360967560701383
0.0404886810575964
0.047743849844499
0.0387595768338322
0.054713351713677
0.0508363553362101
0.0540792330276297
0.0834844893478046
0.0721425968156381
0.0529497272390315
0.0393597851413588
0.0488980112779287
0.0582193592340917
0.0420111217639004
0.0405755030687686
0.0427741854933434
0.0397514774181519
0.0614891599591918
0.0782247885877537
0.0863793684598951
0.0614685088204337
0.0565085971154469
0.0411911228518441
0.0210616394083147
0.0409365054534638
0.0373812691977836
0.0349054258843016
0.0285561638769667
0.0377840031664711
0.04073401845422
0.0570962046103999
0.0863859969641924
0.0660583777610387
0.0437823366895079
0.0640131327015757
0.07210845420568
0.0513376893707695
0.0527717953517207
0.0348851562812504
0.0384331624854178
0.05900641464929
0.0636942291705852
0.031663257323924
0.0273186605180412
0.0333848554831778
0.0489327841663729
0.0566418209133646
0.0528229952682582
0.051523854805085
0.0431771299231336
0.0423177699529738
0.047096056877705
0.0454065107633189
0.0546242350538964
0.0413379808562801
0.0417770622943519
0.0296007593762913
0.0111085449072672
0.0174811210379853
0.0368371659244972
0.0383691658882108
0.042717781534145
0.0390138908711815
0.0483993206128738
0.0375389395664058
0.0192116018001943
0.0410335589718062
0.0319002388116233
0.0355664335861945
0.0440931423545931
0.0382349901233865
0.0292832818808079
0.0284630467079614
0.0274541743806996
0.034951421812862
0.0487228883670955
0.0516201009024863
0.0412041658664333
0.0476318608308247
0.0449640926601688
0.0383703314340288
