0.0382120685089832
0.0246421953410391
0.0237943297479407
0.0225493951841701
0.0228065074599175
0.0285377536894544
0.0333923669078863
0.0317868533693294
0.0394686464122621
0.0371667055750601
0.0228727705908122
0.0278912197580712
0.027994820255699
0.0197592573090432
0.0519772850439296
0.0665094690650903
0.0472801572427441
0.0579857093979136
0.0394993442688933
0.0276139673206587
0.0292852296253087
0.0298611915500754
0.0396698690359751
0.0586873176170257
0.0457729584815563
0.037960381314465
0.0461760793904102
0.0717553362460829
0.0652601824998698
0.0338518001821992
0.0356134493034421
0.0287977178540428
0.0684247385660439
0.0683330130124978
0.0327503336372741
0.0412231527527821
0.04537617446029
0.0351613209531736
0.0298407268831395
0.0232991475168715
0.0224380049502699
0.0262720816885926
0.0286003544061661
0.0273898491425041
0.0327797906229008
0.0245640320935553
0.0192437624752135
0.0220022953866225
0.0339542320337717
0.0434851027663293
0.0464762267265528
0.0420814285628656
0.037952887599692
0.0351101045945642
0.0267487900158504
0.0260535731538198
0.0298328503824095
0.0314839260096142
0.0303975595522847
0.0269813679753986
0.027689518702278
0.0352046213226389
0.0412653688845568
0.0309370254306199
0.0316311989869341
0.0321708963288491
0.0249646566969238
0.0184786958990517
0.0257599336591713
0.0370441073526513
0.0414375391394638
0.0396597281838243
0.0352141384187809
0.0282492761561865
0.0309624351908244
0.0473147279169471
0.0589122011933346
0.106001798833345
0.10575824740242
0.0939746985012752
0.0954599011307514
0.0880586928939968
0.0549619409825045
0.0429836597290196
0.0457826150763502
0.0516914638852808
0.0526251054893591
0.0597745221098168
0.0627392538594317
0.0493344172333054
0.0486456642283317
0.0433031529855908
0.0465224844455366
0.0463788222337133
0.0439637730485954
0.0457670145734094
0.0453977337373337
0.0417615405779363
0.0298989276610386
0.0293341623651383
0.0292284878038052
0.0225919852967481
0.0422232270926815
0.0417825023936019
0.0286515704170608
0.0260637657075375
0.0244487313428644
0.0249226814657363
0.0314398270911725
0.0453818985950234
0.0433115628973569
0.0407233709292788
0.0413035542961725
0.03231596188432
0.0315956754343549
0.031934825405495
0.0354727043836708
0.0332205922971763
0.025193251705255
0.0307801941188705
0.0359192644687078
0.0323026838451014
0.0344271278404854
0.0396974970785994
0.0279825259805423
0.0229382351065627
0.0271750722698145
0.0900754414886215
0.104416787934193
0.0306679725764659
0.0251125800985323
0.0301223918871142
0.0278117506433064
0.0258135100615815
0.0329628737888103
0.0323711804422898
0.0273702348329588
0.020772805672213
0.0387112406202429
0.0694826825948345
0.0473598736131577
0.0410342667579529
0.0489504303774386
0.0343579077783408
0.0187718097548136
0.0231226701769336
0.0200981411049554
0.0369333728002419
0.0723982766680088
0.081285993653653
0.0603725418234308
0.0249029373905586
0.0269466721495496
0.0510072453349086
0.0630570366266755
0.0299294393355125
0.0276853500735116
0.0366975205062548
0.0442444434054146
0.0312843940953046
0.0424455276692238
0.043543466332066
0.0317467918797661
0.0364565683461349
0.0266364808742508
0.0238008520827534
0.0220274887238236
0.0235729654949491
0.0274894053146863
0.0250146607460446
0.0314327273074217
0.026103108676034
0.0213531040182113
0.0200791668503132
0.0190991527065047
0.0226924450403148
0.0222392103365784
0.0257584614858654
0.0235876140133846
0.0197423941096845
0.0208681283553835
0.0195187855780762
0.0208987170509968
0.0286192173234766
0.0337257116071198
0.0351368679016498
0.0279034442578848
0.021770038354924
0.0256405628562308
0.0297243603356263
0.0269196586044384
0.0237578479317705
0.0378464176607672
0.0542781747174834
0.0488782356343783
0.030233196267323
0.0416533002530821
0.0358945898524498
0.0405011136205669
0.0460305400928409
0.0311871842958517
0.0253901688839391
0.0287959887562546
0.0225675236863234
0.0167070382345327
0.0191394418578181
0.026550832914534
0.0419702789743806
0.042189397887951
0.0378684581427453
0.0325046478972016
0.026788791978857
0.0252915968651587
0.0277873901488961
0.0250515872070215
0.0218221613605935
0.0274036904785584
0.0278104603388211
0.0235813956114565
0.0240672676466803
0.0283535167004831
0.0352538983246951
0.0315551808336167
0.0303450278122115
0.0373974670479466
0.0295837059379795
0.0194452984699344
0.0266677119752098
0.0311835627802169
0.0265975512371696
0.0238406183263757
0.0229108165299503
0.0205111798622722
0.0161974786482332
0.0183607520852914
0.0199594445387178
0.0148522472307089
0.0266576140112481
0.0299919450840879
0.0250271109514989
0.0256397908920523
0.0217530359712361
0.0226222080407584
0.0255998011292765
0.0213718190594444
0.0228150428728974
0.019788184604176
0.0170886766033199
0.0271995983684085
0.0370469648330268
0.0274700132244078
0.0166856780714043
0.0163310572558518
0.0239334331891376
0.0231888838946502
0.0164732542220336
0.0242165006678719
0.0248013386112984
0.0261478009398352
0.0326200049641507
0.0278365842410009
0.0227129825059963
0.0186380586054926
0.0167012414737131
0.0191668162414515
0.0201300016308124
0.0189993915533107
0.0195393553792627
0.0187254682482893
0.0214900777714926
0.0345982012788299
0.0340891907117235
0.0227854195053459
0.023075939397428
0.0263881378519778
0.0267976375641641
0.0231291687282951
0.0300933466666437
0.0379327175631725
0.0293919252431341
0.0277796959612483
0.0251135362402488
0.034573895866932
0.0302040547709695
0.0335475542820174
0.0446732207256422
0.0455744869350242
0.0365165843569509
0.0262135053294027
0.0364494193324815
0.0324002822912324
0.0226734494040243
0.0263402631037269
0.0248536864957224
0.0286003696053307
0.0367503136791421
0.0335726555223573
0.0382396751866202
0.0288330365128591
0.0256542483340791
0.0365813100426462
0.0327115036286047
0.0286805030905265
0.0292795129935297
0.0245066208463408
0.0333155950342022
0.0351423958463567
0.0425825093823797
0.0446543030753807
0.0276919148933599
0.0404074765448819
0.0529828170074115
0.0361976436098083
0.0316023898497186
0.0312548276672945
0.0254054508307102
0.0266330529520207
0.0280456677818853
0.0412060318485118
0.0301072968841301
0.0209097401114975
0.0284316798366836
0.0254005335499697
0.0202949837277161
0.0240266103336115
0.0267698257964876
0.0290126384209566
0.0475145612278355
0.0442046818187468
0.0291537589249902
0.0235335329054743
0.0230859132408188
0.0271112809638257
0.0242882016156046
0.0247708246140933
0.0238535141910832
0.0212087724083092
0.0363139723747225
0.0614313101783409
0.0440954433067733
0.0285343691767863
0.0484693400684356
0.0403663496500128
0.028567868388312
0.031124607315356
0.038474598477823
0.0256038113135894
0.0299463778963455
0.0357607532049986
0.0326251322609639
0.0344329654284335
0.0283650718198991
0.0266006970875112
0.0272686995250034
0.0351540386098553
0.0455391183570014
0.0400862547729156
0.0377765838343452
0.0412441799392617
0.0304357758581436
0.0265174939404006
0.0340905401937553
0.0415369947383393
0.0411727264810749
0.0415184266907993
0.0399207822382854
0.0549732787969995
0.0514231160764699
0.0319040252144305
0.0203535236659816
0.0218242270342872
0.0200539324479353
0.0331019985969805
0.0461320415689115
0.0463487392371809
0.0518345275080965
0.0709455646827235
0.100194269858542
0.0674892499353612
0.0359607758401227
0.0239818994324697
0.0304612720305585
0.0375574766079502
0.0512191930200888
0.0431060062537396
0.0217187768326181
0.0262038168809813
0.0324465267120173
0.0319178124176391
0.0344478687583382
0.0300993453391908
0.0370532244453073
0.0387649128706333
0.0333311053773541
0.0396620656423746
0.041928622290759
0.0361160400683815
0.0411999007352642
0.0442520454308621
0.036300014758528
0.0295989791139973
0.0436768987241257
0.0416480924430883
0.0251122692633406
0.036922201032486
0.0336582550774308
0.0302862343392243
0.0444433381054485
0.031338749554643
0.031356773086408
0.0268058611270889
0.0312861120307358
0.0313573159714223
0.0409003393635408
0.0364512256458282
0.0257978572499498
0.0284093798727042
0.0204912645564713
0.0223743925353064
0.0275987998010615
0.0313542114246192
0.0324450322687744
0.0335303209563823
0.0307348461061395
0.0214731437284072
0.016876174235063
0.0234132430097369
0.0375001390901083
0.0396584600800508
0.0281625741420839
0.0232537074324177
0.0239213084471417
0.041162301367805
0.042384089334166
0.0248897853044358
0.0207287093334609
0.0197030243086878
0.0314931040325588
0.0451624951361036
0.0301540516246099
0.0234181659258147
0.0274822884709314
0.0216798041488674
0.0175658581949028
0.0282904782445534
0.0304953180883161
0.0208243535780349
0.0225128196808244
0.0241465940708074
0.0226228512680879
0.0234201622804718
0.0291147514043653
0.0307881976997319
0.0271964463191713
0.0334690432739049
0.0384081179015905
0.0344960861915112
0.0242379895300841
0.0391396061127912
0.0520717308642798
0.029994416637902
0.0139546332715549
0.0210680118113914
0.0321116267622878
0.0256156606466132
0.0167826440784283
0.017952639555615
0.0231054225867267
0.0352977800262175
0.0407742918733721
0.0276018268490114
0.0226274381143599
0.0208760906584071
0.0185197245070043
0.0173300879740675
0.0177331981753694
0.0223646140941091
0.0260561076754314
0.0266695681533416
0.0227004369133874
0.0245037855667984
0.0239813296021888
0.0188382445570948
0.0160549678221307
0.013952621741688
0.018032753716828
0.0224589595023283
0.0296338851355711
0.0271098793955769
0.0232282518281107
0.0215389444885121
0.0220307021569561
0.0229992491752749
0.0222993061273901
0.0232416172993852
0.023936842149436
0.0153485623242962
0.0151097919187658
0.0181102258204059
0.0258921955816295
0.0311030706986348
0.0313778242831124
0.0249848715024015
0.0260270599570568
0.0343117594673845
0.0349645951310588
0.0251581057889519
0.0274261339661123
0.0262977986665987
0.0271573805971842
0.0255711546968661
0.0247551536996504
0.0221649449457326
0.0236262544949659
0.0302107276568274
0.0262736797579377
0.0306920390269675
0.0371059497381335
0.0261457772557288
0.026649422120484
0.0298332736957768
0.0264871524438838
0.020464864984704
0.0194116269694746
0.0260321237212652
0.0320455296591283
0.0247361264137309
0.0304920153916544
0.026502030410087
0.022692835950231
0.025884133651224
0.0297941627631356
0.034110296394314
0.0262649043210911
0.018226435189124
0.0211261697256275
0.0198848841158381
0.0193967679889674
0.0230798633144023
0.0244803458776353
0.0306793053441744
0.0370167383814687
0.0310957713701714
0.0255029635483244
0.0259832986331924
0.0223828394930202
0.0225542157840287
0.0284314562834763
0.0293857603669569
0.0231892980564793
0.0305343284205932
0.0299314413518677
0.0251724716771281
0.0262870135034005
0.0304254056233377
0.0345483588489687
0.0284549957520246
0.025007951662851
0.0203721427729207
0.0208809958716118
0.0322478089114152
0.0375207415100418
0.0316095897961369
0.0299416835717511
0.0326015580669132
0.0367736408719732
0.0405693439975213
0.0318334392217598
0.0233494284581414
0.0294420212620988
0.0332311869071597
0.02799271272625
0.0247291178024452
0.0515028256622183
0.0522192662157813
0.0285720853626852
0.0293582928717658
0.0299101401916136
0.0483429068864485
0.0475392276403001
0.0458794085835924
0.0335563910223649
0.0178059999621013
0.0212435469262949
0.0254586979024423
0.0503048653262197
0.0630630546978595
0.0428479318240874
0.0262343487815995
0.0233786653420665
0.0297023116206616
0.044933856084099
0.0465769666100983
0.0375869506242225
0.0360797456802788
0.0316342467392346
0.0421039421242756
0.0319013800283013
0.0308625317922076
0.0362154440487396
0.0285000499943263
0.0208551832154529
0.0224261476275565
0.0238582482922972
0.0219382933484465
0.0218227391335049
0.0198814027575067
0.0276507262513124
0.0398537158665244
0.0330431540257476
0.0249903415654455
0.0255761433017056
0.0231349133120323
0.0285002990613067
0.0275837575401065
0.0235169632664044
0.0201837636541874
0.020184285064787
0.0234870450880929
0.0189741847597146
0.0191494711553585
0.0187308885964331
0.0187337143989948
0.0178748659625358
0.0222427634995375
0.0255987728836888
0.0206655849516439
0.0197401552899452
0.0191248882438083
0.0254788331110816
0.0277857437819681
0.0258040808207804
0.0209395100514366
0.0256964203078113
0.0250210186984849
0.0307678803106601
0.0409272972034773
0.0341144539777805
0.0358256071306614
0.0428169228141643
0.0373288805781914
0.0285171658292059
0.0285076907991664
0.0292092715534128
0.036950807123549
0.0386498263620045
0.0416216397819186
0.0374168619762802
0.0570172420210001
0.0568588709880027
0.0454832269022095
0.0507189391910748
0.0557175941508686
0.060415551977965
0.0233044226261698
0.0312066150061501
0.0381531573461093
0.0248732181139439
0.0319935950552399
0.0324373255283938
0.0264057936879553
