3.26403116408787
5.93033646214788
5.19856630371757
5.86083540575255
6.20337624435467
4.93963337572002
6.35822404271013
5.41943725601686
4.10514779108172
13.630424826563
17.5356936212047
5.16277637216912
3.39656251625403
2.10298417110774
1.71795203846126
1.80487775893605
5.00291651933159
5.45275265034579
1.29176517694157
6.04463256966041
7.06096483547629
4.16131849177394
3.67637335994089
1.02149181748273
0.382430256422853
1.60940182976319
4.49282896270055
5.05025539818641
6.41408609779204
8.26328809733681
3.65831460669744
5.8469168694478
30.1858347123322
19.7274158734648
16.7517406981392
12.9019563261463
7.00662228745895
4.74852996892417
1.04425361734874
3.61822319876605
4.45579004857191
3.158106722948
10.0438324081662
34.2292959027353
17.25302036952
23.3479198844301
36.2957411967168
10.4548065156868
5.08046851709113
5.0267773473622
3.80321295760501
5.11294374672413
12.5270248329277
17.0439603788912
9.39864271267185
3.07414932414041
2.94158228151063
2.45838602128415
3.69406825071279
3.69919242561287
1.33487078866769
4.97323897561908
15.8676721986477
6.20717486716674
3.92277701933004
2.01350681763226
4.22916977543706
5.50584725445196
6.32806849978483
7.8534484478197
3.0982499216949
1.40790636331114
1.98263535921408
6.05738639015885
7.77855519872975
3.86537449682869
4.29972046329724
3.7881042858515
1.38040466052237
4.48501301701249
7.73744520863168
12.2905847012714
7.2142279926625
2.97681395149199
1.9614272895495
3.77360342545934
2.40901032713334
3.28887517475048
5.05879789647014
2.12344273548184
6.72929100189779
5.10356026532204
6.42935527343727
7.80779533958466
7.45682804527483
6.83677976624089
5.66068104137379
1.62131492367253
1.4729287776698
1.45879985244378
1.99230906612284
1.91039883130624
2.24605548812839
4.31539748925582
2.21574808502986
3.33876751062485
3.72994737652158
2.09958961482923
2.51561874200622
2.26153516198363
5.32209864620538
5.29020121505791
1.58627067243378
4.22254265325835
10.1177179228443
3.89977150224051
2.22083564592775
1.69851658072832
2.25502690105152
2.19096103419461
2.72508127923322
7.1135037706151
6.31030214563473
2.37347425073982
2.44662780220583
2.52655076740933
4.44495491257429
2.70064947204913
5.44415155440379
7.08455083681718
6.83669468517952
18.127396338455
18.1341689392017
6.23944345596761
5.31217300618072
4.05419335423621
5.42010838079953
0.843735241833741
0.55311787838044
1.84488607120081
2.52836532893319
2.59604431072891
1.61886752144692
3.14339805630269
5.45357138360269
2.87742793872058
6.55719545068732
3.45762864269161
1.86415189919809
2.95801398373114
6.05483786148835
11.0098191350707
1.75239400858196
1.90989224636789
1.46640595788518
1.52448039494911
3.0267616133032
6.78788933359702
21.616195657835
17.4240178564111
2.51268803089316
2.64671675147645
1.78505234966639
2.53197732305532
4.511937327644
6.38009337145798
2.89098434699941
4.85825625492426
2.5504707130729
2.15702582956116
2.74093325931515
0.80796658888813
0.983249108677261
1.93860229644882
3.18006818603873
4.96923211867459
4.03134823264764
1.76812075438346
5.64029095458214
5.81941371720836
1.36541765536253
2.37190531531521
3.82033005845011
5.07981332969834
3.99002592000905
5.44748804663259
3.108151808132
1.36653509540009
3.80726336669624
4.5636790245404
4.69650314174228
8.26796006888051
7.32808317632978
9.032678245051
3.36542471150641
3.75310541715273
3.01415675662791
1.75666058312799
2.579250975721
3.48768267093794
7.96930749866141
3.53303646662374
1.73023013839233
2.10588568554905
1.95335524891235
1.90575616094247
4.15143429118184
7.232085048856
3.94935931361886
1.36217164945463
0.751940724881882
1.41752124372784
2.2094511499163
3.91320346131194
5.01780488192716
4.23883512444287
2.82410030166046
16.2067710633894
17.1725176769803
9.34447824622483
3.48757405638261
1.25962581686145
1.67734741926762
3.33816219644608
3.54189608561812
6.09477463390872
3.54664662807717
1.87773215273298
1.67287349248729
3.34898998059643
3.86017956211903
1.50211394582127
2.72660200834516
7.91496704760192
7.53064484653694
2.54047949457098
1.84463904160524
2.56427788892133
1.61689223368902
4.05729787578755
3.75229815766418
3.1951311076755
2.66514606501687
0.954061799481371
1.9742572675183
1.01033353547908
0.915199702307518
1.09363742117567
2.10715745571226
2.47511616936041
1.45428779692326
1.19474887677826
2.68148012080462
3.06214333550641
5.68364278159547
3.48794538606489
2.60663711963528
5.08981397345938
1.46790558444915
1.56748853789776
2.32479642833975
1.9947446965994
1.8714242141374
5.25008915375817
2.18367375987125
2.74118142633522
3.02011573471851
2.352776818773
2.39922062235874
1.52876167866802
3.6475071118007
8.10638903394606
9.65481722209964
5.05796815402981
3.06768991207504
4.16483798621641
4.4811142837302
1.56472989373575
1.59385461356608
1.46367481380751
1.34593575580852
1.66202890125909
0.953321079116147
1.83498256645037
0.900980166683055
1.32637271678306
1.41728131621675
1.80495879219417
2.1595832735546
3.74823586119729
9.1346112302505
8.15820276207262
3.42017370847132
1.94709119844616
3.29740928365212
6.31171280357248
3.49908137054239
2.48020106516999
2.22628034628675
0.957621100042917
2.23144714554671
1.11307299745037
0.734488138038974
1.82024494874961
1.44920846767034
2.70568954614108
2.57214657986932
1.54559332779182
2.02152103081787
0.962955931092655
1.98025952905478
1.05363219806534
0.494217274133384
0.80416390386224
1.570327817695
1.50332946247451
1.804573993651
2.6819651791017
1.28632567552379
2.31768363227103
2.38728201495981
2.07766149619683
1.11905449831038
1.26775504409707
1.53355232145526
1.40764923671384
2.82789183212092
2.63474257105804
5.79586048270068
7.15954205781778
3.06594904431369
2.36869221303932
1.79186623051822
1.79130010795222
1.77427692570026
4.02384856271717
4.06599627665795
1.36670823993487
2.02286479150837
0.806752683568901
0.33811512034998
0.862844836661697
1.0153233035539
0.857025638015466
0.801897862825419
0.662559432454551
0.946619269060701
0.559021346660374
0.364610092106818
0.40775708358937
0.510487938174212
1.67354119420812
1.83303496541373
1.47858916892811
2.10872581884969
1.70365140197243
2.44237977346448
5.85925997908067
4.54706086643347
2.04962793785033
1.327848438157
0.732466045465636
0.414449534170063
0.380848590224876
0.504615612022336
0.461451609278811
0.55373220628186
1.26511984329756
1.14891521526403
0.594242488417231
1.3420193906506
2.30717630252517
1.21276743698184
0.759623989607372
0.727341976501298
1.28404302024233
1.38171362313141
1.07643906841029
2.56517758199124
2.47776599088219
0.859174006182599
1.58996430126439
0.691759900536198
1.22481515054651
1.21493397820304
1.01921614297938
0.783758105764064
0.386836873570611
0.980050753972433
2.83695050944752
2.05570339769099
1.06627947258304
0.453421116137597
1.42811078514843
0.803368417096705
0.751578735037343
0.443650813213631
0.958587204236757
1.37867610460215
1.08474900771728
6.32597032282102
2.68379023004173
0.3145189631203
0.38833267740919
2.87248942331303
4.05284262371215
0.895522273383236
0.620827083633292
0.755050857244044
0.539549631788955
0.628142171171894
0.697065576427475
0.544681777881797
0.28318742718296
1.26509915400237
1.61628699756628
0.708860093899203
0.641453997537611
0.45554386587452
0.376583552123661
0.727863827700461
0.51802069529984
1.65104619911379
0.916484330123517
0.698725877674715
0.693503314751036
0.952755057647342
0.580748124941419
0.424922051878512
0.36379649577097
0.367130744663551
0.331910262585816
0.375205632911118
0.727810919867057
0.82815121224994
0.321117343981547
0.952905183355897
0.881301925405451
0.620738268865544
0.614430268193673
0.348838834440086
1.04199034364355
0.887169304477708
0.72908079861381
0.848449803983864
1.30572785067984
0.774971618081682
1.21202258122858
0.42153885309511
0.470283078645977
1.90184622920012
1.28049831955034
0.757873016075292
0.636658983311024
0.447747481256777
0.975285199595448
1.06378476971231
0.591076669196124
0.554557924780278
1.21673496137902
1.04800196968217
0.50224835351671
0.696085530064922
0.952474925759785
0.433506854732522
0.453245275065451
0.824092126036476
0.477272031594305
0.692906642706591
1.00449200375304
0.792646981524401
0.810642674450823
0.771595928799339
1.07210414257555
0.718772233717869
0.396643672347225
0.393463369521765
0.432917935011311
0.347677155409164
0.628066774333644
1.050523272675
0.442577038483152
0.750365701721472
0.8534304810422
1.1164305273621
3.18384146402938
3.10628837439177
0.679895282275146
1.07662980225512
2.05532487346915
1.05940622498019
0.739104904224015
0.753837629187838
1.64203435614592
1.61299239715738
1.67343273114258
1.08302928308696
0.797195860911216
1.36370106728167
2.55538869318284
1.77456533979322
0.822977823044529
0.785121553256594
1.04882332921805
1.59711953904546
0.847354948022085
0.650151826678692
0.403726077078535
0.219531976623848
0.488984460416831
0.420655349072705
0.386226358022715
0.467208748887514
0.666646612452806
3.26164404431947
1.39682354907195
1.42346617775447
0.959153268665263
0.800907927628574
0.550889770041009
1.16340181082388
2.86323205673783
1.02859138284032
0.623443625930154
0.45342926516855
0.76428914189612
0.791836328512112
0.582322435554508
0.414558919577195
0.215645975451233
0.542335348865546
1.46261674659309
1.60875129542285
3.69696321724829
0.962666564809602
1.29118470454524
2.81145325146361
3.28878698060382
0.449950904153308
0.790936037250217
1.44669245182396
1.48891823821464
0.489458991641762
0.663218958759252
0.954224584512345
0.621535861727225
2.10954954553456
2.40685041522053
1.81744509847389
0.833163945862111
3.36449174037049
1.28513441007242
0.82777170982285
1.60545793406363
2.33188071413725
1.53320532000406
0.273677702741596
1.34626341159933
0.712719137872972
0.665968831407322
0.557211673092749
0.42071572173583
0.817544882946959
0.462234814690937
1.09369912549276
0.993514373973794
0.23403517253655
0.219925427300367
0.170537199457288
0.376306760177556
0.512628226422761
0.485673711200541
0.450744893538083
0.44912666446455
0.498814589530813
1.23615607190104
0.587573258860668
0.663165877357992
1.21862207628117
0.333561283591898
0.552040035517025
0.436536182183977
0.315790835098674
0.432776133454997
1.29389167360416
0.994563904030312
0.399313844563311
0.533850069200814
1.02048293739082
0.898579987728373
1.42025619131503
0.992077905801124
1.00913959112561
0.601028027094113
0.816533825200628
0.534680756676203
0.461106150336867
0.680691343459882
1.21829744229292
0.826354530629255
1.31254288593248
1.10538465972742
0.610934932439877
0.614684664355313
0.715575908289038
0.80452356553893
0.862182323225347
0.849406371366586
1.21448050525866
1.31293562552185
1.31335492662278
0.689815801910794
0.791842367084518
0.735346442410771
0.990517921195327
0.841860621701617
0.488954822405831
1.03331232386854
1.92430581371439
1.89637913884324
1.566390228427
3.23411035287533
2.70437592758498
0.902135565340778
1.08525837652775
0.856436469426976
0.821869513585972
0.797080589796321
0.50891603372995
0.591542609608638
1.55611292744839
1.06252735512283
0.320779660903224
0.575044471573901
0.863613390974914
0.444335439313546
0.357491576764584
0.813080661659861
1.83221488904004
1.10791307766387
0.616466656626249
0.989387876843139
0.748920753254722
0.536755960965462
0.61281979480925
0.423296245250988
0.441905061717452
0.538288243326451
0.337951474077178
0.458687991582484
0.459216702419568
0.391981050680577
0.317530829393416
0.8049609173941
0.312626413156259
0.476678342768789
0.324754273933789
0.464248710678633
0.688131978685252
0.615875737484012
0.540688905874407
0.78431808772924
2.83038178268398
1.6023660131347
0.304264312506446
0.402140194874879
0.883295371277186
0.63928323954061
0.350319826054526
0.60052881869507
1.06121399168455
0.531196659528828
1.04194068156757
0.392654758268841
0.340206085182806
0.395204722391671
0.528948462401542
1.02162657302757
0.782161097663986
0.955810594710495
0.689164046013214
0.882097553138244
0.44634359148605
0.864179818461566
0.865778874327466
0.863234027330046
1.41450648677305
0.629061145857102
0.717838626300686
1.41011594180945
1.00314979057467
