1.0246499413761
1.73394259036046
2.58159042720932
2.51418977983676
1.8761288205167
0.673840338694864
0.848902443903018
1.42739992267671
1.51151784788562
6.921310893644
17.1147801915088
12.5279272345639
11.2672717243462
4.84085978440739
3.33164672835241
1.74707686547954
4.10341752014508
5.82456081197918
3.29665545435393
1.43964960782073
0.927604811432625
1.68834205735788
1.87386531506089
0.895784565143331
0.838409011884637
1.62456625048799
1.7238742697575
0.366760520003368
0.319348479375166
0.456190066883245
1.12968841131212
1.12022357144208
0.754363170988017
0.479862257162306
0.435973712139145
1.53342249962102
2.18511724331408
1.37995950441416
0.714992700887885
0.640619336915787
0.518757860543976
1.68540871526254
2.70865250387405
1.55151200754808
1.24939193321058
0.924340946104446
0.742513733846137
0.850507522732293
0.394110096241057
0.513215187055962
0.45492744390132
0.437925868291433
0.909006410893446
1.26970129750635
1.60517494211546
2.2478880952872
1.13690826777016
1.47260632210727
1.55471079090944
1.43389469623737
1.06830772866853
0.864691983445036
0.802722170012579
1.47754972704587
2.13396691886844
9.22845953738513
3.95544205365283
2.02559393503726
1.4546719393032
0.940076327936419
1.36074214564626
5.02833836619824
5.01144572760435
2.50991968633867
2.58204111898383
2.22028642216114
1.1883574231845
1.35171349811639
3.74253920161518
5.53463293806302
2.07813419683764
1.49998073605386
0.640202704500962
2.82710460200691
3.74893765251885
1.86352194293615
1.29638578142365
4.38901927901575
10.7474425872084
5.13796289811984
1.07243061995453
0.805394515530366
1.16372719386983
1.16347412691813
0.965513157327822
0.825734753681828
1.05472335961582
1.18446652884149
0.638602987965543
0.375168392435645
0.339773229649834
0.473465861019301
0.688202475148046
1.16508048641713
0.747416990619839
0.713081299629194
1.67307916080109
2.95023367340494
2.96273821498848
2.72408616704172
2.410257415923
1.43043170815137
1.04043607584359
1.12972195964521
7.3917616569742
8.97855450285441
1.76986590859914
1.96636122522036
4.90770128100843
2.99478142501035
2.19057576716039
0.764133272565147
0.304199288582856
0.477576248967349
0.393118329908753
0.978470754485174
1.10259601632374
0.513265717868226
0.819666950657596
4.10454802173304
7.32357066252053
2.33256954154841
2.02351496396079
1.47644274888136
2.43506412304107
2.07810393219236
1.52297476934803
1.68389684180864
3.11594012186295
2.41655655730154
6.8418473943213
5.73018325491312
0.857648360815029
0.688352194706924
1.74923050270327
2.38876351458344
1.42993060982089
0.770850195578992
0.679622591119672
1.08163584870151
0.772735668938655
0.510263719844291
0.58223836173339
2.20384375110397
3.5601846144831
1.05979172571731
0.94979074497399
1.13134791875996
1.04988961788216
1.80821496296684
1.84339563680911
3.48127796150602
3.17476710767595
1.12034896393112
1.85910945158398
1.44364482155783
0.774893191393698
1.29758571912615
1.63419497049977
1.27537873169605
0.773320850678145
1.37579901877091
2.61586190317186
1.8386006562422
1.54299601158865
1.40728554635121
1.54242841392775
1.95516795188215
5.87598165816053
3.68307838617489
1.59689254361184
1.27561795167912
0.889511058294233
0.354528829888982
0.7546053914741
0.961629530553237
0.400695149200185
0.38720713033178
0.694177118879157
6.5316219228405
12.5478998285323
10.4809363332841
3.71018001102572
1.15553377704639
6.73258962518652
8.61006236589292
4.0360221409753
1.13170072687073
1.5248071648668
2.87187371653412
2.58260864842998
1.38697273294401
0.642685270981377
2.09825808128862
3.41713324830502
1.00690566721914
0.303344583895535
0.642490117511505
0.732702523926566
0.466707732528287
0.528802159593748
0.710070099265307
0.713808375467925
1.15700958847146
1.03087622375394
0.803265133516595
0.750932584013243
0.557914261479456
1.07850944071216
4.82100627594501
3.04303066193937
2.2027200999193
10.6660661436063
30.8204760134075
40.6753888606144
6.59327449559192
7.19950307653529
2.79979714844631
2.86553556126404
3.44439857649751
36.1495544872193
34.6088169659691
1.00046642283407
0.991493154164103
0.712418862770865
9.63189658300862
24.8567884942419
43.9568934314686
16.2678551959685
0.818157372607469
0.784738389889687
7.42595057556148
47.9695868310271
24.3992661053211
4.65796400391243
3.5646370981174
0.860266952060595
0.8345502974718
1.11855823805943
2.10196924245483
7.48713474189763
4.21048749403932
0.938970065064044
1.06485894592318
0.581100667860787
1.17168065114869
0.779042100969635
1.21611029755975
0.600452519223617
0.639188210201962
0.915822940235131
0.785461364840683
1.4298590719612
1.57767433863508
0.969698885274517
0.992630080672263
1.13748237037617
0.965814270066204
7.74493856015263
22.3192963798661
3.40367727542497
4.00658724819991
2.98228924428091
1.29136254051023
1.11074996271468
1.14927905799612
0.824717322054134
0.83733671672395
1.0197291005117
0.804309501890723
0.808396302905303
0.943605314833655
0.560464117490923
0.51070548687939
0.667961308676842
0.802057531748691
0.99352405885227
0.83434403993584
0.730773338858438
0.782220440669677
0.967209603786075
0.774057782311493
0.497503635653027
0.506265735725588
0.497762799327737
0.380221602373712
0.3428699000877
0.435001618917295
0.671900666618158
0.93838326191649
0.645799172110339
0.59961473757619
0.588754208373517
1.05733141625514
1.22513686250996
0.786421329430533
0.524017210921801
3.07699224932483
4.64833212730388
0.634941980490492
0.558242015752126
0.502981109124252
0.710770595309125
0.560449892832885
0.614419397062563
1.55010312414228
1.33414959621936
3.0445683912243
4.01212013287248
1.62054337366151
0.896624838797747
1.25903384579119
0.790630054792372
0.588460233391139
0.736716374774976
0.639037760719573
0.515834111326759
0.579529504192815
0.623906311773542
0.655453300390142
0.642726419858565
0.583333402756989
0.704235353562634
0.613625842126018
0.793413033131244
1.43753446618388
4.82078272388313
3.70229618707461
0.680564698253569
0.495902873533842
0.653754300314526
0.482180389868058
0.521550946374178
0.546371081729537
0.613696746700118
0.740666607870958
0.895990424662624
0.934167416956877
0.587771904118331
3.12615188299929
4.06985123988193
1.56468318546184
1.98961761507541
0.762739761382218
0.560829875027678
0.696562413632327
0.594480152360217
0.530365456079429
0.588162831880243
0.614972682921938
0.61522591618361
0.539965295337963
0.448435758755217
0.538184220626482
0.626653849866841
0.805523250529619
0.752028675017056
0.730098065656163
0.851051664561645
0.721362217010132
0.367830881152778
0.374092438034743
0.462256422770001
0.596904638190463
0.70632835031157
0.658400061744821
0.562940836138616
0.633437437027197
0.557556560136039
0.455524857395799
0.499832178720191
0.364667208887893
0.321996911433756
0.381046130598998
0.284185503573576
0.404356334733275
0.488115065608716
0.494575084406554
0.448358226862832
0.396456157013712
0.807811884254113
1.3114635112339
0.725661539258087
0.543893502729178
0.340759202994191
0.363496863933389
0.409725543278624
0.306896426992372
0.349779539639984
0.355943829311031
0.441609095753967
0.48232225027488
0.37838295397078
0.304666107674904
0.316018075855528
0.471519144293301
0.368921722300551
0.269052321705928
0.300867081744047
0.328260556838508
0.470850617579404
0.651342176997922
0.749558563958142
0.652181049279303
0.40357502113232
0.328747023893019
0.348570187367858
0.585318495879169
0.77016856181273
0.717394354961865
0.43537148989359
0.353788525008368
0.853763886125735
1.45767712767186
1.01232765723065
0.676129574400231
0.530354080691553
0.321552470443499
0.385546029471443
0.340656904172853
0.39459522934471
0.559408540381625
0.577102471690962
0.343738558310112
0.244697295072952
0.516863631887273
0.651839983690771
0.559916167830137
0.397107699371161
0.346831740709239
0.540231458181214
0.75979747788997
0.993066653887462
0.823044163598801
0.363724340299361
0.305354956135466
0.363595287027056
0.288916352645012
0.243292112931045
0.327022049904607
0.617696551764728
1.03743948479385
1.39354329593757
1.03679831367112
1.00710769381692
0.987969835937895
0.867601146072781
0.773284411223163
0.31939866743104
0.274017954807008
0.433795214985238
0.671601124306475
0.426393844281183
0.392617244922952
0.453017234962945
0.577276676821352
0.504685054428292
0.565951185333315
0.739702988716016
0.808232729165292
1.00195023748044
1.02845147289272
0.560518895050105
0.407640975712062
0.413696894957897
0.440032861154603
0.509719291683437
0.796411683224932
1.09553923147976
1.19354942512987
0.880406802653897
0.572151062543344
0.500913759113628
0.342188507543231
0.392465131625626
0.290575237815869
0.597689257087726
0.829217945832378
0.462803760420467
0.297770112565497
0.308425294245114
0.400594960988005
0.570306441571599
0.682951708445999
0.414449948784953
0.380740048721486
0.43355315507601
0.493912485669244
0.696431102257193
0.832157263178453
0.939309337170919
0.785377941716248
0.915949089229745
0.920037374626126
0.877921200041942
0.832390135015259
0.361321804399731
0.403659588461204
0.434848477617008
0.545668095459561
0.833331401769613
1.05473820296258
0.860320353058055
0.93181992523586
0.763992545438069
0.367796376452248
0.22233590830257
0.264000016380812
0.231677505193915
0.223744561076329
0.725490894991887
0.698923943322904
0.404016438833095
0.668215218194552
0.33574378955008
0.20225127452734
0.196948540833626
0.164248652801713
0.151260136870725
0.168910661644948
0.379165798961692
0.6076461672265
0.506461468743447
1.08902935885083
0.928190357360605
0.289316798963254
0.377255730419316
0.563461773628347
1.04388559251224
1.04757214627522
0.646997081944383
0.556635044717294
0.433591231784515
0.230531706879913
0.271855477552164
0.353220322131282
1.20439218684178
1.05029345802554
0.60639164917961
0.471096489025849
0.504858628851721
0.491086645529828
0.552933874440856
0.628815117797977
0.982741838939152
1.85296222192472
0.719631829207529
0.601984744854019
0.598063345433654
0.252985094681208
0.652288659201678
1.28943904914726
0.492944353034842
0.546547225566432
0.532377950018135
0.524222363139603
0.583360676700153
0.644220572926025
1.06014416861784
0.795144332747013
0.420413311438072
0.756644000340398
0.71097005413759
0.432667461417401
0.485068541930514
0.544095737156595
0.577773491777427
0.544593448562751
1.05084923184785
0.565932358540845
0.468541866946846
0.564473955391826
0.897225496905138
0.760382703763554
0.547064931669276
1.01164947985514
1.25246988309397
0.889955941950797
0.414732151838951
0.964694968043929
1.42384584045981
0.717933775055587
0.995983918200651
1.20026787769142
0.37274005419743
0.2850048191096
0.597120331509395
0.665362980152149
0.405188610918726
0.436106583089511
0.670090719984156
0.958619022675533
0.38477351728632
0.23490494362686
0.365913139151348
0.758876566364276
2.23110185475303
1.95322971291087
1.0445397624127
0.633537227111266
0.486873257757852
0.50842795468926
0.471673367365863
0.358349425381053
0.484396187838157
0.333321672766554
0.278694658220359
0.588742155185912
1.16129702533422
1.3371405847257
0.817566392812474
0.640017208444009
0.557218353964223
0.580614666934462
0.740822090559336
0.461778189498159
0.344865135436798
0.393840720235202
0.423978512205453
0.354457497531526
0.474481706574885
0.486115615341417
0.560276191183044
0.652965638833313
0.79981700539134
0.407598999260239
0.344709829418918
0.37096269477789
0.647627190969449
0.66601174046637
0.421603573105529
0.41590689975812
0.320740027924208
0.248790258725575
0.5576729530328
0.609469921178576
0.50340913261558
0.529081170235166
0.527016628153382
0.54336063257633
0.641450218779421
0.592734868118371
0.460905119681345
0.650974818629417
0.701996300105516
0.680055607960004
0.874013250443158
0.741830947363856
1.00826048646539
1.25956925265641
1.58455732598391
2.32573840980873
1.56828696363044
0.921643765876596
1.20571787234939
1.48166290098981
0.564821428312309
0.348259431200254
1.05406474585258
1.27872392700138
0.910088987295035
0.752800276556266
0.705785034002617
1.07662958343648
1.03291462282804
0.578058057930379
0.695639768301904
0.949144815672106
1.56425242998887
1.2275480001083
1.42288939357592
1.75568064525381
1.35771172648646
1.32214192152187
0.669625726744527
0.698148815995113
0.58820310824461
0.468395506853153
0.327686692857697
0.215708231676222
0.510857586083047
0.554613348046103
0.39657320893261
0.427096743254617
0.529898128449235
0.491005566049417
0.589454639781053
1.74822138896333
1.50601846314247
0.976953151450556
0.90999364776087
1.91021611439251
2.12056511580128
1.45525670489609
1.39773310062207
1.09795345946602
0.641555175762031
1.10738830264434
0.9166832908435
0.428206558402797
0.327876927556957
0.400128170896534
0.686759638224578
0.713958140298453
0.8383993310114
1.06835119474198
1.39507408762128
1.4929510312375
0.881415647540718
0.533853593473728
0.3802564072356
0.585870488626182
1.54646170355565
1.72288823181333
0.494528587225758
4.34335003415635
7.02205787831997
26.6292007825349
26.7356195025918
9.50050416428554
9.01560803056708
20.6887480003141
25.9501110578934
13.6056269511152
10.0508729004817
9.63766162349784
14.6585674388249
9.23735056876086
2.37344370678706
2.19329332766641
2.09843766285193
2.18102668076164
2.12506205770503
1.88575954056521
2.05266842570279
2.06755603549183
1.70961128152835
1.93821898717713
2.04787033612233
1.92043016892446
1.80477607101386
2.73891879876033
3.10919264616749
3.46470470743038
2.82474135993638
7.36851461256299
2.87424092739971
2.19948444201365
2.39110274496973
2.76376261856383
2.33506489170713
2.55599066029498
1.99832509461111
4.33692734291962
20.487702263051
26.960080137642
14.273075983316
8.92506545411355
13.5748440979172
11.3466778175217
5.47047525888175
5.31821779549187
6.70991321909598
7.56037000738683
5.3139551486039
4.77031020320933
5.16101317028519
5.45983573391753
4.98372624949736
5.45563195194298
6.2427155948597
8.44096202968808
15.4736868658151
28.7194374902182
23.0601076491588
12.3340383663991
6.6548751883195
5.77210367746835
6.06531598689693
21.3312850146112
28.9354505359378
18.5320512419744
9.93801470628165
6.97584974513217
6.95550298601696
6.63344513955611
6.03527746980464
5.14806006752558
4.73825890999306
5.18919404647166
5.61841572829357
5.1186384409133
4.99121148104083
5.05317216829122
5.00284854581029
5.22752260416987
4.87861249570601
4.57056842633004
4.66291890409113
4.6884508246595
4.74517681365858
4.55538644524291
4.21665308919
4.4064513489088
4.17355691380526
4.41705710659165
4.77395196190685
5.00148708280335
4.82536535496374
4.05463491564668
3.56407026236743
3.08965314073802
2.88067853039752
3.30078740639608
3.76511126693181
2.99952568315835
2.71532838249836
2.95981700045033
2.380437793539
1.79388717213853
1.72634194125196
1.61166424394094
2.00619463585618
2.30312154956491
2.37339364612598
2.30080246040806
2.07193260909235
2.50697745112593
2.50564171170993
1.98642603828087
1.96287583638343
1.71442877681138
1.69035701179423
1.50978787268798
1.4811257413542
1.65665736981337
1.77032733402437
1.78242865971995
1.59247517290728
1.40829880491992
1.36271803083064
1.37631562617123
1.07193775521238
1.37659578607796
1.41061358122839
1.01103342208467
0.967558898911694
0.814627569690623
0.734271193195954
0.974320392139657
1.0615464464265
0.92562694828705
0.956613127682073
0.961731998182845
1.30543955494308
2.04846779470039
2.58375387017201
2.47644190894344
1.78633455114191
0.947110347795171
0.93461596299672
0.875286225685566
0.927459856620631
1.12752528538655
0.78204222628309
0.870531032998035
1.01636499644081
0.947299494271935
0.992574315449112
1.07336731396417
0.984483278000377
0.842775065216651
0.755651558634063
0.79501770917801
0.935691512505328
0.979134597079744
1.03219558071928
1.32268169256888
1.11015397146945
0.467506773136462
0.463667999002806
0.606076853130427
0.551249920270399
0.58729222499686
0.452119613431613
0.354649267509616
0.384789783090813
0.956699160767799
1.17393311237164
1.60328945032698
1.83772217937929
0.847037881038829
0.670536993520992
0.758674360948366
1.40488462795267
1.11383644322876
0.378469494625642
0.738237099717693
0.839741438290624
0.47828754553894
1.14049637111459
0.957937936014913
0.445739591934002
0.302972157005955
0.288813806119563
1.42840321463354
2.25084480092603
0.717082069609431
0.440920764092688
0.430999905627538
0.534106132897678
0.610501320119747
0.41211572299157
0.873613631232468
1.57718823741653
1.12136543914698
0.664964653789242
0.519645475949174
0.534813101062054
0.500198900270683
0.381545493215256
0.508340470131085
0.728421681104972
1.16863295852768
1.240976243525
1.16763351888652
0.819625025237186
0.587664259112256
1.09116913688137
1.16785660443251
0.686839537508852
0.754526183315511
0.954090917905139
1.42266975281281
1.34416546646906
0.816573538263732
0.29542702159554
0.327138839120098
0.501134604921349
0.607683866918569
0.471521196390432
0.349202616500664
0.674974568219273
1.24117853868462
1.46632452253353
0.768034067209483
0.719077169890122
0.836954058910359
0.803331172573652
0.518328580252698
0.514943130810937
0.524169047714624
0.938495491604691
1.21338322045398
1.09229067945528
0.762894841468866
0.738535011019408
1.05122691886813
1.51450971199653
0.987608332322488
0.412021180379125
0.630267511313817
0.783926362191849
0.838809392599014
0.833665184436992
0.522513842754458
0.33041571182817
0.40417556859192
0.526205414478532
0.955749480366866
1.10056487983777
1.07142285714519
0.873612531098391
0.645637189070712
0.552917584786936
0.35827898443873
0.73100867944244
0.928519393571621
0.817760360655505
0.801032462089949
0.598181945314367
0.591008103379433
0.38942797145091
0.383957953496529
1.068042773892
1.38987414270027
0.78184596165968
0.834803766809804
1.50351759308413
1.59242371822713
0.928910283464618
8.89806309505662
4.78580168967429
1.57456595582353
0.604576942033221
0.536355594583236
0.29536485747644
0.341163097540683
0.342091734680235
0.322253635642746
0.412406228971941
0.298199088366283
0.432993260123454
0.886789327233948
0.618932590332773
0.353281448426834
0.314472986251973
0.278450888630955
0.352660591204252
0.504769620008242
0.330494469110505
0.247392973919819
0.484129586402674
0.527009904691611
0.58629968891862
0.524771676897056
0.388812593155145
0.821700501488286
0.578707366763846
0.34741168967081
0.573105491560045
0.576100760585015
0.617398704064846
0.519162024517405
0.35559291406908
0.418074887934229
0.653842860921381
0.839559320142067
0.687770012414207
0.574027465805247
1.83773945235307
2.6944985236075
0.682274670734244
0.655088047534444
0.986493696573435
1.18475237002807
1.16013252135818
0.979959876585344
0.602860093500974
0.994224899955348
1.32861912686598
1.34264531107954
1.52481687228114
1.94812425579058
1.48493571854798
1.26776538703705
1.00304325373706
0.61612832282229
4.00961097296341
5.46796405730047
1.27541592812984
0.981568511165761
0.681931147303445
0.730235725659391
1.36573857826129
1.50053638585351
0.952193418340938
1.15563206996823
1.55237238914205
1.68277933706508
2.41939394974636
2.1335452086062
0.8318404071818
0.472026673038792
0.536657933079802
0.551047175454287
0.335883933579185
0.450061848857614
0.570742171084945
0.591663079697227
0.472070261532144
0.480103140967742
0.466614728865011
0.377183193638549
0.828850748394327
0.757918895648569
0.512583289817503
0.398149600543134
0.319123725458497
0.35437918146737
0.44321711363326
0.997550582297523
2.33475188236253
2.06705951987529
2.59439532868013
1.95675733157323
0.407090837558512
0.459744857614782
0.652328417693085
1.18632527385064
1.10582369427515
0.474854898855087
0.684939616600822
0.520637950756837
0.320747942806438
0.270694705307142
0.621031747731413
0.86671326279084
0.660465907220287
0.609198989570307
1.7371723687602
2.27272814388806
1.13845910447422
0.652367559678526
0.526218371507073
0.482991650483185
0.450213408830941
0.584563482156763
0.800953725919771
0.802583206857157
0.65645459097243
0.469937327139602
0.424390894272254
0.648147799376612
0.73647319993718
0.574064729245112
0.410039874802295
0.632524326542255
0.807912581172408
1.03421291442316
0.617251481957561
1.05456328541837
1.43370694810672
1.65910363004409
0.796962324522773
0.454677260039625
0.604858517720708
0.8374375262019
1.01316524889057
0.774556852376
0.556772202831523
0.598308561619542
0.640719915986887
0.759567872308229
0.770121075831229
0.889729066851992
1.63574953150501
1.24706294769625
0.842677827311195
0.899399351192516
0.937038448863841
0.800867205421326
0.978360484250596
1.63252853542596
1.49434130202489
0.840475505327374
1.77011449219993
1.95094176241741
1.20073063124695
1.18279552984016
1.08107127537323
0.624985668145881
0.683527587800722
1.312928607507
3.16842209278873
1.27003345688997
0.299372929672752
0.326020455198928
1.54125486123279
1.52008822427974
0.478300395262154
0.384722192680573
0.291734851133156
0.596833820446947
0.610737579339831
0.585868630011218
0.463619217116646
0.545509282259556
0.583865360959816
0.634450672747824
0.632062673684175
0.467653168171406
3.04585088696006
3.77120635846215
1.03352202541059
1.0043486428446
2.40334636945406
2.37647261074446
1.11309730708106
0.772660323562415
0.675849989137172
2.13835261544503
0.919870267307469
0.403312022357279
0.227155262871673
0.365456562970536
0.802379231815075
0.860321792596464
0.520071159284086
0.378415768171586
0.443527039570488
0.556647957301349
0.779393161578865
0.593206843753357
0.728704410032796
0.331075828227052
0.433290302521716
0.62465975339125
1.18022171268401
1.72572513985343
1.89139500837097
3.33570736503266
2.9992831571681
1.27261462303926
0.766931207174647
0.533727243104512
0.584803053206527
0.985807807734782
1.52413650727265
1.02926014365262
0.835722693797511
0.688269919225603
1.06802969185172
1.84065078372441
2.1591888853844
1.37851271172896
0.85358529821762
0.872753364064951
1.96207260926132
1.76425654157788
1.05464875116129
0.903681852732152
0.773597190714358
0.573966082693094
0.413436823692055
0.775148803195889
1.02339606689121
0.542987548147189
0.453350823285767
1.1665452177772
0.908977095935872
0.328364349462535
0.523277881257977
0.67098659125923
0.696962645732237
0.593960627636261
0.539626976231478
0.633198919107873
1.01485761864045
1.33006105470566
1.07140509784364
0.597263393158383
1.07323038298264
1.2576089086757
0.765552742641858
0.397367990119481
1.50920977673632
1.73129715191909
0.558960318620224
0.452870634717168
0.998492619351604
2.03434369078884
3.52856162249359
3.33377322923168
1.50905959167228
1.11399477506736
0.931262885316762
1.02882606476405
0.699599538620827
0.583807835730709
0.777011673862832
0.470130928728512
0.526751113849488
0.43219112477331
0.665658609542207
1.34771099998742
0.751783300303961
0.430362615191783
0.314315609053217
1.08123108972748
1.89084527058434
0.798852383649144
0.631841945118927
0.6575940142128
0.496801211407197
1.69552616915559
1.456695502849
1.34879452146317
1.22977150334729
0.590383803182111
0.500761646063775
0.397032429495112
0.816507296356538
1.84426528860497
4.50413735556457
2.95940375221378
0.651810480391816
1.04304112323457
0.854071992225207
0.5896972701751
0.453983271224891
0.409141076191994
0.812975564152721
1.2485283747576
1.2659052201605
1.53130907877435
1.11147373341376
0.655870961772335
0.870232619917462
0.619181165366331
0.723889577706153
0.84490315512152
0.7819335780333
0.608295968475365
0.574651050098665
1.16518420824105
1.34170063028196
1.10479937856349
0.879584406916943
0.885348184659185
1.80460489234757
1.77426340606125
1.69741433631578
1.56761938655744
2.22059426988761
4.04461915180372
1.55925841899929
1.23793723493062
1.13237396505425
0.630154802530751
0.630758579872522
0.624410220634008
0.488911037442455
0.415084204697787
0.437570165938593
0.59336933662724
1.79905735963564
3.47691356593365
2.42809474368223
1.77793297791465
0.977350497607738
0.77296010510015
1.20825139185736
0.766136211328261
0.881106031935988
1.09283796241138
0.819393280531209
0.453120063995341
0.81044326288
1.23030090596349
1.38649497279753
