0.0364482463757434
0.0546957618926729
0.0751763563559238
0.0709710255816975
0.108165628109427
0.061819309008018
0.0919710530781448
0.0670901784202417
0.0390373147393029
0.0389814691014504
0.0958130292387658
0.118484594720803
0.0266649962608014
0.0292477656096558
0.0888855867835976
0.134648928277782
0.0594520553392103
0.0651233782388797
0.06966006657337
0.0871770351099145
0.120440562050588
0.157032584939872
0.220141214995124
0.114581371931681
0.164130896592753
0.140948726674126
0.270945740265238
0.335577202185333
0.171015655795527
0.127105896564314
0.117121967545541
0.11928992566821
0.119460994531552
0.149503759201473
0.10568538613178
0.186210414916156
0.207895650741188
0.0885457022693257
0.14403476486605
0.162361549898154
0.0703298981591696
0.0570521187385505
0.0824884845270977
0.0821145396622548
0.0855713308107169
0.0843795143311816
0.0496629539693813
0.0552035228090477
0.0695420877477603
0.174303239386276
0.156112570988305
0.119596112045558
0.053594750331681
0.0394193978102769
0.0749843302688478
0.0876710990766262
0.102388112626648
0.0627868903797253
0.0717126888007489
0.080469085439131
0.0831523201203144
0.209587264703205
0.22629072910778
0.116598380506347
0.10323564590593
0.0820597981193254
0.0905737279808563
0.0563392111615654
0.0521374758399077
0.0491108970664953
0.0641444120677345
0.0825440357509272
0.0849078206769625
0.0535373462094316
0.064104434095358
0.0506070052677952
0.0665142906243514
0.0522584505419818
0.0412104934571647
0.0407042020403499
0.0209663972688282
0.0225366808838581
0.0546680650166841
0.120211809266627
0.046271070595662
0.0590068250952618
0.0656123178532778
0.0198341647628937
0.0483799403156883
0.0665713041873307
0.134991342518607
0.154861194300828
0.102657156708846
0.0907042486491906
0.223201844547889
0.226800878548583
0.133181358077838
0.147178743806227
0.21030979555118
0.126193272691734
0.0969253011952607
0.123078116849828
0.0864422809097245
0.10402165004981
0.126357982852377
0.0935631177464124
0.115361096128497
0.145808766802933
0.129774918198333
0.0820119660062591
0.0585938478494257
0.0612798545481929
0.0988214726485923
0.117107939764222
0.0705727824776343
0.0725229495106753
0.0976800068944653
0.0994082825235947
0.126808289253008
0.0786980951383255
0.108889786232148
0.15543907178557
0.0912887144599074
0.0522997669819335
0.0618374515073308
0.0502646237141062
0.0882259996443001
0.0979781800302274
0.0992332352738133
0.0952916703682651
0.131626979157965
0.0949983874011278
0.164388032560833
0.0880906162278911
0.0712111656208929
0.11913462306763
0.103848278782887
0.10601417734724
0.0799280009724913
0.0914567814168046
0.0845701769657974
0.0701602911662829
0.0875309046905254
0.102355397400311
0.189984865824505
0.147254613003352
0.0787699276642011
0.0969021182803106
0.281358559824787
0.220444103590393
0.058700361821031
0.0414714059871222
0.0722161538913017
0.121193901418382
0.274005269441469
0.210226042561431
0.13817378144993
0.129218861323739
0.0656284621251115
0.0682276275872184
0.0732893939662374
0.114313490440922
0.0854469865365409
0.0618914090202237
0.0806248351392701
0.141915849667301
0.15817709583045
0.199412270536641
0.173610325142678
0.172783381917274
0.106822941965745
0.151578145008531
0.210303830985548
0.126875755746548
0.216805641886614
0.308009725992659
0.162368164498982
0.086925408191689
0.0762651718754863
0.0169194733895362
0.0292675549505158
0.0345143275699125
0.043567913432946
0.0550264682158683
0.0767815232986826
0.115066689426991
0.0835625902166682
0.0656563477686637
0.104731713785807
0.0878721186249229
0.114422878367391
0.0610976572930759
0.0750139256053983
0.0799901827065289
0.0496694102155522
0.088469627044794
0.137143610783997
0.074941626629454
0.0750736638863943
0.0598843000144707
0.0814594672737879
0.0661736648080903
0.0379585542026174
0.0954785817494655
0.172582377318857
0.104549410348454
0.0770395170784532
0.105847890248349
0.135662832653879
0.0749907146220249
0.0487446895553746
0.0494085775243954
0.106610920093279
0.168076920877548
0.114003063532732
0.0449104655819832
0.0483792769457603
0.0426840439817524
0.0246599272901215
0.0228682417342049
0.0463887681227274
0.0874409778335902
0.107085335324313
0.0865621638110772
0.053525962204146
0.0900868952257074
0.0825780002764343
0.0719992471316643
0.0990783764691407
0.133809527379789
0.137070586023721
0.156281916132638
0.113033144341674
0.0745747781976194
0.093207012971529
0.0380858288300632
0.091752749514739
0.128486157832616
0.0635854620665579
0.0743636186992644
0.0884809857849478
0.0596210537946607
0.103909897700327
0.117890570079848
0.0832660739314331
0.144854050025702
0.170022213496567
0.0696380586075145
0.0711836327478784
0.0693554222698767
0.0588439400550263
0.0858324769750644
0.0464475664501534
0.057966297321298
0.055544484421127
0.0645438450582844
0.0598337326881238
0.0418935705779924
0.0398590558459957
0.0369951979251666
0.0549246824198482
0.0412432057375922
0.0601429517272694
0.0673696246711121
0.129857620386853
0.126471022971223
0.0361812933409352
0.050560664651397
0.0613791027024647
0.0967580092852357
0.053298284515078
0.0505491744410766
0.052198355158066
0.0645258172441139
0.177850868941073
0.203385876899882
0.104329804829415
0.0743279865703612
0.0605604214181466
0.148911325693499
0.10515334285023
0.118009782076982
0.11564804731214
0.0371994696599573
0.0706537984806338
0.0829865029493137
0.0544166843417425
0.0881970684065019
0.103542824776972
0.0740639379452605
0.063110276329133
0.0397400025871746
0.0708895662974236
0.0714505007948414
0.113719130395787
0.145100497441107
0.0968824965185369
0.0697911934581576
0.084196075967752
0.117519281816947
0.127670303907169
0.121475572128704
0.103043198320644
0.0193749623774227
0.0345438029042125
0.0581244876393462
0.0579614962503066
0.0388970324008079
0.0990019783698778
0.137697559138861
0.0363490500125954
0.0479471257055534
0.0993433655789305
0.118483625167587
0.125974898144526
0.167299900988949
0.153012123748933
0.104671226755331
0.10081518604341
0.105851577965136
0.114390215787581
0.0436604271298683
0.0465699319196015
0.0426757207296999
0.0420189256375176
0.173898462358978
0.160016957526723
0.0528706488112373
0.0513283389170879
0.103357168499212
0.12679321847923
0.123734306004029
0.0408507336215068
0.0522121689882408
0.0586949259000095
0.0779943733540452
0.111940842092959
0.0631303786767003
0.0811837724464016
0.1508686122645
0.110955518179472
0.102053352630766
0.116663612308954
0.0753936541975765
0.0467496964657394
0.0523924325159174
0.0830471511936829
0.0763519201286895
0.0714172988207328
0.0665904797968641
0.0622133900487364
0.0697784941238467
0.0981595311290916
0.0687504123373672
0.0722289530527954
0.0874949229616251
0.0523161480751288
0.0421909437311253
0.0501826591961527
0.0589057787958273
0.145733460135171
0.212073393062232
0.082799323859791
0.0843761748797836
0.0423599018026039
0.0313309688474205
0.0764379928469245
0.0500051175181637
0.0596925812774831
0.104987250754611
0.0813482379325225
0.140518182629983
0.213263251266358
0.10295613295662
0.121807254127778
0.0481954126070453
0.125858383879242
0.125656755830078
0.0905848596639656
0.100746301436363
0.067239578944583
0.108305335612803
0.163043935785656
0.131227711869506
0.055749057228981
0.143094975333867
0.15562691338494
0.0984531305814117
0.115783907858767
0.154092977784033
0.151610692876337
0.177031861003611
0.110944357102873
0.0565144737664965
0.107482132176864
0.125599773925814
0.0961980787045043
0.0976727046046507
0.0767513873312303
0.0476715965563727
0.0770069733355504
0.0960977419561153
0.0953236956184188
0.0695145569621148
0.0569075158270866
0.078305975658081
0.0737457096347891
0.0587690869711651
0.123979223440848
0.102324242361019
0.0664321625856101
0.139391805784639
0.0979155815502321
0.183045395859896
0.142983474481551
0.0435024194753476
0.089717374797419
0.112900246040854
0.083563010276965
0.301368081055365
0.316431696809061
0.108403385288988
0.107245571316826
0.037499670753966
0.036336850555526
0.0496062307704606
0.061827533263013
0.076424648907621
0.0983763639495945
0.0818442791185992
0.0662388800165296
0.113141220164255
0.148860296448248
0.124228172444716
0.0924223566733716
0.105677217832858
0.087086856108056
0.0938495690175251
0.0602346627924591
0.0983424417247968
0.0887518348602363
0.0282891051123805
0.0407861139851145
0.0401824044270261
0.0395054039425967
0.0709400592759032
0.0837060940738469
0.036732331886315
0.0399880703261536
0.0471847638124233
0.0544639806838886
0.0415239473312599
0.0801445702128554
0.0465462829221573
0.10516807735323
0.177084912934844
0.0777712367829678
0.136825572888795
0.0736087980087057
0.0546137019036639
0.083920289246882
0.18086462018888
0.267021934221833
0.117155245403754
0.125475246060372
0.104365441748874
0.126626820045338
0.114427209412659
0.0534499155683162
0.0389125026777794
0.0479120479686822
0.029574681712178
0.036265252082031
0.0649052923614645
0.0703489240496956
0.0287133512914399
0.0293834790027168
0.0778815406586062
0.0671692198689948
0.10916512709743
0.0855005890546897
0.0466002390923988
0.0640793838836169
0.0468138258819245
0.0548755562515537
0.0945760117933521
0.081256661215155
0.0466823902490231
0.0355253903905218
0.0855001638511181
0.0513348142184077
0.0458211948223203
0.0775757266326427
0.0813083923710103
0.0520218466740606
0.0398275884605408
0.0480004878431459
0.0784402186691442
0.0652300369627549
0.103587107104108
0.0726439654534631
0.0438658679617892
0.0515842915573837
0.0560367118371553
0.205077044924827
0.182969421524927
0.0960286082199553
0.173548143135024
0.146119720432512
0.089290299021237
0.0969876328831205
0.112430283356993
0.0825684541288357
0.0317898557650148
0.0291656154980476
0.0612374499719293
0.0815192713677816
0.065664577906203
0.0313916205867087
0.0213204742063724
0.0340956894887397
0.0458037115100279
0.0624402428029943
0.0801297496753564
0.0681683306949524
0.0695712623547476
0.0737735873160191
0.0694304320838091
0.126988466910917
0.107934347143625
0.0950264997545488
0.103363024173911
0.117696293195927
0.15261355016899
0.0903156205103832
0.164680670890997
0.175899951848751
0.158265666814878
0.261426965821117
0.162896060671397
0.0661846803916381
0.0741022598734992
0.107278822719147
0.0922583185743162
0.0377386981325106
0.0602136826024764
0.104284700046153
0.0867575597293117
0.0699803122615325
0.0344718380443729
0.0416509100908021
0.047612884999996
0.0558398171432715
0.0613983517420627
0.0752325102243144
0.0579672376183216
0.150023170867362
0.118096034947543
0.0505750778875804
0.0900469158563057
0.209694144404456
0.129329856533727
0.0566812805866971
0.0619899383990797
0.0630850577681254
0.0418696570216774
0.0286584956653383
0.0607378886311086
0.0625818950910498
0.0412939102095952
0.0830950604944113
0.111090754736672
0.109846633334542
0.11907401323113
0.177670773789794
0.0874070408398532
0.0591055119979184
0.253928521749296
0.118048468090106
0.148935850832141
0.137448231195568
0.144397000328386
0.166433632397146
0.135280063107519
0.126793869713153
0.0716031472838309
0.0586172389116487
0.0412545235544597
0.0565909228021585
0.0444319506815305
0.0425980424385159
0.0476948266708044
0.0538717742095245
0.0675319922437705
0.0303680833105657
0.0813902151316466
0.0994913998011851
0.06962037517387
0.0809927642079723
0.144016864524716
0.086315298925313
0.105562030885875
0.0901135907251589
0.0389899889603507
0.0348788577210358
0.0327713136686516
0.042763331241973
0.0683179902238939
0.0653160748162235
0.0648423673297823
0.0685139889998858
0.0760339278984846
0.116976265534536
0.101689418391578
0.156944743873311
0.207650010732535
0.250636232552145
0.227892540303765
0.168272626709548
0.0999591143714401
0.0842611242015423
0.0973874754649323
0.105886234183993
0.11091939667247
0.0752764534695739
0.0296174664910161
0.0437423620470942
0.0354423036039277
0.0323660695949026
0.0650627169151772
0.0687215132682396
0.049244869937071
0.0467142519175345
0.0617921649944329
0.0371225472713385
0.0418973567993794
0.0838451387675893
0.160004734209434
0.100622007474648
0.121604791502551
0.0873851429913467
0.0942751255546674
0.0629688664882681
0.0863496758841556
0.0436795847186693
0.0486013607937467
0.0317492218164774
0.0349647664341003
0.0374043532547873
0.0641844676491603
0.146224613696892
0.198519585113891
0.258151761846438
0.123778512296397
0.0428391676209736
0.0399162908502435
0.0289896722324152
0.107312660130562
0.116111702311597
0.0829210844478385
0.100961936362513
