0.00421200568417263
0.00385600583448186
0.00398021238913378
0.00406272677016915
0.00416820515057404
0.00341258134730583
0.00324660181641773
0.00414285148326309
0.00499574964647183
0.00419051836835378
0.00297291401470856
0.00378438618797098
0.00433860768541081
0.0205758407169604
0.0198344719808526
0.00287036501936162
0.00352554146221011
0.00406995809538547
0.0162572551506311
0.0155967136234639
0.00361873797029592
0.00419189960604432
0.00395987671357681
0.00323873201849429
0.00316646603883067
0.00420065133528289
0.00424534191216722
0.0109550738094321
0.01079711959572
0.00368786562880744
0.00400010185520154
0.0103195042461945
0.0109927437147454
0.00437275844794859
0.00402666794068569
0.0112974729306
0.010870434570821
0.00380489584851098
0.00403075486854072
0.00415215390030111
0.00364489303638581
0.0031359054171738
0.0032802321610713
0.00383445720723276
0.00391268737782291
0.00300368532643604
0.00316981573540358
0.00400127946823853
0.00401620569659515
0.00347523301034677
0.00300906874993635
0.0035910286731071
0.00407289733926275
0.00353650211834851
0.00331912315250206
0.00369426152321982
0.00437524769362013
0.00439261686121411
0.00331576738914914
0.00296332936118966
0.00365350495197307
0.00402743318074261
0.00369192123240102
0.00319593785485882
0.00390477750294211
0.00478476640397091
0.00472262711953559
0.00560404698974397
0.00730693175690449
0.212620970984697
0.293555958623143
0.0902522889095842
0.00813679250731836
0.0166887295436577
0.0166851764736986
0.00391911746083445
0.00329099500455049
0.00434897084233886
0.00431019385613429
0.00362001039059916
0.00351653860204671
0.00406042297623067
0.004116549818227
0.00371745656729066
0.00356149782008617
0.00358182722849187
0.00377612685467439
0.00337425059734582
0.003436248263333
0.00365605548315538
0.00361841612082086
0.00332567059059253
0.00352370813874594
0.00441091436231743
0.00418328894963971
0.00372002456693724
0.00358106498223231
0.00349752765059205
0.00423261925280679
0.00433356791474961
0.00360466992832851
0.00355398568135547
0.00357938195094955
0.00398327367224636
0.00384262686667917
0.0034499442229917
0.00333333245788177
0.00359436106380372
0.00396210771423041
0.00378477879946522
0.0036166967176159
0.00345208303364578
0.00358234918443888
0.00602973651292645
0.00765347570559811
0.0205940684948686
0.0194421743062535
0.00451754907978296
0.00557877169942841
0.00629804502620937
0.00467721696348265
0.00372994413051705
0.00395930709177608
0.00363599557779417
0.0031634036671584
0.00320724679488507
0.00361755815760066
0.00343528818439213
0.00301402825577869
0.00292155467668544
0.00338313608653136
0.00391986462988067
0.00386041141516236
0.00351554802595919
0.00478015469002385
0.00499581009437157
0.0041589993983154
0.0040453725908511
0.00367506418381416
0.00389635044133829
0.00397422644570772
0.0140214041529232
0.0249327281433733
0.0145974854948507
0.0038152886153457
0.0042090749297376
0.00369086594437359
0.00289371990587743
0.00310349288466156
0.00359490896284671
0.00373691733564521
0.00336832347159131
0.00278752456787248
0.00289395436530381
0.00359453203531203
0.0037499312883038
0.00291437663837912
0.00245766019874076
0.00297186677188535
0.00358508572557301
0.00315708441845147
0.00265245422693053
0.00312936742084027
0.00388657181363962
0.00420721802749581
0.00511423262894352
0.00440347786049641
0.00340205655936715
0.00825767067034758
0.0102406048863821
0.00519144023417523
0.0030570485797799
0.00381026988531333
0.00379118399410955
0.00330307686871495
0.00290080724454532
0.0033660706405442
0.00476023049079146
0.00469261402657168
0.0033523354083018
0.00272124727870687
0.00322352375185778
0.00407739228886967
0.00411333569522123
0.00342785519396758
0.00315681280596382
0.0038067035031121
0.00411422053000572
0.00334782074186227
0.00272853753331248
0.00330692259483561
0.00347444500507127
0.00295725606294449
0.00279683731112677
0.00332907282750259
0.0033670310600494
0.0030417713197311
0.00269297740518565
0.00303872795249365
0.00373662432045458
0.00344750540685093
0.00295805965159288
0.00305913030959927
0.00357380529041063
0.00659526454811576
0.00678600669770208
0.0038221066726011
0.00368851794073884
0.00429454285271963
0.00496259079554639
0.00578962574035035
0.00525942587850314
0.00730033901487551
0.0072141511560433
0.00893829264215852
0.00874924093102432
0.00410269557938078
0.00409315958287523
0.00381510712667972
0.00344384352724725
0.00351248633709847
0.00436887814797683
0.00418323324830622
0.00333885819902731
0.00287411795408313
0.00291806768668799
0.00322776904309756
0.00285843002080369
0.00227694544692944
0.00259918046451508
0.00315652259086045
0.00337735163622434
0.00296879794303024
0.0023247940147261
0.00299884331188555
0.00361354445360455
0.00344801233643568
0.00275411507685427
0.00242592792197088
0.00318905983661941
0.00411415607003157
0.00412502582984425
0.00327034735180687
0.00327144335673768
0.00394114509225672
0.00437470831945122
0.00416466183456687
0.00345855745108883
0.00389072922696842
0.0203406797381227
0.0196497305534956
0.00281789527264155
0.00312893698496346
0.00373309934119413
0.00351782446033801
0.00287326633773417
0.00249986593277005
0.00357357053571708
0.00455415175060901
0.018346948853439
0.0173216923501686
0.00308527996851842
0.00420100155741861
0.0825860401357047
2.39575895064233
2.49151164372814
0.714059334489268
5.11196152302017
6.60149449565681
2.2195188473844
1.45648345478678
2.24141160445647
2.04739964075029
2.05022638265954
1.44235573160494
0.779816156213586
0.667497632362409
0.717555018006597
0.486947736471711
0.157950498194167
0.0705598390562108
0.0560216594951001
0.0289375090292879
0.00847167187206851
0.00912693005283228
0.214368096645102
0.214199506705947
0.00879060496895275
0.00432763855396626
0.00294319373395262
0.00260034312060914
0.0025364100134168
0.00314833962088642
0.225970727848283
0.225130038058546
0.00272512750544984
0.00358514453795738
0.00386645626456748
0.0033965821046311
0.00313632987134877
0.00383360368688456
0.00454834261842552
0.19459477621831
0.199277348061707
0.00959390978492501
0.0311095895489009
0.032789135272323
0.00676368495711305
0.00501640891939805
0.004101033754325
0.00474315015843963
0.00405830403958816
0.00277242820252781
0.00295740340149181
0.00255443531782826
0.0022488247060854
0.00199660588126198
0.00194604963339069
0.00216341974951648
0.00223049817515627
0.00269686454581024
0.00286170750840749
0.0024297935244497
0.00253820003852432
0.00289523979622346
0.00268041516343247
0.00240138131415789
0.0023036785995386
0.00273387089955669
0.00293812923134072
0.0023244466136897
0.00199728345401799
0.00258283097383436
0.00310592399214885
0.00267089972342239
0.00228932814352306
0.00255145158459716
0.00310579813449647
0.00296615836972102
0.00274120785678906
0.00322049117549181
0.00342152405094537
0.00293179569325119
0.00368204369019982
0.00428023646920109
0.00345471760068997
0.00280702163779421
0.00330967408433081
0.00386055622100023
0.00314979036441541
0.0026114717140533
0.00287139123676074
0.00342288708566123
0.00312340898315392
0.00265821580009627
0.00324940807046105
0.00319926305647704
0.00251749808291843
0.00231151885446368
0.00242608683004072
0.00255575045138482
0.00253825997658024
0.00215476598190831
0.00216224296076164
0.00242540947457507
0.00327884849733874
0.00307879826930888
0.00237734348528004
0.00307283955471712
0.00349854234835032
0.00314540109862407
0.00301095061644911
0.00358031728474703
0.00466244287558046
0.00408800448562011
0.00306880047259811
0.00311836996553115
0.00367100486741719
0.00346479252216012
0.00239915946795845
0.00249855393461107
0.00268725637879659
0.00240395492892038
0.00192085036592951
0.00209352206425876
0.00270758732141569
0.00237943428351388
0.00188340062426843
0.00262663303269222
0.00479814824004481
0.00572523750067357
0.0035791775086487
0.00256557815032798
0.00357265114290446
0.00303251051035815
0.00219173879670666
0.00280025683794605
0.00343379877841153
0.00343727312965911
0.00287667869086852
0.00262953290006396
0.00340026538392883
0.00360370634589798
0.00298921380874844
0.00266166315507599
0.00301818330055056
0.0033732981042102
0.00299748608161746
0.00233097411217238
0.00255893575292737
0.0027452845240674
0.00227047378122127
0.00237361631314467
0.00253480771992783
0.00248831326328445
0.0023084313079189
0.00232785074433622
0.00241551848352428
0.0025805799288264
0.00266032253413496
0.00243718880749194
0.00270501577711217
0.00307895310531403
0.00283692057191622
0.00231128747575502
0.00258668701915882
0.0026168203976376
0.00229689457604118
0.00296894737862449
0.00298726126054078
0.00241471412078376
0.00224675445884499
0.00282419957590905
0.00353532373693537
0.00303070223771376
0.00241110460463599
0.00261273784077562
0.00305159921774909
0.00263050441321771
0.00275607522313643
0.00353995374040661
0.00358747488189173
0.00344059189058254
0.00298141241025222
0.00238982883936614
0.00290545253106929
0.00371244498845622
0.00323315054869631
0.0026776646222015
0.00243129589155411
0.00356764645282987
0.00412169801220004
0.0029878756873572
0.00304133396353694
0.00307084320886147
0.00284442252073341
0.00274133728243261
0.00284684977517281
0.00283338969834298
0.00259716420483998
0.00256279585946657
0.00266037061900659
0.00280796031747346
0.00269618340842194
0.00235850209756823
0.00240991468789701
0.00316041787957757
0.0034906974195643
0.00320870575388397
0.00282009751757308
0.00287544479657423
0.00322029482075811
0.0117542508404933
0.0111495185343302
0.0025039710823058
0.00337283770351259
0.00377952132470699
0.00300642018058605
0.00224556670185567
0.00294134260984774
0.00417898911093763
0.019580733839647
0.0198729871230015
0.00407184682395311
0.00253969205797712
0.00251011087121585
0.00319870014563608
0.00322212177116047
0.00259256954621869
0.00257838531443111
0.00329791135726038
0.00334930729695839
0.00248873129136264
0.00236698964113334
0.00310888191571279
0.00304020618384113
0.00256554773643625
0.00267165183653082
0.00319497736622113
0.00314515741357254
0.00232767895919982
0.00258653714062898
0.00400421232180226
0.00457058334901656
0.00337409099939223
0.00224920899216107
0.00315941980037231
0.00389789968815949
0.00306398529821228
0.0028739409330188
0.00302514623249935
0.00310851647649953
0.00283050407442059
0.002228905507112
0.00296841144436377
0.00325530358409809
0.00261809467619293
0.00341546605135903
0.00317540269082508
0.00231995170571541
0.00307446057291004
0.00356774728769096
0.00345545310219298
0.00290269489732418
0.00486730659203412
0.00482861905623738
0.00268435664976553
0.00320913535536388
0.00874295888786317
0.0083683526632978
0.00272836039103025
0.00271496461327574
0.00324894140142945
0.00265003089067056
0.00215145349994691
0.002827337813869
0.00359419474378734
0.00363656730659295
0.003061207248009
0.00292346163163465
0.00332396325057343
0.00360424958838152
0.00292695595416142
0.00250147029899757
0.00324953220386551
0.00301214837527547
0.00240695784848737
0.00236398492023617
0.00281043511136615
0.00339974719287497
0.0028418223691623
0.00227384505559435
0.00287679557096279
0.00258056364865718
0.00214242869525657
0.00267020130551893
0.0030371296626275
0.00257887482125672
0.00237440401718698
0.00362940976198388
0.00356818155120858
0.00231188858142276
0.00257281267231961
0.00387724003015279
0.00434845178746014
0.00288671577579857
0.00219844583769237
0.00375076243568242
0.00404904161485854
0.00297664439921982
0.00242541186107728
0.002777057989143
0.00361991326682774
0.00344733383313446
0.00238189994930197
0.00274597574174962
0.00387344022564256
0.00387804941163928
0.00316038197710361
0.00311448428715594
0.00368139608945273
0.00363827493529976
0.00272605066650914
0.00250585235851697
0.0031976580558276
0.00307429357088808
0.00240922528509748
0.00222912530903077
0.00285993874786963
0.00330050987835312
0.00248788238088178
0.00215886502795477
0.00323766363606017
0.00342536987107962
0.00272672336259016
0.00236264641812655
0.00248490052683253
0.00340169426913858
0.00313299943074694
0.00204782875902328
0.0024705455607902
0.00369490086381825
0.00344281968137873
0.00251809988085156
0.00264251166630189
0.00360389991660717
0.00345332480238245
0.00272402545144662
0.00252880233914123
0.00305979582962103
0.00332261051572279
0.00280703163674549
0.00249392996526984
0.00335850665781334
0.00369650070988336
0.00282977919448813
0.00239931205809907
0.00316809796952949
0.00334141158005612
0.00248416449801399
0.00221922252700931
0.00286976711543166
0.00334067499290317
0.00305459187472215
0.00253585460557752
0.00252741930898381
0.00353226659074453
0.00350634217067804
0.00285260264796427
0.00277273321794579
0.00328070490846953
0.00356610251884927
0.00364848504955279
0.00283646181887552
0.0036729357886805
0.0039381047247681
0.00371877284472061
0.0047916966935445
0.00462606344260931
0.00378112193619118
0.00291791766478617
0.00309816895217444
0.00353215945009911
0.00338110689435711
0.00281938271980903
0.00246874265166455
0.00347490483798481
0.00375657134330552
0.00315451982954244
0.00251674547374077
0.00302759135290616
0.00373969027315628
0.00441699020161918
0.00387155980852961
0.00320837761157635
0.00361081872720559
0.00366022111357638
0.00312715440315243
0.00222005845308647
0.00247636594690061
0.00300522177089134
0.00302984303821665
0.00229183025934657
0.00210075154872789
0.00300426876724803
0.00343140972113576
0.00292554979790679
0.00220064713780499
0.00268256128196608
0.00322642413943064
0.00282085642417197
0.00218078155203033
0.00249959944248502
0.00301609136436172
0.00312720740532473
0.00255460680118247
0.00266724843751587
0.00369725746842476
0.0030852041024192
0.00247157662480724
0.00318377124362021
0.00326457729866952
0.00269903117065283
0.00263066818432923
0.00310124282330958
0.0037178773865962
0.00300949504965526
0.00218664247409667
0.0028653148106464
0.00319146769205199
0.00360422268011359
