0.00191112152075208
0.0016829127050296
0.00160992159587765
0.00157460727454312
0.00154700421695089
0.00167879782098382
0.00162889109702131
0.00166996153381618
0.00169760973541104
0.00170241840902549
0.00176041835248593
0.00173968182487406
0.00147426605665961
0.00154864342100026
0.00167841983651713
0.00165204503498463
0.00163343134931698
0.00144370445158435
0.00166442604045625
0.00176422557792948
0.00149764276121102
0.00162996898322514
0.00203343177308533
0.00182961687380593
0.00157390692459854
0.00157079335950398
0.00155142614552369
0.00167513015107364
0.00178176581986826
0.0015164563860237
0.00153172189415318
0.0016574964169186
0.00159239243071632
0.00160701966807703
0.00178065789337264
0.00147217327887678
0.00152504452508185
0.00165335769314742
0.00173353116029649
0.00179935645309276
0.00178214836233901
0.00189109353511794
0.0017373826159715
0.00192058663596285
0.00181524670156671
0.00170584682281328
0.00173002705570061
0.00169391298952231
0.00188868868308826
0.00201726198268495
0.00170802727015541
0.00165476664122641
0.00158984720278022
0.00155938801504788
0.00155335379857854
0.00174069541610269
0.00167242385632244
0.00155035341965163
0.00156825958941367
0.00146703940221382
0.00154479952432706
0.00206537626793601
0.00215318751159178
0.00168004740246865
0.00163386001551287
0.00169656522823869
0.00184624488381655
0.00185625280634307
0.00162391449015113
0.00134546705857162
0.00140335090298122
0.00152291382539274
0.00176872280940589
0.00170422724016973
0.00157658275220266
0.00155086662536664
0.00145048177386614
0.00155400165823728
0.00182318760638478
0.00201419346382022
0.00210132153262247
0.00243497338955501
0.00284450716149557
0.00356573368408374
0.00271449185771662
0.00271104793642264
0.00321281602071222
0.00361464304547454
0.00331744881734872
0.00259383519563476
0.00238965158263081
0.0021669006998961
0.00227311330660616
0.00205371109862424
0.00209362424319929
0.00204675654624057
0.00182254839879765
0.00164667317007953
0.00181966252678063
0.00215628549675278
0.00193548955669198
0.00177678047752985
0.00180879717701872
0.00161438275261051
0.00160362897592739
0.00168026314863819
0.00162256848714375
0.00154700207745504
0.00154707362560397
0.00162046155544842
0.00178543655387703
0.00157882143354992
0.00191274002593548
0.00198638898644081
0.00174296883718942
0.00189722298342963
0.00179704617095424
0.00156128235037883
0.0015655218065205
0.00160680873094683
0.0017457141440403
0.00171506323372015
0.00171110409287826
0.00179788253817454
0.00180661042269424
0.00194820837344564
0.0019656611325545
0.00170618383735418
0.0015748452305232
0.00171724029068586
0.00176881776289452
0.00175594667978587
0.00149672804478283
0.00158165692583199
0.00171227731351466
0.00162185555183699
0.00161462820352661
0.00174711436362935
0.00175229574385773
0.00158556638916677
0.00149124067200254
0.00141134468920567
0.00153684185001065
0.0017084096408817
0.00168011295721521
0.001579562958482
0.00161286608534677
0.00171155864678625
0.0016573202599086
0.00180159847005942
0.00165214356340629
0.00167630958192465
0.00184775692335402
0.00179269208683245
0.001906809328868
0.00162589461411176
0.00169545744228759
0.00153582731681423
0.00157827380699416
0.00151661275148915
0.00160848235079901
0.00177195580743251
0.00169388778838984
0.00203984635885121
0.00188389935809846
0.00208915235539407
0.00197166874760314
0.00170367500241101
0.00167758991161147
0.0017745690226729
0.00163630357734424
0.00183327464706838
0.00189581763230834
0.00173138502260784
0.00180396324930296
0.00174811702212753
0.00286697111121493
0.00337468186195828
0.00218561533198853
0.001924039521954
0.00174139145276225
0.00189615263747463
0.00186645656671387
0.00177576235708911
0.00172815932368586
0.0016404641631176
0.00188847283346499
0.00172085889334655
0.00163382545216729
0.00160986330977663
0.00171790355755963
0.00185954834716475
0.00162232977337119
0.00162524222088589
0.00160132365110175
0.0016365184604862
0.00155862541999964
0.00151245730216317
0.00167887843394097
0.00187047033384183
0.00175482097631354
0.00159253396069267
0.0016353541571447
0.00169444440620281
0.00166737209650923
0.00156896345969084
0.00172652823331546
0.00179900315375235
0.00151022580481537
0.00169328164447087
0.00166825962080454
0.00155309211718106
0.00172370008291609
0.00205063339711959
0.00181391780955519
0.00173529402992434
0.00186498826107854
0.00188012640495263
0.0015916361621819
0.00170953570089383
0.00158778583843019
0.0015192371580876
0.00169162455080285
0.00166523263796992
0.00154802429078156
0.00163895666533658
0.00177241396831266
0.00209733520477017
0.00173140889558053
0.00172361488525174
0.00177949785313192
0.00170901958063239
0.00196262832473463
0.00177171199935134
0.00188733386877352
0.00184423493176017
0.00187132434066065
0.00182489999987258
0.00169564150599216
0.00200091836346969
0.00251352713723333
0.00293943336071231
0.00332303731561418
0.00302668003158028
0.001608377220433
0.00173444033852467
0.00200689573058826
0.00190622664478546
0.00174133897083968
0.00170272515307396
0.00185648256521207
0.0016504613779185
0.00174643616113988
0.00173742780765862
0.00162804369430601
0.00166794658139592
0.0017608796514884
0.00190067004776954
0.00192092049204784
0.00176408489308885
0.00169124467960129
0.0016478648619021
0.00163605034956206
0.00182241300219004
0.00171986387039411
0.00153914730668001
0.00160853993007796
0.00183256423504405
0.00191986400402579
0.00213149052194903
0.00185129938142698
0.00149424694651158
0.0015397440027565
0.00174184654901362
0.00174125140212062
0.00180383229984972
0.00174936251506424
0.0014563817273418
0.00151850143264867
0.00158552397616054
0.00160991863150582
0.00173910442841219
0.00162870124234825
0.00175326728923312
0.00152929793096276
0.00155435992585619
0.00142169938976911
0.00167177661600418
0.00170665548382721
0.00163150514360488
0.00187475666406696
0.0017591870720324
0.00179371861649628
0.00160834849984558
0.00158802479950761
0.00179062482311635
0.00167865665446581
0.00154124950275083
0.00180007785311635
0.00182464896983086
0.00189480892709408
0.00185135566568187
0.00172847052682422
0.00183739146314311
0.00169207489162579
0.00204779601412341
0.00195338482033787
0.00175053274684333
0.00156082955798737
0.00160537828833658
0.00169173418105873
0.00171356288291495
0.00186298092810207
0.00182433531994245
0.0016324617252876
0.00173459444477921
0.00172598839888098
0.00167388609773995
0.00151375370899903
0.00171597970884534
0.00172392228368738
0.00165484581725158
0.00173615185272047
0.0016536432577467
0.0014839219872803
0.00166751789628967
0.00177166394241505
0.00177989090307169
0.00174151892258719
0.00180646770594213
0.00225014778110172
0.00259242475514382
0.00204550785392005
0.00201533223952762
0.00241916107033729
0.0023111353328744
0.00203845363200915
0.00190836712532786
0.00206307703192039
0.00268334555352003
0.00174843185874503
0.0019603603814198
0.00196804702877651
0.00242322133436257
0.0031627255517136
0.0029512149599183
0.00254371372775075
0.00284213867337076
0.00346943652750561
0.00228515800122379
0.00311470428642367
0.00288533375130308
0.00163627707176287
0.00182241133804788
0.00161415289191368
0.00175887719817137
0.00187320127505937
0.00162398209708731
0.0018154164707315
0.00240874463784365
0.00248344742367985
0.00173472502009857
0.00173249444015745
0.00190980045015188
0.00181720918397302
0.00182785471144908
0.00176667281116327
0.00156893516504225
0.0016644499489852
0.00177106691130544
0.00182472636546023
0.00193271009601822
0.00178675065523334
0.00180485939253862
0.00158778966457109
0.00209320476363121
0.00249241532287297
0.00224708994056483
0.00226107227140419
0.00206809648236435
0.0016466056120419
0.00211005620392004
0.00187511594923249
0.00166091690124328
0.00174880872991197
0.00197431958352727
0.00197348646976713
0.00193341486199422
0.00195377218918026
0.00178397899016496
0.00194026748516758
0.00169685593476243
0.00157272427252106
0.0017528472939789
0.0018678820863179
0.00245863608401755
0.00232131992100676
0.00191710846376901
0.00182760656845136
0.00203434919501987
0.00199797049284314
0.00175981243322897
0.00164002615099627
0.00160452151438617
0.00163177467850243
0.00170846511138438
0.00178684975303761
0.00186504969873896
0.00168824485490725
0.00180221072839531
0.00178411777346167
0.00162092717024046
0.00178002135587445
0.00171544079771354
0.00166844517700659
0.00185303036184007
0.00180465595249574
0.00183479251250157
0.00173418720110783
0.00159458033792225
0.00214874811232883
0.0022362723721251
0.00192175924192456
0.0017789262885396
0.00173946148011094
0.00166826532278352
0.00167329788258394
0.00169357554315744
0.00186616170040989
0.0018385525263329
0.00175391036651702
0.00171394573179798
0.00172001734000239
0.00215030244572842
0.00205928440003624
0.00182429616138057
0.00236593291994307
0.00192092713943386
0.0016333110421509
0.00144733854822832
0.00147739058466027
0.00158096590531459
0.00162027719197017
0.00166243043207947
0.00166521673304627
0.00160673056106363
0.0016824301643857
0.00162767130199413
0.00175306927905988
0.00190627576456133
0.00198235825713975
0.00204249493967965
0.00210834721617354
0.00181169449315334
0.00167629776470062
0.00152149511441129
0.00161017758859481
0.00191115584393042
0.00166878849495842
0.00172487816459657
0.0019535867501768
0.00203655343164625
0.00184271489843345
0.00191964011462068
0.00208884599183407
0.00225523538453583
0.00239462452999443
0.00406605453132736
0.00594366434868014
0.00305811027286134
0.00225033880778777
0.00332310242966061
0.0032940247069022
0.00216254340090897
0.00211607143271606
0.00189699440955476
0.00207835568340007
0.00220128873901858
0.00185971164087712
0.00197824230983818
0.00171215282575275
0.00160874654764335
0.00169329725825071
0.00181187510687652
0.00176397962047668
0.00199807068445536
0.00220445839084201
0.00269298141292248
0.00339538362374586
0.002098478739194
0.00236415881310387
0.0018016816988574
0.00171028130484573
0.0016765693375551
0.00170308141721542
0.00164369953918977
0.00154013887547836
0.00153477048467893
0.00175066657283416
0.00184139090102031
0.00160552263237194
0.00166611040515215
0.00186336030090441
0.00230215167250692
0.00213706358949273
0.00190466430924046
0.00172309224525936
0.00159903314056738
0.00161956635001201
0.00174165954966658
0.00171841030686716
0.00199786955600717
0.00199544435672263
0.00271325295421776
0.00258050794579511
0.00262878291866033
0.00233202115280826
0.00255863942165462
0.00172239568961351
0.00172755652530186
0.00169778771981964
0.00174553963396463
0.00167343356874818
0.00167301506655279
0.00169369898973794
0.00162980176458828
0.00169529377760489
0.00165562702245337
0.00168051286768491
0.00165123192229947
0.00173365736243569
0.00181939254398119
0.0017102745263723
0.00174194528424379
0.00185583870782726
0.00201357187866563
0.00210670123611427
0.00242167514655854
0.00316784337639257
0.00502873506901762
0.00254109342622263
0.00182838153763288
0.00186690852589897
0.00157687251595521
0.00176795124314887
0.00183494457750031
0.00154556939296565
0.00166799648934071
0.00173623752812703
0.0016799470690291
0.00169535565036157
0.00172570939277426
0.0018244990557879
0.00181252630304794
0.00191085128207007
0.0017606871826301
0.00161787767304093
0.00212528369482554
0.00279824090580876
0.00355418798657818
0.00266303465551538
0.00173884222025777
0.00177294846953614
0.00181315009296703
0.00174927243331911
0.00161188478409933
0.00175815095980682
0.00216115171243472
0.00194444194114282
0.0016946125217729
0.00178460151117039
0.00183568707219397
0.00224763803222374
0.00206640568105332
0.00186157159310372
0.00190960229450896
0.00176930607183988
0.00167241592307924
0.00166121837846864
0.00168092101214023
0.00161089469817037
0.00197954702782465
0.00225643671326509
0.0030003906504719
0.003097583720146
0.00264932788393952
0.00167520648189683
0.00173261725127785
0.00175255689539232
0.00156733038852789
0.00159779844715057
0.00163688909575974
0.00159028899038086
0.00165227594019037
0.00155160166940561
0.0016159247038612
0.00173713703076213
0.00162981020082411
0.00178183407798479
0.00199042070121758
0.00188414669461675
0.00197527654426021
0.00180014410878014
0.00177335078632215
0.00182385022177596
0.00169274525722889
0.00169863994885358
0.00184291002582199
0.00178921592574308
0.00159455563822448
0.00149585623849102
0.00160745250511974
0.00156593370563007
0.00180451663865108
0.00173046212687753
0.00242810237382381
0.00410379939075587
0.00266081284382631
0.00238803094844465
0.00247507561131256
0.00256309303888745
0.00256293037415677
0.00194217995997721
0.00249090316764749
0.00264928471454856
0.00214414344208108
0.00194076480712458
0.0018226192599642
0.00160426391572461
0.0017399172101343
0.00168876088262462
0.00164521853669154
0.00182859790418371
0.00180603826003034
0.00169733741602322
0.00151412753611342
0.0016059267777024
0.00167577475575284
0.00166374414779438
0.00154048114223789
0.00168234672395361
0.00167222713242414
0.00169520770296574
0.00191186862593009
0.00193589350499614
0.00195848025215589
0.00195241530469518
0.00163195451547535
0.00167234521676009
0.00161949950559405
0.0015998286821068
0.00163997492150659
0.0017551171012313
0.00204915968690411
0.00203897903530981
0.00160768211383725
0.00171747868009306
0.00173985771742218
0.00160314414794921
0.00182502774714032
0.00171057672935938
