0.1678472355963
0.0409564947431484
0.0471345176115172
0.0359304515076993
0.0349224715380628
0.0395194322365425
0.0369145509476743
0.0919383330349825
0.093030960572337
0.0413456733873435
0.0491073341788247
0.070035323271639
0.0687570973784762
0.0480277817015681
0.0327634823379055
0.0363015649319351
0.127183122269316
0.256320096185012
0.222907511755342
0.260036213184286
0.292005765925666
0.216239363802951
0.0736301882710315
0.0624646718316653
0.0590333804623989
0.0809468144690831
0.110654417330115
0.074160220819934
0.0508880698568728
0.0348461878417311
0.0652577195095635
0.0702565218935072
0.0219260699193409
0.0342377885848167
0.0521349703642445
0.0658042480992699
0.0615915190786837
0.11500353287919
0.163660471616511
0.0742482712222231
0.124952886012898
0.178905519964984
0.105942902738645
0.0672569514418767
0.478411622663698
0.52834085738828
0.142350391244604
0.0275740340167264
0.019941144834377
0.0279923256327089
0.0254882796646749
0.0116016813086715
0.0158417673548686
0.0319680608437493
0.0337213736933979
0.0327796684484089
0.0344601597192905
0.0452955046915911
0.0435838993077798
0.0556451134185883
0.0479695828278283
0.0445136005206736
0.0684271193241321
0.0855432180254914
0.124280096343076
0.0920075919257078
0.19155835502925
0.262878228392977
0.080082567914815
0.0500592352705215
0.0398597477123028
0.0273309296068311
0.0949762168098079
0.0978675485411608
0.371639498116211
0.411754390010231
0.23599810047539
0.270611002978233
0.0584829202426169
0.160198785633078
0.145107503909161
0.0377793502896114
0.053491673634454
0.104475574553397
0.11081556482186
0.0313400758642058
0.0262458691168019
0.0474755105963239
0.0394866920954016
0.0178742220279519
0.0263612635505374
0.0339412905767815
0.0265933392453754
0.033962166737867
0.0586496332482893
0.0478653001516568
0.0214676242879468
0.041014181799009
0.0433837390360737
0.0206678019876234
0.0209645114414172
0.028350465186609
0.0468644873754612
0.0761979237880116
0.0968849677784179
0.0679274565929105
0.0594363975581631
0.0850628212914925
0.0588768214304019
0.145745234107505
0.16585814836925
0.0623106773636353
0.058221114949125
0.248794619603696
0.414527117763909
0.872196233376519
1.1482855555537
0.776845193934179
0.13584659482491
0.11941968061183
0.0772472240218425
0.199387082464672
0.807847638959853
0.627563477461519
0.0586094726235585
0.0500291698393272
0.0518911069130656
0.0514134717545384
0.0461171687925279
0.028353976015808
0.0263017769367925
0.0448374004440133
0.0599586241199831
0.0813465524163059
0.0633209702515007
0.0374438380768453
0.0513808441679177
0.0641699327922592
0.0559347814325064
0.0573139283795196
0.0611851570047822
0.0467926426479808
0.0324078857521179
0.0374319240929659
0.0725316220658729
0.235616073892979
0.238844128683795
0.057852101298313
0.0344351677194595
0.257852345446104
0.652369300957298
0.87405768406766
0.208262311543374
0.135393080466009
0.101533358333908
0.104097603822105
0.105812527914907
0.0398187792205027
0.0668606551424246
2.40128278253422
2.69363325180909
0.331676755408773
0.0380537080323762
0.0405700163992223
0.0808694456022706
0.0569114985149102
0.0700031325396315
0.220801736216721
0.153904869432546
0.0254568118199916
0.0388457986290159
0.0819538345785369
0.085238354248099
0.0756206068320226
0.117060484882833
0.090680177560548
0.0433832388473674
0.0541231151674606
0.043820107942962
0.0457604224644828
0.0694502310166208
0.026889147830288
0.718182266796695
3.28987061586522
27.7691115845171
1.60581243202704
7.67597619304043
0.420376370421088
0.214584059172821
0.164644865746652
0.0192729237473079
0.0194380619416443
0.020327073666652
0.0188665090549346
0.0214759552375775
0.0239073459246584
0.0369382988478709
0.0319711723435115
0.0185093158036059
0.0150804086002443
0.0307740194643334
0.0235996508566661
0.0178608984459231
0.014358381496664
0.0463011448159146
0.222478879299337
0.668521673884277
0.250021033543404
0.0247090046385891
0.0345656146619588
0.0483290119286442
0.0580980055561757
0.0258839772533942
0.0255831000305385
0.0248236478369816
0.0371301212200755
0.0402862927031639
0.0223173614222739
0.0171803561252756
0.0245251187417843
0.0321575870744964
0.0390061426658755
0.0506754372560899
0.122702213982461
0.246899288740779
0.108697031417041
0.0240879945554593
0.0099473295634452
0.0142950929609705
0.0221155025929601
0.0537059736942303
0.045941328215145
0.0461661618288061
0.0526547680893315
0.0423646699241549
0.0476625315217461
0.026804631747665
0.0251221714688637
0.0475411244255839
0.0229865125719017
0.012188382612705
0.0335061732415858
0.0513248329641748
0.0514118466427786
0.0713571935939472
0.0843076084202435
0.0522044611354564
0.044957688947153
0.0124948833019537
0.0166468141762017
0.0355342501865624
0.0447380249162297
0.0580458836880937
0.0552808340534994
0.0358392873444178
0.0419876835450329
0.0471341608222493
0.0281041305698737
0.0224418047998169
0.018168091354745
0.0248692420807779
0.0178761355243432
0.0202834288424263
0.053835852514272
0.0454553310177519
0.0280597506566377
0.0322559804306805
0.0502309430348124
0.0248425203850484
0.0225332075964188
0.0706297021598336
0.234127393632576
0.186702179911554
0.0308248418236812
0.0842174483669003
0.16697692802553
0.0734459253181793
0.0218467750578907
0.0450149526824042
0.0278280100941176
0.0318072286201273
0.052516338374655
0.059207371886521
0.0187337336810564
0.0263391848586329
0.0251654513447995
0.140096554995772
0.159407333815416
0.0357946238536305
0.0415173941936242
0.0868495726694996
0.0708591288367299
0.0624785583321152
0.0441323782182053
0.0528759531494179
0.0281184649171245
0.0348525227025592
0.0247028865823653
0.0347487739449262
0.0365821796597713
0.0269965107758488
