0.228839178018729
0.171167154813094
0.0588373131863589
0.0513135654206832
0.0505938511998335
0.0617194835683258
0.0906116881729184
0.0881174727886287
0.0741414356865455
0.212185723792265
0.826866212618033
0.45785398002524
1.61056907989622
1.22683959484625
0.479269757406742
0.302179575125118
0.156249128285457
0.203350153384719
0.223858449147515
0.144543334849721
0.0347894980393326
0.184857154232722
0.182079594189336
0.132894985031108
0.0454901647994491
0.0686464728945825
0.0545105838425225
0.0332109437722493
0.0223020682404833
0.1385834067213
0.180304491052839
0.0559353529536597
0.0794397595853101
0.142774110297935
0.0484388456596292
0.0956142874478021
0.0952812294854682
0.0699321405554197
0.0393813306518742
0.0614391120875339
0.0783563351930239
0.112991963274895
0.099556417901024
0.127475088044045
0.0881334860010124
0.0865675144707809
0.10813894073398
0.128076659917517
0.090235999955406
0.071925049192501
0.044876399607121
0.0376906520444673
0.0475299591565083
0.0696074094298831
0.0778357298995751
0.0709305794669125
0.0649736240064241
0.0755228920449501
0.0580721892200909
0.088700797046954
0.0419321624010611
0.0405962416524093
0.0346062954074835
0.103165303065136
0.247618681510525
0.350226980850268
0.233917436457688
0.0995524199976501
0.154150840123715
0.10307552680747
0.0794028853384286
0.0737469228704516
0.101024708078621
0.127379945051405
0.0933499128246623
0.072578508815917
0.0390152668720303
0.166638541613484
0.204570008787336
0.0510219848040841
0.0990314168714261
0.112602318690341
0.0333380342928384
0.0455874874081004
0.182741476391968
0.18810577034486
0.181529077267743
0.238497690736277
0.459607549111178
0.230966710292511
0.0907161869582509
0.0743445473388579
0.053871821339361
0.0581303680876358
0.0595847426846671
0.0607802333046667
0.0888641747340775
0.167950691349244
0.0716857442517557
0.0461459955828669
0.0282446627990661
0.0378012550935649
0.0475090914927113
0.16015308152426
0.144224797915163
0.0650064724694758
0.0982900555977798
0.2036208519731
0.163966981237636
0.333048512559542
0.303225750107482
0.100220264502948
0.0776304901900638
0.0684248389157011
0.486481658378225
0.632975511161001
0.075993934725317
0.142900008745452
0.550588960843917
0.565395487409954
0.130331010319583
0.13229222068212
0.0803451750715876
0.0440689811590398
0.0233793883247971
0.102634861156362
0.156945800032055
0.0405649692911487
0.0628186593630851
0.0714226538067191
0.0639661068978265
0.0540501236819392
0.157366251916824
0.263956768877809
0.685196334278658
0.297071294150315
0.113888684235594
0.20116074046757
0.184568526459678
0.47056125915441
0.856533182355749
0.310817860844336
0.0388876892537272
0.0294447586881966
0.0777175316963264
0.0849509072392402
0.0498995897784589
0.0525473435492609
0.0372170596972955
0.050497443936366
0.0494588194698442
0.0549594637465393
0.0441622144361739
0.0520299389795279
0.0541846521026153
0.0473459932402486
0.0470480738275802
0.0935827947287205
0.0882514547943894
0.093506346434507
0.142043337813119
0.136229413254572
0.111067512830987
0.13462127867796
0.0945531992663347
0.0559019281792385
0.0348975763345305
0.12571267998264
0.228810353790951
0.112180443576772
0.030504509541282
0.106553751003307
0.153772148309206
0.14421983624394
0.117366449969978
0.0578991802968134
0.174284306926232
0.234809747224326
0.164969840475492
0.0618449506503257
0.0525649012746834
0.0685573774029596
0.0524519701942378
0.0250375052608932
0.021453104091937
0.0623922425703102
0.0527357253049532
0.0297761192899914
0.0334107582508626
0.575214142973773
0.845761664875542
0.372342990442405
0.206069157806924
0.0740338745376749
0.19389704111608
0.198512831340534
0.14269139794641
0.0962231954735915
0.111457857340405
0.166180118002019
0.114662597256898
0.0541981376308109
0.0403711276465525
0.0890040263318405
0.268882881573405
0.104525247130199
0.0282637987746573
0.0347274089701314
0.0520616196032746
0.0344284907790346
0.0444519776547857
0.0497584508702428
0.0226774823478654
0.0299253857798473
0.0387437726582694
0.0497209954434196
0.095048279725292
0.0800793103161754
0.0590517458935448
0.0440135894056953
0.108961676656714
0.115856895295253
0.0251209415971664
0.0214812683709916
0.0248989819434549
0.0284059303738298
0.0348404753590089
0.0554447826843031
0.0263092225205435
0.0821164162029404
0.115672259890491
0.142561779458595
0.16467548097457
0.0985639517762172
0.0291596417460174
0.0284052285743056
0.0717805449178237
0.144402304397016
0.427535984401253
0.707298600430197
0.156628040260788
0.128931552494859
0.0603197397513332
0.0458567398083629
0.0471458365049813
0.0422416517157965
0.0765759936331295
0.0388041204051847
0.0271092369743919
0.0391990535622026
0.0315604827060321
0.0307162611636643
0.0263999169001123
0.0347302062438525
0.043628587684455
0.037871790203831
0.0339796638326592
0.0170337936580588
0.0483465673710505
0.111530328391325
0.0846920701377147
0.0621425127488882
0.0988303385435062
0.113731564683002
0.0505616570651531
0.0433425637400585
0.0927202591331376
0.163466232900584
0.0853541178413969
0.0696111229262419
0.0166991960176579
0.12421207502626
0.249280131527819
0.110759601117619
0.0466474691923005
0.0399147385597378
0.0715400126773158
0.203178661281586
0.344526018033422
0.211896461370983
0.06390583744156
0.0219939714300172
0.0202476856290194
0.0243402712079471
0.0183010482038098
0.01744333417686
0.0148721833599653
0.0410022212417189
0.0394163339549526
0.0563850758715835
0.0800581739673567
0.0661137444704128
0.0533876318455019
0.0426849242230278
0.042694616603681
0.0370253985712785
0.0319775158955206
0.0285452938386269
0.0343617741995617
0.0373855285630232
0.0340308759598242
0.0233769531710136
0.0233733632599893
0.0286762823516676
0.043680079378779
0.0344586295574674
0.0454311427484375
0.110312545795805
0.0789994993973665
0.0415676599581341
0.032397839400038
0.0512560884521289
0.0822678724932484
0.0539238306014154
0.0168921746588974
0.0138746618505727
0.0191352977246078
0.0138689870650332
0.0220193016677138
0.0655092183153468
0.0588049962826993
0.0319704496903706
0.056926996065995
0.15449061678014
0.100290645018263
0.0770245458080854
0.0514956970308168
0.0362684407366125
0.0459774724629722
0.0336730593714954
0.0252169721513916
0.017714525172359
0.0129118391183368
0.0122061917175745
0.0123419741576773
0.0178663017995849
0.0340911288066801
0.0387446224017224
0.030483871795317
0.0281359611720297
0.0212776025735657
0.026317447681868
0.0297649276017514
0.0159826204042967
0.0222421785819301
0.0332085992354738
0.031075174965607
0.0214682564782096
0.0332481125749048
0.0358429142179006
0.0378793596835944
0.0369741254130294
0.0236219691726494
0.0223692132821614
0.0383740862629333
0.0251315339800097
0.0258403664549248
0.0131424346040177
0.00721705852369529
0.00915196817318424
0.0113324886815724
0.0194562982638693
0.0215370718953446
0.0121512200460361
0.0131933144506963
0.0301720837909345
0.0301256246200984
0.0217111442692251
0.0119360564028652
0.0152889209918324
0.0802158113157143
0.109123582588704
0.0341897973478656
0.0467433936065152
0.025776778142752
0.0178220233215601
0.0187555708138577
0.0260891693444644
0.0288036073076081
0.0180871300880957
0.0172129986317511
0.0170872627101514
0.0201899947513886
0.0152393829473787
0.0291115377460962
0.0130145567931856
0.0116498647096656
0.019200918759893
0.0192507147412223
0.0255959879291397
0.0236426491012158
0.0311913821178689
0.0231578622095739
0.0249161236025006
0.0479856349645856
0.0369038144920804
0.0234861926387231
0.0288569816380048
0.04434888787035
0.0459474286726621
0.039330551553874
0.0158940065424552
0.0234550885331114
0.0221362939750842
0.022654964700032
0.0321659719888356
0.0316875411786656
0.03447370232757
0.00979968415149004
0.0126587595134105
0.0346998357701595
0.0686557336369173
0.041902729710895
0.0495123520701192
0.0300407781303432
0.0746477495761129
0.0383523197284147
0.0288586237892359
0.0258773963330226
0.0396141844269014
0.0378387132679537
0.0419262881599786
0.0419791689820046
0.039284654995955
0.039176065353184
0.0306633987509708
0.03688339603269
0.0475842148906775
0.0331967606220789
0.0269077096812433
0.0277309459151946
0.0160715115945033
0.0116663240685686
0.0169952657745105
0.029095046951367
0.0563156338123962
0.0352438448680126
0.0370291964009658
0.0425054680400625
0.0436219449789414
0.0213418601936318
0.0208871951792346
0.0206530721295678
0.00945460028445507
0.0154195804320673
0.0311393660248947
0.0167375713363425
0.0284305964135429
0.024264132242519
0.00912040343175121
0.00939925765286222
0.0437707666736523
0.0455266764788544
0.0460327640768147
0.019438864527642
0.0266711899377922
0.0428687483680531
0.0497997225107739
0.0342305034691805
0.0423747689292443
0.0405149369338241
0.0247898660455434
0.0288936256572164
0.0149196700451282
0.0125984011394727
0.0408599856596142
0.0403857778721551
0.0213454891031868
0.0207022817155776
0.0111685420105076
0.0336118088047099
0.0199796002784316
0.0087904903902384
0.0112481229068685
0.0129147878410968
0.0160235760237714
0.0259108582218516
0.0194181668226364
0.0409704140585423
0.0274932958785865
0.0425703281686966
0.0168872817404976
0.035500993832042
0.0614191130496952
0.0421086776327976
0.0402363296354893
0.0289487866623384
0.0177821364807402
0.027918650914912
0.033860635799762
0.0461776184061457
0.0394115207824357
0.0212798632553598
0.0191827886667073
0.0128487904765154
0.00811175532844356
0.00847263087256923
0.0111219007009412
0.0167709506629222
0.0215114528563722
0.0276863426346936
0.0208992761817553
0.0180942082828411
0.0178398636313986
0.0227443992000859
0.0206394257164984
0.0216298760134998
0.015023388322664
0.0124959943875928
0.01594698926637
0.013358307236706
0.0174839527846998
0.0535483680742858
0.0595284889723249
0.0243835456931055
0.0101248278253613
0.0217237850793466
0.0405439843440759
0.0211274867762043
0.00971609886638256
0.0164284147475157
0.0362567220473982
0.0249963482116298
0.0318940914332822
0.00919582247235015
0.0178446720982739
0.0236817504599205
0.0282191807112051
0.0289110412530189
0.0272626467853285
0.0203299607518349
0.017581275837044
0.0189879471096983
0.0402801088212439
0.0752039581479233
0.0370830911699302
0.0205304860355132
0.0169936650607736
0.0146901187686412
0.0192753341812069
0.0188619725867716
0.0164373116134761
0.0165637458886909
0.0390849458677358
0.0146689341728972
0.0138788421306121
0.0299655476283588
0.0530953848947088
0.0140362308103903
0.0144485235256022
0.0118128708236747
0.0129508194281407
0.0530700198627021
0.0900332474040944
0.0540627797672849
0.032133449637776
0.0325006634253326
0.0208032259358415
0.0447319520291133
0.0656973627189874
0.0650639943290374
0.0467136227464123
0.0275485719903561
0.0210287564361042
0.0248640416611596
0.0271532032733887
0.0109765965170516
0.0220761620792371
0.0240138723836361
0.0102301282650081
0.00979679395607216
0.0186141633803555
0.022903130276256
0.0171732190499758
0.015716550887979
0.0192726331136506
0.00980997669747376
0.0169290074176376
0.0303383519430507
0.0161008664587927
0.01035652401202
0.0114269897007139
0.0165627592706947
0.0299102547097353
0.034377250194872
0.0265372534949131
0.015835899500119
0.0172211480134331
0.0160377720151528
0.0220064697991751
0.0179090089404153
0.0143484209195827
0.017691400167168
0.0128076860188199
0.0331086974749457
0.0275319338621957
0.0348506264208773
0.0343206740247042
0.0312874779585734
0.0436935445998018
0.0332391790639006
0.0240001197939745
0.0221563100041627
0.0232082341253346
0.0183241891791581
0.0136904972621911
0.0263963206866106
0.0199302222968007
0.0163447939657749
0.0214617548948475
0.0397555821350304
0.053392920358654
0.0366969759469359
0.0458344869642012
0.0388850019358469
0.0121468748923133
0.0362709649658824
0.0151365491300695
0.0270357727101972
0.0141851066588392
0.0288445235209632
0.0283104036061511
0.0146791845470559
0.0142368411870898
0.023546818112178
0.0395990303371162
0.0182572347408001
0.0193606701082852
0.0423928527061756
0.0511008774284111
0.0330785501864731
0.0219185093508885
0.0196188317037502
0.0783731069037105
0.0615082489282212
0.0224369920173041
0.0286057205710977
0.030164185096606
0.0442623064690576
0.0257557350064867
0.02738110798943
0.0235776111000929
0.0346612242133892
0.037412931341814
0.0283926447890021
0.0144025670678173
0.0174657403203429
0.014187625392143
0.0155238062822263
0.0235038642454034
0.029579439988767
0.0776197398862796
0.053222155337851
0.0350264305520077
0.0460148272720719
0.0398297126017743
0.0246636538889915
0.0152886312182822
0.0174789963760793
0.0207169468768946
0.0306839941615862
0.0487517096835837
0.033349111751657
0.0499408183794005
0.0327266563990406
0.0290461941949894
0.0233449533404222
0.0214810787875696
0.00920629297734167
0.0098622227024144
0.0139521327786785
0.0181670556876408
0.0174319150435366
0.0113844374222444
0.0120657299095216
0.0105819896979797
0.0117682848125308
0.00981813518130141
0.00728916729879375
0.00900972561176117
0.0473928009818022
0.140235325127416
0.0348987779896913
0.0183801538051857
0.0199273001011489
0.0128899412665563
0.0140276659447086
0.0160897222808849
0.0141415733376469
0.0154411840014061
0.0166891781367151
0.0114121924995696
0.00964138565997111
0.0125986138657944
0.027283874232327
0.010122051797185
0.00918001470987515
0.0211887488370888
0.0342520579460068
0.0267007139503225
0.0184300973476412
0.0195077134617198
0.0501773098548971
0.0430090596835482
0.0283002952494916
0.0164227304638183
0.0149647610369938
0.010517002240846
0.00607802564976612
0.0100981264003661
0.0236496323044986
0.0228407962413978
0.0182102452770911
0.018020713384515
0.015358293284791
0.0227654712371789
0.0302010663813573
0.0172932950561053
0.0135445540449506
0.00627579885373091
0.016903462864739
0.0190169542309327
0.0205364864632436
0.0190348628953258
0.0587401596572916
0.0664624205270503
0.052838517983393
0.0344897783295046
0.0127852115295725
0.0199194421327234
0.0156995197208826
0.0195683823099972
0.00909719543817519
0.0188231345959644
0.0389278388978055
0.0202439475792797
0.0301239442918022
0.0301161059691497
0.0291207511170585
0.0278151181396666
0.0192853302473302
0.0257569546903249
0.0200688899191728
0.0235803268881907
0.0804632948148001
0.0989226550993755
0.0102726137104664
0.0182360060375379
0.01213767107376
0.0166152719977084
0.0112152432513941
0.013310756565289
0.0170421521591278
0.0101345516194886
0.0105674403652624
0.0119538382474738
0.0163301491110929
0.0156842533446094
0.0127034184833736
0.0109371014468
0.0140364157685576
0.0174965334892348
0.0138142402953339
0.00884937051085987
0.00786797110688413
0.0274073443663002
0.0314403620071512
0.0349529552160316
0.0351135742882946
0.0411475038106093
0.0353554108832463
0.0986443974697806
0.0818369559883593
0.0177541803938342
0.0215199523089878
0.0142510398644351
0.0120117175609322
0.0197294713588511
0.0145859868943344
0.0107334333850673
0.0104863465330991
0.0163101329625964
0.0132980887595183
0.00775553598873264
0.0187070542312064
0.0292527989411557
0.0209229941684858
0.0175069395366944
0.0200605558142419
0.0177853109884096
0.0113566347444437
0.00884704912758186
0.0162480039084379
0.0193788145690546
0.0208705634436179
0.0197881896220979
0.00905951364336711
0.00952696625235587
0.0358671904713058
0.0237672074823606
0.0169582385392502
0.0283774042156613
0.0294407905539642
0.0405504612345802
0.0677873915335699
0.0309989306261525
0.0139170167573227
0.0121386553202128
0.0145805134137571
0.0155600287535339
0.0201452018250963
0.0219630758387612
0.0195856447985259
0.0189962074412652
0.0218074962813846
0.0205724769258459
0.0183800225880522
0.0102645822930913
0.0116357250753761
0.0188257061058585
0.0192272063808664
0.019580428566305
0.0239589383121928
0.0103064076412861
0.0167408400953898
0.0381253467177577
0.039310488544098
0.0430309477756339
0.0474845697333541
0.0465057000667538
0.043314799429023
0.0229842403101352
0.0191620675632621
0.0145400369724945
0.0159858783798091
0.01523767120919
0.0191697362904386
0.0245677663268866
0.0303870488499682
0.0300136654498244
0.0289608120605323
0.0163108967176625
0.0181383607067246
0.0387014515889026
0.0248274201738255
0.0112472164663768
0.0147741189930768
0.0316477042273221
0.024019341299098
0.0111524924592892
0.0101544096895483
0.00936090744426675
0.0217561971168837
0.0100971774492005
0.0293565103447922
0.0104122910102078
0.00750185492652714
0.00708798150211868
0.0137613774258492
0.0118909119825119
0.0123939088196797
0.0293925211350805
0.0268419363803245
0.00877108504441086
0.0103087698707781
0.00612800915645406
0.00916350566759476
0.0135593136631376
0.0133269220724767
0.0216553832442877
0.0306829197115659
0.0148043430603852
0.0353146027082951
0.0462595250948772
0.0653996239457642
0.0275576928617218
0.0350492993195522
0.0345048970979109
0.038472930649207
0.0768001102716735
0.0443284270917915
0.0125722423632675
0.0161602523367563
0.0089292930339844
0.00881140554871483
0.0169545930555891
0.0367318349283865
0.0124593520950911
0.00961423992419663
0.0211533386419263
0.0450629901817312
0.0408815198364888
0.027046375734361
0.0363002581196483
0.0372680731233534
0.020639864827887
0.0152154575408458
0.018493717822483
0.0168941253799166
0.0124894619547597
0.00867674798341183
0.00642397374573949
0.00931227315267887
0.00957183514501165
0.0135722198309247
0.0269153653709741
0.0164037691128067
0.0165467329082905
0.0175387446342197
0.0125120445427251
0.0126944821965928
0.014211761626161
0.0134887047621744
0.0143308898867158
0.00947004369949984
0.0425637596682664
0.0378817047740244
0.0417948921894747
0.0410033628833685
0.0329896544952127
0.0253276932449253
0.028424914506601
0.0483831415427742
0.0301026511106419
0.023433718534339
0.0381789206504668
0.02256251713616
0.0223246155876216
0.0286407616852084
0.00733072073825712
0.0103705501899317
0.0125721942844132
0.0173401573516304
0.0210389798913932
0.0126749631283666
0.0068195634227643
0.00873176277240149
0.011099636419574
0.014095920592513
0.0344267493174402
0.0362828167736307
0.0146778627472062
0.0293893742995938
0.0282777743088235
0.0197737815432774
0.0130933490108791
0.00852225363770863
0.0137120404334687
0.0351528125478573
0.026272549420133
0.0226473941860773
0.0295233026360581
0.0244147781462783
0.0353419484088245
0.043151560602765
0.062389984504163
0.0365311726044086
0.0125346418595024
0.0446693342664751
0.0237151746133297
0.0237667101737805
0.027281829042804
0.0118369803638549
0.0153492637797422
0.00907284838974567
0.00408055556564268
0.00704775150537726
0.010692323253179
0.0212856371840622
0.0267668191482661
0.0149449484781886
0.0109046199466978
0.00606182722106418
0.00536721575205146
0.00804253366493698
0.0101616215377372
0.0141736473014706
0.0152737687738789
0.0155550519706326
0.0301536820901382
0.0577516321494709
0.0503534305357405
0.0470904151761594
0.0341974406286515
0.0403570111276957
0.0226833891330366
0.020909821578762
0.0378493684316303
0.0264511633636349
0.0184915139595562
0.0361878578598182
0.0265926050651816
0.0167299952380397
0.0181206173903999
0.0207423996715622
0.0234241303140126
0.0219066270164723
0.0211107289110952
0.0257735365577549
0.0313494579887524
0.0131260037456494
0.0122480443175308
0.0151030251423623
0.009915094263043
0.0145287390075707
0.0210761645866552
0.00920612653585692
0.0142818913311376
0.0152955049394964
0.0235911509582735
0.0178483569186462
0.00816257583866881
0.0126138128310177
0.0168163022818125
0.0171700196121839
0.0152694830224561
0.0128120777670498
0.0366460380599446
0.0515003015858082
0.0350564131253706
0.0260705817617667
0.0270842668461904
0.0600505123748373
0.047737831408679
0.0260459152767373
0.0350810611155204
0.0205543766647679
0.0213441274219238
0.01745793167466
0.0227594616440195
0.0161407802502378
0.0113315436938732
0.00783297684235215
0.0281810080868239
0.0381177879548493
0.0113209193497878
0.00440910504088802
0.0104100863592231
0.0271466618308726
0.0325795756541357
0.0361588014312108
0.0153447520025375
0.00757219832494363
0.0163693532979709
0.022380956403668
0.0203797122047281
0.0181250203520545
0.0229482648730388
0.0174954722735614
0.0219720369988319
0.0113316481474122
0.013691368668626
0.0170245835285814
0.0118385585587016
0.00689329025038725
0.00959546247703095
0.0116133870568222
0.0116084078175193
0.012018714903087
0.0129376227285303
0.0310178790025323
0.0256288803658398
0.0284647092258398
0.0290966598582169
0.00600720273209526
0.00815036104793285
0.00851311606993997
0.00851159326222509
0.00972300001291829
0.01571279737339
0.0155254673795874
0.0111125290989946
0.026336351078584
0.0423219953070475
0.0540515763246424
0.0249422270662186
0.0243333376060146
0.0164877923907148
0.0195139416099029
0.0223839905970178
0.0249987811215458
0.0177358170270045
0.0401312374176507
0.0497711567940483
0.0288992344662228
0.0166479301802165
0.0193031579041538
0.0164031661419299
0.022251342570926
0.0268953960569144
0.0126041713553293
0.0126094075516622
0.0133458740369394
0.00820994559276565
0.0111909534450928
0.0178579906068797
0.0126577963532926
0.00864602858216383
0.030523872757471
0.0250569870950376
0.0147581075128252
0.0114549228852173
0.0122404662470095
0.0270101214712616
0.0388453213246082
0.0075344077490556
0.0276658098882771
0.0214305530636104
0.0112555688627996
0.00791836197888992
0.0318127741262621
0.0477965486393357
0.0579589326434805
0.0624383352901446
0.0448603101993508
0.0227511044634771
0.0225079753100479
0.0207535204946824
0.0152480459438948
0.0123609651099458
0.0158531916324338
0.0158083553815337
0.014734759738143
0.0156583097796731
0.0493216820173458
0.0195785486507526
0.0135345373150302
0.00880200634232874
0.0189021579234324
0.0242643720946542
0.0205552453784827
0.020497339470174
0.0160621433460298
0.0165660165644222
0.0106708449639187
0.0180479169294049
0.0289423878466081
0.0154261601039041
0.017872372387906
0.0386012077033732
0.0519697584021633
0.0253231348659893
0.0288623353648423
0.020397328932238
0.0166420009073716
0.0146461623734561
0.0152031408027462
0.0306010655080462
0.0480783553510381
0.0256771831626591
0.0208900405934949
0.0117072963032244
0.026268583413614
0.0597445054444586
0.0476579725122126
0.00997485632283285
0.0111717667826284
0.0154152926976786
0.0144128921847198
0.0079123083707517
0.0282601045134136
0.0217197460162202
0.0117771169383718
0.0294481093081429
17.4587635599026
21.560046530693
2.1266275994386
0.560182838471061
0.158577467260053
0.027182933838998
0.0823563080769976
0.0147663940719441
0.015063211340221
0.0338929567518497
0.0309374726676116
0.0127923483356091
0.0100960332924709
0.00985330562115728
0.0116910643426729
0.0174289951445424
0.0133714357275669
0.0295636548509423
0.0116026296883119
0.0112714706018502
0.00987807098390453
0.0192849540069637
0.0323084812368324
0.039077781442488
0.0373494421989274
0.0238539896438381
0.0268041798237773
0.0271143010020487
0.0167813893268989
0.0187910476439289
0.0227896340734178
0.0344111596983331
0.0176897701942912
0.0128052792394782
0.0171646292516552
0.0149241124337101
0.0118903172027588
0.0124105640534654
0.0102806877319425
0.00907652483000029
0.0113832124363664
0.00857324948661315
0.0119942853982269
0.0068146218247317
0.0164756015769498
0.0205225337300464
0.0173610001534011
0.00659354489269013
0.0455881594389046
0.0453779615778143
0.0374437080217144
0.0452966371714951
0.0164843871530244
0.00716970764904838
0.00854304462501214
0.00777635766918848
0.0124377016227718
0.0275624540120418
0.0311642876805145
0.0233376493354815
0.0259142899209628
0.0209444886130081
0.0169750993493079
0.0253388937258119
0.0303024355336942
0.0534842820162919
0.0440656957755325
0.0123101820789848
0.0165783824021587
0.0187520590719334
0.010137906831486
0.0131414451566202
0.0201783816826859
0.0152139428649827
0.0234160870156445
0.0483799633197578
0.0447716939105017
0.020581467224341
0.0157619053281255
0.0322788561861956
0.0120145916685357
0.0101067302923788
0.0154906211839042
0.0169436899453338
0.012785949059807
0.0128535901925611
0.0228419533656874
0.0225522686683423
0.0227368806095403
0.0111618684084791
0.0275883570489229
0.0395124057639641
0.0432881509319225
0.0155728686714568
0.0177975482377211
0.00873627930916205
0.00759260141447896
0.0113408494438597
0.0137186919993019
0.0169235062207264
0.0218181983117048
0.0235272594999481
0.0287252819832298
0.0412881973959719
0.0235766233131449
0.0170011094265677
0.0177472139695607
0.0186533894157993
0.0206774242542437
0.013096076286937
0.0098540217629585
0.00746395649789261
0.00970407037591742
0.0156359304313763
0.0203976287504402
0.0335030564986719
0.022915358037239
0.0532060400297669
0.090504712130861
0.0760858044686598
0.0195595266753261
0.0145663162838241
0.0144667409565372
0.0201280240918976
0.0223535366682294
0.015197118163062
0.0109175728422297
0.0151003270662348
0.0257649948464797
0.0139401086599857
0.00853921605658527
0.0141588274038998
0.0238738570484371
0.0183630951973588
0.0074912496748404
0.0069346280148992
0.0082640185159641
0.0164347415077574
0.0115554082137088
0.00565410251032022
0.00864229650721652
0.0104811863810853
0.0265538537793029
0.0653354729339784
0.0542739386509872
0.0435250304304688
0.0362645248304834
0.0239116687377035
0.0211942739871493
0.0322113863139265
0.0297761101421211
0.0266730953187201
0.0133110901226573
0.0161070620692253
0.0153087403192015
0.017927226821393
0.0121631581241973
0.0128666357767062
0.0161892401492824
0.0420247229391265
0.0563869156824028
0.0212441907136416
0.0219879365600446
0.0437148551599724
0.0472137499261423
0.0216542904783435
0.0315763983584387
0.0270703348856679
0.0369986157067549
0.0379265133249281
0.0168104490586035
0.0251166193535641
0.0311152699092686
0.0156584198700707
0.0121907329293293
0.0109721107158341
0.0176225731300191
0.0272266548596863
0.0225551416641144
0.0171736856323942
0.0277253121847764
0.0191153693657972
0.0203817994597879
0.0208569164220904
0.0305437496044209
0.0274793966169258
0.0485045776772774
