0.00109626314353722
0.000943592661387814
0.00117106955524014
0.00129476620322284
0.000926989336585427
0.00147279650744949
0.00715240667996376
0.00963272418068516
0.00552665282769339
0.00282561464436219
0.00205131462981431
0.00161154206570319
0.0011736097889185
0.000933151859091396
0.00163059935839678
0.00369058091525511
0.00453210129565066
0.00353769486444365
0.00406105245979735
0.00451997534169038
0.00375564127167186
0.00265631531691514
0.00233817513441661
0.00257623055020533
0.00200574598660366
0.00103417490265788
0.00122341240024797
0.00185567804015321
0.00201293940592053
0.00177920784978578
0.00257982628410268
0.00439263752147372
0.00606911678656755
0.00478466272753922
0.00206544796684858
0.0023048120774654
0.00224924584780506
0.00176791850250858
0.00184570956854299
0.00221421957264062
0.00275692840222816
0.00237572324486006
0.00167352729430216
0.00211780088263343
0.00307569678524456
0.00296417372145644
0.00238180806080184
0.00228925700421846
0.00240040929901794
0.00266408227771999
0.00297988294140328
0.00219874811287346
0.00186940453263857
0.00247600662519976
0.00272002915813157
0.00212311562721316
0.00271321011561725
0.00344334126880369
0.00271627043308632
0.001856169344769
0.00179457664779586
0.0022391574434952
0.0023747286879612
0.00218449905896759
0.00192382574747539
0.00223424965591685
0.00215256607088007
0.00181455630202172
0.00189813985577339
0.00221567409685488
0.00227184761700746
0.00191447321360638
0.00203740983714528
0.00240597678850161
0.00250805623341903
0.00203415757923252
0.00177810522923753
0.00220353575654738
0.00252077627598572
0.00320317527274009
0.00300438844560545
0.00202197100589893
0.00334730533389376
0.00415127316597224
0.00400304901168094
0.00502727111722492
0.00588413457996997
0.00507241610037884
0.00350036781493199
0.00334718982143588
0.00348956738148402
0.00285182908808475
0.00258812182920501
0.00238512816830143
0.00319326735955663
0.00277128718822584
0.00264694611198902
0.00297875807420562
0.00320566519168875
0.00268709879279639
0.00326564367696381
0.00306311994597631
0.00293815933745496
0.00325142238728174
0.00294502003144606
0.00195761877485876
0.00188260069893324
0.00176761005772349
0.00161484460738525
0.00140067972833887
0.00159505125892138
0.00200407465582351
0.00191441203202078
0.00172258571028757
0.00152413940332879
0.00209527843716711
0.00192937316634791
0.00165038026887783
0.00188331986048076
0.002230083642136
0.00242282709325152
0.00222469300616522
0.00139073505105666
0.00170580891444943
0.00241237149687483
0.00231049683267059
0.00177915388040078
0.00165259403703105
0.00221203531036072
0.00222110126993532
0.00253563219558117
0.00248978208635229
0.00256134379086734
0.00395044139582049
0.00332131085686726
0.00212794049314208
0.00250336396629878
0.00229449354946323
0.00179911236534386
0.00205645745291159
0.00209222719933667
0.00185156136495447
0.00179027018032121
0.00195141993916593
0.0024910624677306
0.00194097955196361
0.00153933264503891
0.00148884844873209
0.00197506310606693
0.0022692510102957
0.00210303904058846
0.00167050243085935
0.00201403364929309
0.00239809110872462
0.00172197123405779
0.0012688621271511
0.00114057897755123
0.00140276751108404
0.00133388255801427
0.00116033890010516
0.00111090368317611
0.00144401194737853
0.0016051535536638
0.00174239473162823
0.00140357741059628
0.00124103929265903
0.00131711319613995
0.00123203854215343
0.00140630211769047
0.00123808486500837
0.000982557830614386
0.00106273690550606
0.00108116298476223
0.000950123909185968
0.00106213900571834
0.000945998678200405
0.00130682427891565
0.00142451121312837
0.00108787828965944
0.00115237289741658
0.00124589141515501
0.00123957108796646
0.00103347111268891
0.000926353130188539
0.00108434789743628
1.01974046913791
1.23272439452445
0.263098349180872
0.00480180206290423
0.0025391943566527
0.00148311753763916
0.00177126176620835
0.00214095313158765
0.00152364744874491
0.00208310962748705
0.0025781027480408
0.00178664542730985
0.00145003893644047
0.00154560978178745
0.00133038940806285
0.00099946789390103
0.00128311334004197
0.0017195638442485
0.0014233106522266
0.000941600041459
0.00115938465959724
0.00150919267230511
0.00149203525879237
0.0012280795727556
0.00131911674907127
0.00133778419373287
0.00130582303265084
0.00126706072499082
0.00109313398904968
0.00130275606751617
0.00127753776447379
0.00113841714045797
0.000883833122453121
0.0011375279877204
0.00117304080912474
0.00109196774291431
0.0010335843869744
0.0011580681568717
0.00131037313160718
0.00126807687793983
0.0015138867103405
0.00151465619284208
0.0014171607840244
0.00131109917923315
0.00119184840640483
0.00111011883084458
0.00119477037601354
0.00112694027983317
0.00110480228265157
0.00105570852416434
0.00102145575221786
0.0011551266871723
0.001034283112917
0.00100533335748199
0.00107092415744756
0.00113002255551962
0.00130245265144821
0.0010288168650631
0.00104486172582372
0.00129071705355031
0.00129335696036045
0.00115722258762037
0.00117817175848764
0.00119824227007559
0.0014399816144294
0.00162956588822638
0.00147456233407626
0.00129734400097186
0.00148010798358068
0.00128628198067252
0.00133707161099493
0.00152154744606101
0.00134305296700332
0.00126744119280819
0.00113289173466375
0.00117936568551828
0.00119712212460291
0.00120195963069722
0.00117698877478447
0.00124636259585025
0.0014582676713644
0.00112021920349755
0.0009445295797728
0.00114259159116171
0.00116186062688982
0.00123411429444728
0.00133388465813438
0.0011608957350523
0.00112639808952878
0.0012533454902669
0.00134168843130751
0.00131985015139039
0.00128662708481438
0.00120378228612402
0.00117118697829211
0.0011331589998606
0.00109732291391235
0.00101804216180052
0.000958448884312821
0.000935164852504443
0.00106334555661518
0.00119384807899711
0.00105944826618879
0.00107061774523625
0.00129150747780641
0.00146058040010429
0.00144907019397572
0.00113473039225986
0.00117036642946631
0.0013071714955771
0.00112205362305378
0.00108948028851997
0.000965076085085347
0.00105996070243376
0.00124340396862521
0.00130206524674186
