0.401018424749257
0.284083693435068
0.626803629821917
2.67981235140019
2.37290616740777
0.981860632951116
0.966676570965038
0.825938473322547
0.265346106337514
0.212757202743522
0.341045217302026
0.411964864366595
1.18590466186102
0.721214374763865
0.0790260327431016
0.265329779126638
0.712592695203098
2.09155542215075
2.6932598755431
5.89047340017289
6.60720273560803
4.41409941086168
2.2855602346909
1.58788186315805
0.218344531654509
0.285560967348756
0.421319443313664
0.485041756454661
0.185367536063684
0.182042683195049
0.24625153293132
0.14236676179383
0.101084957074182
0.143561234473187
0.190690168986493
0.278771167783038
3.19503362358068
6.10812650336146
4.69661098641712
0.714777475494924
0.766639655311925
0.472416437897994
0.363829109322711
0.698809830333181
1.3454407337443
3.13134053287607
8.23941786045231
1.23550315387498
0.488513101584661
0.765597956757207
0.896090298034896
0.395244926483351
0.576268232818966
0.228165617174739
0.379840736274939
0.217524837738712
0.255631295755168
0.457841791703936
0.317607102335645
0.25086945928683
0.72410088143719
1.38716900059394
0.738572631575704
1.4737752412232
0.159434645735257
0.728575783523792
0.303279563208913
0.248114303453908
0.564010475983635
1.12432242309828
1.02994296216059
0.539942046079727
0.284511756913345
0.19233660198153
0.449727559436593
1.006289405026
0.260014395345221
0.281535056692742
0.547863883477342
0.383097686056465
0.498553691153847
0.81369910091893
0.446163663165557
1.2950894984877
0.797200174195169
1.35513993738858
1.19689004475877
0.846804883215264
0.285964259741975
0.1715163019865
0.231189504883512
0.215398831289583
0.242187514962161
0.148292739164958
0.0713607237309324
0.336418973521253
0.242220032190081
0.506243701203354
1.02559893336679
0.480939518274633
0.115159950646245
0.581019764956751
0.67272228675073
0.582418770931869
0.96841565416112
1.72900399051439
0.509488131052572
0.292936603908366
0.340465526894301
0.569699821567577
0.757350778409906
0.789491036099847
0.482372251778267
0.388800401259554
0.26221074136488
0.271210827807332
3.78847911212698
6.63623173189842
0.535257308292159
0.20927833055232
0.181886711537022
0.108366240796237
0.904701051023997
1.21482870639432
0.430034634272964
0.347710010968335
0.250460609852531
0.194943366859638
0.663684244764811
0.932679860758138
0.254997034042457
0.45118522221773
0.329574502196025
0.775260395397672
1.56961384453019
0.594062019842805
0.370446900673119
0.160956185090833
0.288736608555019
0.411521673087648
0.332466862019636
0.132186475594516
0.402271204033639
0.399010180616248
0.272955287556355
0.295467536195588
0.225336683658064
0.290232876997795
0.234294291587685
0.0831344516578707
0.24615388795878
0.201791094676109
0.340225143743105
0.240437143198164
0.10369475854474
0.0996559954261041
0.177884706337494
0.186678062055413
0.209073091239833
0.449375180478178
0.218041183461732
0.231086898884813
2.49539434855998
3.7286327126521
0.223507773497359
0.214764889127339
0.362988766177226
0.358679868507549
0.202033517869282
0.168609002393332
0.396443878476781
0.302141012841055
0.32123773726377
1.12379504657568
0.93672430318412
1.05579147785774
0.726996368227544
0.707555304831503
0.658639236709379
0.297718741586966
0.233984092832637
0.213924611788923
0.180951361817702
0.474356517574729
0.705979495906459
0.569175527080309
0.412284493456277
0.728901484937496
0.470734283037271
1.16121624781411
0.600544803657638
0.666010348471405
0.308523167118071
0.216131079770529
0.598948665877952
0.389107691071998
0.167272470273993
0.263567744652972
1.68148030666622
2.76240028429884
0.310995101507676
0.279359787469279
0.458088550173901
0.395882165999741
0.724456538563024
0.987434043813392
0.27643195129472
0.169494620906082
0.430768491456702
0.560041078874073
1.28187643756678
0.189705472748158
0.329565979011136
1.77476024886311
1.69178699979737
0.131876184798861
0.112141815524869
0.271106293521376
0.950358793836216
3.49783843562305
0.775993173530345
1.19031616237116
1.3725169439091
1.05973906786001
1.6314110016374
0.644716247497666
0.430530709799209
0.485542886563105
0.302194960680583
2.64677237934978
1.65191171014977
0.243747851624396
0.125271809650994
0.255728764656312
0.598410612046825
1.06746357147273
0.742238950748329
0.10193361991243
0.134179693155624
0.302490148229659
0.161177795311317
0.268440064700837
0.118391345614278
0.16495195433916
1.54413939817376
2.84392681805877
2.38283110191908
0.231091565400649
0.311706144427521
0.564105761992279
0.126928401878441
0.150842182360413
0.124462207826619
0.815195761425411
1.68343390456942
1.1749302403405
1.47938730440666
0.364911310970885
0.669563407923569
1.92720843979281
1.39745046413108
0.155179023008152
0.618199853194374
0.885671558654206
1.34827415778853
1.28130199501903
0.245460144491183
0.126771210092519
1.37652985214757
4.46640626361636
1.62895477085257
0.158826122222192
0.864790549967618
0.910949051364186
0.253207830873872
0.387345069072291
0.389037926989627
0.202956999019187
0.425291316210701
0.65828485359728
0.332347418521899
0.373997955229967
1.33174181298813
0.999623099375107
0.28424299590121
0.495421774755269
0.223554238865288
0.11535303401095
0.386289335446179
0.224829011167792
0.0934634736331031
1.46627496225396
1.72101809802762
0.396042184862235
0.635478868065047
0.614369601011671
2.00364778553293
1.65489175386558
0.253109221170273
0.0791187494542986
0.334982663998207
0.442055691016416
0.29616328185486
0.588994338403121
0.195083201850127
0.105408390312061
0.260777085966962
0.39408417949489
0.509408210966651
0.532611290680832
0.432490202069001
0.403622525787741
2.23163204875893
2.0695219805675
0.095113222077223
0.166079211302115
0.458594556066815
1.40291325767957
2.74446794843784
0.460322135554835
0.722926286344718
0.980775237752684
2.310467922472
0.637500029364106
0.111209494372201
0.115547213537699
1.24535624767756
1.04100604462442
1.13765571407344
0.423834285764509
0.12673742420064
0.207273673139736
0.356654467962234
0.52664892237096
0.333020706188988
0.0884323140095099
0.190522812993347
0.398291069115263
0.661617390504881
0.19241393763427
0.531391429628535
0.591349274249539
0.349124517295427
0.378051169301624
0.496705161843058
0.531968436527119
2.00127232745014
1.63153503479479
0.203611897406507
0.210943964140683
0.128161036192284
1.88719102439205
0.622552351312748
0.28597854161466
0.43426056463632
0.147014637749825
0.253361668229038
0.194593789235131
0.368234582260533
0.385019427901296
0.193742059514422
0.247464035270846
0.525072328686329
1.01713553804764
0.239305535061575
0.866388883196987
2.33477651927712
1.03918240903861
2.12663324669268
1.76061334138637
0.277701529837348
0.47221454857531
2.45334057210958
1.97780741545526
0.194684448168835
0.303610234520297
0.699878937119327
0.928942911050895
0.262012825293882
0.293645043887902
0.393278097549099
0.480199030389175
0.826087855990233
1.08242211427065
0.225901251455511
0.0506184655816707
0.154779323829703
0.1751402259798
1.06387821062362
0.99532922446123
1.01951798796707
0.685946585463624
0.694291598779873
0.539603067494007
1.03229573573746
0.164535819326361
0.168160038447538
0.389410388887837
0.280376495184366
0.125047157585779
0.0972816794350747
0.0678552966731225
0.0822248210758747
0.0561361050382344
0.210531431350831
0.912076130869558
0.614712593622846
0.261542248808808
0.196971313153669
0.431820940712414
0.76788429172825
0.254153495659214
0.242238443529163
0.340920905564964
0.441602195889157
0.545205555710496
0.163653387277305
0.231253832393036
0.375776871707398
1.90405403103455
0.569205554947258
0.260772553953342
0.295028880636429
0.462106833761573
1.0962634592842
1.11011608180026
0.474232238439206
0.534805685067621
1.01565643276982
0.137605083750354
0.0769897694484163
0.377804429039132
0.184941524741414
0.103565659146406
0.195833254019949
0.133290309897802
0.0502564376886112
0.175705662658478
0.384003495708992
0.71053186281482
0.485187878197707
0.0828028392472933
0.181635068205054
0.576835423656092
2.59841293099878
1.72861577998014
0.191269457747431
0.168591257440986
0.200333014132657
0.286488514095411
0.261366856256267
0.181903042891576
1.45508381443103
1.83672074188111
0.555731668129826
0.173993611424176
0.111783637919096
0.752656057357135
0.840266465575204
0.188307550041259
0.1819786195713
0.307681362406393
0.0654528777173527
0.0812466016595648
0.141380211486274
0.249987973579587
0.412893367683286
0.35461087827834
0.242502253462579
0.183675108379743
0.213398962932179
0.272789831793557
0.057963580701108
0.274188696194188
0.734686352402711
0.174317445314686
0.0805762730227826
0.194477493423421
0.360555850765149
0.47613250570853
0.181455547597775
0.366948622160231
0.94988189041451
0.267130445868483
0.256742249364601
0.650461484250942
2.36175615886537
1.48390567904275
0.68135061909333
0.752909367123447
0.215646170427189
2.42107165437875
3.15808343862798
0.744286896184089
0.330223480131458
0.138458928469432
0.680545786482157
0.968086639356299
0.677697993190664
0.150396560686468
0.256248939363911
0.147490309304563
0.194487858875886
0.140930592568036
0.38660445667191
0.286169507953477
0.471430968103722
0.234711880858667
0.355869159316381
0.108685902723793
0.278745352197651
0.215513382748992
0.155617580373938
0.080592318791811
0.10386682741338
0.0691821957704554
0.226555369259973
0.206402085759202
0.272278058861995
0.208864984639742
0.075286801267583
0.229593244633902
0.16850130369724
0.0789019230271607
0.0992568204305298
0.472615744396916
0.522309522412046
19.7310911078549
28.3376767275353
0.195065403413798
0.0842655861871113
0.733365103628537
0.608341619227665
0.672947341724765
0.133825876752761
0.147880321143868
0.0868368698751349
0.145403520558249
2.30795783825787
2.50438821019223
0.262836993875683
0.184187955072974
0.327340845680824
0.545120112952004
0.350831002968145
0.538059474420361
0.488768738291759
0.311325054154608
0.0889812447298334
0.141204889044564
0.417463267755733
0.664849938902862
0.827954587979948
0.478654256622445
0.324790715819972
0.372031910081997
0.761375095514711
0.570941139275604
0.362327203767851
0.276841181712081
0.163667731446886
0.121446287720332
0.208246054577307
0.227861303990083
0.79984121700237
0.385890474409643
0.469050890023066
0.43437531345124
0.572455952510248
0.800004054467709
0.409729419829847
0.0891993656395662
0.111612812675374
0.109238935114985
0.230317584243796
0.272443072813316
0.303399531796032
0.445872526378342
0.304839861563993
0.19932769490695
0.231519794557889
0.491745051714297
0.487556064879526
0.564707834841363
1.63826839453715
1.656875380342
0.720309175750588
0.383219087842197
0.129055476992733
0.806221546491144
1.05654389231746
0.167303885312887
0.061410647529845
0.16169698698919
0.230985807496403
0.323108400082376
0.322204666771939
0.070258539739725
0.0613169423667389
0.0598757377323819
1.27764633543048
2.04500111189157
0.563020290296799
0.140756875028687
0.189711065064326
0.134855630547626
1.95266439373437
2.17317298253852
0.358818162568492
0.107489354215101
0.197784017015585
0.246742616800768
0.207068817475578
0.321056099765509
0.345822535980041
0.438134277121775
0.233485680292221
0.419815163002995
0.942755919729258
0.201094955504668
0.207351450427416
0.189323323964665
0.342015689355463
0.290178989155577
0.155568946204176
0.0604885962201856
0.131138030129342
0.292612300454881
0.172802793169347
0.207604523585824
0.44000426689281
0.862464678384067
0.919089340519246
0.225148160698397
0.246155508895729
0.799787902361478
0.710177235670077
0.186050198789497
0.215676194756599
0.213412339471658
0.137828165861711
0.153649263185542
0.22535148414027
0.309493597210087
0.104013173219679
0.168973669282954
0.526571390921617
0.11948808941764
0.125819980043213
0.411788418876673
0.456808904811514
0.710200605269705
1.17642436023065
1.3151965524502
0.501806135071756
0.231927636190721
0.911789362049967
3.39985750255782
3.18751018173893
0.206703196403011
0.231371161718139
0.222873544591947
0.500336504820308
0.291166538884804
0.0703310587026716
0.236281272341295
0.283067351148907
0.292074460535592
0.416635868750354
0.739649853272784
0.631770451016353
1.52558951482746
1.20451556880274
0.153560900914832
0.170495540651437
1.11497669061225
0.895739162552143
0.4723602862907
0.445541852570337
0.257214653470583
0.446165012072502
0.717759296383731
0.772331655707979
0.409903213603261
0.144860371268634
0.602072735720759
2.13596507044662
1.55325519787724
0.36973733567644
0.178299165465705
0.195830450634335
0.272378453225533
0.296385085324045
0.934856888802001
1.27399288431959
2.37832566113723
1.1285538600121
0.553228393056003
1.02831544216362
0.45573113351905
0.422428212187982
1.91167569220689
0.980045024837367
0.107595850131394
0.223738162972756
0.240492445669417
0.214844870020703
0.514653249386467
1.21641064497078
0.189695396338381
0.0437817850445104
0.0645457733872235
0.832649827292917
0.479559150682728
1.02464042822422
2.30065022265652
0.566671356719699
0.218101040038337
0.126211021855675
0.263100443853321
0.073583430889875
0.113196430336395
0.123429119277711
0.0694605495721813
0.096960860310232
0.26082046206549
0.644486971862415
0.361781939889223
0.124810220201271
0.474068239352561
0.588908786811633
0.275898341134205
0.328612085064835
0.677584522250952
0.511017148917564
0.243975989056003
0.219834167908823
0.932937350699303
0.919609272685394
0.446296730855234
0.465253858664406
1.20422168624543
1.28347074733955
0.511581704503438
0.121404769433194
0.08826880725223
3.41924994495402
6.07220157526454
3.02993833455268
0.295137684782359
0.0469900997859096
0.46050191841428
0.464566874828311
0.103807455257721
0.202403659564305
0.230389110407246
0.358777973469847
0.186131337772837
0.0802605240296265
0.072125784530602
0.367544037839031
0.992826490147298
0.760014262251303
0.110366675221386
0.0908219425010178
0.157131341812917
0.375993280891219
0.423435283440723
0.643922294197014
0.742727653286877
0.239428689864173
0.371130815163075
1.74686841517351
0.527719428109118
0.0701565714185818
0.0950592273780079
0.287715917019241
1.86890042579242
3.40518208982677
1.79938955299002
0.910955440765863
0.389015605948129
0.27455418857002
0.192493461648126
0.481697992968717
1.92843011384011
1.43310698962133
1.03385893554929
0.466581970871755
0.461905927951093
0.646782424397267
1.42069740005115
0.975925754596656
0.149055589838115
0.169702236383473
0.249828691978483
1.08651209659142
0.561629397071317
0.195916314463461
0.15585265046616
0.17356428576065
0.525792071198996
0.290751528128907
0.053507325415037
0.0546262901500063
0.108712637094511
0.167254184208922
1.15661639870932
1.73865452105039
0.150793927249778
0.0725134521268063
0.0818558734814514
0.26761004679181
0.266850796620741
0.140393619651069
0.160391892609924
0.345672164605191
0.58503771016918
0.222993629606029
0.0834046637790319
0.424341287226516
0.394523486435326
0.216993069428193
0.0870096452633689
0.206503317313318
0.296936052661272
0.319563254007533
0.322710819700044
0.0853855415498805
0.135484066961809
0.137142817550736
0.435445312077946
0.245948543564493
0.170457325375561
0.155776514230363
1.36113039060992
1.29364398957951
0.164108634953087
0.0599889643064412
0.148190430814798
0.369389538786097
0.256008190162252
0.127690174383158
0.092122602238167
0.159718111079234
0.403340409930988
0.331067153764755
0.121615642110799
0.0388217545988225
0.809055896748114
0.793609139105634
0.280075543172942
0.995543833935489
0.814862518732791
0.240029665359481
0.53828943768378
0.627909561479077
7.99591369083754
6.81262880737845
0.229205303561614
0.090170175869967
0.480012202104601
0.309322540816013
0.395702594725452
0.131247544683821
0.0586039966475849
0.645553865131207
0.867322669564294
0.595465907416742
0.375585883669052
0.292312662166841
0.156485795924669
0.318000045147675
2.34608356812163
1.78260787606765
0.192644700122153
0.246578299553505
0.0916013744985808
0.30023017359755
0.46775054916208
0.330255274452088
0.314829488286933
0.461471758004661
0.295820464751978
0.589625092910402
0.257392462746654
0.246914767148058
0.285225350550858
0.381912255712763
0.208006395387801
0.303404511876827
0.877534231304877
0.488482379337678
0.860902570631126
0.886046796597438
0.224004052242239
0.127692950300157
0.328806958816599
0.307083304648588
0.122283419502964
0.129135815430336
0.179521800902673
0.891353792704206
0.641733053618571
0.0374855074701999
0.183268647638631
0.276598212173461
0.397763644793909
0.399196922970508
0.131219207156469
0.141033116740983
0.372622299262136
0.49690807056035
0.683344575292028
0.711197476351316
0.366563024982529
0.257097184681571
0.368712944531744
0.517809387110347
0.412036213218064
0.0692038945143826
0.161154914855081
0.345391596854365
0.236466196030957
0.0906565990372092
0.367089095995191
4.27446487024703
5.6432731429521
2.38087350496211
0.174921280665122
0.102743123043088
0.173021278251552
0.159739375653121
1.50409993935328
1.75156744673052
0.438884316654137
0.371252051256919
0.284882495758743
0.244969828086774
0.255785631092972
0.189797949937707
0.167479311878941
0.834797710870964
0.768032204374815
0.202686928151085
0.294700688996226
1.2358527960346
1.33312852984123
0.29448932568571
0.12419403851415
0.0342241141745528
0.0759935001758056
0.212667256540862
0.350610263785967
0.0879824236998017
0.169088539527381
0.532587005827607
0.37550770189207
0.162558637628744
0.469814854469429
1.0859659366217
0.458694977380643
0.172069214598731
0.0870724045862818
0.09198747794725
0.18731265078961
0.480464611792018
0.752659545348365
0.282210812580653
0.133042972209652
0.250820027708506
0.285515675406954
0.124617535523483
0.0718692431129812
0.183047857357881
0.314357474992739
1.5474708348679
3.54918128821252
4.95114414328495
3.48552016034751
0.119985592256183
0.0842185469413658
0.453824430119367
0.334164402013249
0.153427857721745
0.224801579321997
0.608183708756964
0.824790144105616
1.23780256600574
0.499306983515789
0.280086274908898
0.170492207993863
0.402371163300386
0.65537552387316
0.178976379258977
0.40783982359212
0.391883781637549
0.156060446283498
0.373197084528329
0.332429739504035
0.233458721983331
0.233342321491757
0.21689135261444
1.49222655307097
2.15456706986543
1.37006540244033
0.319095256969015
0.0531875027502321
0.136941143261653
0.368331691673836
0.113557933171683
0.182965559366202
0.505990867035614
0.354848625211929
0.222410597986628
0.777664750945675
0.9099670723688
3.35488569355984
4.99250381961343
1.40236400144341
0.258201239678968
0.443096511061585
0.35447509063903
0.164443794210735
0.16951945820999
0.206325797482373
0.19878927246736
0.307039636154399
0.391848961875443
0.194049691852857
0.182611603616018
0.154586360081991
0.211384058749716
0.333085661013055
0.19897984851975
0.140436306742384
0.0967755112474173
0.272049940495132
0.727095395823321
0.129807795842974
0.049347775276163
0.0652923470249176
0.120971913108019
0.16960893927094
0.807819687943449
0.525556013870468
0.322729800576118
0.298318036479471
0.133328533309615
0.385271225249951
0.168614574552308
0.109707766797723
0.309857168808074
2.11371948227075
0.850863445273254
0.145977456161585
0.198149869229304
0.226812965326153
0.330113303137815
0.335694307426788
0.0593740022930397
0.107499460646017
0.181346799109582
0.323332840230312
1.0765359416775
0.325665948798667
0.0954324414622975
0.45876490271691
0.180281669623996
0.307235389174304
6.61660855143243
10.2050409298975
6.19658369774348
2.53003224212438
0.819671596629167
6.51725971363799
31.7715966627001
58.8240903402631
0.207613431186039
1.74861360220764
1.18324556570366
4.28560882220183
0.518824710046042
0.58959400430123
0.686186362574252
1.46307364523257
2.5417711382543
0.219125407194017
0.100631035573989
0.157291835157009
0.0858871795125157
0.225277843823753
0.371552814128192
0.117089841140863
0.19610057238594
0.177668135108397
0.131694288561769
0.11871383419182
0.0491367179964816
0.0731347628402738
0.0450085629576634
0.0615770897731124
0.106739815241407
0.131722540435345
0.112442054257721
0.301078442680817
0.352010330368313
0.265295709538773
0.388447793536515
0.387159359570031
0.0806812632125875
0.0853105427269334
0.0502314148401611
0.0644591851896824
0.0622046701456701
0.0797731501099832
0.193317687311827
0.286899671908608
0.164188723262445
0.112510457784697
0.162869449359616
0.241887912792563
0.0816076339552163
0.705180607417736
0.940768318912544
0.364480320272004
0.111007032413521
0.179007878081548
0.166467446330517
0.161314242158996
0.804919588341324
0.743027806824235
0.0522716848748646
0.278850401113813
0.305921322064793
0.384965578454524
0.188876931068573
0.0601185228569112
0.171029442828329
0.313384727532496
0.414190852680986
0.680171505295235
0.467552019557538
0.250256435215116
0.168837332883789
0.135508244682663
0.265319641208456
1.3724162880377
1.21578767850161
0.392939666275291
0.127661636024566
0.193199716175569
2.34581559499048
1.080105806563
0.180957950323451
0.525215412454026
0.269450901573614
0.122065981094428
0.429860576100329
0.619103512333671
0.60197962973036
0.275110535562695
0.73151964795922
0.688497210822711
0.444349876941944
0.174609489010885
0.569122315918221
0.545611722235193
1.17494995874879
0.195560675770539
0.216632970625839
0.0623755792165654
0.190912813729005
0.563153403267642
0.409918170977467
0.205856677162545
0.188935268261939
0.189410530078848
0.372660875290173
0.332610984705452
3.30819490765284
7.33874762170519
1.41085065105182
0.414497938091033
0.266873139144792
0.561507824138491
0.106955492254565
0.465685803081181
0.277436809382598
0.482772212774412
0.298680478569806
0.90296319543061
0.376217451258101
0.283087158020427
0.176303340996246
0.126321726858866
0.211372586847423
0.181416027153098
0.296776528329522
0.312937509988684
0.538606811923095
5.02069872379515
1.30415923237264
1.44830688489016
0.232187439707293
0.0568915561456405
0.0297524628457657
0.0720726327758103
0.541045288204441
3.47765006965119
1.06894309666483
0.56454655118037
0.0793013268291149
0.181293116446029
2.15412198967694
3.70977125024856
1.11397116874055
0.169430686623029
0.106526990607399
0.126199261317463
0.245222606200487
0.34234014977455
0.322222668437242
0.11987838314117
0.101449778803656
0.0936602322199512
0.107894287862664
0.247996511836002
0.333936151119066
0.174312764877706
0.411355840142504
0.0887595074319306
0.573378298606219
0.16772270627643
0.351997012801909
0.36036858576509
0.32466142659424
0.252795303691376
0.479571405646098
1.18009419969287
4.5034612992539
6.95257990391748
1.98232147842404
0.0466655173450773
0.307526157314874
0.0880070781024524
0.0812255683264383
0.242297330901003
0.507040929236092
0.753022361609773
0.171334341776128
0.159733505858985
0.0965617607566465
0.33047484749177
0.258318304932616
0.255589673154651
0.156951090931355
0.230984514890747
0.331721938034978
0.412539902123682
0.406548117359174
0.350701253209432
0.268500858517215
0.330022780716137
0.408128110234735
0.352777300565002
0.30147446865002
0.682610629586496
0.824276671782704
0.411946324229053
0.316772356834923
0.146361906296575
0.272512705718858
0.231126711064755
0.0567859034809059
0.233343424977636
0.279040415530457
0.116576756953157
0.155555040503701
0.147407652605578
0.134049952518142
0.164002050019291
0.170078804601808
0.297573994803386
0.0966380708525342
0.248912638757721
0.260129755648086
0.161652465246543
0.58578734054889
1.91623730227655
1.11191683488024
0.210589069743892
0.141687524672595
0.106206591814884
0.3286487064315
0.348447565235819
0.186563399437481
0.148130338063943
0.122653910385334
0.161100493235244
0.2916978579928
0.240014625542725
0.0892901803190554
0.214597499625989
0.218267788996175
0.131873194602594
0.287830353991998
0.268989114811565
0.269067917360476
0.197208771210531
0.130509034466611
0.259583840942101
0.0981928077779839
0.091410540022878
0.090815488347584
0.428323629863108
0.592998005373244
0.225628847445561
0.269854914051355
0.662473973700242
0.675137726309305
0.628131956810315
0.883837915211472
1.49712662790779
1.54438337997088
3.49379332196879
1.97318111432769
0.801124640538045
1.02688693428866
0.317199688527267
0.357243884936492
0.323626474117043
0.164759896358514
0.417845326235724
0.843844283033253
1.08777665078912
0.875223242208745
0.440815793199761
0.495201121785093
0.609877722554864
0.547563889012617
0.875328073991218
0.509470647554722
0.36560778971996
0.448834340179965
0.495876357742682
0.240234248019054
0.327253790206572
0.296114628211558
0.341380057308087
0.471814999873199
0.23894132586431
0.154763969452893
0.19344845165616
0.367247317149201
0.224618471881433
0.29648465783986
0.571053821292779
0.94124238824154
0.749075220239941
0.188093686843188
0.153587942642404
0.276932942658641
0.260271069616199
0.231236961393312
0.23557854239105
0.0855090351108303
0.372619388245809
1.18431522261707
0.825989741607602
0.338304521120551
0.281530542883755
0.548179392511672
0.473208773306186
0.244054394368335
0.407263591406449
0.274916727072106
0.600425588886749
0.342015471719012
0.164288368195628
0.262455341921708
0.272278275836955
0.262888142956518
0.234755301867102
0.264050772375886
0.25750174260826
0.235293372146718
0.212485173158199
0.440238610937949
0.713648114232987
0.326993543540108
0.236044944432078
0.203842321737144
0.240586388407314
0.274908168227518
0.252383277244645
0.371524153822291
0.388412422180753
0.266969298116536
0.150555813286013
0.0382091225122633
0.573163564016244
1.34958879635407
0.342109644564352
0.265168500509673
0.259414592908442
0.900025621504128
0.687272476816576
0.169346400982603
0.35245510976445
0.821532444419046
0.967859426064576
0.394268347448017
0.162850791424651
0.228036875289714
0.513277529246327
0.37039435952762
0.191266901323742
0.373732349696907
0.285373558483663
0.124034671983062
0.935928471216128
1.29142506812964
0.546506081150564
0.143909800594835
0.508534342346155
0.66899210752206
0.240100150385993
0.187940828599252
0.15279470079928
0.348553315604232
1.24577055863908
0.87286186546402
0.561420279397026
0.140485002523162
0.149701688181156
0.124277296628288
0.447736730177903
0.459281744518878
0.600330847711281
0.388879413741298
0.343883756318665
0.33129266936801
0.171982437992506
0.591439096584416
0.393552819432002
0.231367182288
0.263492137205651
0.302382777435653
0.180462342836371
0.62552147292604
0.625998492259186
0.615011180745955
1.07909168916563
1.18111128051037
1.2637781086001
1.3524055298298
0.406047638078442
0.626603583557712
0.092669470349592
0.495487947000883
1.41664963031993
0.629912594108749
0.27959213273003
0.144956933580585
0.0741330229193207
0.155908338175619
0.232125016567813
0.28068158713985
0.521036253268544
0.563906027644655
0.978831725551705
1.42750208553773
0.597848982065395
0.782997689986359
0.280680566596148
0.167417407680116
0.247886618594186
0.406471164034574
1.46305914956124
1.17239988724002
0.279525343643931
0.329408941823046
0.767853289657663
1.11428397932578
0.580353554944563
0.536984714443197
0.575144068895753
0.815441398368402
0.569582574270094
0.589754190429082
0.313175884997557
0.28067816604902
0.543402686030206
0.250146140872298
0.202439809805554
0.318483442690607
0.87246912128706
0.582630103383619
0.269369840132715
0.269662050539165
4.52742222513467
8.4257278111885
1.07419868326355
0.815933096955335
0.593269097079242
0.242327547501221
0.587968723217639
1.01888944417709
11.4003662921034
2.52240817564368
2.00017742308576
0.148284883841065
0.0405374708076546
0.30980116984179
0.211509591393424
0.114938999226187
0.39357865456634
0.391334192814901
0.640554310174058
0.837694713985572
0.22830100291425
0.217347068900522
0.274578840648334
0.441174278701109
0.270625232021572
0.0213041605099361
0.284826967203387
1.01254782138351
0.79166024247061
0.483121108936947
3.37288985128618
6.38799171115725
2.01846404458515
0.157059341261164
0.0525828786644699
0.335200828983619
0.267542406020664
0.468162028038984
0.49751441042303
0.222288556146647
0.451181641271211
0.731312038636235
0.509909442191145
0.319757373840858
0.369855732619029
0.167539913499974
0.208251197692046
0.191100744090018
0.215162022246471
0.225020427726438
0.395663210004276
0.463358298901475
0.395585682452815
0.431495288525114
0.256203167208042
3.50198296019104
7.07772871113088
1.07921085000102
5.49205971491426
3.77010391764872
0.197516674658216
0.100541001812794
0.0749492389746074
0.14468977460896
0.295557995131355
0.410369815227265
0.440284128737016
0.566378507957251
1.15973547835654
0.635869902036962
1.08131411768391
1.01738505035189
0.211463635060435
0.195633096152061
0.106871790338119
0.407498962468828
0.143727561451143
0.88907328660304
0.602173040795993
0.634092829027718
0.76888627996352
0.392055568867367
0.168890578847341
0.189677456748079
0.130012084972765
0.0738566353163513
0.202857362317967
0.455958844843945
5.1899375614809
8.98503046566464
1.35132625391765
0.856261766387409
0.145973222421318
0.43930843916805
2.2979192247115
3.1799448676929
0.386583275644749
0.328731161678833
0.281471316922372
0.127947231243481
0.112060001022726
0.311457844640274
0.124828289046035
0.325726231350345
0.436244120815282
0.234996524983106
0.152243337449249
0.202273200757147
0.288451443785923
0.330261492745971
0.289577215421413
0.198367657325519
0.462306249076255
0.208714741969258
0.191196777704035
0.176948682715244
0.198736189044587
0.154536996795219
0.347184291939316
0.110619232813614
0.17157586785078
0.180279559740911
0.184766485911125
0.168611502263008
0.106636144843122
0.330649165424623
0.517653661718865
0.555263595205467
0.365582992927313
0.345095555462418
0.655766577744791
1.6719948804788
1.213474832774
0.0600112729970634
0.480808188250998
0.138062649941073
0.152644245606792
0.496335228483559
1.29751756165446
1.80485214015778
0.317339614178996
0.33903421813766
0.328214417603827
0.420431975563159
0.323746625307673
0.315526057202145
0.313992286801729
0.111903767398956
0.0842051166068964
0.116360864779383
0.388045610900893
0.470932255247417
0.638575750374794
0.362078585391616
0.210867837232411
0.0923952244694129
0.86257514774432
1.39176078417101
0.185406675351376
0.135348833025778
0.242328624276678
0.94295011218641
1.48230402412344
0.742820321057207
0.339227710425451
0.768921642306839
0.703341153963638
1.69514199548028
2.25847743843402
0.195870973199482
0.783875670721396
0.745255051064261
0.382614261744707
0.185944924506809
0.278396052823185
0.463136566248932
0.30569695509334
0.31635909354411
0.40775485874758
0.151183756672096
0.232158245092258
0.491243934247919
0.406862543552726
0.394872371070188
0.281188480584727
0.401382483302807
0.656133465660469
0.281424822777978
0.19835669465954
0.144692453768716
0.280404297010639
0.689178052693459
0.300664609234162
0.539470774568155
0.680919303140036
0.473970186110288
0.539503708735803
0.247221286665238
0.317264171655467
0.350932214727228
0.336069508100437
0.276423600824235
0.281781237994931
0.525881521120542
0.444238905843326
0.322004794896958
0.873812790166934
0.865213824949822
0.457477792321266
0.258348146030534
0.195715493730405
0.37191341178359
0.289458025356761
0.461370425738294
0.580720771473569
0.295742263464798
0.175143351305357
0.232537617568131
0.910846574943041
0.679091583104159
0.287679351694193
0.87370975543374
0.805034245685869
0.822814688959599
0.759696986518224
0.530170031779831
0.381824578821061
0.374319343617834
1.14235244423972
0.488124406290264
0.338726912700707
0.23393085771705
0.10756900473259
0.102418910193438
0.23186380833975
0.343769575316334
0.41754061281122
0.664957810360675
0.452745532574013
0.902571939269553
0.869263699020451
0.168245582464409
0.157409076202497
0.230990281265383
0.314961994050364
0.462562644564353
0.424859035576499
0.521536865338087
0.365349916251791
0.53099043088896
1.08257223608004
0.627778873639435
0.224781170808122
1.13938720804409
1.16357471913148
0.619011107911686
0.337756821159935
0.229233190797507
0.199334336381134
0.388264882483225
0.366319579516379
0.329250188965624
0.313285005358064
0.273831503190283
0.308167289516348
0.554332848067764
0.367387017999524
0.580548894539837
0.427077619825495
0.269225656009656
0.905218725511206
0.935582690239022
0.64320104604414
0.197366808130305
0.265634488330913
0.782500864913201
0.65586389643783
0.176990350285802
0.253401366816855
0.13775830676601
0.81022531757314
1.17905693976584
0.434346550366312
0.636455983307802
0.782752742888654
0.222861342341015
0.204328216076816
0.345712233501708
0.797628736445967
0.841254046774495
0.528760768392461
0.471059701687532
0.816941498676952
0.742975918587126
0.463670825321359
0.330942052298889
0.256489965563211
0.34894535006256
0.508037894812474
0.667876805370197
0.280792233512904
0.393686181214183
0.46375863410053
0.252055173211649
0.536602559676255
0.186321528432838
0.353719291050552
0.494187684431028
0.311737752924093
0.519085426540215
0.294288821967194
0.41990583107377
0.460808470310174
0.471048193085793
0.129872246104411
0.307075509473387
0.302846570726017
0.852826208729988
0.926977272805897
0.515295517963721
0.749305592728192
1.10154294890593
0.323203867045838
0.40242501846637
0.543462578280408
1.5004422290928
1.86386301930753
0.337910676306148
0.391823682120851
0.376726235567468
0.636855424255819
0.444492549682194
0.252531072446822
0.274770829681286
0.453800097875601
0.623469048319791
0.912969740358153
0.375018384584893
0.370816852125855
0.404871721214859
0.661082792761812
0.668457781368245
1.10997071047692
0.442771293894645
0.110963316815986
0.185642062328947
0.815403522489338
0.710756029419913
0.332241564162238
0.470016115193865
0.379755008178417
0.834327607297034
0.91355258683211
0.393713438004742
0.451434748138314
0.40138346113369
0.225908443551867
0.945954039273494
0.93784710355783
0.315475989429947
0.248515249950849
0.388279354559391
0.890814598155897
0.583299323024734
0.544717877026709
2.41284328002309
4.30536621141702
2.92863262009442
3.63820074129191
1.86996931418783
1.22919845548402
0.169240186161036
0.740833819501971
0.644554299289836
0.294055339176346
0.670589162714754
0.71545563906443
0.826500893666314
1.90848748465928
0.891558665417926
0.187818124123298
0.102190901343771
0.0910898282760586
2.63979772688189
3.83704480036732
9.21256712982243
4.70862677238117
0.237835785295461
0.656990372713711
0.688542609563315
0.610044786333046
0.41383595410944
0.283176985431786
0.644871519956786
0.59854251126433
0.448276819982638
0.689144782349494
0.287336555025603
0.093973396784551
0.163544757378837
0.122554886533191
0.0835560121639233
0.250250403523298
0.226201105041
0.215665186704064
0.224709146774441
0.383481568015805
0.318054440125217
0.143205476520522
0.0673409494529005
0.207307423102461
0.11643069474259
0.231756848189686
0.424251984928916
0.534834637204428
0.682595282241678
3.04026976872765
5.93290217173442
2.84637226433969
0.657111353879826
5.36999149853808
1.43737805997895
2.71730197512563
2.4795770998755
1.26914854565295
0.816509686563621
0.174992948461419
0.135375630094567
0.0773540139069308
0.462288197209793
0.625372530040036
0.580235561623826
1.00378089429501
0.142919318087422
0.19568002368255
0.347946730436422
0.145911806943369
2.67682965235305
5.4179606789169
1.5448287139514
0.187913371952902
0.174578640386438
0.355738901441045
0.722567798378883
1.44239216270329
0.133107725958551
0.323415595902152
0.236575321971113
0.535531254037655
0.585260928877891
0.200502689173278
0.117564437643354
0.331020892366183
1.20866320131483
1.25486099098593
0.169312146379277
0.110576211717491
0.0915304481863201
0.151793238057993
0.241829452354868
0.154424047731926
0.213678071626168
0.461093908514136
0.602689761174822
0.298377210785639
0.395959082675558
0.163755448507374
0.250198404019221
0.795634618219217
1.55021306515582
1.52139582962049
1.1326049590459
0.326800364544185
0.312874067793027
2.4560616442102
1.63037104351018
0.591911814747706
0.242023508320922
0.713786176748383
0.993224274432812
1.12227207816574
1.02400208407478
1.17775772190713
0.146962270346144
0.89125621515293
0.84992792275244
0.201928853363535
0.253051855797889
0.194845687249637
0.642543809456736
0.142857051611319
5.01621880490098
8.1499627391306
1.34292117714906
2.56826897659133
1.52882011823649
1.46709825225535
0.355373798627536
0.280798843776859
0.184916114015618
0.280848139827664
0.216546806707656
0.0973833165442966
0.39305043363812
0.473106912926899
0.472182020591241
0.360709293904578
0.490303852381504
0.17249149433345
0.165295070591707
0.28170784210742
0.493741489699905
0.712861312880669
0.292390379760214
0.166289714303396
0.20368325012991
0.259650877450036
0.258581301007682
0.374216655076955
0.31511285015399
0.0835339168284001
0.088224516360003
0.225645788524484
0.357646145485917
0.177668010469307
0.193109202722391
0.249488234612767
0.548722778864596
0.48221630550585
0.212708483767824
0.280970757902311
0.283885607571881
1.02657079248641
1.12253854303657
0.27373093018533
1.15721230889208
0.881746643986962
0.507762218284396
0.783120689826235
0.337179883677363
0.514590565896571
0.380992304608486
0.344809260002573
0.780782612910407
0.515870937019451
0.634018391134871
0.365561775539841
0.355227155950102
0.692353693527162
0.491737514607217
0.270201420895164
0.657612661077796
1.74623983100428
1.1244692281109
0.735331955482623
0.214341088308712
0.237428858093881
0.273891929002248
1.33696434918698
0.73944370827357
0.25880148301379
0.230744914636317
1.02276363433581
0.780740206160737
0.380583099696359
0.311971667532172
0.306437810816196
0.429579125950369
0.162868813481689
0.401575223650046
0.540238440947186
1.16146141453324
0.975549824298948
0.503244877566373
0.619460106054973
1.32602110388429
1.4572785153355
0.439780645707839
0.090802527754287
0.0909767599274121
0.150097227226543
0.0962607827375229
0.304070274551086
0.302893660805033
0.425134969594889
0.574297648316636
0.67743989435017
0.609617154285158
1.13685450163912
0.836922616373123
1.00985627195206
1.5914350166556
0.454321196359467
0.433409049344151
0.19275109212945
0.249089194990942
0.995588856095649
2.24364196187243
2.42495108189776
0.362641887309385
0.330653415514498
0.34295508705312
0.395602096629645
0.462147542002515
0.386713365058277
0.463682306832667
0.76211387409518
0.458805915626849
0.324927397911234
0.512279558910326
0.503510722888377
0.279447697537167
0.270926420360481
0.266490364131322
0.285194399831009
0.255156959980975
0.0661548999341151
0.538105884535827
0.973801343398775
0.484095773488629
0.158411314660185
0.154758024829421
0.280586931732586
0.360914832706804
0.84927349964038
0.250678902692512
0.586749052672611
1.06924510785328
0.987253947535074
0.300673591511094
0.425707791973272
0.185983820096125
0.221527251549352
0.322436252060886
1.0182623632908
1.67689766787926
2.74923656994403
2.09654711021207
1.58411684997623
5.18523122162933
11.3071882687983
1.35878253854268
0.422513397783964
0.95383360272268
0.590225884917596
0.433120883074407
0.431919126257672
0.764141742083169
0.340279668998781
0.612810321764777
0.67487532632142
0.820736546471806
0.455285757709782
0.318178357520512
0.367454833666405
0.555452980395258
0.416545809069357
0.611746626302372
0.492230996425662
0.278916338101923
0.221604835518323
0.580140793122548
0.290591666839862
0.178964344729157
0.358953562450733
0.417960962579139
1.06266074979146
0.47524354866682
0.160835707813923
0.257373807546947
0.396953489594517
0.656651550476622
0.573432878579113
0.421885451904919
0.167268972830366
0.196132853138305
0.689946083240797
0.631131715065514
0.564268248205996
0.447962193086054
0.29903925403997
0.579030885320728
0.659342106995699
0.532677609904196
0.452191795149941
0.594825622614678
0.697249958008971
1.03987909602693
0.749865725346388
0.460887471790795
1.19192897175914
1.31331668790016
0.570422990702293
0.289809140621571
0.298807740576506
0.581735086027759
0.566268382217745
0.317756322623096
0.438710439938035
0.431617699266565
0.430511371500437
0.347766467858658
0.626259217525016
0.826609566933736
0.546976529788536
0.529788680183075
0.295856975020376
0.864313226670239
0.97925579123034
0.126082558630858
0.140162453444051
0.144458181386817
0.212029817665893
0.281410110106308
0.733361554991723
0.879589665292638
0.336523763086083
0.410639202692555
0.695656326766015
1.49064878820049
1.07591453148753
0.336950486842487
0.0826673417385481
0.261891964365844
1.77850176510799
1.85793488407312
0.195579242264658
0.345337824823717
0.559568752141032
0.648219098264317
1.1420322335102
0.589270359276876
0.159203963187909
0.432932769334964
0.865525222543438
1.11145557191381
0.740794656939909
0.328265648278598
0.369352016670184
0.624098637804596
3.33265804497808
1.6603265682083
0.190849631369607
0.203872829077796
0.404211673406213
0.330471072846453
0.296844920274104
0.228757125624218
0.641695735886596
0.879496097366174
0.693791955246253
0.360008945232762
0.156409315162734
0.179079039537757
0.747991995633804
0.55200214385767
0.577608761426182
1.00808826637461
3.32543014066424
3.88359819685151
0.83439720713348
0.322846197117215
0.271819185667158
1.59069786567247
3.67317451247109
2.33919234094744
0.487917866461824
0.178968288098914
0.531712474958353
0.782553787122903
0.259885305694515
0.318219323978105
0.311046738678474
0.298615634955904
0.577914772360195
0.247087435985331
0.167807386351522
0.340226329871097
0.462520614488602
0.99136316176692
0.299000034255121
0.673427320546062
0.558780305005206
0.372999768174336
0.834478253727781
0.866061421279246
0.693804763545539
0.361136809382784
0.0834192219901248
0.109608288977016
0.136977233600536
0.247024143146296
0.555067791050358
0.904205407685517
0.448541819618315
0.348772152348317
0.177191477197586
0.237961666571726
0.526231342374868
0.673436518634717
0.559884479494642
0.662029111131397
0.846177769869478
1.73462029601339
2.70531904059977
0.308289318185687
0.501082993430592
1.30236822784701
1.39271737261258
0.591281904683733
0.663758384120902
0.542689644033619
0.553961359514531
1.19080248041363
0.698805764196027
0.47518316037265
0.406223575236439
0.926672241067571
0.921713684649399
0.238625517945572
0.270936394313152
0.561953207268039
0.623776472092754
0.549897573637243
0.239851669436291
0.383017042464133
0.230036271136967
4.49775163041824
3.97322897459177
0.367704349520619
0.63650918875195
0.556319175459664
0.415725933776615
0.266029668758003
1.89506197718262
1.08092142765094
0.475756154924848
0.439382411054203
0.187814949995031
0.188144352147338
0.24513758738257
0.347007443649378
1.54760618246362
2.8714441236942
1.69595541724653
1.0423536518443
1.29891341165209
0.837073891995714
0.730443397103121
0.355649102027261
0.206168840915586
0.161363271797966
0.0928171460248623
0.829276586763299
1.42215508882159
1.34753781951924
1.03837639522118
1.27711707160692
1.53220771930764
0.364460801301441
1.54800592081506
1.75298994710594
0.47494769013124
0.491729011037992
0.856068442317935
1.02919991871935
0.456513325539656
1.35697109690826
1.27055948199683
0.817580099783212
0.86775877250457
0.217689773252337
0.33879159763525
0.668332526169233
0.502203454127393
0.448433360985447
0.351840241035172
0.207349686744735
0.399796446797907
0.406096546623104
0.480035574611775
0.526393172589642
0.718805169298537
0.776191539872908
0.89855727312327
0.31703017603594
0.255085345082084
0.393041156579307
0.3730955712472
1.08721525368815
1.33977162129637
1.13670754495727
1.29031914069043
1.32669031923222
1.59840659114067
1.21289594349119
0.290598362203568
0.378912676676254
0.269521469292218
0.302772102488077
0.625179340958534
0.467760940261571
0.134176866205561
0.243712681728649
0.362136403918174
0.737737392327577
0.389377156458855
0.53950187040363
0.976313031601219
1.29589223559497
0.834847766792395
0.176397004210503
0.237778300754787
0.318601225467848
0.415142348079863
0.314911762025137
0.401497087712851
0.332976970095685
0.165265344527764
0.718035600430597
0.451503526335894
0.940499073071279
0.843974387321966
0.446131400241287
0.277915630494388
0.667738292227711
1.12438463172198
0.741367356876284
0.415510074721442
0.69752451022625
0.636401115776226
0.432163202587898
0.881533773987575
1.18606431192517
1.82017661451155
3.76646267564864
2.067716886265
0.919022226190256
1.40649781337699
0.661586147033473
0.470033766369511
0.382017256570643
0.48496296319239
0.979060623704972
0.715039797814311
0.509077582581077
0.367749116296541
0.553198510750221
0.590674658202372
0.675818805059758
2.36670038681433
1.71357145740602
1.03188548398178
1.22906681179153
1.43783214325807
2.10622881537821
1.13064379805045
0.991461722349956
1.56751816534005
0.567822818293395
0.461755654088575
0.599427256772986
0.510961844484589
0.290804284705884
0.219693953552408
0.326707741889633
0.296589306204786
0.36525810511873
1.85133587325458
1.27355455783761
0.828594537358463
0.738753942356935
0.549636614209303
0.415845720560441
0.707289622042055
0.598564285488721
1.47081507617022
1.80227112180208
1.36341471108958
0.746788270231887
0.108532623554136
0.295406259905356
0.601733989240209
0.630187368129094
1.46679693354716
2.94262887982361
1.14935298619895
0.457476545838359
1.02157409417861
1.07911966601014
5.10142284572031
8.61925466969811
1.58501419361842
0.69783679146623
0.958494643890357
0.887638324995378
0.544510071771639
0.270244322970244
0.340446619279245
0.517819973908756
2.59261219820449
1.82646983624194
0.670484443757562
0.224725369646125
0.535765340276539
1.09726760507623
1.1048585270996
0.38013333101028
0.58439408015296
0.995764554532467
1.36492786235507
2.85263245198247
1.04779485034081
0.367071334727598
0.749782913920192
0.631827468372222
0.607326815447864
0.836965013221379
1.02797236296378
0.819493038534558
0.475322839993719
0.690005881219236
0.36354865872024
0.27103779795479
0.603492348641239
0.731298302474295
0.665397230704946
0.200796395102582
0.895324032008223
1.26270616279384
0.508232298206076
0.714886572424868
0.73280264216664
0.855157781927049
0.653658792080835
0.961503270779532
1.25977538378023
1.05201325778863
0.814139994511112
1.3319484969656
0.937265546565528
0.901989879631303
0.876518652190273
2.37880979200785
3.25490346137073
0.975412986556483
0.7978659424769
0.473196522128817
0.174432714666227
0.247566188222597
1.1350936666954
1.40186939742075
0.40281480088593
0.133302244931411
0.340359346666486
0.906011981542391
1.47091101519697
1.23900700314524
0.725174686030016
0.89116974169642
1.09795364470542
1.08525267629899
1.28369329330863
1.55895639916321
1.21710570195214
0.519708831650945
0.505890379626248
1.07504806220733
1.10676397430377
0.501589197211956
0.518572864979299
1.53403677755704
0.938671136335167
0.330683210545091
1.81536742887503
2.23608731939762
3.58859032368047
7.72855938288755
7.31373054101624
4.76281259045137
1.65377116460723
1.7339790838378
1.50015903680388
0.166996725849536
0.240142200876495
0.527351590925232
1.19613986792525
1.59029791261605
0.677187762074486
0.319097827743701
0.854375329849939
2.15213961807183
2.0308490210033
0.7973646218656
0.533639789596353
0.226434762463133
0.193276136692305
0.988124543889144
0.921454522532255
0.558646624850655
2.3383342797322
2.96758472686614
1.09611434488216
0.511603880803137
0.67784228517285
0.362517513888994
0.83474008220829
4.64925951470969
3.06301034305129
0.419048416421636
0.362548207769635
1.12639391698627
1.98164119667637
0.801013020318613
0.537966914492038
0.559369877662273
0.619258833179741
1.80457196245581
1.85300298777058
3.70606900228604
1.4286679605648
0.544397717265546
1.36266072233406
1.20506848528343
0.521495154880364
0.62776326686851
0.866768391611532
0.716586474343611
0.372615232250602
1.02208605026126
1.66543880640418
3.15206609467066
1.78403206027535
4.07718767549221
8.09351284736392
2.92771408690471
0.729420531260914
0.244906338187737
0.469133108484899
2.74529941298069
5.33862888483255
2.36386224084934
0.170660909079179
0.183416644880618
0.174422047601205
0.812292917934117
1.6583173140656
1.29884799185187
1.57631024821364
0.374113742160559
0.332366234281599
0.577375789625138
1.03838224132292
1.05999754761532
0.970631552988628
1.31402186841135
1.01929668476479
0.701927961835642
0.965641880053474
2.1868981267569
1.9703727227119
0.60104418085554
0.900735368609789
1.34579142252407
1.851513318702
3.06550532351459
1.07903246794696
0.575396390220457
2.24166125474213
2.53511896673927
1.29965724500481
0.52537513547819
0.45729294107101
1.04463370158608
1.81919486196791
1.51377872882457
0.827536056864254
2.81620571551014
6.66176791898574
3.01482065356234
0.578709787164617
2.53315878267248
6.84659226759551
5.74141185712991
4.11721417841347
1.66397376870812
0.586106623809124
0.635473834249457
12.4548373633317
10.632938145397
1.84727114582864
0.692091082361466
0.544129712683451
0.546453937179486
6.1493076419744
7.00402604907614
1.1997361262151
0.330456099258253
0.695231106230213
1.08941818491977
0.737954915920434
0.822929796891132
1.08445821209328
0.611072447647442
1.77469467540937
0.748720992492245
1.380921987167
2.42462346889331
1.66838640576493
0.749883045142619
0.455499277823338
1.38677534581673
0.9354686230382
0.399209768231303
0.714265010817593
0.806085876063559
0.886024066713346
1.28694990613323
1.8487425017431
2.24209587163273
1.00604268657602
0.935330296247941
1.09903682348532
0.716285226308189
0.668986068746241
0.991872776882937
2.39220706052572
4.5576899044436
6.28391920265742
1.62547772204817
1.96058131875978
0.672217622935435
0.841033532104052
0.94978315744777
0.614548855371547
0.431328562681571
0.351904370043607
2.21371509565454
1.53530952674453
1.22097424159934
2.14654207960869
2.58657676043402
1.7119216027325
1.56287190140555
3.12801818222381
0.981381795152591
0.785417636147019
1.46611271089489
0.990998471945681
0.386605118869207
0.786905544740759
1.37303845660945
6.37380330424133
7.59064044761201
3.36247222040895
2.16224191405448
1.24061024738885
1.37080393610686
1.75027747768776
0.401390007586677
0.411949987877181
0.978137771715465
0.502062342646888
0.710362025750068
0.811797591380969
0.606182449988425
0.876940509939115
1.59143270263563
1.75198012162819
1.4018942768708
1.48140917302658
2.72887822730657
2.38011904150861
0.982176152132892
0.942736137088072
2.46082018407082
3.11414498318151
0.927450104912784
0.411954246816954
0.764947200179673
0.62785307037707
0.454323789014019
0.282118949399021
0.360716932318653
0.432814433311548
0.781746583407997
0.497787078847477
0.692548632124739
0.518590299424246
1.5391434459055
2.29940116775297
1.12345398985448
1.14504447928857
0.592877152294796
0.848950399788141
1.54254786478492
1.48657550721892
0.853286054449333
3.27995367052759
3.16693543212326
1.20361175383055
0.650806751861291
0.763467455228439
1.40498674459571
2.12140526950514
1.18771979954948
1.72076826251325
2.5411189575906
7.93901089936467
11.2011028945341
3.19280048889058
1.09651254811609
0.940429659638323
0.891872690559243
0.435975253887968
0.865064543379392
0.849658034423965
1.00117589038704
1.04805276701632
0.71517350630643
1.16251816674025
2.2120316690954
1.78283164082093
1.79083491296784
1.08259054366213
1.67221331016015
5.22678242744857
0.664563048377479
0.966012932031877
0.713067075204154
1.02461250209249
1.51448544278601
0.812074713683349
1.13616913898349
1.04373861080533
0.413933479670274
0.41821365717044
0.876967449118908
1.20259041839575
0.48935449776084
0.978056600493535
1.27716336794558
0.668207281165864
0.512798862235591
0.727755021516693
0.954341493490302
1.7422104728753
3.78524227259647
2.26306046604703
0.736733835642131
0.494573973718272
0.879417575323763
1.01943696775983
0.815046408723166
0.840603910530899
1.47255975175489
1.49903587298214
1.47886415346302
1.13880432535874
0.984901817961459
0.443334037910432
0.70236438048992
1.38896934728029
1.17762937584771
0.49207945805774
0.343036601840991
0.280514373514681
0.199994241491437
0.343471266561874
0.777743219554126
0.44338271572779
0.390848157125356
1.18160538661594
4.37419019951511
4.16082515876709
1.40752692933676
0.892828641933237
0.880777571031028
9.47732429390947
10.349532908811
1.47345684360243
0.77422586308237
1.0529462955531
0.724869126520505
0.55056385830698
0.530203809333872
0.653672159520032
0.579425385962253
0.507900146166494
0.388647620688592
1.21377420606808
1.22925195724832
1.72267984242408
1.59801793783453
0.204566612062133
0.342033480363178
0.622716811530425
0.590459998156844
2.46576974721416
2.20710751212872
0.672094985761306
0.635031380986262
0.682285136087968
0.940427442388824
1.06330895067839
1.85155742461705
1.98321974234953
3.58911105203025
5.5772107636545
2.88299814166907
0.857154455085697
0.678718582794305
0.325739698754388
1.14930195542873
1.44036667067991
1.0577611163695
1.73610356668125
1.03851267598023
1.86499259169803
1.12340214614706
0.838020384416833
0.52838747193231
1.23289702697852
1.17632823789695
0.211898338889755
0.524169823112534
0.622907071122935
1.4923707484804
3.90448811040612
1.94945978945061
0.568067291732423
1.67071319862939
1.43756741829226
0.386984088574753
0.528910915140822
1.31874377005803
5.00176655240873
6.97723379630243
7.2724071477816
8.28850228730668
4.05515969378174
2.39667975123468
1.81813328225616
1.81861293551566
1.19057701253432
0.672961524211095
0.905410256831086
1.04667144237671
1.81801385494019
0.434133919953121
0.471368481430806
0.601929162857022
1.52664268617617
1.85459942455187
2.17194894751604
2.66557905289725
3.08853508037641
1.58790695769549
0.211857684002954
0.376667066793963
0.902133563713498
1.24012596948816
0.514135621219176
0.449478502654316
0.566012892044939
1.24087917699976
0.587459601140956
0.672330139963942
0.756422182886798
1.14921425627367
0.976362710760449
1.36450848425835
2.07579763246421
1.65256947497796
0.828487812897051
1.74271664212229
5.52027811587104
4.95709181204174
0.46125858129442
1.86995774300354
1.92790591846107
1.06887105174295
4.23374750433751
3.17945704274
1.023454606904
0.827736035415933
0.731542603240856
0.892887651089683
1.47394851253625
3.52914916090091
3.83237529633662
3.8411130861562
2.99547088947022
0.749496223583518
0.31979120805549
0.887200414298354
1.79934331374351
1.62897289950183
1.44633248625475
2.07889467192373
1.40097645463049
1.1534070934609
2.08494396004287
1.6519462176158
0.308422191878406
1.42024348435878
1.38058964428299
0.645566206383544
1.34054051250471
0.509267837959482
0.507760762599079
0.894565432981318
0.716592606316724
5.26283141141979
1.91286455438516
1.93398692537529
0.839885899551018
1.32777275209662
1.07106851975777
2.70320439394126
2.12378500837116
1.97657542292747
0.417979297789713
0.473630827785709
0.907170747210335
1.7482267432863
0.795713551784719
1.30611086588914
1.09089122187279
0.875240128817397
2.43577115910597
1.75655474406362
1.1752610933063
1.28663131280815
9.89652290265931
14.7775999776922
7.88708338776309
4.58342704523484
2.31532400680054
1.70195830969707
1.00948462417726
0.862958191294266
1.24820313906786
1.81661942938005
6.1210173640545
0.718343445480829
0.311307333216241
0.472968213437197
0.860392507305755
1.65263218009741
11.8907908183734
7.42440460006066
5.33433664943684
8.21611060235707
3.15597005907708
2.04613237174578
1.21294333427686
0.476474379627392
1.26229364651546
0.567466977521942
0.436766325055264
2.49769622584028
2.13879678863196
0.654218181460796
0.480281653221138
0.44918459273156
0.512395283839838
2.24709739011022
2.30367613791813
0.583536941243842
1.11274727396531
2.70619876506023
2.19437272589335
1.7197976696714
6.8381182535132
7.21062842792717
45.7013361040501
142.080662491366
34.0288216739576
11.9543841733801
27.5280318851669
27.7122628473079
17.8831195533951
7.41517100925011
19.556561122632
13.663660503482
27.6037655643257
40.0045221820808
21.087109568387
0.824301493456619
0.769890736300647
0.495530906586857
1.56805166932297
0.512285195666087
0.333811710498053
0.2757493185192
0.48264107744481
0.299352822660925
0.161744376431014
0.334902290286345
22.1606040795518
60.407942140965
13.0006510483739
0.158588793001734
1.19403649822194
0.258022392782107
0.17373886313431
0.71584632178939
0.37570873413061
0.382554764108261
0.152886542536289
0.131442373266845
0.0504138895316044
1.04649577225733
0.749596751929479
0.367269562927948
0.202035249674036
0.202118683085589
1.45821803927738
4.7097838884681
0.273787414715413
0.309662934104956
0.435430507599043
2.51209914039531
0.627588374317113
0.0444257888183975
0.691377986932005
5.30507934027967
1.67223490549831
0.442597944933181
0.426537964263209
0.204163709324283
0.26205785181023
0.167542136418918
0.265104803559352
0.112884488851887
0.980689205239401
0.90274408342944
0.400044570125333
0.157374252631488
0.411436551922973
0.0947538677703327
0.414948526115968
0.14866042826663
0.571705022854886
1.30259502345924
0.430735213893173
0.358737491377242
2.21400430378353
0.49639848272484
1.19431381881437
0.823926895606811
0.73467581748624
1.06034945368771
1.1169832629122
0.712825601424997
0.55689691266362
0.152563969603145
0.55557697966229
0.233368003121717
0.204203934971177
0.285848181301628
0.178794405439166
0.375494860200636
0.235524506627315
0.705362432263658
2.09174146853448
1.79906913451527
1.32277110045034
0.722491457664379
0.587160973887211
0.105528906959186
0.0923522471334961
0.774505742941324
0.995299875681865
2.35611050350077
9.41451942421468
2.91078090601349
2.77968167433526
3.31336843074278
10.1761228820975
14.5208566322989
0.575174615792975
0.741497643515681
0.120610030566511
0.334100313006728
0.0915014746426967
0.107034098494875
0.0792993366306781
0.785110314280341
2.34653719440321
0.631606309845453
1.17396578377635
0.957459128783183
0.930072133503807
3.78511225956417
2.05679016320141
0.123792441528128
0.124157324084847
1.60181785543079
0.546340965237843
0.813731891923471
2.40007577870733
0.386323177968902
1.18741144290537
0.165481312216306
0.162834317861161
0.0858349478057651
0.480751747206079
0.701934899254765
1.66406282889209
1.76119089656554
1.14746016848994
0.327968797776013
0.377484591491184
2.4297713196575
0.126606340792223
0.513190971990699
0.251909395269792
0.0854557534679636
0.213316419845407
0.242895139408639
3.88599656962261
3.76269315839014
2.54628750915147
0.501286556607741
0.135700668517723
0.127509488616642
0.287175818311847
0.209520152543044
0.639613723234676
0.433255791858641
0.140371632559126
0.9532884704277
0.456254755529925
0.435441825449537
1.61243035482839
15.5472200646925
9.99846240766152
0.144845639456177
0.224443855853299
0.105058593694069
2.44038412528042
2.84341711457138
0.390496951077133
0.313772937273153
0.270576678142023
0.376796377787416
0.163003216801531
0.449773516814663
0.339063568998077
2.61333271196769
0.520463647588864
0.500359091556165
0.22674068783767
0.194832503338006
0.604844323953332
0.160112493509926
0.219543316568054
2.72719384054086
8.50966068526414
5.09809367169609
0.227677439659577
0.326004269878876
6.60094328534517
6.79444109700541
0.896697267871317
0.414573400076797
0.15319979883501
0.27125267815939
0.61400086652098
0.0714696341350479
0.127858769509795
0.282375714452078
0.261613257853308
0.199963132266875
0.105358842228435
0.157674888846306
2.51488989516515
4.90087128667787
2.92256942940029
0.204926143916247
0.0593056020301139
0.0415262308991061
0.0774176616706036
0.0565257552069325
0.122979304809156
0.0411615699757585
0.338241621552065
0.207417360720155
0.211998201838219
0.148234587828017
0.926440662091
0.340555459162988
0.203263169210039
0.0980714905147602
0.0771574405934055
0.0754429460020954
28.4301626675769
62.881000254638
3.60201886998876
1.39173648082041
2.38221507336733
0.874190830928084
0.748133134708232
0.198723897517508
0.408281839052497
0.349370871942042
0.45865280355256
0.47744728994528
0.243666444130735
0.192934717612495
4.92656883900519
1.78611804178704
1.22201954278819
0.418646478557927
0.107024511118686
0.0804265841458304
0.311223314979846
0.233075760765818
0.146845915807925
0.215005291381321
0.237659083801236
0.184743862822988
0.0764344811922828
0.232495819392963
0.477719214689886
0.27794112702304
0.622456198935281
0.601027428767597
0.50031743900876
0.515441447166788
0.176239989070911
0.252912085471261
0.235206504334394
0.366948410165332
0.375114405591399
0.182304492547748
1.23175189534762
5.39322739934907
4.67418124610871
0.403545574333848
0.073555832736936
0.0659232337643909
0.193647060479146
0.167755342399746
1.91179096846611
6.79638654200156
3.99077089007831
1.65728682165137
2.53595929338588
2.38244878780917
0.181874032669545
0.176322426551863
0.266871156265841
0.156913933344107
0.377947805384251
0.185166208296987
0.291460874541532
0.162016354871737
0.284513802195941
0.574413267529187
0.14414514377371
0.250802571437946
0.0793538258301471
0.128215131161433
0.454138793276648
0.579688500042934
0.39500377382813
0.148040765700287
0.116778237407384
0.105535388735908
0.125826353838667
0.739082574331033
0.868282949172673
0.304480784593201
0.586931552238533
0.698963079576225
0.321498592328278
0.542226380973664
2.76749824825374
3.73877657602037
1.49932555541483
0.169070051115913
0.160238419202687
0.232062967686052
0.505416699037207
0.5066338086057
0.549206854802654
0.365524073932128
0.305458227940315
0.241093168140403
0.383688872108387
0.504330029287435
0.128893667614925
0.158467779313726
0.257581433778712
0.367125440471623
0.327404588363699
0.916389561933355
0.893630259118072
0.21034867844808
0.426376124444017
0.689938653114671
0.408404824137911
0.0472304128793482
0.386512360717493
0.272188835831588
0.382346538320666
0.446386920257183
0.110917080693252
0.128689087062395
0.497800078007533
0.950047711387684
0.624568038008425
0.326585323880712
0.304700686728177
0.359170853911198
0.160939522906766
0.213204544711621
0.26002319853562
0.554305621633966
0.626384306022781
0.178402928113999
0.357967360252817
0.640463585249687
0.280991410761976
0.292078108394672
0.196683002671388
0.12325168729849
0.285841694382104
0.234961791188938
0.165500250143686
1.20509841777499
1.23734862714491
0.518331766847221
0.661648191651424
0.488608331506993
0.262239638497056
0.178952541271922
0.258678719011086
1.26065309876751
0.690606272670543
0.0806512841492694
0.100075475470264
0.119711974459182
0.858034888420863
0.440646370588358
0.22697890784944
0.181385689818871
0.462572562226637
0.661366162789485
0.220563294190215
0.245452116775673
0.173858676665473
0.181155654655129
0.18453850802739
0.127781412721549
0.128913087898074
0.468033463586595
0.590528315175634
0.234150104945766
0.272508810046092
0.336590431856214
0.648827684355791
0.526970815632271
0.214810416120177
0.236868785647364
1.2073868737794
1.08148915138289
1.1484788107971
0.735299640727171
0.499284598631363
0.59670546057259
1.31820101647427
1.98944454972371
2.38602490207534
0.602271204080118
0.224443286499405
0.398035271814132
0.38131357308901
0.186732806318454
0.0689057543474227
0.107036645443487
0.870156061037667
1.34279235691493
0.410291087392096
0.333611340051638
0.593432926097452
0.728179360645338
0.142536477590827
0.110464004126289
0.179173415988649
0.242521351037342
0.147063712048529
0.146986983476786
0.309165088280348
0.174086814022077
0.459201340619019
0.459194044632698
0.483762975883337
0.631230131817048
0.917632728451888
0.520059193560852
0.46010782413005
0.747536384119458
0.447495015013855
0.427696694721053
0.631014925822869
0.354744060045743
0.390828962248227
0.421326367976849
0.525147037310856
0.683723258383534
0.672839403551046
0.723781182119659
0.674771927808618
0.305881702735175
0.931475750768549
1.36931162826516
3.34138888344886
8.09482607191034
5.35879286982142
1.92564782508667
1.20773136326747
0.38215336509927
0.108134382089516
0.200841231949424
0.135094674019303
0.0360489748940829
0.381301098362086
0.775531539833992
0.577636658723933
0.539086908259364
0.189053580540347
0.151300194650995
0.229237493792657
0.165258401943172
0.276994821651847
0.280273425480353
0.236862373620853
0.40263189292783
0.487629272950846
4.22879408258662
6.83385806982673
3.58109931122164
1.36695026984452
0.448825448390292
0.0983621502484969
0.0972626365114388
0.228502619004347
0.219931442669671
0.298476319940642
0.295683540236204
0.35441569917142
0.341541579243662
0.0514064175498884
0.439736264282178
0.626366816085867
0.532792990685618
0.470469504409497
0.548945006653484
0.489938817957546
0.443576457270904
1.39609827204523
0.472451362725749
0.224871321027735
0.374586715694362
0.191340305229121
0.936866745032935
10.7297423562996
8.75985643057404
0.661406785731529
0.370594188153313
4.0044988127027
3.44029472388186
0.254949280009993
0.070680426725112
0.0716997297384949
0.624071089250943
0.131358951787573
0.196175472179796
0.210530307283707
0.204051910706027
0.681936964495031
1.42957254879841
0.456941982926758
0.248160272260104
0.637781618480384
0.931510384658566
0.860689324809042
0.320289415543096
0.241443732730799
0.813689603203585
1.50624982102507
1.03840358978383
1.41117013892611
0.638520970642901
0.289470522050308
0.28762803308338
0.402332229367476
0.668434895410175
0.642510401651086
0.206077453384804
0.882012503018225
0.563283564839286
0.363746081656981
0.443138989504433
0.199000379195469
0.336921500152847
0.386338999948918
0.456401776789721
0.616773512024867
2.40684532756138
2.52536916811867
0.480544596563552
0.326852858781136
0.581940958562945
0.961479293221196
0.341098454401787
0.223077550442315
0.237584684644624
0.237164527516111
1.17986551002912
0.877137815498387
0.11649812291344
0.535940682739787
0.414765586782001
0.785760832529479
1.27013880535313
0.132803678141289
0.136798277733705
0.124343890292033
0.621046443044239
1.52061810103765
0.737322235123587
0.359826168681036
0.344502487985992
0.589641696597527
0.667680619274189
0.889267985277378
0.45613921248225
0.330064784360678
0.167051706342888
0.13643334750428
0.910020278520547
1.66976918563457
0.202847974738882
0.138634326600716
0.325231623596085
1.05789296757223
0.859440549130712
0.291646087265711
0.163989693979804
1.29887021220725
1.01874938786683
0.23120454180145
0.618961389317656
0.647761643458732
0.344327972378078
1.23806502109325
1.61052862775275
0.410668843632376
0.0818991317509049
0.342617306587094
2.12222316733141
2.79639686383533
0.627584386376434
0.606370588186596
0.561543271659069
0.373553114251384
0.408856600192692
0.367040114652451
0.410891544331914
0.746989349916484
1.07169324637875
0.803315232810085
0.328117056309033
4.46577295477993
21.093067522545
18.8722232966758
3.06470070975439
1.5223823824834
1.42970027716507
0.576330131039632
0.201704129553567
0.140921762423141
0.396825716751309
0.445161004946442
0.650513922540685
0.222599985438362
0.151702155764333
0.170142188911929
0.153409885508921
0.169661807432859
0.122502227330758
0.0953840130250904
0.335030459163016
0.397960937137061
0.187625108900445
0.475182269690875
0.488660410879431
0.336353683696902
3.26203746995498
5.46861537420002
1.9120980609718
0.494322915970221
0.80649361759838
0.311997105071263
0.525738943027345
0.974844411265268
0.362856995007562
0.175364070137849
0.666014393650994
1.25592544607126
0.500973832860609
0.580265083060233
0.47690701258931
0.216433061192127
0.167629315210007
0.2588747572783
0.296783368600078
0.214301452363533
0.179736283347881
0.0923123032515636
0.184016665398936
0.303312471259898
4.32177066995373
8.02127175626363
6.2732758297265
12.9358638005408
1.89087712267763
0.293672527237072
0.207050108688695
0.78175404444085
0.449290486927499
0.0468767179384817
0.288877374389028
0.348570397875721
0.176446760573251
0.61495973367757
0.583259850935584
0.230691568733723
0.253820402418641
0.277364712831387
2.02047965055664
2.11343733858994
0.660935553577224
1.36409310073974
0.301619501167742
0.188049860504884
0.127630096071499
0.122816087556505
0.177864419519386
0.250608107924491
0.277633933808371
0.553882076064119
0.477700360946518
0.715658278063846
1.01893587036482
1.16178703999482
0.721342196557636
0.159487600136029
0.470518207096103
0.178190662607276
0.224484762288647
0.153413420019077
0.494073851799845
0.799994848205228
1.13275430083272
0.334623219777932
0.318082720866007
0.434108484502252
0.308585649290626
0.732034976099332
0.272169515895672
1.64494765001441
1.7568287976841
0.425982967378182
0.794927190694451
0.176700795067868
0.343319936667871
0.596900187925485
1.03102191459932
0.167933744330981
0.176286123161761
0.187317771647026
0.353688135543238
0.907234577046247
0.537895765814537
0.3442953071229
0.395810012001189
1.35696496369636
1.78894999474253
0.29484533383185
0.461521634478426
1.27065260485223
1.39676754388639
0.183212870114937
0.472522327368481
0.572142350776401
1.18482106037454
0.669636428928272
0.33562965932328
0.620756052993035
0.448294622288406
0.529212432030775
0.581742671123675
0.919189099207989
0.788631363828018
1.86618167048254
3.599796271205
0.50348583703845
0.318254185625158
0.376157342412962
1.15905779268378
1.09140686334467
0.420838468509071
0.38034979587888
0.335303060476575
0.229225836492565
0.25394535312719
0.258986941901532
0.135583939602297
0.78835121009313
0.750793467353988
1.23528497015011
1.27016189299375
0.299697204504473
0.231848396518634
0.468463103376221
0.298220131460517
0.0906388600061921
0.416923756143974
0.362434456710397
0.818501618399254
1.08187477874478
1.00536426559014
0.951256469450112
1.11957604284065
1.42126157946718
1.1463700581637
0.37186738323578
0.174360278467471
0.34544423984855
0.275917301466005
0.211441242800168
0.287096636062893
0.46198777546272
0.445199308904662
0.737369827336139
0.568388705849446
0.112473737883103
0.473631630761742
0.827855978931982
0.302552515509964
0.133571586886935
0.202272393374553
0.317369020796374
0.429097514942602
0.640518746902456
0.659169135554104
0.321903471310089
0.619753449311521
1.2353357460802
0.586805317418832
1.09514932963577
0.408618127820015
0.288693440817769
0.367309364599784
0.453781176326859
1.23080819181191
0.306312111258302
0.210138178631906
0.221440286764038
0.156524910286258
0.455806617977602
0.366387503117139
0.201115658489542
0.259442335270554
0.349168338468887
0.262848455138212
0.425927799371785
0.30941611994438
0.165131796797791
0.0939724486905389
1.49845503363518
1.77606468776531
0.399188795157112
0.211665950819769
0.716452183723911
0.56516431946136
2.05603364824405
1.92178745699924
0.997041274083893
0.379507165163934
0.825829591154015
1.3642537101153
0.403962837162112
0.627319848148475
0.707413283127098
0.373674847642032
1.04319582084079
0.685512129485892
0.422444266357426
0.344241247210144
0.907168331086367
0.901891464017523
0.827089802412266
1.52912425422988
1.32892367065494
0.329543660352758
0.998125232268939
0.511503248092448
0.412791671215852
1.39910086003449
2.381627495856
1.47729742870669
1.44464912036439
0.248333474077731
0.372055747924425
0.448790690544963
0.71033902610473
0.577833845671735
0.458269657483803
0.224765164076485
0.995606600343489
0.780643968790169
0.565420042793149
0.684638220269787
1.37815683789291
0.658915345560744
0.362729818380103
0.651683125316217
0.380422773491499
0.212976887409056
1.12580107919103
1.38225439570822
0.832347439253803
0.13765561548164
0.438172792885751
0.479000225456887
1.23173748764265
0.47576052130446
0.458920069601376
1.63190843108795
0.811703206664857
1.05667443813658
0.149604069364859
0.263548853793073
0.339383654882761
0.455640561772656
0.405662310973129
0.250202343818141
0.426926515134336
1.87971702538246
1.22825444027357
0.400387818034381
0.204173342695774
0.418408588895117
0.692911156984512
0.566182800709323
1.36636640783584
1.52416135118626
0.907024086308009
0.567727148171326
0.371352985569118
0.384217580016943
0.64984849401073
0.483130720025675
0.540314448894959
0.456463384511581
0.820469407450963
0.631117440679687
0.588683211578546
0.221088806537436
0.45314880815644
1.32931510744987
0.566756205598702
0.204294060116184
0.332332023414518
0.380555427084615
0.701479042079508
0.594981818920231
0.276955459984977
0.962931110490932
3.16769775123722
1.08968410467385
0.313566171520467
0.645158798345207
0.339189068725977
0.264439212813275
0.471250878692328
0.280216494302034
0.601282985254217
0.200822840105382
0.224934467252556
1.80830257470099
1.55308087724594
0.343800218185834
1.12189351298579
0.94630072328048
0.657028981859749
0.634014702414879
0.938003658003522
2.09674609016535
1.94866496736403
1.49102786048491
2.1290152915549
1.2646257595152
0.473980952131629
0.124427328755964
0.115996880986409
0.726523068100457
0.994881750137488
0.514414335012224
0.308490728244715
0.437692159986521
0.620644771827492
0.979026038751747
0.638537180902044
0.221036254485152
0.477065400705117
1.02722094985685
0.729703043168671
0.458381221072636
0.439308772349044
1.05640893654777
1.11229717360272
0.710266365908334
0.496368555767692
0.35051818036783
0.178292085644248
0.118993347192311
0.346207308676838
0.471433201033939
0.227241877410147
0.583331439015375
0.984465397674332
1.30700670175931
0.437971494038391
0.574797110478555
0.269831341020929
0.161179834223096
0.344549725149056
0.693319018380771
0.226842442153533
1.35912346359663
1.65754508100037
1.34522425885939
6.01797847830469
6.46522096681964
0.615952103544309
1.22105978855451
0.858381661241387
0.717997599531359
0.547121937049323
0.475624971785436
0.427626506224747
0.311979256079589
0.446708478487017
0.517701806671796
1.03867116230216
1.52380357038375
0.493304183714917
0.477374254300499
0.360978070921349
0.874147110086531
1.71475035024032
1.26743491183614
0.602113295494332
0.360918276471953
0.234328792330918
0.197648148496212
0.678770789866475
0.985488066304334
0.42157567263773
0.48035741376605
0.947927136504821
2.03426418374578
1.39750240493047
0.580849413413084
1.45599459026327
1.23126230989625
0.360567237241164
0.46781291589638
0.52488458524275
0.429367035874591
0.534544685041422
1.73198847411371
1.46442378520039
0.399850951179744
0.38345377865077
0.693611086497775
1.06511522598643
1.20935592674505
0.660400544958068
0.563287738704803
0.410984556156057
0.504503214505992
0.722409746724227
0.8111716899838
0.553136145258976
0.879853129712257
1.09464653035841
0.251955293137646
0.273058004570933
1.3528378536892
1.24445215005315
0.820320540279837
0.548304346400866
0.685298085173007
0.58512139128
0.917925097401632
0.514282297881427
0.286535054796707
0.353111589171245
0.779515589428976
1.43786913417888
0.956007455159861
0.476029130465069
1.25709156140041
0.540849180055249
0.193187045389207
0.396623477040775
0.734742799444805
2.03066761712852
0.505489415408105
0.735894195057348
0.757627267095494
0.774870420532435
0.578308375175255
0.547903531068132
0.202404976096188
0.552582352949879
3.98743700172097
3.31792045049851
1.48281065418186
1.92891745595273
0.708191628973558
0.312678697701285
0.534425934493563
0.548093424129368
1.01169638022469
1.23070085947726
0.207104184066913
0.454122755732487
0.503035490855592
0.379622004691456
0.237167294005549
0.81519072041041
1.56447231867574
2.45152605891418
1.19062846635218
2.09926587739164
2.8875078375302
0.380636599098614
2.52520412388096
2.50266866902679
0.142685260153647
0.540832506708761
0.75326236291501
0.541655727508394
0.48886781065729
0.368360275076701
0.271300998949181
0.690162035541536
0.960856362176566
0.38695582466654
0.843009128888998
0.803662970450008
1.27243712812401
1.65262060710485
1.80567802718695
1.96265707621605
0.505598174039177
0.801235503708565
1.81066783866289
1.82957040069688
1.30111643868414
0.821384893207061
1.03582031586029
1.42400278971595
2.64784828038857
5.27539363623361
1.55264510179849
1.35888262492681
1.30275438409385
2.1179584150676
2.40542064815263
0.633193307860702
0.663470491444002
0.4442860783296
3.34571504952627
4.00750016893859
1.02994462626045
1.60152405131325
0.871070589046137
1.41118598388473
2.47268022994678
5.75720578134851
6.67653127346689
0.716813826762239
2.35982669181683
3.38899945208137
1.55951639923577
0.878457644410126
0.354414029256929
0.686988536818689
1.82130297722108
3.73863963021411
4.23446934086854
0.34958267645384
0.257013900841074
0.67275445576766
0.81704070642046
0.895955469952836
0.977750195955718
3.16752014373035
3.6303998599056
1.75614609793779
0.864168625731403
0.530554924963587
0.19755858708115
0.598873148153107
0.647975938405685
0.553127727454833
0.663854665017229
0.509322488442004
0.296105566696098
1.25991548666004
0.846313142677764
0.334593099855206
0.638277111672485
0.282056355691075
0.219973628513721
0.448982782157414
0.44177240896578
0.606192707637377
0.662912072032117
0.25474424852624
0.456026748848309
0.567381727545866
2.0273485281309
2.4922172748717
0.53181264361646
1.22556360265197
1.06484261076563
0.666153464017425
1.33786883515075
1.05201403681171
0.242214160832008
0.415257301828049
0.237616976910477
0.400228934328724
1.01542280155582
0.525641358837842
0.696494054180025
1.43501934320179
1.09906215864644
0.499435044803545
1.04351062598273
0.242007130043153
0.171957051212016
0.132774777705924
0.386408529217014
0.884969766645906
0.705969321574
2.13165016048102
0.585129062390363
0.508260874033072
1.20161727470142
1.77981013651204
0.834850099672318
0.884665470295523
1.48860792983451
1.10735072427958
0.223968868541376
0.686374246938961
0.240328703145426
0.353458989925113
0.793946204178028
2.04778817420973
2.81773885379071
3.33061189896888
0.5919537500128
0.492554637174378
0.242465254252969
1.1662513428733
1.56730475202924
0.592067919394864
0.229079402199626
0.438292748494499
0.584963775337142
1.40310507856201
1.89851781859395
0.334584357230594
0.552097794741544
0.693903919554689
3.54913226309009
1.74118270614694
0.738413095798256
3.90225012121565
5.32359971938731
1.37534742588616
0.847771745657992
0.793384015724495
1.57381921035496
2.67264547192327
1.27142276490014
0.328272754342818
0.523033470465504
1.03299526960732
3.04989885517988
2.34045388343775
1.87333497788143
5.15051995662701
3.13419492438017
0.859556832100113
1.74768799215182
3.1997401803183
4.17317781844114
0.864361230960403
2.42482318163896
3.45657936770312
0.431210914538591
0.55959432681219
0.262549942778114
0.667001320283204
1.2769897194828
2.65814603587814
1.14013732215256
1.12658876643577
0.907812070055924
0.414851048094735
0.486469649694545
2.01111658024925
4.81753486947543
3.82942354806714
0.749744065001328
1.11834076250687
2.39890604132084
2.45365165503657
1.00989564335997
0.614250302817385
0.569913101356594
0.552945800966366
0.510199900879908
1.39612076216312
0.730253921080137
1.5283049239375
1.25786971966405
1.90052339385147
1.00233813746279
0.76278648121837
0.746043076264504
2.19040191191674
6.58823287752441
3.02109701983001
2.25074914664743
0.969226663622034
0.560807431212626
0.575769546788525
2.37814134572946
3.03571194359676
1.4668521701403
1.2316101942875
0.21416302169764
0.206856163566372
1.69852797053518
1.79312532229279
2.48356119286198
4.48785227430673
13.1093620766316
5.85086833361253
0.365411468586721
0.236114794366232
0.251241136298824
0.592201554183742
0.609249869450725
0.744281094122854
0.871771790353803
0.618385670489425
1.52105855153782
0.892195293209657
1.17043474328063
0.862961656677195
1.3604203667323
1.26742196422084
0.945224117975765
1.99931627142431
1.04732045767203
1.35121439464985
2.18717757794052
1.65234169880814
0.891156683291875
0.886210936879906
0.865024022566127
2.50255074649569
10.3307849234859
5.55489830133035
3.39083148750881
5.63509310869092
3.96917615417967
1.3308526614733
0.561876416928052
4.62404099375318
10.0698394929673
1.33192514635525
1.01803013663872
0.601912801301391
0.547101915194333
0.875760053677603
1.0740956836489
0.749751442335102
0.561566847040953
1.30774138427542
1.56601562662159
0.82062485424322
2.08224625865706
2.7679829266262
1.30213109195114
2.27190463155684
2.72868263471365
0.167988377980079
0.221317529562701
0.663415192847702
0.718776519916766
0.398665776460563
0.399620646856276
0.71865855430855
1.22431381775526
2.4338037781209
0.717796338393927
1.14753778316172
0.519590653939674
0.885607306882238
4.1040997158406
10.0790035157453
2.9280014935718
4.51318394287413
3.18429965480504
1.75372380601448
0.918651702723943
1.02092397947102
0.664971759646448
0.590454615772832
1.49127996847509
2.07120776732544
0.468786651020688
1.00396971999102
1.18940759601745
1.34448745493849
1.53070811853731
3.50438140328922
4.92736607836139
2.02816317622349
1.38578237344008
1.16421210362692
2.00465414915256
2.28242263882838
2.66701079100142
0.440885350038535
0.271588846403361
0.416072815919467
0.516805142825559
1.0405344843638
2.25825694851978
0.416087380883065
0.603988786587503
0.906684409444416
1.41184810330177
0.991414992378298
0.538007329247139
1.69644340169077
0.477187262089965
1.24127679515964
1.27448936889126
1.02140415069891
0.691083228538715
0.333075367747343
1.60839221461605
3.82258395189148
0.962278926467343
0.853947313592013
2.13416192393177
1.16643604318405
0.3940399112497
1.20191703877826
0.799463544494669
0.615871535469657
1.37741713629527
1.46629887493648
0.72213809354383
1.69464616928084
1.18781426998492
1.97028798750258
2.99068081073385
4.61751395220427
1.25697954579098
0.947199351612787
2.23922233582283
2.41152798614308
4.13444719652509
8.56187230114436
0.938386039642076
1.35925858235422
1.83111353432435
0.737447813562768
0.556909553667192
2.13051976470607
1.35159523603173
0.258134892822179
0.548277002149624
1.21562107050022
0.948783108114789
2.71879141271022
1.372079047366
1.93889922871097
6.053188271664
4.54366709978079
0.497769813563991
0.555354073312939
1.28824513082139
2.21262119187509
1.13386159871295
1.19793370252788
1.55690952374259
1.12871243089327
0.260953434481846
3.5977913616919
7.92685330158564
9.99452401813641
7.04254811036799
2.57269717117381
1.19798030460653
1.00306356926474
0.549082784175819
0.721685923279618
0.325003222948671
1.33919226332817
2.15714665731884
2.2199191401363
1.38062522041434
0.568233704303125
0.706146858043274
1.09765960730451
1.98244078986361
1.77761700532559
0.652955359393798
1.42938512557625
3.20261336714008
1.04448535361089
0.188591089125513
0.844262288014651
0.339410269500035
0.593791969793242
3.54791953992969
3.31372195450503
0.698538475000385
2.19482467918409
0.820718680557799
1.0444923155049
2.66481073742532
0.896971961590895
1.0408359591268
1.67203936924188
0.66065808529826
2.49067583451508
2.85734164118207
5.42568097494008
10.6472466694942
2.42940765460061
1.68081336334089
0.61784685866574
0.8339934527855
0.410672308959409
0.764344149036598
0.747388707674485
0.407155227923332
0.315897887070695
1.22032823647329
1.16587946845498
2.2783950934008
2.72968003661743
4.06071204944752
2.14282461111823
11.4656872959081
9.59976638577118
1.42854296148267
0.794921364724986
0.701879347886827
0.305989845776971
0.267008199097876
0.657590943868186
0.704772899048452
2.00701392364007
2.23435746568701
0.830512016285523
1.40550891003382
2.93832674348198
1.01508721779838
1.13740958215902
3.39527593843928
6.74350535751724
3.17092231243203
0.739209861699889
0.612602629956411
1.00137452949002
1.02041707859043
0.638746746396262
0.352110618166366
0.953053630747381
2.86117329633844
1.13508974860413
4.64558877475709
6.07148529844501
1.65679783670991
3.29450245957027
4.56615612840145
2.16142969888543
2.56491010656757
1.30611010390384
1.05608705515089
1.57129149120577
2.15421684121553
0.89135808868019
0.937304076493298
0.711655093746856
0.671351398321059
3.85372828586126
4.8001418818041
1.34697075772359
7.55712929989183
2.8232135731392
0.373963041756816
0.768435123234115
1.05731429090427
1.19303145150214
1.14993304526279
3.33001865439892
4.41871544660188
2.97392387863519
2.75333932803473
0.583993800196828
0.695718557655421
0.818731469704932
3.29016279529863
4.28783644492935
2.0427052059162
1.14875562810817
1.31205580037516
0.833729284364882
0.514440701054774
1.23675139851391
1.09454507814899
1.07962756622371
4.14957407998491
2.40079849825943
2.13506410793213
0.701108080322461
2.77366035068706
0.904064804178437
0.70109323443467
0.381236675740468
0.960097276894419
0.744694819897768
0.505962633765732
0.707645433720728
1.16648525431288
0.86396516735364
2.14259724893617
3.31163460542117
3.08207142176492
5.84798809928552
4.06748987346855
1.56278149111792
2.96637915635424
2.24130427772225
0.969428800256998
0.608143058034164
1.56085699020207
0.999102398035583
1.25936184470186
1.87890112762236
0.841282422120785
1.00871085117353
1.82490705034955
3.45600949776731
1.9645093265261
0.837983821056048
0.667052095742743
1.7071818733787
2.24349459510058
2.60443766688811
8.54413503955493
7.24874362165546
1.73266027114328
1.31000749680501
3.42024162999286
2.44244240286368
1.68363064770809
1.08405491300237
0.883489081303194
1.03445578302066
0.891233821217047
1.34699472732977
2.17441638421644
1.16025006251273
1.70014880292149
2.25357014636217
5.7951434356948
7.27461152802255
0.694842642650697
0.690974124288065
0.352991678119751
0.305779151194462
0.434416135935705
0.608844421411124
0.704065645653765
1.12274210807113
2.59995544153164
2.27459840565802
1.92953322873943
1.71077410443705
3.92906490387453
6.26066092110554
9.27055280259801
5.87715516128853
10.9493973917507
3.21490256589614
2.86547130633268
5.17391188109671
6.41776724836851
6.6224746738356
1.71817411911383
3.78373323580723
3.1040229586625
0.90715630513457
0.51240934944325
2.26115794207493
2.53213036827374
0.186104309766203
1.29008268177377
1.91777035772703
1.35611902741028
0.884512567152781
0.919564707365702
0.304456819311873
0.814115117051064
2.1586073506881
1.5844260863962
2.04872416779318
1.91602839751656
1.01006244169463
0.742199393509705
0.849754312834221
1.43934915136179
1.42720464858326
0.843221953716459
0.701812800751315
1.18841189441363
1.22517729352207
2.56389240443043
3.54837578643671
1.05734435116888
0.589609995216015
1.31574532013995
2.79284189003551
1.08460583866599
2.83117248657677
1.34639446920264
1.16015278202445
2.11051863068767
3.09698311754684
3.00964150456881
3.62002323130038
1.87073540457622
3.22643364435524
4.90058747422812
2.59976701306189
1.53548730654031
0.444784256394735
0.716808902688762
2.80124665024062
3.57988835791734
1.16997148801859
0.359324328574735
5.73357609058424
7.55028091088913
3.50003970932845
3.79386339704363
1.29108683565074
0.467593574004795
0.872281609009116
1.10599171866931
0.478907193588645
0.527406818299235
1.26790749370608
1.56997472820573
6.7734505801504
7.11916732533401
0.714733396125591
2.70059992709086
10.9234980566162
6.41640495739009
4.18963926795609
3.29842399706887
1.18403116831407
3.95787992926002
3.54679084857791
4.12693613817671
2.38589791240882
0.53291275486602
0.599400585482241
0.743873677557458
0.857529871731291
2.1395590961471
4.52916269000403
2.57035909814388
0.758961110405909
0.989702639623335
1.3008824004455
2.21628599525275
1.82808716773848
3.10230823689568
1.38545475349415
1.3555617039758
1.14713434697836
1.3549284722057
3.06041052268161
2.09079436190533
0.918066252897269
3.68430185606047
4.74726369071941
0.673991802132339
0.859370122039148
1.14267867178195
0.932650460003996
0.520071384447725
0.673677075008927
0.899904593720522
0.570042433644503
1.12004853394964
1.40252279727805
0.89894876523697
1.86478599134421
1.05001596955993
0.8845109074551
0.970722894442308
0.960182399158725
1.68717663954771
5.79124259706036
4.78162099585162
1.6131442839083
1.85376667275364
1.43101913375439
1.26108919782527
1.78548156736662
1.49918618192245
2.76819933400296
6.06117274382977
7.36654543278283
1.51238357062034
1.87743407510181
2.71402739831976
1.70778948679992
3.45871932969585
3.66665071107973
4.70315564875902
3.41908235557945
1.76240450279083
2.63495924592724
4.40357302527673
4.36771521688146
3.91220755697212
1.24180085939258
0.457825288935996
2.01305029172907
4.54221588742062
2.94762593219451
6.10637475268839
1.15852996987182
1.44894580893546
2.8641198595058
3.17686637404478
1.05487924434556
0.598184339617836
0.837963744382061
3.02359353803182
2.27821975986388
0.966800982045615
1.25714485949628
1.3093255470338
2.78373891783056
2.43030408544479
0.574528921975056
1.35589325901751
0.860151105581342
1.46148113577963
1.40257522143128
0.804243653366056
0.684933873143611
0.362890079575909
0.292034838362693
0.838003377091021
1.74209895455576
0.978205468075482
0.443576405284938
0.697464741327345
1.00502013152134
0.545511538084349
0.988494417657315
7.88659811404592
8.41005471746007
1.44837124618762
0.320045044745076
0.594456260164178
0.98706741537367
0.486827410642035
1.04069238202353
1.0072129199491
1.2703163479983
1.71929770485785
1.88535306807941
1.45089099258252
1.24239580929907
0.731488829607715
1.59354300126919
1.41061595614075
2.00175467495138
0.939949702116175
1.58189122026774
0.654467817241434
0.750290979314939
0.898965158469025
1.01405143385967
1.0838201514769
1.31137495373965
4.77689515075458
4.70447396738891
2.45434020849717
3.17441539890121
1.08909500941023
0.92470207372778
0.555305913909127
1.04194094702738
1.42438266554782
2.16600245096873
2.02477181353558
0.922727986552707
1.15768111350049
0.858896302677823
1.52106827403122
5.64446198804355
0.960206821487144
0.978475043032086
0.751166103555922
8.68014129766143
9.14572133324316
1.19638570610715
1.88564773174422
1.60334420391556
12.7941516963396
24.853743457562
17.6123911498478
3.74618244087388
0.681887014495984
0.618987176835942
1.5635688295991
0.598530440776399
0.663674088902063
1.39478974571022
1.73209586087668
1.45319418361636
0.721530713672552
1.47172190104364
1.09564788642862
1.41948729272146
9.01285264597867
8.69850187073999
2.85075620183888
2.13060648610096
0.319274279264579
0.609109391671942
0.277382315754681
1.18389781335698
2.80713336209859
2.95000429750862
1.07898427364599
1.19574694254177
2.02167702504678
2.26680841587464
2.58226906979658
3.17742177829758
2.31035136908103
0.511185273139231
0.936873148422098
1.69447462228473
2.19411889812111
3.54951339629816
2.71304332225532
1.47709833035298
1.64503879265079
1.17862700786797
1.34033974174339
0.837523283990736
99.6800440661432
167.730283444899
12.9837014040648
6.01690589179457
1.79774701243186
1.23253570710026
0.427968461970055
0.445255238513934
1.47245584105748
2.43825535337769
2.58964968085807
1.00958988807982
1.15624981549503
2.27501411214737
1.9410296388592
0.305407696320463
0.824479182672013
0.981941921715023
0.367674743118891
0.437543403962125
0.844034778728565
1.00519227992176
1.67185044573602
1.13375889081071
0.291365108849327
0.960689305058996
1.41105430554139
0.993537034796
1.63873644611791
1.64249304045846
2.72397525929966
5.60531868982837
6.49834371438224
1.13914323018452
2.1207845831625
1.99911158419333
1.8529910689069
3.4067386697476
0.753954296436965
0.744588093730598
0.63681606161675
1.06656097269564
4.32445145656814
6.31385352222127
2.51380702589311
1.34217797353508
1.15694540938032
6.95909365880512
9.33785046217203
4.27462167569352
1.79247049726252
0.555154637960468
0.90393252424801
1.46176714999309
2.29799558881079
4.47502899955697
4.18294690445035
2.02844553347731
9.06605477108207
7.63081734772906
3.96260638216047
2.05141609508602
1.61666007649605
0.318736906312988
1.17255883653756
0.799470834021712
0.3277718273447
0.112554491262863
0.448683571166279
0.420737387505273
1.62563054040764
2.26133797921543
1.16265674717168
0.496759979217789
0.581130653122721
0.313643151569946
0.93521354873048
0.71962712416191
0.901390164412855
0.271363281518661
1.94193864558852
2.29919511580978
0.899077526524943
1.02786761138679
0.807158301760725
0.667976067099729
0.320202680334522
0.144199655480369
1.24396804539182
3.19228017083218
1.3336665738164
0.320250339710202
0.337923172814338
1.00819576286296
0.787541525059825
0.63463475766517
0.184464503927381
0.128937942270988
0.178519593640077
0.363450529697181
0.768143794487485
0.741864873958911
0.418573819994357
0.201419092619606
0.230867757316213
0.570598148064537
0.420246745395525
0.286567291258571
0.335091422540063
0.338989254375646
1.13600349130004
1.27893476820503
0.258834165341964
0.380068930914224
0.531906800827095
0.362929590075619
0.710458509965106
0.439030939887095
0.413021807892482
0.455991273102485
0.384631691275305
0.332721015706308
0.20433787374952
0.223426138006336
0.314808256949189
0.354013212532127
1.15127670125209
1.38556691102833
0.405766192986221
0.67401492197795
0.730393253043504
1.52547086512159
2.1699502997442
0.95001564278184
1.22180543964969
0.494888501390047
0.28005763786604
0.177635781548772
0.407397197226107
3.85578529147882
14.2905276392127
4.89411074668902
0.603918989755339
0.464211622847439
0.395358463699265
0.282558228719648
0.561218763233264
0.175738143018812
0.119938531922969
0.224217914298855
0.333220717354394
0.169651196132731
0.310340989325825
1.49619827176728
9.40526847897639
9.37631985986302
0.835902013526666
0.417889621719006
0.196673132672571
0.228997573898737
0.1027762316044
0.117462794561232
0.158696575170325
0.149193259985274
0.222392322148245
0.0869714172144243
0.180686654626206
0.255848260075619
0.403830707294983
0.329584539555559
0.312426979126883
0.32614986467181
0.442432366527625
0.263646714694437
0.264866958887333
0.353819136323591
0.320957240592526
1.12541007619392
1.19766062406125
0.64037389241898
4.44513188465852
4.92288328520362
0.781476359511676
0.201936912918928
0.275744380073997
0.373673276356877
0.219171836248114
0.318320492563713
0.342599244040681
0.372469114386164
0.567873077895476
0.125979331124872
0.253892253445727
0.188184240644896
0.143566066911771
0.135871492325845
0.175106718440324
0.678013507217757
1.11798471826955
2.99711396753874
1.11220004384416
0.25282390090643
0.170938566210515
0.151760132856954
0.220706220786609
0.143117560494054
0.17784165716548
0.142406512294692
0.339969166520361
0.471620800835891
0.16756121765409
0.299503337686913
6.95524059434596
14.8650415913556
2.42783667998364
0.865957331905609
0.526302276835922
0.366108088796873
0.709771128234098
1.40932408074897
1.01059680637545
0.292760338528753
0.429783409272282
0.27681489168725
5.28398209446801
4.60175427467066
0.768622474456545
1.05370676510767
0.395049374147992
0.413633474055435
0.905612976388303
0.446234495810992
0.200612666483818
0.687039888838106
0.509084618665873
0.267879265991577
0.239263665828931
0.29411722209914
0.240944106732372
0.216467124049577
0.403948831063163
0.383010867632999
0.358710033098115
1.30800282384669
0.668029825156997
0.268523979715381
0.313833775490044
0.300232695041918
0.702659054368926
0.903106537693836
0.500258360558642
0.866451729592037
1.40462607135553
0.321370448520098
0.506070826723355
0.485359194079353
0.223157733810522
0.324087974724857
0.41372295927945
1.42290768147037
1.76094206318481
0.3309455004322
0.272819774261109
0.219331981240238
6.06161117887336
8.19250729779018
3.01282838787766
0.453707563602577
0.437906034066903
0.698253743076399
0.149745489073494
0.311231327802136
0.142790292394897
0.139305370290089
7.61618534181708
7.95891464272952
0.348276136741384
0.252413531017755
0.309875653105594
0.679996411300004
0.402755839721968
0.154196176732288
0.165819775591496
0.170937689235339
0.119312045429783
0.815615135859077
1.56465102902008
2.19129561615403
1.27001801251834
0.237815984025771
0.391235985736374
0.467449701887907
1.94295274406991
2.19350080214324
0.205112048719182
0.259183390191349
0.286618005823624
0.171499738470007
0.105227212981656
0.227841161817545
1.02736787999969
4.07834249713969
1.08237360397844
0.583387592547105
0.239681852067899
0.356579928129841
3.52931889345563
1.87678915115942
0.304317897476168
0.162920802771982
0.136533622464938
0.130300818374256
0.0807798862060555
0.316308574932629
0.425195613908425
0.645992336637317
0.682846657497095
0.394833514391968
0.650264772630204
0.419674795033258
0.307916461842058
0.991277622636731
5.14366224085223
2.82553863022413
0.321146342887036
0.359816338255401
0.170257690011614
0.386474737301481
0.168612522716133
0.266340621708052
0.97617181472208
0.994252628460454
0.444786338939015
0.23732936879715
0.822482739747062
0.463143927981705
0.345057582865093
0.309461497885676
0.72968815240327
0.996569031728088
0.560581406197004
2.14392130064625
4.56196161477536
5.26049896685786
4.38383583803154
0.306894887246255
0.208678637119819
0.101542352590748
0.143606912762322
0.0844231733182816
0.261018980785963
0.124542190239057
0.210410181195264
0.296317058103585
0.175018955772634
0.581406334025318
0.746499441905071
8.98801946833741
8.2611527736784
3.10840521603196
0.484647028055391
0.142112945378677
0.0723667227620279
0.0440142508979494
0.0940409541011819
0.0838740257700367
0.0514935164752099
0.237049528008586
0.411345092417925
0.457576290831727
0.375946969080523
0.612215242754771
0.43350853879277
0.0561328101274154
0.0712142544875289
0.200274367226078
0.440303418745728
0.3135376137703
0.134000714734398
0.98826713371137
0.769378376908291
0.18039840459499
0.47108848847399
0.127289579789219
0.22747382590503
0.444549610283671
0.972297080475327
0.426090037042532
0.708636003726354
1.11024092991459
0.306323913533526
3.38136812598686
6.52826112611997
4.05629507023141
1.22906002906491
0.849773605786972
1.39753188394884
1.01297975220473
1.34612990571932
0.413608358115865
0.209931699336282
0.240584140715688
0.48308834064633
0.128067698609793
0.192261441950395
0.511518977158153
0.302965425206913
0.259198356600949
0.0945033977207197
0.229014873581703
0.163636227331954
0.222739037885376
0.18336827228025
0.27185109760403
0.213079205176202
0.258940418922562
0.130569906246785
0.108313234801183
0.144759841527125
0.0952149047481347
0.127721689025908
0.114047520502723
0.107380444876371
0.229719924291263
0.0655611284754053
0.382573931825168
0.968744297874953
0.532586001594741
0.532887708065272
0.553863494871338
0.222561156874295
0.740379767606004
3.66625344247254
2.3480055626916
0.629075011770071
0.435150350097777
1.26690435490154
1.21525571647003
0.317478182481514
0.28519355774728
2.08106287514342
2.79553758105387
1.13722267750401
0.0967813547709178
0.214209907172926
0.398545081843474
0.452403639674287
0.308872909382422
0.336289272027288
0.223738676637075
0.488704785130045
0.432397596237302
0.377437939131321
0.148274691666547
0.0645972538401623
0.123159144874736
0.274827661876216
0.363249265375672
0.153904002922976
1.14392773598814
0.268283327094574
0.10800020709337
0.235052213007761
0.12518765531206
0.132489310798375
0.305189988462658
1.50355448461147
1.22113506929875
0.844005815911844
0.745123474567064
0.514746758201434
0.552416559808393
0.298152183461023
0.10847687962024
0.850786977094632
0.919668052843957
0.362317512859153
0.421202163892914
0.0874275340015278
0.578130912206868
0.437039238645708
0.313668331975086
0.166932522181432
0.106174605976934
0.345625542990895
1.17104313814668
0.188601138994443
0.15037431486422
0.115860088069055
0.11532953497223
0.337317812109629
0.377826283835258
0.201004090594882
0.170605742871755
0.398508627719454
0.372300164338421
0.620801798825592
0.225456025248214
0.49447405514073
0.428505631164249
0.106952130649396
0.0831043982949148
0.0780966382410865
0.0807193985763659
0.0710581667354614
0.0904129984431432
0.0892467512972633
0.0837164438834733
0.0994156614938994
0.0737216321936794
0.118760845513522
0.238007299568882
1.17575614523727
2.20236949582685
0.604779890565764
0.103916311774107
0.120237376389877
1.03569012379987
1.50427131389107
0.417342682472016
0.654320734132022
0.160397703251447
0.889643999335571
1.40673755310897
0.127332780105079
0.272991663678141
0.181728166153046
0.630965993412495
1.43230511209487
1.25025776213477
0.824148601239303
0.247409093449469
0.371165553747361
0.291083733568432
0.353184235896414
0.103721011907993
0.219977808979301
0.190496619914796
0.0636050634519525
0.159610471702363
0.750049389427084
0.203739327136502
0.120637266106651
