0.102542531682433
0.28144841823777
0.343185895583637
0.343915943879935
0.378720591097859
0.452984820001811
0.627529355514902
0.374781291090531
0.283859010639611
0.0930295636571753
0.20647360294497
0.370894527702578
0.259775172416129
0.534255098020034
1.08763616748291
0.732922933265195
0.772435729795853
0.687157379576077
0.477772984087177
0.177653597203129
0.444661555245499
0.268547033131729
0.218660138288197
0.165407409186508
0.178999481407268
0.634367610162219
1.29498660266611
0.650452715976199
0.461899940043181
0.65991506845512
1.63028742463583
0.940949609806986
0.556966889630681
1.23973293544981
1.61652311271403
0.252912634410633
0.344350797732559
0.175410115839388
0.212039851748565
0.300830912081427
0.274571074805785
0.78076399340651
0.392693681890742
0.488374774238448
0.398739185707647
0.573822043431645
0.602365935897336
0.294438139207018
0.936602517820574
0.430983008136498
0.296307040751459
0.224429310803859
0.401184099056195
0.248161757982333
0.31805237894131
0.327754475476638
0.613199792253939
0.356747206830527
0.28158443542378
0.494024451793317
0.345507395653809
0.367536851861554
1.57984239986357
1.25847947755575
0.215412462271972
0.425145867782147
0.551110026859853
1.23968619220078
1.06874871565159
0.335306545873292
0.173623950717461
0.221848556590303
0.236953498411175
0.270657401664477
0.306905695860438
0.430715025356897
0.354126658626999
0.19767953569172
0.201638945818305
0.529394371298833
0.508681662616702
0.412999551781565
0.312930584759409
0.513552299141004
0.48836489979483
0.182034452413899
0.403756123293498
0.557806476663995
0.103429970984603
0.251183026744263
0.863578785741504
1.29966828541785
2.33352499900279
3.74352271237672
0.917353096552448
0.54704304753066
0.347253034895242
0.433851321073531
0.4713969743528
0.523758173511381
0.182782583916212
0.843386658046885
0.649842642032322
0.205492951358034
0.139032728878404
0.527183345228294
0.592575321879892
0.120742553311691
0.133188578085124
0.168130669514366
0.346373438640314
0.593793254898816
0.625586667975188
0.706720489871351
0.339755122052005
0.19341707905988
0.543430192099874
0.759908295252166
0.269882535875948
1.06095833303315
2.30336573767938
0.791005331527026
0.941899022803028
0.460668554901948
0.177034401247574
0.712242677923498
1.10105923522326
0.261037879267195
0.235423575531704
0.134122210312783
0.101607319143879
0.0969455898670182
0.20235577770741
0.441267438649776
0.450438225422749
0.548730451506247
0.206856673768493
0.407700347629271
1.61594782365493
2.09609887731734
0.454984616656624
0.0832114332671761
0.181308475424815
0.546306839288148
0.425655418045798
0.359762900564729
0.580704457876106
1.09070493407841
0.936428831148341
0.348631909435187
0.15614964757772
0.120620945768217
0.679895946504741
0.754658883338473
0.484994826254941
0.324222501142095
1.17763042313867
1.36326146543722
0.321003116578172
0.347299505937193
0.181190162487455
0.208715742859375
0.318590841496111
0.488783172924673
0.88522934346555
0.411742834047133
0.108151280290382
0.240215813509504
0.537649779900256
0.481355550815907
0.396206863397724
0.556083615754574
0.441637766951387
0.39739080408072
0.187803787894481
0.102744035068845
0.121280349646883
0.375166451102329
0.356581794693086
0.281362384596613
0.344608166447035
0.514381305297914
0.45745355048901
0.355125251846137
0.950003937780541
0.892222206752136
0.17441738182607
0.189880332792589
0.172544192129227
0.173860427808357
0.47752004808995
0.415011800289001
0.103676516707427
0.401540205495407
0.517750724492239
0.739166631160052
0.513380075867262
0.858988531159239
1.86028132506281
1.77341307633183
0.597252542345607
0.193515204603929
0.293269170991242
0.285991746536631
0.159600366767442
0.401613431509161
1.39897451545573
1.36448584735602
0.766486590988806
0.201915890146574
0.217463828779854
0.601876745084997
0.638968186013549
1.39822267538561
1.54803325545882
0.166258337344469
0.166714678560317
1.13208846823135
0.848485841302945
0.272628638348087
0.370759842203101
0.533118281923927
0.762681536921528
1.07225217080391
0.90974154158465
1.20657383899471
0.953087624792342
2.15577294966998
1.00745183920841
1.33934615285351
0.878608404082559
0.920176275489318
1.42285522064326
0.74288168692342
0.273973001425254
0.310295520713683
0.40087973661804
0.29819062512465
0.445803636689277
0.518454153394871
0.382384969654777
0.434330939616252
0.421041998983739
1.04356805007152
1.09073056475991
0.382929409843218
0.437131909951421
0.202955845874825
0.680057078358832
1.63503972932712
0.588609281514362
0.303144835353046
0.300220071432842
0.952036363386381
1.64981371214043
0.874689470796261
0.449588744554726
1.25021134374788
0.935129196839252
0.262982279040319
0.417840670799187
0.320977106428661
0.275920040867919
0.417214216425727
0.386529324091372
0.378531197095172
0.218871693024669
0.20359783757184
0.3522589947526
0.63903106207092
1.33938445089353
1.49233527405081
1.08298165006702
2.47289222540827
3.40611768906588
1.45159724477138
1.34144091613749
0.500887266047132
0.50546877677788
0.598502299825713
0.513806001114977
0.19894020000697
0.208328247749445
0.742799334819572
0.55132921039301
1.57145374950033
1.55964579062577
0.697848376345045
2.83048892556705
4.10216956545247
4.18476290579513
2.87947041704241
0.246613818631475
1.12828762201952
1.74150197162605
0.561075913998819
0.254456580489389
0.168614781312764
0.505071951143117
0.155224850836887
0.120853741557182
0.330449648831708
0.539524465934301
0.437100908028086
0.248555181246603
0.248604660744817
1.28204342868513
4.73398773970774
1.53464419314167
0.207147280005407
0.25159568786628
0.200554209174264
0.225658379289137
0.214399548626868
0.149333420049158
0.0962207044844184
0.440170203006085
0.227874234580268
0.0879640493010391
0.328124843288029
0.260473938961922
0.980313055835178
1.09597723912533
0.787853406339543
0.107182948214564
0.0810152353077339
0.0876149250380731
0.652628183866011
2.81617466456109
2.1794633621053
2.75679480122139
4.62386564295192
0.298125914200847
1.73025636925146
2.13083444396661
0.330434942775143
0.0590879537222529
0.0409389077860601
0.0598423908147516
0.0789020709649352
0.042747286084334
0.0481228309375745
0.0325969477934708
0.0628360155487737
0.795601729494652
4.01705828814574
1.11057088697752
1.46430769558413
1.66764245869273
1.64093895419954
2.32758363446533
1.52607887642899
1.96834992277212
0.600519253340257
1.95910553423127
0.533660991144962
0.0165658730215049
0.0496926210297348
0.0817003944222539
0.0345467855396233
0.0228307058447275
0.0754755066464804
0.126957056355533
0.200907406726094
0.0578034558967489
0.189737796646352
0.160361728991175
0.0467955769669908
0.0621028996035396
0.169317553597152
0.203617769619716
0.0517904388867668
0.0386601709351545
0.178865061997085
2.48089009155531
3.05673171327268
0.776397644479962
1.02244811381195
2.17947535984578
6.03707976323817
2.09978342595182
0.541259196937516
1.47320033292411
4.28584833259141
0.66644905249118
0.698946578388484
0.0304820329851603
0.053832025003347
0.0566468624929408
0.0197797470432945
0.0506187424888673
0.0535783672893712
0.0339409672395149
0.0676736163898312
0.056350420901632
0.0146628978009636
0.0690868456451302
0.0456451203862984
0.0261302919071024
0.0236698135250725
0.0228100030977212
0.0993493867775705
0.10307701422005
0.0195392685173955
0.0154158832798324
0.0299366240217169
0.0428111467627652
0.0331360326486923
0.0285481972873901
0.00820591491782894
0.0234540962607052
0.0565412637392058
0.0211414604224559
0.0244432533242234
0.0233421154919215
0.0590895983166849
0.0709423482570218
0.0306762523943877
0.0869940510011301
0.127092991380788
0.0152155932833461
0.0141562885223146
0.0120844989793056
0.0392339378792321
0.042513294371242
0.0820799491750107
0.0581421992206726
0.0184058359505595
0.028036843632508
0.0251259803928647
0.0164194596746031
0.034492617038449
0.252948027202065
0.106823496183568
0.039726410186484
0.0441255603966409
0.0121012136612979
0.0140102380608316
0.0217091743970284
0.137021230255314
0.134246267651615
0.0114794579096307
0.0132156158352792
0.159269006350389
0.134329921897423
0.00835276415076074
0.0148023695286
0.269258201540498
0.22406666208672
0.0457066975838862
0.0454065450381615
0.0787971152091109
0.183258211763655
0.0946501810271765
0.0466042025830567
0.0673493587310355
0.0319325672283362
0.030622087333853
0.129006784735007
0.0312223781799756
0.0630464581579938
0.0743926584519743
0.0681713293705414
0.100723907066036
0.0684451029257694
0.0839849256976188
0.0228549829596928
0.111269330494253
0.12289460179441
0.0428672121766075
0.0276163672537997
0.0734111757397491
0.0720903641276633
0.0370286387565321
0.0647946011982515
0.183706401728249
0.626393158800682
0.234922572599354
0.0690869463906594
0.0631059984517691
0.823769654913893
0.728198523798689
0.0446623464436857
0.781679812819797
1.74191243148535
0.424356093683677
0.0294175943884137
0.0406507863311893
0.0180399411223414
0.0220218919247248
0.0460299932444133
0.0209908676577813
0.0106728734885367
0.0153384764962701
0.0133741187918437
0.0178176618738589
0.113366443567539
0.0861629138076643
0.0203598844267735
0.0905457473943884
0.192104090288668
0.244211088762415
0.0984923893746152
0.0471471521698978
0.0629521487756573
0.047928536165463
0.178313059037015
0.0732691723210915
0.0230268883193398
0.0360726918947798
0.056471067092253
0.0153411773863995
0.0464274611873328
0.279433378382252
0.242946610334677
0.0604409432117618
0.288714497503645
0.901265030325927
0.541495126993863
0.0414165566390342
0.0817401235314302
0.0559699505164606
0.0386799336371847
0.0189103158969568
0.0345370399101355
0.0526083217149412
0.163711253910388
0.126484234009008
0.0416554505074495
0.0542816773120981
0.0554440510413922
0.0551537964784662
0.0863682739384331
0.0554783668186314
0.0970128461004446
0.0785269828766424
0.0315091854765039
0.0495567175194335
0.0551618599291739
0.0157264423265043
0.0496608842639519
0.064986950011316
0.0384987042686694
0.0222302479095967
0.0316018198456676
0.0363165853576215
0.0910238754463897
0.0799666608481892
0.0543770242969158
0.0341494467966425
0.0664689852895998
0.175071452776454
0.420022128845672
0.336586746364718
0.0407075968794341
0.0355265753160078
0.0308680025274424
0.0414227640946346
0.254179487981721
0.432778356676799
0.241810355331621
0.0698714928435852
0.16801898893642
0.0881292315277071
0.174277598779252
0.145594330247305
0.0994022223539923
0.0290077130632038
0.0398529949555827
0.0743509716381273
0.0534029120406785
0.0474500458297772
0.0348359150582133
0.0276836373393986
0.0456176344444427
0.0467306084533095
0.178083273244333
1.13557415759486
4.60380898270255
7.39927129588013
1.58152946835831
0.277029070967498
0.737312120119018
0.203334348529681
0.106954945771721
0.123882352414194
0.0818771219662764
0.0641329702407507
0.0576754705070676
0.0356075970187555
0.037627622621075
0.0447968457858445
0.0535449407921541
0.0480582255075249
0.0445049034119923
0.058719226625732
0.0395617487315652
0.0600864446924746
0.0577750721812147
0.0353766041126517
0.0778742012873395
0.0248925209563895
0.0898810042367662
0.201307655739651
0.158846338498326
0.355441865189582
0.0342995186726893
0.0877172374925469
0.0343384262586659
0.0736540110336263
0.409574111409209
0.839646861626002
0.217939232092583
0.0646996342599767
0.0141569014575467
0.0193858717277176
0.0339002118662004
0.0633743729085029
0.0446154122176841
0.00953624273496844
0.018673346852483
0.0321094157017102
0.0280648063165297
0.0225615719874273
0.0265398177380288
0.0361169230938892
0.0477752227172462
0.0639113159040035
0.0587265599762227
0.11630885453366
0.0576180790984503
0.0583635588850502
0.0530959129105631
0.0314103044969389
0.0319081943588921
0.0281081142232578
0.034100258280456
0.0898717132427257
0.0195587147882028
0.0102717409645531
0.0617523755052725
0.0648616194860968
0.144163928411806
0.127531577660138
0.0372625391580711
0.0132282895678099
0.0196071430563014
0.0172435979755071
0.0145574200113533
0.0296333037887783
0.152968125343989
0.141126097870241
0.0496428270475316
0.0542179057722069
0.0144338710866258
0.0244065827509827
0.110203538175743
0.0817135678925807
0.0387041425615566
0.0479532169581526
0.0577981360042161
