0.520845210838076
0.500446818606361
0.479725860993654
1.10326496211797
1.08249294765441
0.898660929185226
0.897168075688022
0.936023216571282
0.956994449918348
0.437327539756177
0.491892227941707
0.456047459723416
0.290267587647844
0.136784074963678
0.370827266878484
0.640164301539876
0.368450080023566
0.15816540051747
0.231079044596188
0.299840634250291
0.296945982205309
0.228671980833891
0.190075345688832
0.962362953832083
0.870743486187096
0.241772212239162
0.179899921759198
0.461458487294267
0.644277756049588
0.363512549939713
0.206746737477132
0.137950062384757
0.15438401620935
0.213521591555885
0.173241758932598
0.223922246299025
0.28022968348075
0.268121061922815
0.211563191063147
0.170749934264115
0.271470466341889
0.450546016002446
1.1732239908095
1.10689214115292
0.35704571372536
0.183098435541685
0.77991951046868
0.881896123836986
0.329943612448969
0.196162047600982
0.531927482396037
0.697819488141189
0.750106541242021
0.776717952439998
0.342710368966343
0.568550327074846
0.78380048549134
0.81797599747898
0.659941971369795
0.551227838783126
0.529813419895142
0.326026640576898
0.478183605583154
0.293645211032647
0.199144962376491
0.82884075871828
1.38734687565786
1.5323569453415
2.08909490313589
1.94628684455583
0.917851623536118
0.376637164223606
0.362674098788034
0.428515017311473
0.438426168671017
0.431064689203148
0.205090627172854
0.200933853484671
0.193692381546214
0.272847472153848
0.344490492769657
0.296878433195794
0.238046772260161
0.215195875376065
0.225103625169458
0.203346273116743
0.540823895763063
0.649700537244352
0.676798925347967
0.533464530194839
0.299996258401251
0.179367600442081
0.627349810342466
0.876182827116499
0.324547542041688
0.335266515067043
0.540312545522692
0.256634119668549
0.118721919170758
0.154375605223266
0.158624319622313
0.122623088579979
0.102443687404021
0.2020827698934
0.220496617767173
0.598152022608352
0.691024540291166
0.34728488727639
0.202038158810479
0.169376484434236
0.241792835954858
0.286657668704786
0.191556467286321
0.228287828114189
0.248229264029614
0.167434135595907
0.118713841234087
0.444602712747747
0.466324867012004
0.149529005542872
0.257719478069952
0.227168515251048
0.146739101416372
0.412503248606659
0.717325917535233
0.768351155715483
0.934312755511747
1.32052895840739
1.51535376713215
1.18648202708003
1.11491637498671
1.01728080158712
0.874871764002659
0.711072965457031
0.610155686523112
0.481932953905116
0.418560579586091
0.403869256438399
0.631301991439212
1.07534362231981
0.716126121768468
0.212024096617549
0.875162505653582
1.17935778381301
0.689557446359842
0.702613299110305
0.764239108466038
0.686602925722406
0.57990308614006
0.82957842844287
0.64977588256775
0.537741616757711
0.833102605505217
1.13214500791209
0.9894472838367
1.00959830821187
0.734354629068963
0.460255838236441
0.667285835471472
0.707421808282619
0.338250051160605
0.138309767036668
0.161972251548575
0.218228977274075
0.611453122763444
0.741320739414496
0.411114170202445
0.472115633552986
0.420128797048317
0.262745208336616
0.407663497063461
0.390316260567195
0.386252521371062
0.611144880827759
0.421213074254698
0.166676533006307
0.250805311555043
0.252350888767034
0.200950779764854
0.185406763596405
0.43863623671252
0.801628287014747
0.616053316581015
0.670793059831352
1.05249831103589
1.13674526226833
0.679845389486743
0.76095860685007
0.740799902984245
0.398786193951213
0.403935212825826
0.362624644252028
0.391632586721419
0.240573196070449
0.361442460735588
0.732082934985699
0.558846355019514
0.170460356203272
0.194580342198187
0.162058820984592
0.180712969837739
0.217088920046082
0.234748715563857
0.274813557874624
0.633303063574347
1.09678481241148
0.967481492195071
0.496742829794793
0.424682005559156
0.728677101117189
0.725085554359857
0.512689234853751
0.514617085806317
0.436442224300928
0.272339351397606
0.283922663279218
0.15209850509422
0.136599737818869
0.17686590302408
0.177104281373608
0.202099029126935
0.302813561869769
0.261534553881917
0.217929104605862
0.209851540794949
0.305387628395932
0.341754322302736
0.370926861584594
0.212685225007153
0.27690280703879
0.299274322237018
0.322540680784607
0.377681529224811
0.486047687897151
0.531379936353479
0.374629515039608
0.250208717829815
0.182597360242033
0.116073163210599
0.292730427721117
0.317337314686899
0.141221934106942
0.21043389403916
0.562406776256466
0.572630110633672
0.422536906287334
0.348130435086476
0.268708888863656
0.171411379404544
0.158699242749111
0.285902671033157
0.455661621001428
0.414404524037557
0.432080077727778
0.657380666865783
0.826058279327229
0.641549329559327
0.510823896318764
0.497222020735409
0.547988594378367
0.382540842580743
0.283106743894519
0.198423030160592
0.431131615892257
0.632299155309445
0.537042197962025
0.816269554078288
0.749918492302908
0.855265327453057
1.12008742973975
0.52770871428974
0.462987513536386
0.381450043129448
0.326615917941442
0.285386885993042
0.53280129236241
0.665860811091416
0.574746415425075
0.455205642408438
0.737106159364657
1.03115993987206
0.970330961377805
0.545280576208339
0.295411773694144
0.243428502278205
0.227892883556792
0.253224161798803
0.233733349173542
0.225320337756069
0.359100053959086
0.267091242039807
0.255186940448095
0.175326543000257
0.20031050294876
0.271559750365861
0.314785286230331
0.215452428411345
0.257015053669423
0.320884670711081
0.213127775221924
0.174792760360759
0.205299658274732
0.453144616442209
0.738483391421271
0.471552821266263
0.269637409296828
0.133097270446596
0.13811558880266
0.247990463704634
0.380792121688643
0.38600467446543
0.389686272443237
0.355762890457141
0.296051738008401
0.446741118203512
0.451560712160389
0.286441737083848
0.117279348387781
0.150902814133218
0.17378950785598
0.183504860179605
0.145333699515608
0.188443341201956
0.267737021202088
0.207568913883542
0.197882022889678
0.251293953520121
0.214528936496685
0.180735344047231
0.160458877252855
0.257668247298895
0.287410807552608
0.205912169370019
0.103925920529738
0.107507863351623
0.168969421826108
0.102744535630719
0.0994111752812683
0.145126270509939
0.117390016714338
0.256772464563255
0.2288736034223
0.179660834494682
0.15921979261114
0.122115208224949
0.103883143619148
0.154322628485363
0.149607778346251
0.173380193676407
0.293814493130642
0.383952594891735
0.320045526095832
0.223378198240076
0.142168737963896
0.218173364825351
0.31396335131601
0.323116166940274
0.312101293337132
0.245413496735805
0.20012827607149
0.169762372764519
0.155756662806819
0.145491439246749
0.141936077652304
0.223376467374382
0.208515212258983
0.138202530581706
0.18893197557718
0.24616841594528
0.232609003634271
0.193354415256808
0.291031972357498
0.500398698473998
0.241696054568308
0.360628156561973
0.385467587691624
0.336493673256575
0.333620039636719
0.276397255725021
0.138602786741623
0.162869955617112
0.147182234300178
0.0893407853633623
0.120496251248538
0.11704182967157
0.0963338329109814
0.0968403577567654
0.18216908033716
0.177262911012493
0.16452633265923
0.190504363090018
0.160555472120496
0.128873306706503
0.121487913414231
0.0867086308540652
0.0986556606773243
0.102021020991733
0.0948344076503255
0.121858422332761
0.123443802252397
0.0938017789001884
0.148929732332079
0.140039680690382
0.106884861943133
0.127981746581926
0.129542185578844
0.10947184474102
0.0807102440336103
0.0788497209573392
0.10190433757709
0.104169025559577
0.0779778027457793
0.0878757737364169
0.128197977545793
0.189032423238304
0.225082895183739
0.164312344694237
0.0929762285158741
0.105090384359603
0.156914244343607
0.13745328364427
0.10295604479044
0.140773379650096
0.123834584744406
0.0910755690497056
0.0699821873527957
0.111361930627581
0.130110698494293
0.136810785031338
0.135316790382673
0.100182433726656
0.0993336062293041
0.0681198346246586
0.0896055680536453
0.0878086305089817
0.0936557061399808
0.145948277618257
0.183361322905875
0.148768215037964
0.167194563991096
0.149907161951192
0.152670048761226
0.115423738600493
0.108598380248385
0.0909327572141399
0.104214893847253
0.160939979435759
0.136294923215642
0.0690413931844872
0.12191771554253
0.196802827121793
0.216667889770706
0.220587719224613
0.14035640271748
0.165355731539549
0.153662563814118
0.15049981647047
0.186124060221486
0.203681636377384
0.192068435572277
0.142414513063265
0.073789495599787
0.0828856700853359
0.12710448916704
0.176526137333582
0.110871829743497
0.108191662160455
0.139311022145387
0.146154348019438
0.136488496460825
0.178797965140344
0.19010753915667
0.223730650442164
0.168592552909889
0.167662596146916
0.234546443225217
0.254351710627164
0.175779591146924
0.140631695343606
0.207888222508537
0.234770806610952
0.171913152594716
0.141567775894018
0.144572160325719
0.144658075544231
0.116810489430758
0.145484130104226
0.0899560570886493
0.0845782567235467
0.0943850991763668
0.149605158088511
0.0973348509283159
0.0860759446564436
0.0827459329219752
0.0945369087285971
0.0906176730028009
0.104537712428654
0.104892534902118
0.110672367042908
0.0837319210363264
0.0528995031742966
0.114294208978218
0.109494213122862
0.0913483870919829
0.0887393755521851
0.100956183348676
0.137033888920489
0.130514118633242
0.0966985997887885
0.101105920336119
0.104858167977983
0.110296242045722
0.122113571274796
0.0826405047555676
0.100380606244233
0.132264499601073
0.120082473242526
0.142313907676443
0.152887896727234
0.143567309489705
0.140059712381498
0.200138492575975
0.0831610214823723
0.0681869971425169
0.108687412555774
0.119620003578046
0.0834603388756076
0.0694021902397326
0.0970232574984211
0.132959736295728
0.1357269026548
0.131470659575892
0.141495007795935
0.101877554003912
0.0748774541963653
0.107253819239249
0.0957596371004073
0.108895273877579
0.0850374596228346
0.0725716468147828
0.141602235810404
0.289749618105441
0.123088083820165
0.102153079632453
0.09949621102064
0.121851784514983
0.110180096527112
0.157061267183299
0.173122435604185
0.176530306597779
0.141120292409379
0.228300240236959
0.141852301267356
0.167159009818499
0.215024741306501
0.102862713020279
0.101648971507659
0.116022971264384
0.135967655231887
0.16470165561008
0.131934438540109
0.104790989947432
0.148414431085513
0.154498094403532
0.179946507071103
0.142457869540823
0.179173518343661
0.172653944274533
0.138274089729874
0.179298556113755
0.141707262917354
0.194093692136477
0.176850409536501
0.137579367224801
0.0995792432665178
0.0769148454613761
0.123645943101709
0.144643675388217
0.192111933558774
0.210924008693508
0.175336987047657
0.0780647520367983
0.0790173422444048
0.115081561073981
0.118304620530542
0.0999596301876615
0.139981130044925
0.128451973705618
0.10581740839529
0.108418662314629
0.155614192349298
0.15804553917904
0.134248415989693
0.124916689639466
0.130457244571558
0.0983826019531067
0.0947032167626922
0.152076745191141
0.174828301354716
0.136519286383039
0.129866063783602
0.141846500429088
0.121079656907337
0.119416656309857
0.125220202485795
0.149728438416549
0.145199324716042
0.104241982042276
0.125490338585343
0.119080986644302
0.0979520498477053
0.105770470442863
0.152292115972672
0.176450628643955
0.153911379004394
0.128540254307605
0.126879970808177
0.0920406061066942
0.100143822865012
0.110864081796786
0.105285420490656
0.116898116111679
0.0933613086763455
0.122769802490808
0.100825522386513
0.0937923900388284
0.151232792330099
0.141958450204047
0.0810475135980876
0.0567205986197166
0.084247525438499
0.097503582693539
0.0864418675050915
0.0993285372701639
0.148556375313781
0.225052599016574
0.383068807790513
0.356115552532205
0.289612883814897
0.275150870139978
0.236214132590384
0.167280581496505
0.120273519909994
0.140470219730348
0.104099583038387
0.102472410035005
0.17061579760154
0.171476179134149
0.106700925150984
0.143847762674274
0.201996332930473
0.152826664199572
0.248154222465911
0.379492295138815
0.190034305899966
0.15962658585264
0.321006029073907
0.275899324235291
0.13697863439841
0.122161299271384
0.100818653679417
0.104525679590754
0.0878858975136958
0.111822199836082
0.109128497935926
0.107519063110837
0.102185026609144
0.110902523835267
0.122258101371029
0.147548929613076
0.113501399184935
0.0912230222496827
0.0934079849689226
0.105578752229554
0.109067580814828
0.106631883338386
0.108207559556343
0.105965865656561
0.146633531232743
0.102356715772549
0.0929951810502268
0.0934500569519028
0.114668823793497
0.11987514395668
0.132859926151183
0.144730252215829
0.0607140570491768
0.149739975151111
0.140829028325502
0.140252884329874
0.139796840000387
