0.06692115692285
0.0595580991225057
0.109806555140069
0.0772378426804175
0.0678340857223774
0.0787047160061976
0.154374911768111
0.0907346889521119
0.0739544637100926
0.0660959040678699
0.0369776966081192
0.0409608186673186
0.0195670374042491
0.0228938003092578
0.0303698132328052
0.0525259243547666
0.0422829593147621
0.0366162786672567
0.0360533563055596
0.0481425149195562
0.065995586331345
0.042993177087964
0.0342948588101457
0.0402902469303608
0.0353913571040816
0.0288483630959673
0.0309224583181259
0.0465980095082257
0.0805857827770873
0.123930366059239
0.0615911682445512
0.0524271818270856
0.0414822511218225
0.0608978734888531
0.0806908052592506
0.0334890279482397
0.0188728157211387
0.0391672561494166
0.0387036393962658
0.0636382406476633
0.0486160840201053
0.0755664232459446
0.0779593096528951
0.0869581991231572
0.0439643618772998
0.081038138673573
0.0591372187146293
0.0846266129704859
0.093646490734382
0.104679094515992
0.090958003374254
0.0566435813733628
0.0536176989961026
0.0623047586008054
0.0463032264252026
0.114442849913409
0.088080390465937
0.0442837045027077
0.0414361513021343
0.0954401782304341
0.0993801176022851
0.103239066769152
0.0700913452234967
0.0712325861056684
0.0642372517661866
0.062753749904216
0.0264194219014086
0.0266748778638365
0.0189608381432586
0.0123331035866943
0.00863236915397115
0.0144467812048447
0.0279056629477325
0.0446677682266558
0.036072292560415
0.0225636064427378
0.0355536970916876
0.0538870648553875
0.0490071289626111
0.0387527388986264
0.0377441474622495
0.0385691131041722
0.0542839529292749
0.0852510842571977
0.079290476478686
0.0490520295728063
0.0712343998964121
0.0803365596576604
0.0525006552332212
0.0902042897976572
0.0652956593899406
0.0348957787885513
0.0352254741647622
0.0401185651250573
0.052605104813325
0.0411424774120174
0.0128191605106825
0.0163856431676587
0.0200446219135489
0.0243868321645447
0.0312710078397828
0.0399640422153358
0.052803020149816
0.0440895593741227
0.0670066010305657
0.068048032449243
0.142349964483954
0.0956479882538288
0.0388974354740414
0.0259987112852755
0.046297039617479
0.114647522245531
0.035013366580707
0.0259747596744035
0.0265612120434513
0.0257618519302562
0.0336862494468264
0.047785859036916
0.0475759311709305
0.0796336848490356
0.0827211258756884
0.0637110652574824
0.08543705625291
0.071089503836639
0.0500226961879606
0.0389552280670949
0.0406022865074595
0.0453432274485967
0.0851657719449101
0.101511871816578
0.0599303250422025
0.0803023930715994
0.100078134806409
0.120367825913247
0.209745676502771
0.199820814170219
0.0889771073034352
0.076724743789576
0.044091391843538
0.0226088553373839
0.0235385461273259
0.0236882139660535
0.0333226535251083
0.0383964768064419
0.0497633776732119
0.0368145140166292
0.0483086435400823
0.0507491694349299
0.0594408077341161
0.0447982557419281
0.0785245482780989
0.0789247660550531
0.0398724144295903
0.0359024700761936
0.0745431076338311
0.0738775832696758
0.0486377814423296
0.0558844238742213
0.0417256834217351
0.0353038611844924
0.0245245321071454
0.0395972424317171
0.0328779209143208
0.0248008505886405
0.0571769466837941
0.0713597318238447
0.0983319043012659
0.118541637660739
0.0534262230508031
0.029839132973567
0.0558346322820685
0.0926470705362023
0.0526480340665255
0.0284987988944145
0.018811252608245
0.0269602270546847
0.0595249420836652
0.0749325918156555
0.043482654818973
0.0258211635098449
0.0474670366026349
0.0499675540835855
0.0406540556497342
0.0819665002468141
0.105435559244758
0.0822130593464888
0.11173563206161
0.149041919837779
0.131477297667916
0.127081766065739
0.117504220501929
0.059738561064672
0.0416070670227101
0.0596650755903953
0.0681484729396405
0.0560655903698305
0.0593545463844384
0.0468265747756675
0.0490261594386149
0.0621070314810797
0.0584458778811405
0.0448680150604411
0.04148565775572
0.0278978721448458
0.0173091152381907
0.0227326671992749
0.0259251813535447
0.0324359400984154
0.0362081474225701
0.0580071840604658
0.0243573279832102
0.0171839248951241
0.0340183554281145
0.0272281292125361
0.0161461189257293
0.0221415319086972
0.0272706865752529
0.0316718320841968
0.0384088824187369
0.04062423671883
0.0309269607630547
0.0306487172643009
0.0245952932814079
0.0288425243469681
0.0388801698415785
0.0352928683152178
0.0401898426026292
0.0173655060494317
0.0128343680606015
0.0435559777722763
0.0419248119386186
0.0299556885889405
0.0203092559860285
0.0256354358573918
0.0406197509589064
0.0239666694431746
0.0319207257461063
0.107908899112758
0.0920241936228945
0.0642785704138451
0.0462395813016645
0.0352620511919971
0.0379423131220341
0.0508834014325653
0.0543292683454647
0.0359163398692864
0.0376909240462093
0.041266993801512
0.0307593971351673
0.0459870162555668
0.0890215679206526
0.0724724269334069
0.0465252572062093
0.0369959466867077
0.0298748823437674
0.0204655928062968
0.029245600918053
0.0473560327198646
0.0869275083011349
0.0906630825664978
0.0411676422326997
0.0380814928732314
0.044154671181829
0.0468169856794564
0.0521383381957339
0.0443555720211758
0.0434601480333591
0.0795449744963734
0.129056099987389
0.0308864007594988
0.0341147019269138
0.0658521369756717
0.0502291699614835
0.0234164867579591
0.0211157940170833
0.019613905831418
0.0232574373547506
0.0427297076100379
0.0649532969154076
0.0489020466180977
0.0436535657465205
0.0423897005188798
0.0734289929443166
0.081006440054884
0.0892274005689836
0.0563702915067088
0.0410894253379513
0.140882802217254
0.15989790918735
0.0766633690271171
0.0378558450749902
0.0597201961313158
0.0568154735866738
0.0435643452799132
0.0576468390418663
0.079032866906221
0.073606427756206
0.0243223410220666
0.0346381018106202
0.0236816005073938
0.0276934660539336
0.0277368610165221
0.0301371472283707
0.0484753121183624
0.0416402649271658
0.0193991226444934
0.0647091392148704
0.0767001107578933
0.0573060648530414
0.067925046749563
0.163424521089739
0.067126002852734
0.0412516477983109
0.0362506968962445
0.0389881817709064
0.027721372503958
0.0157233714340764
0.0351019624703807
0.0381467211510046
0.0207032479301125
0.0191149616825063
0.0283604301771972
0.0261439607024917
0.0229893640496884
0.0125176210548299
0.054836618303633
0.0675361818704115
0.0446010220021028
0.0317145892213078
0.0252413071541787
0.046322734825392
0.0533555036583598
0.0454375557358572
0.0395799458794479
0.0306405790963618
0.026362031143133
0.0168658986757483
0.0185365251007355
0.0367597685307362
0.0391399791976918
0.0292225105532615
0.0455364913029337
0.0337553306913012
0.0255219975019846
0.0217671862354665
0.0238442034478718
0.0309107889290426
0.0438954447331453
0.0672812114403765
0.0655080243088555
0.0542329064087626
0.0228488224115537
0.0360698100508807
0.0286805175913518
0.0202488978057817
0.00862650477188079
0.0167111260563541
0.0337079289701136
0.0223698692366733
0.0192244339407883
0.0159915651927766
0.0195660601659035
0.0250555350596497
0.0117539593956571
0.00982794248487494
0.0199966090469221
0.0296893185688792
0.0231321443430437
0.0362324613899995
0.0407039658354846
0.0286011645319209
0.0255989793991068
0.0309259675265831
0.0372764895617651
0.0521849769947374
0.0846942767747029
0.0621960172132418
0.079096450292721
0.0380594282715816
0.0330997135997845
0.0200722442008453
0.0487691451610553
0.0300998798044036
0.0340686134183648
0.00872715670728669
0.0157887084784724
0.0296362177165999
0.0429738369953008
0.0151300158872469
0.0211735737027377
0.0160741772025303
0.0197571995999763
0.0302739074911721
0.025618074679567
0.0196470600893007
0.0293243257674718
0.0388354029629478
0.0288518100602092
0.0204276756021733
0.0217276153201151
0.0254805394919884
0.028824623826337
0.0238044667965594
0.0235910641558259
0.0152465776106709
0.0361794209333004
0.030788540429894
0.0294449010724486
0.0377584722995016
0.0257321250680001
0.0164992559254568
0.0269255526438656
0.0160347473348408
0.0166966970765764
0.0234449989282674
0.0204193183957371
0.0158867390736297
0.0254853195991758
0.0327421205137613
0.0354609596697386
0.0311648885714386
0.0314657943554158
0.0433668539053995
0.0287261404578777
0.0268739283016887
0.0328120158185989
0.0164043235212623
0.0126005518404853
0.0110724707573871
0.0133925282459044
0.0244078161185556
0.0227906739129122
0.0496460556833077
0.0312460558589517
0.0225186529246918
0.0292402170401617
0.0307295295245271
0.0321018661631607
0.0261920112796409
0.0155255311258237
0.0212159343474245
0.0138453769560371
0.017693175936944
0.0200410084422314
0.0133166934902627
0.016557944706305
0.0292702179748821
0.041130265522155
0.0249546622211011
0.0224108604917594
0.0275138321889961
0.0196731431833102
0.0309273337135618
0.030257847653452
0.0232982223379434
0.0130075080986596
0.0167284143346706
0.0261229940875871
0.0125596058463365
0.0232193460385042
0.0232432755060677
0.0164953079900285
0.0153614860653096
0.0149743369557391
0.0176832824166366
0.0181869687060216
0.0360338091626155
0.0204154038127687
0.0251986516495033
0.0233174821003923
0.0290676360858745
0.0204438781757984
0.0296510248428938
0.0461840764411313
0.0540822614923777
0.0468899059680483
0.0553542374085275
0.0342827451302717
0.0334122911427966
0.0080919064263589
0.0124926297148861
0.0268533069513594
0.0385041275717958
0.0459481860111071
0.0326340515195763
0.0349953301211944
0.0309706575135413
0.0164581430088963
0.0184290617848479
0.0163874754747427
0.00528157546972629
0.012308749017003
0.014645953224653
0.0150681623467003
0.0205655497594214
0.0213760169295103
0.0325164373224342
0.0154789519028535
0.017841023891259
0.0233688223660736
0.0134682070415973
0.0173819362295952
0.0119557823465925
0.0175434699893233
0.0162273528042747
0.0206323589486806
0.0270212986009174
0.0179792553195919
0.0190949636951151
0.0204810202914569
0.0229466009014088
0.015013297379676
0.0121750380703211
0.020790982428572
0.030906221057629
0.0344381334698208
0.0182623617715509
0.0317977343481735
0.0248659043170636
0.0177498350397971
0.0252611421312846
0.0289942252469229
0.0294397142758884
0.0174567241403716
0.0113619454999893
0.0286126412601484
0.0408524124814986
0.0342083265630942
0.0351577012879141
0.042842903390688
0.0429203530184535
0.0573553784408225
0.0261058672178624
0.0385223683732529
0.0322849902608893
0.0341219906101952
0.0337353457161313
0.032246070837082
0.0301940623986599
0.0334314364690877
0.0255070752396507
0.0154820676333553
0.0156457597372422
0.0179779994494775
0.0270908303965686
0.0494129037680406
0.027139254611719
0.0209959027811379
0.022837098406681
0.0231312995512395
0.018633109666752
0.019356133886265
0.0238051650243732
0.0143219417529606
0.0144055927084104
0.0207953150239951
0.0130489853516347
0.00977466730274398
0.0170099735424557
0.014645423817401
0.021557599584158
0.0177045247944367
0.0301897675991392
0.0310915825961319
0.0375017249696252
0.034814470438557
0.0444293197520983
0.0313858485710401
0.0351993759174934
0.0299386482008634
0.0307253545780905
0.0220359178364252
0.0240785509332713
0.0158231616641736
0.0139431405925718
0.0106992079768328
0.0191092985886231
0.0221766910386287
0.0326736762781839
0.0130034437054322
0.0259821447925395
0.0256946998658781
0.0307795015569143
0.0306991122797588
0.0227508078114827
0.0137644327880474
0.0176858954149689
0.0553312562244735
0.0419719718539708
0.0276871285700351
0.0238368659418852
0.0223850779592003
0.0150262153224896
0.0359386248402591
0.0446062526722298
0.0497841696598363
0.0410921830990499
0.0517296162261192
0.0381678344390639
0.0306660605970471
0.0303374501265214
0.0181822985431526
0.0152118458006482
0.00915911007912295
0.011724950469999
0.0161617698800745
0.0247313436902122
0.0243244030418404
0.036560047888093
0.0266059017875819
0.025122048713529
0.0180644568478208
0.0415595718002408
0.0189077185406012
0.0305297363644007
0.041032989599129
0.0387285557618654
0.0464070998614043
0.0358403931584269
0.036132607752517
0.0398525232874395
0.02070969456441
0.0153055957253089
0.0095636489313924
0.0219640031076903
0.0144157710001292
0.0169901448311178
0.0429589969907128
0.0421020981874016
0.0273536709614542
0.0149151989750466
0.0258301391062606
0.0156771023840249
0.0276466134840173
0.0248575973168491
0.0152105194558803
0.0192267323961363
0.0112679708468938
0.016749944802797
0.0112793412383307
0.0136346808459865
0.0118479870238332
0.0135883045478938
0.0231498084929121
0.0108325173497827
0.011939249005084
0.0132184575713743
0.02577485809271
0.0261025875331166
0.0256429189938951
0.0288194603057401
0.0241519568945129
0.020092664230245
0.011624157342572
0.0186131694236477
0.0412235228865004
0.0216457684074264
0.00798360164776179
0.0390879082602838
0.0258052159208354
0.016324027118474
