0.256033561188101
0.041939440825523
0.106104517053145
0.130069121442582
0.0678854519759012
0.0549460229190519
0.036442912636748
0.0364410078099028
0.0492051684359723
0.0267097183964053
0.0219324488167491
0.0655280553333144
0.0705436496827445
0.0790650601135595
0.0750458297249961
0.0579350316954993
0.577370936360926
0.636416880112362
0.223782692107122
0.187516985328726
0.179234439689222
0.264137073883271
0.122619852546269
0.072023110869288
0.0533596869553035
0.0430251189561294
0.118535301390451
0.122047960857911
0.0333625419234672
0.0327323888176479
0.0863398425517171
0.114327192496937
0.0591038155864644
0.0389787440102986
0.0466939195879195
0.0891388834688328
0.0792033560361386
0.0684063014373913
0.171416060832415
0.244234906711351
0.369036626396939
0.631884532585454
0.383474279949398
0.254104517781026
1.61699395178235
2.00600970824908
0.701104288681426
0.242789042157043
0.293288851758802
0.270984302343146
0.0491722651978533
0.018930649354304
0.0202582488700768
0.0162326091990738
0.0394701070557032
0.0337755120819901
0.0661403814364564
0.0915662099949588
0.0548528950046414
0.0950562143511759
0.0765649629398911
0.0326003196513266
0.0389021370326566
0.126093249323579
0.108262963336669
0.0599071943957723
0.204631822098769
0.483713342483821
0.351791180104485
0.0506302743453188
0.0513643033332091
0.0759180187032422
0.0765521364238968
0.0508389106866326
0.962949258483185
0.846561779727301
0.170443846407783
0.0704750180999746
0.0316596516279976
0.0366247941591349
0.0378288658798119
0.108779584689901
0.100946379377621
0.392399639130257
0.364910303212652
0.0349595003500249
0.0465097154307367
0.052192866102225
0.0452636883286401
0.0799140900238396
0.0705867702528807
0.0348167094437793
0.0196610750947877
0.039740524319752
0.039933750673347
0.0476144959635752
0.0288677567355421
0.0664935750256347
0.0719667831229255
0.0290509651493395
0.0499326582622002
0.0511710184882696
0.0972006972030435
0.250460677143624
0.367630117901301
0.366255669732481
0.209104508222802
0.210067642866148
0.196352274280075
0.194579678573012
0.194016105329865
0.0505012115696246
0.047405292390891
0.367450539741244
1.09539005340448
0.686259159404295
0.467351534342287
0.563177729344661
0.0855226103472737
0.229315044853895
0.142624535093378
1.41289219823738
2.28857900937307
0.660294708138744
0.121505329950991
0.0525571409829014
0.0341189557776938
0.26026259032147
0.251718252478275
0.045764759387287
0.0516294524303727
0.0530041864416241
0.112771598959446
0.355296122707218
0.238239353023261
0.0208844256656155
0.0303352211223037
0.0704816430686732
0.0988655467186193
0.13696301044636
0.131437873577932
0.0746885458556049
0.040391244136869
0.0439042488064065
0.0713700474021474
0.322088410173233
0.304089961507219
0.0648103975099138
0.0802376135074051
0.399273871235584
0.607717705825943
0.355694209652584
0.0778327984243027
0.042596510885268
0.189692914428115
0.266349375222938
0.161005209827281
0.0187731048107633
0.0431957195168655
0.880349875945121
0.720381199553803
0.1091841799896
0.0399720802227899
0.0858409353496464
0.137787655952197
0.210520511016912
0.637477013289821
1.05966591610487
0.460129355917606
0.0891738450630624
0.115326063468074
0.241793221711886
0.230492456860037
0.17470158622179
0.279399254292994
0.232593217947641
0.170510710569919
0.318005587175978
0.257064567159939
0.0939280525566149
0.0734415427126582
0.0320978390255725
0.0476568111483016
0.0783559521502527
0.0793608631414938
0.0414186594732063
0.10812720792085
0.0357661174794277
0.0308862942607452
0.016777691207932
0.0476597822220182
0.0846373215847034
0.0367439150080844
0.030651016458906
0.0705075848553154
0.0512335331445489
0.0656049980599311
0.0906770327834671
0.0313894287177523
0.0558252424392728
0.0744209479890405
0.0527907849683143
0.038783414996276
0.0200637143499259
0.0355224196942244
0.0407174770383714
0.0398617451177179
0.0410507553010737
0.0486552391858392
0.0412760036587748
0.0454988897008479
0.0781297933895942
0.0675611977738096
0.0485672806520433
0.075210732452714
0.116198403117456
0.0798051053184957
0.0223156499650168
0.0684318444192487
0.136100693195871
0.0796731790587393
0.13430031068054
0.35139106267025
0.630272247054696
1.53268976469053
0.396508398712003
0.0459265136204258
0.0367975429433944
0.0196896961753612
0.0487975628660537
0.046574053117074
0.0461970670006402
0.105473295557635
0.055035516806408
0.0533367167292328
0.123134030937526
0.102701349324498
0.0291579688399048
0.107271857904864
0.0912041332534444
0.0283739043818187
0.0388713149902521
0.127279543027017
0.264662365976425
0.270884526040979
0.253407752525907
0.1001051775685
0.170707691241754
0.110053216325998
0.0115758796419886
0.0500696942422793
0.0664493763952774
0.0609708206501863
0.0470811680463557
0.0249803320657036
0.0400276112565353
0.206228987177694
0.0593174677958716
0.0773914002204468
0.209099075153567
0.146201018601639
0.0175343102175455
0.0941039630843516
0.259570472640382
0.203152194457024
0.0250731545181881
0.0553533228872402
0.107203623403613
0.0321814696231159
0.051927078718304
0.158381763046953
0.452916466620495
0.351248083437375
0.0360645335866248
0.0805152015343596
0.0733038134158359
0.0578018394311945
0.0678895765440271
0.127533909111322
0.135292771056841
0.096958561231347
0.0897650132405309
0.105511507591225
0.0647358183648098
0.0546120270557319
0.0588269344923752
0.39565669402766
0.40196756195441
0.0583989657986491
0.0221431667269078
0.201134894973925
0.228731805154367
0.1502080002841
0.146745798742738
0.19400941517099
0.228282325651525
0.120933591966596
0.049558948079272
0.0717279993380896
0.0555633267068975
0.0941911438930459
