0.0281961880750363
0.0256301548747087
0.0261771518868692
0.0281470022275317
0.027670255861533
0.0394949986170557
0.0323587279707667
0.0483221986608607
0.0483726873938111
0.0446102876432698
0.0251975376942333
0.0330857621487796
0.0339640476627152
0.0282616272179681
0.0257311180818802
0.041858600948273
0.0418996222586944
0.0358482999511333
0.0385336907321106
0.0370485589437229
0.0333851209387827
0.0388044950484778
0.0445620039761342
0.0415400528028655
0.0287644710281459
0.03798800354601
0.0398082377666116
0.0390863170885583
0.0319672933234836
0.0260509592817809
0.0240300415289237
0.0318459121688469
0.040926959246244
0.0407537693551282
0.0489035636346882
0.0450251301607568
0.0379054594961788
0.0307123636386459
0.0309294255892718
0.0346168890438924
0.0417207874863511
0.0344745792694931
0.0474610713041175
0.0681618540366391
0.0631631959453601
0.0565003020481708
0.072700206214665
0.0647180847046027
0.0623246320600721
0.0754996005739278
0.0713284761285162
0.0785468816588128
0.0641793313041297
0.052067028125893
0.0649130840354338
0.0705984207636457
0.0454013680622509
0.0550799519501261
0.068899018130988
0.0462942677713652
0.0352899620473549
0.0374221286547533
0.0491319654124409
0.0689062317272256
0.0415019300218958
0.0326305761312395
0.0278436159576863
0.0331521036133187
0.0292022447210336
0.0211372272242581
0.0298467688050217
0.0281838572304045
0.0326035018364181
0.0373756919260465
0.0509177276663245
0.0489327166742397
0.0294962065169938
0.0307353902877508
0.0471024181525786
0.0561290542441023
0.048309617731714
0.034949070743627
0.0433278136228014
0.0301890407060376
0.0323596653296429
0.0340654598064999
0.0298533768813461
0.0301664274764708
0.0339602081440204
0.0364387247556625
0.0365832804326679
0.049395714740546
0.0638980638188969
0.0822503631395287
0.073174210090543
0.0635565732908387
0.0428569244210125
0.0620460043283827
0.0755489523800176
0.0753341387672106
0.0830193800820092
0.0700416956845968
0.0489643106822116
0.0638840075559366
0.0384796244056096
0.0367523836705773
0.0363307728735647
0.0728281728046506
0.0416796597231408
0.0528511603485406
0.0607176161498225
0.0545221496211507
0.0505550524941619
0.0609768404579473
0.0754947051624651
0.0618034444475272
0.04750791403477
0.0437079334327228
0.0562041705516879
0.0740742610544751
0.0565009162691042
0.0378576874019503
0.0357759566883431
0.0422332404699657
0.0441033030215686
0.0502916142549206
0.0481753535257083
0.0555065007577571
0.0494464387406392
0.0416297921203427
0.0314618183445817
0.0342908356767451
0.0416883169939339
0.040368056428214
0.0410707461431508
0.0500458425485809
0.0630135674280174
0.0604014846899486
0.0376698125003633
0.0547785510354985
0.0635544913842598
0.0676166816175003
0.0664367771105882
0.094315468097032
0.0866778284702316
0.0585870417073389
0.0501133792189007
0.0392736043819462
0.0297724073225092
0.0296195396862341
0.0340637511887209
0.0522477691368986
0.0495635128252341
0.047542270603231
0.0485125135420489
0.031608053206871
0.0282806715804821
0.0234482059611553
0.0204690257165487
0.02218980731432
0.0286006096962132
0.0246108967640246
0.0229356977936738
0.0347315841764218
0.033788588942358
0.0332214264015539
0.0183358659921363
0.0149053662949153
0.0249086216658963
0.0420906453678211
0.0649740021212842
0.0686593025821255
0.0557226753349301
0.0551306842071656
0.0546876209460255
0.0614474391486599
0.0480635596377603
0.0379551937773001
0.0331702215553351
0.0214689257491106
0.0212785068096594
0.0135902390625577
0.0129922094663562
0.0171082610584884
0.0201586728244962
0.0145912558090385
0.0142263151070814
0.0151647459318285
0.0117732424366553
0.0116391468348719
0.010505506122272
0.0140744871296142
0.0122546284288234
0.00961269795299457
0.0145416986694208
0.0145812193285863
0.00923277720470031
0.0109631595718526
0.0129817303175884
0.0115551704023995
0.00972313126280893
0.0158972312692698
0.0213999643149499
0.0128093054168748
0.0137376400464458
0.018048989026343
0.0175871556989716
0.0178384646259749
0.017416879678892
0.0240802168769979
0.0381222902142781
0.0214837017129748
0.0111289508240302
0.0104356898581533
0.0197943173838367
0.0141019838731086
0.00978475699996856
0.00935917321747864
0.00804315447470662
0.00831036907483445
0.0112476408905818
0.0124610453252887
0.00982336645561977
0.00959085914458327
0.0097510740605819
0.0108648977037139
0.0158789806513696
0.0198890768618307
0.0131069778989053
0.00853547543393801
0.0111051753365089
0.0118971370395509
0.010273012334943
0.0145612656859301
0.0186912447467599
0.0139694982200549
0.00895485287316677
0.00656247113909852
0.0103070811436338
0.0121583404687489
0.0105947005299589
0.00991348700557023
0.00942493386733359
0.00839350670358419
0.00843745873703811
0.0103222076613012
0.0159162538584919
0.0165139175382253
0.0120511975859854
0.00847782416137374
0.00807916543059393
0.0123722408649197
0.0136182676394488
0.0114655875508657
0.0187524429479803
0.0210435134212976
0.0167124166942828
0.00979235630749325
0.0140858471227852
0.0168307576553769
0.0137398478495484
0.0111444459158553
0.0101498960713453
0.00915767085794068
0.00967283966901966
0.0148223149505678
0.0145185828312667
0.0098044566246204
0.00938672367519149
0.00981924810062708
0.0105569251665689
0.0108141484754988
0.013580225034004
0.0161960017504162
0.011963389570233
0.0113910384992622
0.0122062089974532
0.0104126204159242
0.0103613044760462
0.00937100131475304
0.00645879240028111
0.00604567946504909
0.00588209229748429
0.00572149139271841
0.00846184010904473
0.013537952750648
0.0160933872249349
0.0159786656539808
0.00861662038299098
0.00889968149153501
0.00810876346256951
0.0056901528283714
0.00649559033904517
0.00767803417880404
0.00851337139094248
0.00699853572958413
0.00873791811994172
0.0117396202251972
0.00887757261883975
0.00958641113230058
0.00879582228814998
0.00594048251652272
0.00662157269888194
0.0068267225736623
0.00635724867202684
0.00561460874788673
0.00811059123643061
0.00844259572035787
0.0100734396152741
0.0135246126452864
0.00735695675171234
0.00512019977479647
0.00717684264964503
0.0133174057129115
0.0116313460914291
0.00910293716915975
0.00818716382503835
0.00659894385829263
0.00487470309865451
0.00403207757789081
0.0046563115853952
0.00512819305505624
0.00799697430030526
0.00733550451628156
0.0068241764860275
0.0179686899840745
0.0153970046572722
0.010450934063845
0.0109730927577325
0.00461439342422701
0.00455468431574132
0.00846005366922676
0.0106472255430399
0.0122651367908203
0.0113350384764283
0.00982885173417403
0.00948057311828613
0.0036060024973162
0.00464954748878548
0.00562185071227627
0.00511721534551191
0.00511806363927889
0.00810189335747095
0.0075445811075564
0.00729195345953827
0.00569849782776274
0.00664664815790248
0.00921863938913494
0.00800621843359586
0.00577814207717761
0.00831797901524495
0.00892059511647713
0.00882966918381008
0.00902390341723766
0.0102844393500772
0.00775873686722666
0.00955492623406225
0.00848345553410224
0.00463016057352671
0.00733427863846606
0.007604991852646
0.0315529834192131
0.0542613171519911
0.0231181674499196
0.00762470481737334
0.00903884849210091
0.0110374234582415
0.0112946868798021
0.0129795253971567
0.013367841583315
0.0267397295873368
0.0304922286621176
0.0163272540611832
0.00737102440981871
0.00880442980602903
0.00686704462516663
0.0073752968499201
0.0076257724152329
0.00908460215692916
0.00668088958195232
0.00527632455500387
0.00627862093416989
0.00720911491771268
0.0438360680052763
0.160027478515626
0.128205752804265
0.0194535895566893
0.0108617089407337
0.0108825466415814
0.0109450120997641
0.0113552074523199
0.0145673288660951
0.0067082448403669
0.0064480682667091
0.00961696698809517
0.0110305774870181
0.00728141602994845
0.00759248327325154
0.00772175447357017
0.00734030226307868
0.0092420372370343
0.00844799607614901
0.0107467718976521
0.0102018968261154
0.00366608839316222
0.00447171373985677
0.00472832218016645
0.00343280340507453
0.00477259459512977
0.00573215587794622
0.00456087190012683
0.00425288856661276
0.00395518191946621
0.00477757634606556
0.00584658993863303
0.00495764755854689
0.00433028189184645
0.00502456362029896
0.00521073062855827
0.00580179361223722
0.00686514291307315
0.00748339659701034
0.00761120274267799
0.010450392815676
0.00923696297830592
0.00461612876346961
0.00612099879753713
0.00533098985569693
0.0051163451387409
0.0066421192412964
0.00625674922366994
0.00616717363090681
0.00724180787315315
0.0120690639658827
0.0102057598771777
0.00599148463111461
0.010782594743227
0.0126602313060306
0.00821039039796199
0.0065814774381641
0.00409687754721044
0.00366035811077125
0.00353084345069639
0.00360078073075897
0.00408888978267291
0.00473298842332769
0.00457482433980285
0.110344490944304
0.220501490929969
0.133557705638448
0.0814575758568744
0.105160369963663
0.0450576736089646
0.00684077040412177
0.00532626721949835
0.00523920422352759
0.00815712122169765
0.00813104099649469
0.00623842440127309
0.0056515266297897
0.00546653099779938
0.00628208195153369
0.0123361984623306
0.0148375675344613
0.00941750666635085
0.00677968520629392
0.00571091103510354
0.00576269827943823
0.00520445102941641
0.00638327208428081
0.00648173064042895
0.00847141582071527
0.0126071779730616
0.00844031011220127
0.0103583219995986
0.00950125429765698
0.00788770006657842
0.00451682442527011
0.00689649531016743
0.00528760778697408
0.00386434344188298
0.0131467177087812
0.0155983414344257
0.0167977697139313
0.0333388344639422
0.0138978046973384
0.0150123540352873
0.0126788654052074
0.0288480538719603
0.0183376828486213
0.00514200837992725
0.00398284420308669
0.00559392496785703
0.00633488510879448
0.00505745545959048
0.00491111684042557
0.00388415352149931
0.0046707403479657
0.00609326763030593
0.00419922427644572
0.00597098642257837
0.00698035824947143
0.00524202286417359
0.0044756342133184
0.0081754975094199
0.00661186954848267
0.00286046496494071
0.00402880290821077
0.00465765845786713
0.00350610920043362
0.00217080858236999
0.00398117188470277
0.00419528830658193
0.003185859563403
0.0301483884427187
0.0107749566853768
0.00919989356219068
0.00775497503697472
0.00645421761856429
0.0051974802213727
0.00634439908894806
0.0058610409019125
0.00669680507925197
0.00507193462052235
0.00340867582804199
0.00435720514195514
0.00794554869635512
0.00816020731108704
0.00777357481409928
0.00511431640403966
0.0183160607510201
0.0230512834261631
0.022245545909479
0.0296788400359752
0.017597337400918
0.0133052055338228
0.0081372900593167
0.00642886140040079
0.00677153462091264
0.00656842187156992
0.00478838030236919
0.00524172085491334
0.00602796574976167
0.00614818604117434
0.00588635537944612
0.00647018013400238
0.00692220670205258
0.00506564151546604
0.00370863745467754
0.00475683342566515
0.00500600585872558
0.00435067409111112
0.00354701894610363
0.00393155200034477
0.00364272860230986
0.00593820812358997
0.012260507071481
0.0122188629492356
0.00586044660189993
0.00406118961104281
0.00526816320730766
0.00475295585157829
0.00579125531818874
0.00450099663723095
0.00307994342303221
0.00428126779743269
0.00407038293431766
0.00364839374416289
0.00407174039736925
0.00358190565375838
0.00482686604103142
0.00395776106879344
0.00410112824544705
0.00455008836571489
0.00372130887638642
0.0036416148167211
0.00321660372529723
0.00421310545409233
0.00528672047655087
0.00467032725287757
0.00365435190984968
0.00372627660432768
0.00618783343959953
0.0120795957724952
0.00929256453835887
0.0053854228471762
0.00610842449889767
0.00533655660591546
0.00510115176540832
0.00546179508790424
0.00564902333566146
0.00485431161255415
0.0037517201555993
0.0038101113599885
0.00783656465630036
0.00682929512104682
0.00787698232378929
0.00595917581803757
0.00417695922863061
0.00393234661360319
0.00387700781065535
0.00561185923678038
0.00486192718479892
0.0059973831909355
0.00686554132689262
0.0072041232248431
0.00726634184886686
0.00509350562931348
0.00527416741107098
0.00523859809882335
0.00551537727318564
0.00811301989790368
0.00820297866128114
0.00648843746660231
0.00628967066988745
0.0063217936672199
0.00771340226161849
0.0061340030196311
0.00557125051407552
0.00760749460708898
0.0084892153094686
0.0041728594219359
0.00430145889716894
0.00589414489901752
0.00589572299623689
0.00384306980596136
0.00648586587587102
0.0151197441146374
0.0274516229083831
0.0224190006882993
0.0174775407046915
0.0153039146356752
0.0161035135843999
0.0169963305351467
0.00527141795756084
0.0124056118186071
0.0164249357340324
0.0104601483346133
0.00677744023419864
0.00490217039216843
0.0056323154051549
0.00637997351555359
0.00701170853188516
0.00669629028397418
0.0214538093095546
0.0329481165946514
0.0187875879181625
0.00704315033086484
0.00683358501730361
0.00834286828323597
0.00742759701475217
0.00605587417790973
0.00929875987547113
0.00959295955618805
0.00709828233596915
0.00688739943352325
0.00853359339564929
0.00864135849224599
0.00369018449035916
0.00704129631628471
0.0118426935838915
0.00750833258592283
0.00904475816489618
0.00815974642899089
0.00902760647477953
0.0156013421272522
0.00622187498103389
0.00511748484046543
0.00910745201274145
0.0132022823898486
0.00912387631260944
0.00624818370541903
0.010732397391395
0.0118131079246953
0.0111626567424354
0.00602510071751428
0.00585989718706283
0.00477971171148619
0.00345996677195336
0.00396800410654061
0.00490193304573607
0.00497471040007399
0.00450762873049056
0.00418807819814724
0.00447951727305636
0.00829785846723022
0.0114192427875237
0.0350152067406399
0.0289923000092249
0.0384175465497358
0.0137044635682977
0.0108057917631905
0.00923496722672066
0.0128085857118238
0.00793932500212791
0.00601399298545624
0.00503522140935327
0.00461462181599497
0.00442054823568055
0.00343156553070853
0.00533619875180629
0.00599138829694489
0.00573889914512594
0.00902951455193599
0.00556558666195772
0.0100051400612462
0.0131917044878665
0.0124388192892426
0.00805776604018439
0.00803616011919857
0.0145341433352843
0.0138879734686306
0.00669170413981987
0.00522280037148709
0.00450056846820856
0.00475733944406667
0.00354146875401984
0.00388695670356747
0.00476741485101475
0.00378446794309424
0.0072369235729247
0.00668955920678912
0.0197838671275135
0.0348653298389966
0.0170731100448418
0.0134387157420396
0.0087334057810249
0.0113007277173688
0.0065783574232899
0.0063452760466245
0.00534218299897042
0.00508333456187221
0.00485224363017064
0.00551332384072989
0.00546344518257898
0.00632429695405218
0.0105607946406956
0.00702902580864123
0.00690724611949452
0.0103718947210818
0.0174061531517279
0.0161517657579467
0.0286915976250502
0.012119898960426
0.0162548672579336
0.0127818262114641
0.00737347260392497
0.00866034687944594
0.00515320011035504
0.00658065932164448
0.00556504572246052
0.00468855326291162
0.00494647764055607
0.00455297181418444
0.00436379028349885
0.00396606481394687
0.00432720380192363
0.00672181118545498
0.00550973182333198
0.0072166202757575
0.0109409023306681
0.0067868619355189
0.00488260427972472
0.00419773420563526
0.00452055380645951
0.00550947032880581
0.00563202074015234
0.00536908110287532
0.00531208770669428
0.0109076297589025
0.0149437752964984
0.0285551617488748
0.0482531283708286
0.0257458679730373
0.0122825659251465
0.00711379519938784
0.00880363946051692
0.00543078156174126
0.00402583027109977
0.00600400333647694
0.00556402437242572
