1.36546969338608
1.7991148786521
2.47563307902166
1.44576355701797
1.00890431404626
2.02731080415495
2.74199550387911
1.89377642016058
1.97991148831477
1.24028148446941
0.683669180823355
0.518965056764176
0.976502272996401
1.81762835934341
2.10798273056125
1.47434746710262
3.49310953826783
3.6273498043647
1.06344750905427
1.32170866068236
0.967832394972579
0.895900968943183
2.29417554119179
2.33826536039672
0.928664131853035
0.870480923927689
0.864807027340532
1.05523093662633
1.71280816176422
1.49078835321603
1.00896211035696
1.94846907400705
1.93067998497013
1.58552783682566
0.858826615216808
0.744946012071877
1.09136502490652
1.12372501879696
0.805114299581418
1.05644453380942
1.42506589299713
1.72594650865681
5.4891064760843
5.55832472238927
1.01910675339624
0.972654686479677
2.5591525172807
4.26969598250022
2.55128374935509
1.36437507062455
1.71349119850315
1.65782576091611
1.73084404292622
5.36375919382838
4.40722242533878
0.912419063639234
0.713243645415265
0.516882989405338
1.09214538969546
2.0483926781479
1.9253041610813
0.891829046445887
0.883080796885082
1.32028214219541
2.53768929572061
1.69135152438795
0.777545030219271
0.616894780707007
1.60492961569132
1.49337189517274
5.89930254027406
10.2020048690943
4.82130998722868
1.81632179591402
1.86000699478629
2.38776121849983
2.41499245330388
1.05373007820294
0.823554055153576
2.33229358711369
8.46117858578886
7.25358883609074
1.32573605913805
1.34545594272215
3.04721893899865
2.50591293460847
1.90658295620423
1.85933504099076
1.38837652130401
2.2017488267193
1.99918377733474
1.03700894802193
3.24210451298021
3.28410665027136
1.28438020066032
1.58115482945246
1.24842626642821
0.790870060365579
0.84959752751871
1.23757055455877
5.98268508627367
6.9489718265243
9.31305866709749
9.13657435906979
1.30705051934814
0.729128090140307
3.20302061181304
6.06894410565009
3.01726444183562
1.82382478826832
1.13897370585259
1.75504719899865
5.34601823494495
3.75423995281757
1.21325350719424
0.695296812239226
2.23209928336324
3.24760957958307
2.02096193064277
1.3889258859461
1.40996542769355
1.31384016463798
0.869070818541835
1.16314367682133
1.44314580142492
3.25625793893705
3.72970902914287
1.18147673373172
2.71797155768508
3.89318313849178
1.92019292120435
1.99728955869159
1.92033655215422
1.19232434280988
1.1946324602319
1.62527702090729
1.75421592055782
1.77063554818823
3.19943975249992
2.69730659442621
1.04559370232966
0.836944408690163
1.11935257771052
1.60442302343193
1.35938941356812
0.928150978432564
3.5902931749746
4.18449039631558
2.04992670093478
3.82647481144053
4.31544974311444
2.61840945442081
1.08566854203422
1.37167047027443
7.32377151095864
11.6823643300184
4.78959150930516
0.828736929477843
0.744761675269178
0.787028694133654
0.893648711430702
1.23107888595807
1.32037946133334
0.907245583346901
0.580634507625104
0.61079935320103
0.636359481201488
0.856788814118907
1.20483165463032
1.12454580544302
1.48149269653791
1.50585926785763
1.70574046160937
2.40806789809004
3.30610245851762
1.7791211509706
0.670041003974556
0.794259448501657
0.970990122786381
1.3806367686654
1.32871758865096
1.63261536638265
2.06424558295342
2.19259139475167
2.858882016665
1.58763802729096
0.927535595369261
2.84142357802947
2.85363006228957
1.08749981366434
1.21814137723694
1.20356525514903
1.43879683354602
1.73751592391335
1.47963331791834
1.28631731747716
1.25813643075068
1.14837652163423
1.59621181516789
2.02990850887093
1.50474450578009
1.55993666291164
1.93396551651951
1.05476806860062
0.945998461653144
1.45323692078784
2.10492870091611
2.02787309060673
1.26944724067731
1.94237841061733
3.93300821225474
3.20688902443798
1.58616538805666
1.54634140179876
0.920857500703005
0.890622221020274
0.995566239045105
1.28269583086438
1.10429463101841
0.797829442441343
0.550020255808805
0.909936459623277
1.55787877568214
0.954362925370306
1.42921645405245
1.26925743355589
1.41587439990274
1.51656166654245
1.35240663986942
1.61237656224441
1.19845865585924
0.996725546823613
1.46530952515756
1.40757358252121
2.65224765398486
1.92156119048881
1.27272116126303
1.30125181657775
1.16268005613136
1.84317042058556
1.37754141607878
1.19426134084383
1.068478012804
1.58307693869797
2.42025997460949
2.06015927777724
1.34750355644177
1.1302194543618
1.17309528927116
1.19495153014849
0.837852618695098
0.864374463088257
0.875801429444433
1.07873333212233
1.30733026154575
1.2143105713579
1.26148783512724
1.58998582613875
2.20251540432606
1.53354811631626
2.95121273882534
1.80228002358427
2.67850827719254
2.69281871633972
5.19605320645722
4.60527443755501
10.3539308814994
6.50490631174083
1.47389225709414
2.24557834908604
2.06660721808786
