11.9984865986731
8.96268462223517
14.1071922515463
17.8720538245498
8.202078389582
6.17039976815938
8.6331178940127
8.15580308784819
7.63197448775992
10.8238887089346
16.5616934691113
20.649240555046
13.9020814451509
12.7243183915665
10.1359596576371
9.7382954060006
12.9914604289768
18.4633005758531
16.4567820666655
10.7411966665434
8.3987378216026
7.77285145415299
7.89032653174526
7.35805215283521
3.22296580986045
11.3030553645452
12.3749732021835
13.9980291728097
22.9272738606348
23.3717671066095
21.5818960742657
20.0670812845979
16.565922038397
14.386586926751
9.95181834267959
12.1645034558863
10.0619753493437
10.5874390720355
4.34546984814014
13.0650720109017
16.9787423115883
12.8169746926743
21.5391677954044
14.7930043457988
7.91808028873097
9.59977028994827
8.79342664508523
9.74024733083853
7.49534216074779
5.95521460412028
11.1401469934503
13.0348861526486
15.3886060911644
17.0549390836176
14.8463633735851
7.11552926446405
10.8443880793205
12.096907432929
10.8944224838714
9.22551938656302
11.0865237493967
16.1459773908323
16.1549887971341
8.02683573279105
24.1324753956658
21.7087764194449
15.9358039754058
10.3752984104138
6.42806450440997
9.11812556331712
14.1448417821656
15.5059903008483
20.2897759872254
12.1272856689464
15.6383169543625
11.9502914972084
11.5772908192343
8.53370434885065
10.0860246374098
12.2607964144034
8.82628898651647
11.5928184194617
12.2628795602283
12.9760007249133
8.71269022852175
8.40017087568405
5.58821580974466
4.33135399567417
8.99682582257653
10.7425989860048
6.6940251220068
6.13448853108209
10.6781345869921
9.6230877868303
13.0761200837235
11.8779419190472
8.55409613841257
10.5943418868095
8.10797847575694
8.90027196825049
12.2455488214468
8.38329048039368
10.9813846228345
13.7157641845357
11.9306551856984
9.90877080018263
11.0528325219528
10.8012355995985
9.26794364769588
9.80218326837644
9.96675469610429
12.0614661783031
7.25638558470485
10.6705677186466
14.6671614710086
7.28945271919348
5.83870564351218
13.9047397940583
13.9955143898554
10.9906377523721
10.7142248268879
14.3229254115406
14.1434181618091
15.3117815837582
13.4040691908373
10.6103465149949
7.79963547781235
7.63994259933874
12.3354858775914
11.9144858826552
9.02826065936085
8.07931814600016
10.3361016420621
16.4440211768002
13.3736598842823
8.62178197233582
6.22918352801811
10.9610508671979
10.156319951787
8.97151270158518
5.00996132414598
7.72546094420612
8.28292235277551
11.7099207768917
14.7770262323953
12.0561048253724
14.2759110234617
11.9754539433595
10.468450962583
23.9184522723686
25.9525313495622
12.7519569534368
7.95747419743479
10.3600223833096
11.6031978230706
11.085265876887
10.8282681091456
11.5508591997547
10.3563407006202
10.4389723380467
11.1135366490169
10.9191457640492
9.5045194400703
6.7122262255913
9.29800208733372
6.20259401299662
6.53536884943947
10.6983779748594
12.8450449999966
9.39446668529497
4.5480968414158
5.16510319057445
7.66525317974218
10.1467607996423
10.8872188757575
15.9465777648128
15.8849682135928
13.7560538181108
14.9664176693092
11.8425880383449
10.879247315008
11.3972423338736
9.56933440404062
10.643286579156
15.3218903886183
17.487834974135
9.54602042013675
9.87321816201835
10.2672944056608
6.61618532110521
5.91308890080993
9.66100016061666
19.9582809199131
18.2648366761813
9.78741695739701
11.7461253397432
11.3722716000977
9.63059015703306
12.2100545153056
10.4446453526879
13.5881178968257
20.9134584914669
17.7561067794997
13.7903455341297
13.1088851912094
11.9986855227031
15.2777963781329
16.2875507953977
8.52195984600457
9.33049507187877
8.35932494409898
8.16651154813941
14.274956440371
15.3833846651556
10.3934803074027
17.7004859006078
12.8368404731744
10.8263073258911
15.7194754241376
11.6882585687517
9.78089342543384
12.3928936991524
7.66127296637726
13.7018593630123
11.09841658157
7.01289729625929
8.1949380543364
10.7845861405316
7.73497652321496
8.63621261778182
9.03298391741201
13.0787399309931
22.7196928522852
12.591294757635
9.37339003541628
12.4740710154628
9.18313042922549
12.9556131797634
15.9927623325018
14.126410956757
13.1026425345228
12.1583584057666
14.3064371475061
14.0251472950902
13.0552113572426
9.19569380942697
7.25507236632217
7.17430092669177
7.82245781090645
8.55317548242253
9.34719960853105
11.1068121872541
13.1909972577054
13.8599936236112
12.2835831683675
7.75417772801556
7.46932708856472
6.69440566010136
8.30108534772659
10.5138733351706
8.88126248643451
8.74939823996676
9.47510444378391
2.73805791884299
11.5667623701908
20.6942975415094
16.5898106729975
7.67390665816022
11.4503027856023
17.6894282287235
26.0734782908955
19.1690919048667
18.1044188500788
17.7277410708176
10.2086554416878
8.46199296928518
6.66047019375717
6.9129294336416
10.9331053811336
11.4948019529269
11.0841768558859
10.9594392551772
11.9248223654714
16.1705266409756
11.7673209815374
12.4683858648149
13.1897448124329
11.3473279146389
11.0833789269675
11.5898101138535
16.4921938394454
15.5611425359566
10.5249378464554
7.34606788613843
9.75364662861707
22.3292118481462
31.7075123186855
21.6609601943129
19.5534190407108
13.9298212794259
14.7603372430035
9.33524222363165
6.14125138373357
6.20425233552674
9.23319044433597
11.5431961019702
10.1100758324468
8.61639994439689
6.91122842395419
14.7690642834904
16.1460003399598
11.3510529925439
7.12717526913274
8.55323258922624
8.46221294556239
7.38245580680132
7.85855138067785
8.2308527502044
10.1606232384427
9.87106769246453
10.115546715479
8.21129735240384
8.30703314037964
10.0729995968707
6.71910196183788
9.47263056209511
12.7193278193726
14.5017101151774
17.2190606482939
16.1748581919823
9.41972974806312
6.62019391982586
7.66025435174038
7.28059308981715
6.60011650036685
7.73561953757026
7.27025018644339
6.0822497179268
5.1250390102602
5.28555003955315
8.51350746354494
5.89866902667415
5.99491663102652
5.94746821921958
5.87601742939092
5.79206886047209
7.42075899835711
5.56624648657049
3.92465006417699
3.05933956343287
7.13785385257721
5.1582413658674
4.08752648537833
4.638339119614
5.70387440901487
8.62699325892948
4.83770386382706
5.9675116728089
12.1350971330001
3.48850832556626
7.66564826458738
4.1763676910143
6.72535741403848
5.63527078467171
5.24990474759328
3.30262638039244
4.02571843270329
2.69693747056913
5.42720928254794
4.85197894267323
3.91965695978829
5.19791112699469
4.37452511462671
5.34330003137113
7.05523334791814
9.81043748613416
8.88138342791144
7.95159789656179
10.7227885453184
5.09047760785325
6.7592966102498
5.63912426320286
5.48683935685909
5.33741874479638
7.44982316443405
6.41143841590282
9.42734150955628
8.20100961891151
7.86770260789318
2.32838410555877
3.49499746442741
6.11085082732207
4.52329576317914
1.87021150642028
4.79722520184885
5.42948902894962
4.58201619715433
3.31245998603661
3.01288321308605
2.26242304159269
2.13273913698846
5.18971379189291
2.28719976557923
4.35363750653248
2.10863837789471
3.51092373959903
3.99787069968013
6.75110289349773
5.76156519806731
3.60724199783858
5.01369156137295
5.11692365854788
4.1685215000003
4.48733462607449
5.94858635508024
4.25615451930343
4.33526888450053
2.7170846328045
2.2676061060856
2.72540430660265
5.43289220747147
5.32706010210983
5.44171772757498
4.58349266747153
6.02442621086104
7.31368793986063
7.61944576698978
12.3160406770924
14.4113198159719
9.26559187444926
4.29716020479791
6.80733658254159
5.05972302127334
6.91360422869641
5.31579173024061
4.17855499411361
5.56486172305091
6.2530724997794
3.77917966612092
4.70208015087115
4.99339301163349
6.0242106683289
5.99272210545264
4.66730169865043
4.46872116575645
7.1031689742989
5.57213901413719
4.26597777820988
5.74269290710985
6.08137605390383
5.7259622027393
6.26264962554341
6.18751928792556
5.58496590585596
4.49759205564636
5.54682202676732
5.48090902555436
5.15487361759568
6.28288747972339
5.00851869716657
5.98073514421471
10.8512916852573
9.00436609628246
5.88098105181658
3.31720747835293
4.2805810877681
4.67587089749387
4.71443297948675
4.52357881677639
5.42827227219232
4.55721828774806
3.81245998614393
5.60043195634969
6.8647447259908
5.19998777577104
5.44028300055457
5.74854008952745
5.91920952718099
5.29201876253412
5.33800550955027
4.64110195922047
8.3698854684238
8.35443613923394
9.0381132364007
7.55286570684155
7.93670197487941
7.45326306871342
4.51271441400609
4.76082863287788
4.95314347902525
6.01653105229815
8.07451698790981
7.41851400796492
6.40101620119876
7.0309968197849
7.72548355713016
5.1166708748488
4.53760161549389
3.18567439490081
4.11996795620111
3.30472419628201
4.65435981649041
4.9688877473467
6.18365175013149
5.36676907086989
4.31926224156733
4.98900570439522
5.73282606910873
5.09464287477317
5.11087895458106
4.63011392347339
5.48664899128658
5.99776916495705
5.84851464504573
3.31385121384687
3.5349153976928
4.34663875459415
6.96374630513618
6.14374291194614
5.92894077771809
7.02732061037257
5.20081294257736
3.84511099472904
5.87272166552554
7.82379849968825
5.45794460036542
4.0871560492722
5.63656717316072
5.14994984277566
4.15803042434487
2.09282675234015
2.95601537259454
3.99716540357999
3.26863432344569
5.79413700091005
4.8808461893494
3.80827488370426
3.96067458341588
4.32191050794424
1.78959197233961
2.28554459027257
3.99694518457616
4.07499019958471
3.54770488087984
3.28575153994989
4.70331993988187
2.65879236146324
3.99303370164423
7.66490153770275
4.06432433008585
3.78171387182396
6.26116466717413
5.85026651657452
3.09417124504919
4.54039080816357
2.43770329693566
4.8631981196478
3.26838807756583
3.30166327471134
4.78953391523461
5.42163115799737
1.71081430488979
3.02052360141696
9.41429214013072
3.74789726026042
4.55412500757573
4.79142925087762
4.06391400767759
4.02144992447678
4.90052039338407
5.64988219053592
5.27152231982996
7.68658038891486
8.61025533610302
5.74710016691975
5.10183211447563
4.71275343386437
3.73262495484647
5.18614947421927
5.61584921110652
7.32893799081854
3.76990579472788
7.01393498856843
6.30671424761203
6.13287246949099
4.30470289117187
4.45770519133443
4.72243674733175
5.21980171285407
4.34840802765242
5.15839158142609
4.23351137100033
4.3009844355569
4.22027646167873
4.41308967881312
4.31237384042071
3.97492270041864
5.54601305526761
8.4028461826064
8.31639746827036
4.66855193388558
5.33035508478982
4.89943497424604
6.33173810938841
7.9855326872287
5.87055203240362
4.81424527968313
5.85384077149953
7.0291575073443
6.42685936394872
3.9062605237684
3.71459319287807
4.10417181703739
5.01555454623472
7.51527782337562
7.94928418375622
7.03721000420054
11.4015091305925
10.3656937403252
7.5130030463333
7.14308950807696
7.71452941517169
7.30402395221289
2.50301997448867
5.41819775232509
5.14548330071008
4.0599631520285
4.70333083794245
4.54012438765381
4.30910680462426
4.7312375494455
4.23818051290696
2.6751215036715
1.6804603039101
1.85068499307509
3.80566836488726
3.80186208958343
4.01257708548802
3.98038189690156
4.04131848157059
3.53451761374844
2.64262003243684
1.85421307496375
3.96758552610044
4.77088753331478
5.82035853359421
4.9530522628412
5.11013311321089
4.27163341544654
3.69770241349107
6.24794807861166
3.67033673311883
3.82491980153851
6.06644657812227
4.9143107711662
3.30336095837587
4.60063648449366
3.65385918107079
3.92622834097804
4.9643450378743
5.26474616281252
2.78923502513533
4.0947536872533
7.01885227059914
5.5094613722302
7.55447218292527
6.48659286118426
6.01243243203486
5.71395420191705
6.28109103484636
8.94000857460496
6.83528025567005
5.97333796658766
4.4743023137938
5.53538603412257
7.23511801962625
6.30200079813104
4.75228212208894
6.07888442126456
8.43558483913591
6.30770385125226
4.52395426503157
6.69098578004928
6.57469400645386
5.12645474734126
4.47270250125613
4.57740882347791
3.7087292906606
3.68865403233273
3.70045122728157
4.42841259068342
