0.00383691739870445
0.00447990750659291
0.00416092919651704
0.00372214429166853
0.00397729488947621
0.00381647224720374
0.00452175233774065
0.00439776796525802
0.00457652696898551
0.00437201915285965
0.00430841895970394
0.00432092722495491
0.00397506753285441
0.00395258900260559
0.00454273573623352
0.00460585084507855
0.00373169055253022
0.00389046974166955
0.00459583751847241
0.00424557150333869
0.00407721204576109
0.00389113166705925
0.00333952201877944
0.00369568560428944
0.00410912029109968
0.00392865066299032
0.00437814220412464
0.00394738875667438
0.00427272977831433
0.0038495581407734
0.00363107225123577
0.00360502099857472
0.00397829422448032
0.00357262647177478
0.0035962681144814
0.00407579093506241
0.00360550974547023
0.00370921231018882
0.00358479027850762
0.00401292239272824
0.00385952764222583
0.00367996627605487
0.00300884881174592
0.00393453874071504
0.0041036243859239
0.00327199656251565
0.00364601381611673
0.00378189657692697
0.00410841070783067
0.00404820069094181
0.00353805745203327
0.00411702744571493
0.00518791586805806
0.00360281511992116
0.00371791219370236
0.00412734645061333
0.00292605335662167
0.00337759138727051
0.00353246669936932
0.00392733033601967
0.00331587144301089
0.0031283359623531
0.00332467904608798
0.00359847447746104
0.00384211249957621
0.00300359364234635
0.00344489850825415
0.00319753544434195
0.00332172276982468
0.00309064835120687
0.00343372578247941
0.00362877475940956
0.00356016022330949
0.00300633682210209
0.00289441567284287
0.00311074943992338
0.00364612894512147
0.0037436873784312
0.00313435759305313
0.00336824405055878
0.00395585079915573
0.00354284861478354
0.00335383852141087
0.00290652330176425
0.00296066937782226
0.00320986381038416
0.00350297069226956
0.00318211708432779
0.00306386126473814
0.00336434086845687
0.00326957988039217
0.00345567068401161
0.00333250547490545
0.00343881561775947
0.00337738245078986
0.00332081104243077
0.00373008089568459
0.0195169497277446
0.019344038313803
0.00411362307123102
0.00365254209118034
0.00413501440480209
0.00428825877690036
0.00437638440744519
0.00461042667361316
0.00438069497897236
0.00406394344533215
0.00353015654357829
0.0053321922781261
0.00369580122510307
0.00474434176124119
0.00375736582697748
0.00330364665380191
0.00382662938796544
0.00361492425407092
0.00390541990887368
0.00331791002706336
0.00385148929750027
0.00442759508036017
0.00378786355446807
0.00365487392027045
0.00347863741717549
0.00390298176226211
0.0042541313879874
0.0036786675002045
0.00280655207707759
0.00308544961776313
0.00324242375211047
0.00299267142762725
0.00349780766806078
0.00494495079965048
0.00445369113700768
0.00321510368622612
0.00343388804995901
0.00323639995539741
0.00336188573946643
0.00315748898985033
0.00313213486390098
0.0034846013124885
0.00357992187674829
0.00368448360540848
0.00437120912104726
0.00389804728468081
0.00327297163739972
0.00407823909163493
0.0042208364898814
0.0042462374380727
0.00407459044743428
0.004029464694229
0.00415645461160241
0.00352547737946636
0.00340972661961696
0.00332779881503378
0.00332190983351613
0.00360880392307846
0.00367389371137309
0.00352154580152483
0.00387084679451294
0.00424117127794236
0.00733092190560333
0.00814460593166813
0.00559046842227961
0.00377019857085171
0.00343887755925368
0.0037335229395267
0.00336169009636801
0.00357723373066322
0.00436209642470206
0.00424491196115138
0.00416569844076234
0.00404174903517715
0.0038761154620601
0.00335119691522464
0.0033786714683488
0.00313683137775659
0.00351678484862316
0.00543240588210562
0.00561641135690317
0.0230837931446093
0.0231837742667384
0.00593475713538245
0.00360027896099326
0.00368303740787233
0.00348731549027171
0.00333993671446431
0.00328202941736732
0.00345095864006433
0.00335770560465767
0.00339387078017392
0.00354778508192011
0.0036678769091298
0.00381607241302066
0.00370463128553654
0.00466779319980427
0.00383470705784099
0.00356601874610712
0.00325068391712325
0.00439392761888603
0.00436772070997031
0.00460324078364417
0.00332166308561586
0.00380934815501735
0.00374262190833781
0.0039034932576331
0.00382607473310478
0.00351525858148571
0.00375939064456271
0.00367528416206301
0.00393749448285751
0.00380978901679307
0.00402057425596155
0.00438649618308208
0.00437618510834544
0.00472049613163342
0.00462244063319029
0.00467863084749898
0.003766279464542
0.0039040955363954
0.00414419153144407
0.00440276551265861
0.00468773080085924
0.004435696264246
0.00403673490303662
0.00366367161088774
0.00357854081419739
0.00374500905921123
0.00374756365938218
0.00392748005212078
0.00362194824759774
0.00421168752742571
0.00406533100681325
0.00398990048093599
0.00366418452080144
0.00314280155027023
0.00394507531303655
0.00363912783443329
0.00390620958187242
0.00409612493007484
0.00443866080624511
0.00424037913016129
0.00421662010205836
0.00425505037961297
0.00351504855998794
0.00381691581343743
0.00422718323123556
0.00424413349658845
0.00366536231123485
0.00361004651020718
0.00973043465912113
0.0103939199439823
0.00479817023507764
0.00376590495793058
0.00362081226631001
0.00341519476525522
0.00289485762939041
0.0033692447980362
0.00345018013775768
0.00349383707124934
0.00365186168246352
0.00335938247719207
0.0030053194082632
0.00346911301212044
0.00396523213148838
0.00396939626627768
0.00361062027141462
0.00352340735105169
0.00416114997535022
0.00333008247212151
0.00341911496954243
0.00332097401310738
0.00322827475542829
0.00303349267594018
0.00334742307247761
0.00359056899859823
0.00328415345693143
0.0032008514919432
0.00338846911692326
0.00338944175537964
0.0035726520680548
0.0039058973359012
0.00353493761993699
0.00398307874596013
0.00416006863242517
0.00373350452176957
0.00341584319806324
0.00350332599512666
0.00340550064211632
0.00304040808250413
0.00326162179261331
0.0040498532563289
0.00442201420394533
0.00425196477294139
0.0049353863103982
0.00370698424856086
0.00433998149606031
0.00397201913267795
0.00361434894465339
0.00322150027281746
0.00314708062689637
0.00343194571485295
0.00356798692638551
0.00369822445640056
0.00375410157586862
0.00370945530828094
0.0041818801512161
0.00379742583439627
0.00383428207830842
0.0039166521068641
0.00415315337027002
0.00429382847411131
0.00439120117390956
0.00446824593406169
0.00402284844210276
0.00355235703835073
0.00332642386345036
0.00335944094434278
0.00313315422069749
0.00370627407195456
0.00369996431049782
0.00399325576660794
0.00408077193835989
0.0044527609531784
0.00368884779661462
0.00348022413630159
0.00325926263199334
0.00331470009877025
0.00355697582966892
0.00379944534723048
0.00358233660951597
0.00362854192793896
0.00414108091957133
0.00368109961790131
0.00354863537773607
0.00330698306334046
0.00351467462563447
0.00348618296402192
0.00337072650762627
0.00438768159244001
0.0055089922424046
0.00619024455576486
0.00611566543764878
0.00545364392461537
0.00526796730324392
0.00488030891398848
0.00432990442282155
0.00412642064969975
0.0047476765043753
0.00504402077381921
0.00669255992642698
0.00717513042118081
0.00603813449122275
0.00601907700127039
0.00571094473184279
0.00545513424565734
0.00503768227825721
0.00488641765083289
0.00460002291490039
0.00477852524249117
0.00474460768008119
0.00405443453718612
0.00385325516544589
0.00501288949972403
0.00486495009958563
0.00458817551628869
0.00518748857780787
0.00412966757758778
0.00398562797457578
0.00452770258169929
0.00488461982347465
0.00536239214945875
0.00683377212010379
0.00508974585882568
0.00632260965543043
0.00671192088423865
0.00575084793824898
0.00503575189941905
0.00468269894794918
0.00416280432168057
0.00423332807446412
0.00420294088610147
0.00365815151905385
0.00358779734351502
0.00334378317569713
0.0034895122671741
0.00371053242224414
0.00396010093475928
0.00407496373260494
0.00358312747510479
0.0033694832742496
0.00337752584136968
0.00400705004767418
0.00392786530339392
0.00319028408997983
0.00442942249048434
0.00611811931287499
0.00419127011400982
0.00358573021021057
0.00324820349293712
0.00326189262782116
0.00362179035489257
0.00337462991622141
0.00344543034026863
0.0035316668335064
0.00366737957080799
0.0036891524925819
0.00353389729470635
0.00387655730421608
0.00339865745872759
0.00347280773968753
0.0035306541766443
0.00357032285349255
0.00336059500952135
0.00343046667821827
0.0038147048204289
0.00375729740785889
0.00346776486336983
0.00321700996912397
0.00280649066620975
0.00379997544048032
0.00382945476417726
0.00344879691829292
0.00345256588485985
0.00376623240716466
0.00378796445335107
0.00352846370378437
0.00331479920917487
0.00342269015137605
0.00350340922094329
0.00303653082530158
0.00350235256900938
0.00340704642408383
0.00377598909607528
0.0044031699720402
0.00417634381779567
0.00400868805910497
0.00356027371193068
0.00308368470942704
0.00316631412641562
0.0033584391319212
0.00371815302293665
0.00323561106065584
0.00327278527136634
0.00354048089154834
0.00376162357180494
0.00351695688709177
0.00331448246614628
0.00397758597234822
0.00360240944388661
0.00337325328455497
0.00385141129341286
0.00333962064172355
0.00385207009009102
0.00449316891794077
0.00426358696040016
0.00325752717832841
0.00345223093974806
0.00361021243144044
0.00337625576136264
0.00324337732728479
0.00406896028044172
0.00414565751890598
0.00371455978857148
0.00371429732848428
0.00355021268995356
0.00353309603322729
0.00358429565760244
0.00394701849945854
0.00365980259996204
0.00334803685405061
0.00358847420241603
0.00366507096771667
0.00381493858164939
0.00319551322778547
0.00362082931864647
0.00466581392451685
0.00477038337045038
0.00471571520056887
0.00429856159594163
0.0028924645314006
0.00301075304720199
0.00341409023764212
0.00316518292337549
0.0027499921519685
0.00383591605684057
0.00438385941083034
0.00382783699683948
0.00381496385550043
0.00364437435159444
0.0034750083531722
0.00338736764010571
0.00340504908127606
0.00340087096795768
0.00323324134518698
0.00323912436481002
0.00321261722112919
0.00311927431953891
0.00297098166427674
0.00387413691473799
0.00337176339245966
0.00331545482122742
0.00360401137743747
0.00454252384101949
0.00456601634565318
0.00430347934677767
0.0049802309008875
0.00606379063274266
0.00610834707894509
0.00590515617918816
0.00560926018082789
0.0051945599228808
0.00458701227391688
0.00450127756717985
0.0047630010727375
0.00448663498410808
0.00427761142825927
0.00376608140827978
0.00349799806190307
0.00448689651933678
0.00399797609219926
0.00371750789128149
0.00385573660001355
0.00359612683645633
0.00351697408611061
0.00387632147756752
0.00307798000040578
0.00292003849641195
0.00305269370306838
0.00320302462421202
0.00345248982175818
0.00341860700642588
0.00361378665330861
0.00434531618667383
0.00465826388444929
0.00395099813667105
0.00337243792681743
0.00332876190526251
0.00358063735683564
0.00345776058225332
0.00309592689867588
0.00375200550047757
0.00367273695306547
0.00348279433718821
0.00359999310820575
0.0036203597375302
0.0045448186892088
0.00453116652820399
0.0041351739586111
0.0039655078845244
0.00405316666988207
0.00378108249373654
0.00297017505283485
0.00348091994309156
0.00357116249364791
0.00351601762684598
0.00411941965207003
0.00426501532656108
0.00322371778949821
0.00363718381079287
0.00393855530469219
0.00363398491280427
0.00342993693376699
0.00405712307212305
0.00394476530707283
0.00348368000271156
0.00344257568885026
0.00412755376120751
0.00449391851177426
0.0037098128628139
0.00385885498236883
0.00375452766066486
0.00349770142539934
0.00329622288714159
0.00347474357400717
0.00372953188654945
0.00371128466362495
0.00349338519411758
0.00382119752242851
0.0033887914267021
0.0034559453995731
0.00434456758168667
0.00449193389880627
0.00472048657769658
0.00452430808297461
0.00428565520409772
0.00603331837181909
0.00606029944154251
0.00551193659074999
0.00710205240125802
0.00597454836232845
0.00468720274216442
0.00471649104094475
0.00508703311239716
0.00454958166176559
0.00451294276324595
0.00410591492387051
0.00440857321524256
0.00409096449904908
0.00342103365575984
0.00368995270724987
0.00393054972395596
0.00373214426913036
0.00385648928738427
0.00429622338970617
0.00438779537905047
0.00410954867945734
0.00430329493689386
0.00482733273539547
0.00517154664174875
0.00510837305013293
0.0053302518269256
0.00517394811462293
0.00627479745140464
0.00692914283503248
0.0054078322692686
0.00484159440597222
0.00439464318568342
0.00409728943657922
0.00412765550508912
0.00537178847539452
0.00417502127613951
0.00402530323401952
0.00451205001958294
0.00389876529400451
0.0036446365252732
0.00359112204686034
0.0037893867867893
0.00347666679534048
0.00354475127683335
0.00363265696618168
0.0036579429395354
0.00325155613244954
0.00353174304598479
0.00345218335020338
0.00323888299011657
0.00287989817870068
0.00324930862803566
0.00313742262780806
0.00361318259255788
0.00316370207786053
0.00327842194501168
0.00317090140176212
0.00300541617580506
0.0038323508109084
0.00346470041486621
0.00293786872092494
0.00306869455740494
0.00320461802343938
0.0030416527158836
0.00364633786271317
0.00384625272128404
0.00354947777772392
0.00316944150518493
0.00352537700558864
0.00343603294469623
0.00324301225821153
0.00352517848481574
0.00355426408909917
0.00366275892806915
0.00346883206428804
0.00312170170560818
0.00325617894134458
0.0036411545771735
0.00382977932941319
0.00399792620024688
0.00330081475806095
0.0036354314114646
0.00327862824901954
0.00326836375834582
0.00398587732635936
0.00432190584996545
0.00458736871951741
0.0040116506267843
0.00322275220301962
0.00321446982820918
0.00323584022913056
0.00377020066413987
0.0039293403343518
0.00405968761332044
0.00390266286026527
0.00380589183888691
0.00394577213906421
0.00371334024904955
0.00334723794347819
0.0038932615084715
0.00389274522929788
0.00396394623228826
0.00384116898760433
0.00359952129728147
0.00376876030535867
0.00450908823119634
0.00458438680460522
0.00473659274229338
0.00424523053900897
0.00436718995677948
0.00386667482058594
0.00383100372896167
0.00379632777714311
0.00375131467225627
0.00401910287500571
0.00392400482527652
0.0038947424429787
0.00399126435541849
0.00355597667865256
0.00310508267643518
0.00359775907222319
0.00420193094660285
0.004016987724175
0.00382638392812464
0.00373313522980495
0.00415985717306844
0.00436144541973616
0.00421366897274851
0.00383024993578721
0.00366971927796094
0.00325438608370392
0.00293684159027504
0.00341939417536196
0.00356388504563722
0.00399584852124609
0.00383527997348635
0.00445749163147823
0.00378126172598672
0.00380792875420454
0.00352066747078847
0.00288024524453999
0.00304250387453546
0.00414167268042899
0.00377179479554396
0.00366487613994768
0.00385766083927927
0.00387555252907191
0.00325243381971156
0.00359447213399743
0.00380661106285061
0.00401931821517024
0.00408842817284177
0.00357098120307776
0.00319520312095001
0.0032520612224598
0.00344302052592586
0.00400033674708415
0.00368805304569651
0.00385886662306264
0.00386815516337906
0.00408086743933441
0.00412750163090559
0.00392564828960694
0.00380419276886331
0.00367986271711177
0.0031711472763525
0.0036403154652883
0.00415287593176739
0.00447075154007277
0.00367589561212089
0.00376320215043372
0.00453513414846543
0.00401964521770363
0.00376595993055642
0.00350579152011062
0.00475475070456187
0.00458910379115735
0.00355021560396748
0.00397258709144119
0.00399358827904418
0.00394312783804738
0.00362497212973198
0.00378059535490773
0.00396938118675618
0.00393469261832273
0.00364285205234873
0.00363091698532141
0.00336748961417528
0.00317381773182189
0.00395962316671547
0.00397592071060652
0.003048911447395
0.00281743315049345
0.00347268858203319
0.00410335590208984
0.00404785015804952
0.00558597775454943
0.00580160080660798
0.00439807819682857
0.00371521280761422
0.00332509015290862
0.00310367889327287
0.00350465784495225
0.00348259529510001
0.00323387611596119
0.00349101633676616
0.00338772002580924
0.00368079344531296
0.00315905093317853
0.00344785838781534
0.00366290166942981
0.00355254554342574
0.00434685223901621
0.00426755832348799
0.00348670672052224
0.00359965824391265
0.0034711206379312
0.00371336053072019
0.00406244315989878
0.00442389286714486
0.00459051405579736
0.00464056415092113
0.00514351754572348
0.00536127128324186
0.00462564026888076
0.00439775591388114
0.0040926171865629
0.00366834775125984
0.00335943936912131
0.00291345338605241
0.00272746901768738
0.00351812660266946
0.00413393209942896
0.00344300310002273
0.00331781804676549
0.00341931691873938
0.00356977911920001
0.00372970656949381
0.00416321098495458
0.00467355075402972
0.00425029942846351
0.00394781761340407
0.00388896740839547
0.00355716669354884
0.00345210412315837
0.00383131095432726
0.00365266006038289
0.00325892153482353
0.00365461631144702
0.00420528831126018
0.00380441557574609
0.0040255946155494
0.00362643603571052
0.00329158999321875
0.00344489825212746
0.00374338299278438
0.00400389089505951
0.00367798041879003
0.00354925038620667
0.00401508467145842
0.00344335482332613
0.00364713848185735
0.00389652778593709
0.00437350462184361
0.00414890345547685
0.00380119162643434
0.00528517325034542
0.00394149874815419
0.00399885923484814
0.00374325209091644
0.00320064813615697
0.00366810571746527
0.00365065431430926
0.0035069455112094
0.00335928533213483
0.0035464945762937
0.0040767465332929
0.00407396698266483
0.00390297163911651
0.00385827828719023
0.00388058469033196
0.00360310881326338
0.00323011005844402
0.0036686376729588
0.00359932803250655
0.00374780596594937
0.003764880894626
0.00427287472932428
0.00410317878241326
0.00395616423954611
0.00423345500260346
0.00537154114290072
0.00528208212500223
0.00542755770614921
0.00462532979337956
0.00429838410732209
0.00562360258761202
0.00492370032770476
0.00541220343915604
0.00702525895267589
0.00828741459618747
0.00657120830497548
0.00640536697513954
0.00623145942006246
0.00593856976094637
0.00544602265418888
0.00406088970685803
0.00326824093354339
0.0040244692838361
0.00439648893268803
0.00524902625100029
0.00552073486628235
0.00482969225832059
0.0049009380669258
0.00602270189759068
0.00548670693245672
0.00450773226708963
0.00335321950726312
0.00383316803917336
0.0034725026349146
0.00304615851848448
0.00348085882721689
0.00390572150446505
0.00367917080483203
0.00391268420290743
0.0038123849773305
0.00402552482351979
0.00446890734612264
0.00467817707462642
0.0063810230395628
0.00674451799711715
0.0070255555520512
0.00684048677717208
0.00677518302555276
0.00620781253939648
0.00649303206980132
0.00620716794150146
0.0049375817770945
0.00588060310542876
0.00499096194254775
0.00406710910649645
0.00428539454873498
0.00403125189295614
0.00437751406343567
0.00427052814621188
0.0039380755953519
0.00381300738928435
