0.192578356432021
0.142466229425955
0.0830667986278061
0.0926948291093927
0.183591055259882
0.171531043479052
0.211714819403871
0.517598261244976
0.448876170433169
0.400219905175551
0.288145238307546
0.248554282964917
0.418243021568712
0.197617147510224
0.120673988096803
0.0762634831659254
0.201896693743828
0.097797393249481
0.0421418309026359
0.136089569196484
0.279072710336557
1.07837577921167
1.33879152078731
0.528253737978447
0.197762735047091
0.137531198226524
0.107742482490481
0.0733244286267812
0.0790615156769201
0.109956514882686
0.0631683937347673
0.0926772121324081
0.308953295367935
0.35112208223933
0.378472667043994
0.378541387450398
0.35694203698478
0.318446570943554
0.356035798572057
0.169486189848392
0.228441388185584
0.30049316243444
0.38871533920761
0.384570793055282
0.235091104173802
0.38057105130666
0.373034736738505
0.1752106293269
0.190868272431236
0.672735617146613
0.57908630959303
0.172410980532475
0.50604543594387
0.519353286061776
0.170986219918695
0.312860709681548
0.316965304428457
0.0962793438259299
0.0554246837177462
0.0430595871897401
0.0774828405868894
0.0809093221356365
0.137147295401084
0.170354540554724
0.0553505995609139
0.254389717807301
0.19040580945035
0.126721624575848
0.0371653230452567
0.0516750882856796
0.144489625777011
0.132643396875471
0.0427760566994811
0.0826552336752773
0.0868149035655667
0.102332839229306
0.508340914740843
0.228159747170153
0.0337304980161578
0.178642056374556
0.151938667480907
0.185617874759117
0.229122823368473
0.211242167520801
0.0686705816229313
0.0583877611249333
0.0585607153115325
0.133769331387349
0.12398442256883
0.0655594352735511
0.184905967229024
0.137008043858638
0.200805111925916
0.18138559177522
0.145743500009104
0.197838547782389
0.226681599437026
0.276196512897909
0.321692798044006
0.102225520997496
0.0682787705788709
0.0956843117181697
0.150688522510915
0.370661758881988
0.228498790527037
0.123018291688218
0.122924668145516
0.144214686501228
0.707097906493675
1.589831560572
0.970167787975905
0.367286046128431
0.331158986801065
0.490993864654793
0.263448457687265
0.0730933190721221
0.172728331719747
0.165019652907851
0.148320545851268
0.132002103642548
0.361553386295085
1.0113957013874
1.41866375952974
0.965904344312266
0.165389552923342
0.0760917431086243
0.165108646198148
0.642201982613445
0.277585286504335
1.02669281728597
0.751846250095294
0.353890079276653
0.135281552194157
0.24780125919953
0.318349659842908
0.0675770968406375
0.154734937440107
0.100816668629289
0.122144734716282
0.157916375769735
0.202052241126207
0.389215598643354
0.610790428878659
0.102904397759828
0.0659494369023743
0.0994570188289658
0.242073789819672
0.273797134827379
0.16309496396682
0.0899877867807299
0.148515961999911
0.457839932537201
0.327549180956394
0.224138633145211
0.19614502834541
0.226793222551971
0.14218674945612
0.233298852397078
0.322463838047248
0.56741705144379
1.13260151651814
0.580394472217369
0.357831758484848
0.147444504886255
0.0541370026212115
0.043530157742343
0.276927252255752
0.371350325398933
0.260211921418202
0.381450907538604
0.304992743462621
0.151395408596501
0.224771462002402
0.49194725481553
0.493895163732705
0.432481345495352
1.29750233572178
1.17031692413389
0.36317278756285
1.01602431531034
0.170773529042423
0.108982290793673
0.0483562588278519
0.0917799177989864
0.123664395160273
0.0675621555416733
0.334639603097758
0.199778912913049
0.231006618292194
0.168286557747899
0.102724058262571
0.0814433910590429
0.107351327208912
0.232001666880712
0.258201593702664
0.207027229769518
0.131369492530796
0.124428288342411
0.17412746327358
0.206468619518373
0.147046138954932
0.0948182288315696
0.135640947791726
0.146212419578801
0.108212957109058
0.0620336483303794
0.0692495919872944
0.145258938183795
0.126598576802393
0.486798231711377
0.606216859447753
0.389088936802634
0.418291103962374
0.299872132590254
0.155181038687383
0.115625288520592
0.189892261585028
0.275609406264916
0.459555189473729
0.990712979305776
0.782996725481448
0.370307276893177
0.252406648452415
0.147979357703157
0.16365736237813
0.287364633529766
0.47773459338393
0.42464634394386
0.142349928684998
0.438472412213718
0.603830246364391
0.215009139458274
0.159101509051393
0.101916545536247
0.518864582886376
0.955287606135023
0.861926539721285
0.444505625699518
0.205012515056132
0.230961978523746
0.373012594229669
0.223124377257046
0.110854201463113
0.148552960358074
0.123414216613229
0.0838088244393923
0.0845657316789002
0.137101805763652
0.0921239245172302
0.0847639630643881
0.0443320141189485
0.115947573999598
0.19248466950621
0.049866093841723
0.0686859594436436
0.1478926901372
0.124357097621477
0.0539385034182355
0.0337447554843998
0.0312990568939697
0.113548509576341
0.115559205393641
0.107228686302886
0.0854536618993667
0.0628536238204925
0.0449270438193592
0.0986887724546175
0.157969812581434
0.127371992759203
0.17919563990168
0.174918825913819
0.0185751096328463
0.181199013442308
0.126714931874898
0.455390755761496
0.614870283786123
0.0721110938099844
0.302775161744878
0.559374981600573
0.211315251005345
0.289671229129263
0.378645886266795
0.113068883119824
0.0240876026410113
0.35509263544314
0.201187182231028
0.0445779083720937
0.059581478643158
0.0689172342909005
0.0258359951243434
0.115930243794169
0.172952572885154
0.136184262273327
0.437025558956985
0.615463987103022
0.298211644125282
0.11526619717208
0.208922573260895
0.225487555133757
0.25778000287338
0.247032488319296
0.202547697258507
0.152570516771743
0.13374056012618
0.24500317336002
0.193098999346471
0.0788121670836258
0.665702819212391
0.917616625739233
0.741460117402126
0.555828547758117
0.186817970525117
0.232687875001229
0.383443286083793
0.125024855916065
0.19330690338668
0.172469441540309
0.127218222324983
0.0414175320651033
0.0728597649604821
0.12005325674865
0.238451188801862
0.152471588673419
0.103835538517819
0.0845961952502183
0.123942087256529
0.293024775277428
0.431742158757764
0.280112474927767
0.1517923750131
0.150550856254746
0.605323688456681
0.607910609560766
0.827423915408036
0.81151892002734
0.930973540878666
0.503464513826827
0.367871825366391
0.275744820995949
0.0614953574731195
0.0783327399798139
0.0511890686312757
0.0498243677246569
0.0911512668989313
0.136595183361467
0.103204775528749
0.0520252893477137
0.0565418884334743
0.0734319427683499
0.100484123252496
0.186997553419799
0.318359046721713
0.27880430307985
0.114220830038447
0.120499038573432
0.0371482012262462
0.0762310703755252
0.0741329897155645
0.057843996544369
0.0486865520958116
0.19861302749777
0.0968240631142965
0.0771854248867171
0.0606258397312078
0.12812382288247
0.0996330061666307
0.0609506821953805
0.0656368612467615
0.0756321382255238
0.270822480202275
0.26577345810974
0.233186692148427
0.200289529266057
0.125749652533441
0.0894547395130145
0.0523485287832141
0.0347183435866822
0.064613288271503
0.109695842178745
0.185213606636238
0.175216681683901
0.0557265262786116
0.0749506453491741
0.266530011102114
0.163025606221887
0.10920556077245
0.0901959547662472
0.217308810005278
0.215969588294964
0.262622880247681
0.0884324487106842
0.0810747736038551
0.0781734593142017
0.347148461862177
0.937421967794665
0.0511150276796401
0.0262236796981491
0.0634783690294068
0.137564125492853
0.0552120926009774
0.0984225867055807
0.0313824377426079
0.0294705692550478
0.0284104311478295
0.0442465640906434
0.145100999165823
0.195299335841237
0.108257970751011
0.112152469244815
0.214957044648946
0.112747891937088
0.0361798064651592
0.0293743105846204
0.182965715624477
0.401083135080701
0.0850454304442566
0.0665950632268297
0.0651644237679159
0.13460303509889
0.130309211445612
0.147058105747761
0.188556623986075
0.192744679863322
0.175218285074654
0.0420982421892561
0.0469672977032631
0.172424895860227
0.169374327295687
0.0820148229035779
0.0547127740786226
0.124986675004782
0.10043803387718
0.0539213930553708
0.0837056993698154
0.276218307609612
0.198758491743466
0.0658094225845303
0.0693094661232415
0.0997085416742901
0.106937661249927
0.0922634803125149
0.194348421756332
0.157549081552626
0.0947024686808897
0.217665462747401
0.962408236442205
0.310564552710346
0.124762089374738
0.256585439441849
0.213262256613237
0.08527618952799
0.0882533693487212
0.119030673486145
0.26646918225193
0.20794902362255
0.256183383139149
0.599675397520325
0.398646887554455
0.164192951069973
0.445253215729428
0.576293923553565
0.169160560468829
0.135740732496572
0.443286561393453
0.403643317781233
0.225031585352097
0.827937786228045
1.52446030964013
1.22109545665181
0.277036497095911
0.0786465722878526
0.109119268176928
0.207359017000375
0.286048724373458
0.833402706607629
0.632931319576267
0.0438848319942644
0.0493460846417442
0.0690404837764985
0.173603367814956
0.210072114366001
0.230722466097287
0.114183686123477
0.107615067824942
0.0940612790487021
0.0557158052304961
0.0625824923015617
0.338300724208186
0.342866742307812
0.29050036589528
0.208135168872179
0.162317692405327
0.130843395966678
0.1459168541751
0.156547824492339
0.168021569884202
0.252515275152103
0.101287478056801
0.0284904512669095
0.152466962338277
0.300107111348747
0.303076721839811
0.454395788750409
0.402651414681288
0.245867550355061
0.130812904033805
0.130552566824899
0.167988302034978
0.187993270028019
0.0782157414996312
0.0797345681524689
0.139538869558105
0.0604147096599836
0.0678584200277785
0.126949033003802
0.330950175060707
0.48258421222848
0.298639477636086
0.11726319995684
0.100055430051897
0.135011353174583
0.114146292062553
0.243190255281143
0.209599532645134
0.183215885507628
0.0676034609984181
0.0829193679747177
0.131799311409209
0.0971843284294634
0.0578465877428896
0.155907173269119
0.426982406004221
0.238655431099352
0.0913067426077
0.167979797548095
0.154251107594058
0.158297888940095
0.400106702632255
0.340405976990118
0.100300627306242
0.0538285840577482
0.0961053550322002
0.156645263440718
0.207668306916772
0.191664601650718
0.231426865802409
0.221170309623042
0.0854447894219439
0.0673122800179566
0.0996261086833294
0.159098798217352
0.19812872300627
0.240325069246477
0.208062845036544
0.13203648861956
0.0982540769447572
0.156333001752535
0.286746386841895
0.147758997429542
0.0505978297157744
0.0521720744657588
0.190648383498373
0.228485134903302
0.160843010837988
0.145392221225401
0.163365878686385
0.134892691122029
0.223895981872003
0.12277032776621
0.118589585024837
0.118353946504374
0.0667758896151565
0.199258599071256
0.17367968792626
0.112873114692178
0.186254603791319
0.186445612306264
0.122649943460024
0.116850564719398
0.112405847959304
0.0924003871928614
0.0797735385791584
0.104004198904307
0.138133441748384
0.0421630032948557
0.083101689469313
0.115514108909597
0.111775898547802
0.129658673592489
0.0719256273621158
0.112377882683523
0.0851199150980997
0.113017309283911
0.46525310654036
0.298772979166713
0.112413936914887
0.129988643845487
0.149055126640858
0.0540061860165723
0.0721697517046571
0.0753467314732376
0.0641622103575438
0.0802511023933177
0.209035472635513
0.267594242583986
0.147717750132493
0.128739528790554
0.176849564331446
0.103045098635897
0.0596693346362603
0.100893642047706
0.07442086700154
0.0870893989585893
0.116403165697033
0.100794607672273
0.0867477689420772
0.112857119802225
0.161147198961706
0.15750445161158
0.138940239968923
0.131474174813647
0.214275784151476
0.17247498531029
0.0838403181132141
0.0974470703970464
0.0549182614475754
0.0564925927371264
0.0613110136513204
0.147062102016812
0.0986082285379942
0.0884032175893192
0.185388829326274
0.121548017058884
0.192279006843642
0.295759086178897
0.0930996643903278
0.218679827900132
0.193865528571167
0.128902316058108
0.0908818818732292
0.12676047149496
0.0982812252510069
0.0422179023772255
0.0432239052407854
0.0669055903052203
0.102730112376874
0.237059098171103
0.217828271503513
0.133286842093665
0.16002302369165
0.369947293201255
0.135559220651208
0.0366378505669946
0.145011782878501
0.106292070231129
0.0454064417224743
0.153244837015775
0.525677017443919
0.214214160649314
0.0937758883587815
0.0936599147973648
0.0725213652015224
0.121481675401131
0.200703108211751
0.0888497400209734
0.0954431440131909
0.173991771523961
0.217434372894229
0.11555055449134
0.045315940750008
0.0894606133834673
0.155989305708557
0.0593588759596875
0.0484568024910041
0.121777007912794
0.102716406128276
0.0577787687266283
0.321220431377586
0.113732695451903
0.0433979330344631
0.0677845161466419
0.081987351781368
0.0555945486314095
0.0897245425794747
0.126420872089198
0.063427094434686
0.0887149092106669
0.121334302373169
0.0810653786985724
0.311433046219948
0.360919021648044
0.216404370360526
0.450872547196677
0.650615743615199
1.13241021703862
1.07982979338325
0.25941645966767
0.235878188639662
0.130716003365561
0.162310949386059
0.219817605976944
0.576234776487154
0.625301168766175
0.284799199868116
0.229936102180983
0.176960321893558
0.153489201155237
0.299243083606612
0.325605104357083
0.171480748260992
0.569539895586875
0.479307195916428
0.58964364530298
0.574210775105722
0.329136395984007
0.182276153050186
0.06358533843852
0.134763739426932
0.820622356070321
1.36158556853563
0.606540847053488
0.160328451385617
0.1166202019399
0.191179612636679
0.29374020558459
0.228702065864023
0.156238184370185
0.347812862030005
0.408312468925336
0.768883097488779
0.495797378609346
0.243779875525012
0.181176102806773
0.179427617753642
0.39263564275475
0.312872764335978
0.044762126982601
0.0739151491985422
0.0813521921783208
0.364418179346219
0.56312643793732
0.261732917935636
0.12289738374174
0.178984790159999
0.117219500622833
0.0831365561311659
0.393384345204711
0.59391279256072
0.68297033481119
0.686362293095582
0.579316017821784
0.469996095681259
0.292081304616786
0.217941986261812
0.279812821652954
0.430355111562424
0.420437677208424
0.189234505513999
0.122885018783104
0.109257415531176
0.0635023046259578
0.143921599174501
0.120196154312378
0.366261350816132
0.393317353660156
0.188447208628763
0.566563571583205
0.872523264891114
0.213877852003998
0.128605992331471
0.115218810622056
0.0580602569229495
0.152705714563194
0.958567509722146
0.548627671827513
0.187369836381045
0.258548985783785
0.192189110506192
0.330785016943466
0.26381824813505
0.419573739875212
0.283046707494412
0.157793592519855
0.0807236526818141
0.0573387913694628
0.249889018916289
0.258626758561288
0.248517275518213
0.0796266133023822
0.0897105852297725
0.145325647405817
0.311191435706637
0.148423142960238
0.330869322318806
0.444903742953861
0.184252374228027
0.193764771058785
0.200192178578265
0.127898044473049
0.125889828293017
0.0732183695770948
0.0646924158627941
0.091303898212472
0.122233842320433
0.118675162382539
0.0731164575547714
0.15463106614516
0.159537157621639
0.0758372394337962
0.0772098335860144
0.0279753066386591
0.0640037783904942
0.0695727335079637
0.223688810914396
0.453353351043644
0.239171851349756
0.118461570460352
0.198971176253122
0.110486777481586
0.235556088509759
0.293773927935328
0.153293294280812
0.165344649910762
0.160092851626716
0.127558803140565
0.093634464866366
0.0603271544368741
0.160342092655961
0.0632255314645162
0.0585407268326519
0.103257778929927
0.243053083937836
0.0999036738130174
0.0593947277620488
0.0728082121067098
0.183490249942326
0.221777137668279
0.168764265956243
0.118163734604347
0.352479784073517
0.467051537544006
0.28414719094115
0.17530382532143
0.106615401760819
0.132212262218973
0.542877259700836
0.537742005955126
0.25591821548021
0.160045124190348
0.139780367339315
0.482210507604185
0.643844731900232
0.346760908507491
0.412303282472535
0.150215572952414
0.0784223444749336
0.0594106602476742
0.0761591885175477
0.0641518148076902
0.0430963280889069
0.41158598241206
0.993245685137716
0.166987580702646
0.0680415954410382
0.089170659070296
0.0558059583547025
0.0514304463810375
0.085219069874043
0.0989210950785192
0.0810231390437813
0.0569974414662248
0.0746445559909371
0.166267780622079
0.339846047787306
0.221647503198637
0.139567511543379
0.149118282350521
0.0952902461769915
0.0642633555623302
0.07786306000135
0.0793807962931719
0.0587926997276847
0.0766298561122843
0.253507998462413
0.303000796519261
0.0944664145121225
0.0489651663007295
0.0638321359228747
0.102273674822371
0.103986447617539
0.0606587518490879
0.113469227764467
0.0880089254238868
0.103219802239621
0.155456045314949
0.106476393956848
0.0963201343112477
0.154150143545368
0.0994563942877864
0.1613058444969
0.218455465705709
0.169198107202282
0.120651299380288
0.12504357791244
0.134931151255124
0.0705928931127977
0.302854239651262
0.344763052822357
0.100918389476248
0.126938045341593
0.116820051860544
0.0615542694411569
0.122800260555433
0.154544231312879
0.0416133547750645
0.0768824712371007
0.143161264392092
0.143141462643859
0.137970678934545
0.0997199408469987
0.120232975360232
0.286191420104154
0.198124079644885
0.149055636616032
0.129672079694177
0.0898580161228948
0.101617111637565
0.119959020259576
0.0931853987009162
0.257980037374
0.301258377029509
