21.492838637177
12.3946888697746
10.7524741379039
18.4783541580037
20.2981706245062
22.1855743570114
16.546920142316
16.1991990827312
10.7108059160426
14.5750058525776
40.0789342315883
37.8952148580543
19.5495325793891
18.2628161489309
23.6029899894755
23.4668015116083
51.2173212652786
55.8716076099207
23.6724231338566
34.134640396053
23.5821634738756
24.0817791954713
21.8000192978697
12.2922257866659
13.1644837643722
26.8729105753623
26.2806466972939
22.8389775149532
59.4396553951708
57.0345621429568
34.5448805038198
35.8456170162878
14.0033329752865
14.1860542949018
14.6159893635137
36.0279914059412
36.6462731522084
12.2104357912793
13.5826235717764
43.438242157842
48.5471760715258
19.5977750734888
26.3436514890786
25.873167178345
19.7683391496951
12.8747988724645
17.4515986445259
25.7186296390105
34.8348271308403
25.8427966964184
19.5295136212799
16.8994732660409
16.7990677669958
22.137967561629
15.8178411014504
16.8898914033861
19.3218834054515
36.3851942655283
41.8147109969259
22.5093543239292
25.1329495391261
37.9484937118194
11.7283674523599
37.733396550991
46.2663875397305
32.1890245215519
27.106742535957
39.2901135664182
35.9869329513532
17.9093415213472
25.6838040912112
22.8873148457128
26.1877971705674
17.0802332197492
16.84377528013
23.7445864456153
21.7434561291014
11.3237585220912
13.8793574556487
23.5798313997046
28.018367728794
11.8686667101099
19.5556063138506
23.8856884575102
13.6840119473557
16.0579293742428
18.4668831325144
15.8341081590887
15.8824339107422
13.7790779792514
10.4867058360088
25.2286214765551
25.6914907295118
28.0804496198134
39.7311374982477
27.7645053493724
14.059419179909
12.5636727202669
12.4501454395219
18.0076940837587
23.5648948474553
23.3875515717127
25.9077089115583
25.503080236705
17.6346074389018
18.6218220991176
18.1721511107112
19.4672489737223
16.6880913544754
28.0480432148899
28.1042404102668
14.3011279642155
16.3647456769244
23.3758108559408
9.98437963764048
11.1500134169924
12.3664584965415
20.7392230673732
23.554064346824
15.3872974085254
18.083046170091
26.1623450968589
34.7072521194322
28.6164480716068
23.4691484407948
13.1439361130652
14.4975162317861
16.9944478389519
14.1442742128652
17.1678697603974
28.1446429219279
15.5124399293322
11.6894120163875
21.6984351103547
12.1269382713527
9.50020992015121
6.38899727560152
16.2643535193854
13.6757587539628
17.6902914020155
16.647481091496
20.0326503996105
19.7688506051694
27.8285382723543
31.5363884746739
22.0715526213642
34.7651866643498
37.9586898326886
23.0346750736543
30.5722136476225
38.1202413812668
25.2895375883053
18.5496519345562
18.7657243115356
14.5299934119617
12.9759003821428
17.0739148050956
21.1724663332288
16.1084747494648
16.4918383443218
17.8320260992418
16.5444224095327
12.0961895473243
14.5312288126934
20.1108574985809
14.8402747844294
17.5276820282328
18.1095132586397
31.9851855987249
23.3114230711699
21.0797180674282
12.2529986652888
12.7633203373425
17.1837588508377
25.8600433810218
39.6081637423842
30.9616188513327
28.3336342965047
45.8415190937761
34.8046061098375
16.9863682585907
14.9139016897866
9.01443216098714
21.6483603826819
33.6882151138549
25.037258109267
16.6963648167014
16.7876538301563
20.8267496406442
24.011188867559
23.7362443128967
24.8403575305177
27.7535347128132
22.1097560569624
28.1114507287997
39.0480778957999
37.1822329691168
21.3260351574298
25.5617437111563
25.9941529875725
24.0157918894061
47.1537925238336
40.1667878086734
29.4728364436924
22.4491642641189
17.7415750478013
17.7651112247398
23.2634385912361
15.5979606624156
14.0781691265413
14.2674093589149
12.4132660057657
19.6824488043815
30.5521027040578
27.0365412305687
38.5533054049547
28.1479454283729
13.5501250132423
12.3847017966319
14.632897185913
44.6257212531116
39.3548978315347
16.6936466535357
12.8720147373854
15.1653332034647
9.45774750675574
8.704669626157
8.92732799846894
13.4303428362397
12.7752571766185
19.8484341299882
17.7274665589733
23.0174752370209
27.7904256799967
21.1186321426176
17.6227435972198
19.0051911817648
19.8676795435511
23.2974100726906
21.1030494946841
27.0566649309696
29.2341978100375
20.529507960339
21.3839958423178
26.4735148367746
16.5072549954832
13.0648962591388
12.1174954725427
13.3952404858802
14.1001260698729
15.1506974140841
17.4185398503429
18.9068689971432
21.461091902578
22.2295790574347
28.8021368999577
19.062795584174
17.0505915109689
17.6902886551364
17.2541903350297
18.5429131445134
27.4157383537538
25.470534970262
22.6834436600042
26.6062220164777
25.5261260141845
24.3753045159593
18.0967353154227
26.9993646027029
26.6213733714987
31.6277366861328
18.8250480666657
16.0494916909388
22.0825429853828
21.0688088999496
15.854807912982
21.6288740792398
23.0708414818376
24.9823380434016
21.9792140760473
21.2344558651165
17.9797790640872
13.6304361341783
21.2684976170402
19.1621834953367
20.5430238363175
20.3734208314628
34.5898338189072
31.0987997309121
21.4313635718897
39.312022786149
42.5503159204135
24.6564088573283
11.9449802922691
19.7823785757803
36.7012945173623
44.1081752668692
33.8010461872561
43.9779426790663
31.240102815556
41.444124439036
30.9119005129056
14.2615720795074
16.1303155623457
20.5727235630517
26.7834267142011
20.4424165201087
14.2916948001806
14.8985975439526
12.8167733855614
13.4603989516673
14.0129214249859
10.6943775956293
20.1525736801388
27.4844451032271
18.9648254647042
18.137554414018
21.0293382927344
17.4036937278488
18.8003857288779
28.7556250636124
24.5075357555186
14.4742174406593
16.7512141116193
18.0113012943392
20.7874963439875
22.0333519261636
22.5842335680813
23.2473887813095
18.0258097586615
16.5847541241671
16.867672415637
19.1587789587599
17.7001495724757
9.47159328471789
13.2294231741079
11.3847274823488
12.8758537985767
13.3734657108205
10.7504812349344
7.34733384208872
22.5896132237728
25.1206281230118
13.1180162618471
11.0663687786243
8.60262602699487
10.2859781858763
10.0326927037798
7.61116832308125
9.20779817024391
10.4709121523383
11.6898207318579
10.1787716572784
11.9020618620163
13.3923890565292
13.6522102164459
12.7827076953274
11.6147407800579
13.6903061773346
11.4026721195418
8.93714212876099
9.526145627112
7.98947937019035
6.43736205172898
8.5941313634497
10.8765571316673
10.1946203869858
8.94146120006971
10.4354981302667
9.60546375539644
6.69157729654054
9.71075211583213
11.6369476024241
8.41181912377662
7.99233041991387
9.36863442404384
10.6743799466585
12.2663383516096
19.7312177071008
16.1096166933031
9.36509238842119
9.91968678489938
8.51971467733369
6.32813810147041
9.48854329650316
12.0119473489264
7.45617644158833
9.28409547416393
10.9676952847774
7.05394065017625
5.47203755471751
7.41405911435297
6.71836815891148
10.1991863883001
10.0483536914728
8.44602473933795
8.58117389752873
9.07588054755075
8.74366077720302
6.88526649653361
4.86309171504266
5.7403227545407
5.57858726398506
5.41919286741861
6.12035850145066
6.3431795844357
6.81557407766454
8.45125991188284
8.46595803632646
8.04295460709323
10.6049594319067
9.70162976266377
6.15614617846753
4.80799745826883
5.4420555033134
6.35077128168928
6.29881904600775
5.40724257291289
6.12372838132822
5.09233850369089
7.57822318255003
9.22853450806872
11.2093703350033
11.8740706900532
12.1949219575985
11.164862216726
15.1114519313496
13.1824778254849
12.6695287110563
13.3667831887722
14.1724473869301
9.93323237112341
7.41866403774521
7.7903018340829
9.99777908197513
7.91309939562114
8.31504976229956
15.9733498183834
16.6624345912449
13.5855470442923
9.36028351540419
12.2334810204886
11.201502380715
9.89464216051055
11.6691040424311
11.7354323494972
13.2757321810654
15.5107117820896
9.63393518980265
10.3015423049326
17.7685495725632
17.3798290267379
14.6389733116365
11.139475000643
10.4838383391029
7.20793203480375
7.92852386006431
7.75710705344031
7.94288414348435
7.34207514957214
10.866336831767
9.68431335763695
11.9922333679869
9.89642042364505
6.79285724454083
10.6488306230525
15.4511856331667
9.81319673461215
11.9056182004315
14.9359548048205
9.85555589828846
5.98200538153517
9.18796684288609
11.0449776289525
11.5344746289458
9.58426684107531
7.97795584958468
10.4019514677574
9.25907807563128
10.3384834915945
12.195220496787
9.66089518770594
10.3524338006259
12.0241228509176
11.9443016494705
11.8231013342815
14.2754086649937
9.96683800733761
7.92623207875581
7.13555611134798
8.62766050102989
11.0446851013628
12.0198612528011
10.3596680343745
8.12470574352038
9.29621268212735
9.98936490239677
10.6610920516705
11.6065054311772
5.17445781568424
10.3932883278899
12.9686116414908
13.7307163562989
10.3207209550964
8.86725728498378
9.46688954441901
8.37567969345979
8.19673097599514
5.70386641362037
9.20098458409407
9.26790101745378
6.68578593245775
7.437207482047
10.0557431991359
7.40020326277927
5.60393350147525
7.44362235761291
10.6091505571931
9.46257745352719
11.5983947190733
11.738935000646
6.16063074147797
10.6776610363161
11.5769980219862
9.73368900138693
10.6379493654158
11.9423720784522
8.19254756207572
7.03004579243408
5.32059762182464
7.41166707551266
7.7145804432408
7.11799361095809
5.10053054902908
7.70426293041117
7.6163053984048
9.52744881201225
9.72368880031004
6.02187994746031
7.50609683201628
10.7374362255578
9.54125912339341
9.46812180170598
11.7442947868627
12.0383714463907
7.96378458887644
5.45731137323665
9.1084213288907
8.49734662501524
6.41903560076682
8.9522080467215
10.5157336269645
7.31463563872318
6.96826029636526
6.66989844057556
5.59006145195731
6.47987245289615
7.92624148822302
8.05276487150242
8.2777628493223
7.35445464290776
6.45467376108702
10.9248057418808
7.88478826729638
6.84735225834704
9.1399163903073
4.73862018837273
4.39614192011785
5.01240704538278
8.3287960925133
14.5381426504774
13.3961715067038
12.3042518373648
13.410423699229
11.3299231970094
9.36488555952664
8.03158029408627
9.02085852679595
7.77811565196503
6.43112662643513
9.09733877454616
10.8993026837377
8.68837899475042
9.40282594762263
9.1988354090912
7.51171958346921
7.51223420820785
11.0343282468176
14.1559036074526
12.3904106376556
12.6884744317557
10.728168029628
11.5714870055549
10.6841994587056
12.5056155870669
9.25164236431361
5.97361684446819
8.21373202806887
13.9911962413913
14.9858713671876
17.922746496776
16.0317688307619
11.0128438551353
13.2714109701256
13.8708574139319
12.0389583985475
7.94396776585592
9.03533532252928
5.94184289749409
4.57449662919824
5.88869428827184
13.8147037983373
13.0109158961215
10.0274477127777
11.3818635884304
13.3417149523837
14.3012032984625
19.0972330975129
18.1938913301433
17.7743404402651
15.6931172579677
12.5849693055431
10.4215574491829
8.94928683512452
8.40915947414907
9.65398333908721
9.02383702408025
8.25500596740905
7.15661258314557
8.98632179901801
11.0326607636679
10.8969106431692
8.32251757794902
9.00408533122869
9.59751643775379
7.55765469775841
5.28785014703107
5.85413043898548
5.04850080787318
7.84652951583789
8.87897762718908
9.86104545015331
9.21122058010929
7.31736360234899
6.60460268161092
5.99328638568305
8.1629632506175
9.27389828338675
6.64064561279821
7.4088560827245
9.27582153014029
8.01813913755925
7.72465241091209
9.33280562879402
7.7644992091514
9.60931848942341
7.71694118802019
7.19025835939358
7.23705560896667
11.2023139549728
10.8242082250272
8.85625477289547
6.6043539395505
12.6322893878384
6.33103612238481
9.94717870307987
21.0640509654488
18.5738369083219
9.25244077777483
12.9752910975491
16.9979006394992
15.781320924364
15.4904069428639
9.15512153767267
8.04972500503116
8.36168075272711
10.8607522335177
11.5293148207741
9.66946503455604
9.20323982054943
9.363622934443
8.67492757426182
6.96967340360599
8.92489747404088
7.83364431654853
10.041061199854
13.185146751913
11.5807167489404
8.79843633900794
7.52177148966882
8.06280525460162
