2.10769763422768
2.42183368850832
2.2482953691725
2.53305081726506
3.01517523683166
1.81687443068862
1.02631342085869
1.21378875791529
1.08872741298192
2.01665538631123
3.82378230640474
4.39520784418733
5.80265809281211
7.88808658203526
10.4657174686216
9.2680971968091
2.70148031113092
3.60577098501616
2.58260515594292
1.21107752537211
1.55999422505086
1.81016281181516
2.49752855115707
2.51664105577506
2.67169595085917
1.98082111891822
2.18645307099302
3.64381015904465
3.4081527271384
2.23190658547455
3.00254861903833
3.23034023185388
1.78832285327589
1.21497623372529
1.60194535909903
2.20101725835349
2.18478020755341
1.3564937532622
2.19911048720293
2.91039120415502
3.21684093064811
1.87339633795386
1.23629084674248
2.4610411755053
2.92293332225956
2.08635797225488
2.01972468440546
16.4183274557778
20.4833583410831
5.63371654812125
4.07074973741904
7.33944045062929
11.6163289758244
7.28418391250088
1.64439350597307
4.6536801976072
5.44672479177769
1.89170856192024
1.3090321093895
1.30071613741068
1.95902037506866
1.40834119673222
1.51457334053097
2.67299028475679
3.84611617607952
3.01667020489775
1.2904486493763
2.85862100589842
4.10697558571225
2.27625370465816
1.19132632155814
1.99524311537033
1.59690587310308
0.816748131032704
0.789374430483656
0.756894452094049
0.869088333559807
0.599042051569192
0.903804538356825
1.19862498414031
1.25118499927877
0.812504327627755
0.681079144289097
2.50766411030271
3.11085185783285
1.66181093820978
1.2713865412377
2.34800633745192
3.19859042365285
1.546169365161
0.922443546333299
1.41883555825243
1.98806318426009
1.74738695046071
1.45436596613084
1.09835056675177
1.00369171474361
1.13530671907345
0.958855696057829
1.26337931136786
1.68092425996013
1.57179110604335
1.8708819550352
3.07740594899752
4.314551248928
3.39183730707506
1.94323246947162
0.793915914348527
3.54970882370291
4.3285883519938
1.94144851429396
2.01121427802816
2.51900240637123
3.54447180996502
3.48278291679425
3.99498591391539
4.5681165326763
2.06778194733149
1.41413102203146
3.08698714517495
3.55993815446299
1.82786966737522
1.17109464107126
1.42393212270078
2.60358438820637
2.70589523667209
2.77054035981395
4.11883615580371
2.70248729464037
2.6298440666376
3.7007290993128
4.83876926105593
3.23311538212605
1.86082556914694
10.24955545837
12.1150261550496
10.9134610643528
16.2267851313659
6.45346856756246
2.84441549827058
1.2572983315776
2.6218151147875
1.79132717174843
1.65308946005933
2.52097640879078
1.39441915290517
1.23173302784991
2.0143730216045
1.52037563357568
1.45404434022817
1.73917857206066
1.71239962663353
1.12732676766099
0.814219572464669
3.3391009493623
2.5010266928201
0.7939602724238
0.714656409086927
0.996920273513276
5.21988905333151
5.28420906046
3.10966592816707
1.99818110408812
0.960709047641685
1.13508106857845
2.44392537307951
3.52532355095172
4.30699327440599
6.33125030172361
7.7609992088433
3.91272528861858
2.341582447936
2.48220240380656
3.04245310531721
2.8498213150814
1.56688550418223
2.27849150741739
1.59235951764279
1.91787445473258
1.31571137631984
2.14228174114357
2.80494718782045
3.25620114006234
6.87126317391051
6.13260978968109
11.6643787993882
12.614330126121
4.20313343932147
1.91281453679613
11.7301641827288
19.8508325260682
9.24788311426651
3.26041523609058
2.37140886893
2.89471243536421
2.9745562783513
1.83166771219087
1.10833125080892
1.96366635852851
3.48784593381425
5.59983132030629
3.40125297704891
3.08852489268003
2.24800695841807
0.883221026668654
0.984557023750045
0.805411838205149
0.761264388631853
1.08482535050195
1.86941573877296
1.30276906866733
1.12760760147992
1.16621095659249
1.90618265904223
3.26308271952781
4.01989659870951
2.43532391713273
0.97161155445921
3.92501965739093
5.74664499986574
5.581164446478
4.27318642445806
2.67553102710528
0.915535297210878
1.07574960925507
1.24146671831103
1.6450476243711
1.88629285913065
1.39886826700736
0.94972342044509
2.61787319799273
3.21456912319708
1.88983318058885
3.70970289475192
5.86786752728265
5.18694089266537
4.73942972541886
6.48883628516151
8.43416007677109
3.90560713770517
4.10825644664747
4.04658126662066
2.21528114386612
1.902765043779
1.65717589678152
2.0597347543327
2.45153861759255
2.08708483128463
4.46128893757115
9.52224972732054
5.32809955324612
2.58241089869654
7.35976648479092
12.8619539091717
10.172624923948
5.32329355982851
3.46016295155335
1.00919153482876
1.31400794359771
1.67168461103402
1.20303060231463
2.15291970168561
3.74980263065179
2.74385685148076
1.98934897081968
1.6745361255713
2.30784850240168
3.24988297840909
3.80252928850253
2.13952889806254
2.53302096796214
1.72498570196259
1.52117686071304
1.86603286940958
1.09185801471822
1.15081227454673
1.92719365809586
3.38149161293371
3.30124752905929
2.58005859449974
2.75485054057413
1.26598246790004
1.03209919383199
1.23839201372698
3.06226089998527
3.02533890317491
1.89652066451097
4.71569942753236
5.61460509055217
4.77766211366087
4.23576418984798
2.9176611190465
2.61808024537744
2.59327311419589
1.96276891403829
3.49230145737
3.30346560951044
2.11612623024786
4.26613406186659
9.23086055940507
7.0136650962733
4.98274102841559
6.75872139378529
5.92460246539164
4.0905908852258
6.61198828909098
9.60381756651874
7.53258754771592
2.79660171619826
1.09275133335309
0.88663962018536
1.24463794546589
1.34463612219429
1.54975867679613
2.12024265319512
3.67859110385486
3.76234833830726
2.23392502231373
5.48551408197466
5.42422507143536
2.5155163228959
1.08163039276563
1.06766640610836
0.938164225932262
1.18761663601134
1.68381308157793
3.03903980612185
3.02552775519811
2.63407873327831
4.0112738909177
7.24791533345419
7.01172341659833
4.30118495280702
5.81532270804438
6.24004498532427
3.08247559151565
1.469357469817
1.00921369744554
1.14623405526491
1.70306378981532
2.27028380686812
2.08573574984435
2.51265715349195
1.81804357678185
1.2750790313095
7.68384812566857
9.84191523804564
7.20646877581088
5.62743430949481
2.00294681444427
2.37528779841455
2.68277237984132
1.637427042076
7.5943767890319
10.7280891293065
5.53011752586211
4.6262996789019
7.3475435879354
7.81729656814778
2.54493610684206
1.73751745266197
1.88939341175088
2.34656132904676
3.95132943373683
3.04611186160284
4.4236339023783
4.26798064672896
4.00356101138066
2.32462555872232
1.68271996549187
2.11899351055911
9.01077043370494
11.0948217624171
4.93127658974471
1.59362924144371
2.0747985218713
1.36944051164542
0.990330652505
1.21988929176891
1.53806377596967
3.0700968274762
3.88264213716589
3.57111509109452
3.351381438142
2.31561619073914
2.47354865150577
8.01602642794367
8.52658861007633
6.55907371018608
5.85141592131661
2.45036865799178
3.09864426625895
3.48095258082605
6.02457651000628
10.069161849534
4.27071965740333
5.10611971990649
4.47824966350648
4.69146684074233
3.1900201306592
1.26181336709773
1.19090732873702
2.11129446458442
2.76859821220917
2.18635355953214
4.06079112570732
3.81883662610425
2.79959621533155
8.3442171035686
7.55310711469107
7.7073550246697
4.87043642238904
2.46934591413924
3.00262044649391
3.74286508011021
6.77319801742695
8.86266093883628
6.17597713013264
12.4334044109759
17.4020712300871
8.7674420022413
4.43331792133022
2.76787764411754
9.09510639346933
16.5982609854887
20.0525647571434
2.12959554801028
2.81917115316102
5.67897563169269
6.80002257694643
4.15148502468742
4.15971097514954
2.16470268333193
1.47401532471943
1.20346904887912
1.22047641213303
1.51155762569816
2.38368565536354
2.56889162479497
3.52051423982248
3.06037870732469
4.06754334010437
4.57688010803025
4.32206573090742
3.44239978974361
1.28242891272668
3.69895220441231
4.28059913955751
2.89844060693016
4.55278982470251
3.62032604837819
2.29359845542018
2.82563401503871
2.77100350266887
1.40513966300177
0.925059563030485
2.41629877743403
2.58967300443125
1.4967417505867
2.35202520787899
3.3261078393748
5.01471320158132
3.03151026404911
0.92686750825609
1.70832883849483
3.44898910275987
3.84583998461508
4.00090429458424
4.8952186705625
5.239869078977
5.06640426805356
3.37399884779124
3.98782434948689
2.92815371904442
1.57217713852694
1.77093840823109
2.09695786221069
2.58525615235883
7.19668636192167
16.1314133855434
20.6302402548891
12.1829446629246
6.98881993912364
4.91890650570552
5.59832165320099
6.65759473987038
2.96679350383144
2.33725956496361
1.7092960993467
3.17914073913294
4.67670277220125
2.66542400521311
3.29451012117708
3.87176689625444
4.19944375864805
3.73364550215964
3.23439536255051
1.75768126426705
1.61970315326093
2.77281964838846
3.82676649338861
3.94024019356743
3.43757477007404
3.05484217365934
1.99810600688007
2.18680462632629
2.4163710272534
2.3386374866163
2.7173623666853
2.49555694202273
2.28649997604032
2.1596728783082
6.36571021209782
6.91041694389617
5.8264865477289
6.67526081658871
7.55111698017631
7.54204191727927
3.61980636839522
1.40746056166165
1.38644938587575
3.4006726428593
11.093412934504
8.06495936847624
3.46771283586434
2.55063488171606
19.9937163936471
30.8959799178181
4.34285576003455
3.50987042436443
6.30875673785794
7.39901102936787
2.97867071993174
1.3701993262313
2.53920758996037
2.34811975801633
2.56491191058147
2.6680046190164
3.32088920427291
1.64508791572545
0.890215154876504
0.77288203003992
0.931252081754578
1.63210880805848
1.88257312902907
1.20925384470462
1.3830413688909
1.41110536318368
3.25726901007857
4.17623467108614
2.85274505012089
3.70510957490427
4.87734505485243
3.18029777839413
2.50685190849319
1.13609987598468
1.37519897406724
1.99718690328659
2.70966514772311
3.52706725223237
3.28956422983783
1.96870008740832
2.48399460017693
3.78439204760085
6.96966485594284
14.7603210775955
13.7836225159377
4.85355617588305
6.75785545665646
11.3087232296176
7.52788275134121
1.58896613182384
0.979710641705632
2.06259918574707
3.42688171889716
5.16121629310512
5.99731523706595
3.015175420132
2.14938752460223
3.80072226979312
6.9154732487148
4.0342273089927
2.31142146928882
2.93664420864666
3.96780539065118
2.25022328875426
2.02828406223408
3.62004169321627
3.45435073036749
1.99023363851834
3.1534439337153
0.950337294450311
2.57365469662037
3.11381761620864
7.46924847979581
6.5558646824642
1.80568939342531
1.56907539237933
3.2759580149958
3.73224644508977
3.15442421795476
4.88915538142926
3.41476724815538
4.07151855453618
10.4322989868899
12.0166010861856
3.15173104760071
5.90260625202009
9.05478586341428
6.01798481772045
3.79475996152744
3.38127833188473
3.03802846920845
2.72174892562326
3.08855230414123
1.79105556714495
1.80035661617964
3.31522456560927
4.31838015282478
14.8724642824166
21.7438917573605
12.6906787105828
8.49443151017842
5.53453996218468
7.94968758441022
10.4485681390115
8.89390741086965
5.12254018884025
1.56923395970193
2.17622011543769
2.04273577708783
5.56124455373366
6.08367075748993
3.44178598847436
2.55107561065776
2.30768449887635
4.2486573596537
4.78997173323281
1.97610426060848
2.31846679339907
4.86054145362241
6.9097433041752
4.0036665341631
1.4832836315393
1.48887197192813
2.75013382058172
1.74882822399429
2.22226748559621
3.28562245657699
2.74538754490216
2.39965209238452
3.13287963745779
8.4677609749562
5.21949664489565
2.5862474409314
3.48880561631759
3.65383262473411
8.86283167433916
10.1358177486354
7.95896020552717
5.4528106946789
15.2641552688265
17.5418669023436
14.6597741981037
10.5976374523662
20.6213136949263
14.5590531220043
7.44329297672546
3.85309869301352
2.22790032476502
1.69321233608608
1.51684863056178
5.78689814433815
7.02597598907078
7.58504983466462
10.7427395341128
6.37842094995082
2.64319972351947
2.51584544188525
1.72061530674516
1.3910706976017
1.60929013713758
1.99355277479776
1.56434457927138
1.64017617710349
1.24878690006863
2.09428174189598
2.5308652270441
2.02477904752294
3.96398081871922
4.93186064566352
3.28766315758699
3.07926710085239
8.05792206174922
7.03783426248159
2.728019544062
1.63289227624218
2.6939171406534
3.80489471234468
3.87205684905208
6.04289479856287
3.79475208313763
2.15137508244412
1.91951428621777
1.18641241130827
1.56881147648149
3.01590871977148
3.19803394203018
1.46122240844147
3.02265630031586
6.78479749903056
8.06024573734752
3.54715178757733
2.60071332831951
2.52938414345598
12.5201375711669
14.5943216726146
9.81102136831122
4.59880094689967
7.81057743059372
8.89554080466711
6.69265410248007
6.49960650681017
6.58124293857985
3.57212165064545
3.93640620993443
6.73735104421471
8.0786789682146
8.22213829649264
4.84108082082512
2.26350397573008
1.64406406724111
1.38960619759536
1.55352504318706
2.13672052534893
1.67513752301424
1.2092694536762
1.33716020773004
1.88063768453738
3.23368685701691
5.73361393361392
3.91166504128604
4.93453883179711
3.29664167119106
1.77907723664412
2.30051143282925
1.92995615676745
3.29847509376108
3.86616458099357
2.0430883708
2.23541412443396
1.66419246058666
2.91118166173138
4.43848146521692
2.12741187980805
1.25747722116992
1.81668004517158
3.20656359132444
4.44700715940048
2.95426689299171
1.92826485414522
2.58249474982552
2.83781790811796
2.3980933152459
1.82823696185601
1.75873688776648
2.73704261382079
6.70468369591006
9.53712630489818
6.009706704517
4.52550502339601
5.33931023599628
6.17708062150428
11.242348698138
10.0912433531551
4.31427806489495
3.71960173366792
2.42296191982527
1.5386350412553
1.93634079955334
3.3460650825511
4.52650658054811
2.75772021804851
1.53469200982841
1.35799865258246
3.53354923823064
3.20961857903518
3.92403748240721
5.24839678640118
1.91066253880276
2.39159361262673
3.53885271894378
2.73886739654808
2.59518280602533
4.50728691325981
3.71544883571372
2.23076748278328
1.83991097965658
2.82497826994855
2.34986533430741
1.83537683671307
1.88018859618897
1.68388149284757
2.21184667571263
3.5250363615626
2.2235232567138
2.29637230492704
4.10354128820034
5.13949200331864
4.45335850423249
5.06215908004638
1.92832535549354
2.26288077864806
4.10201839621581
4.49665726390084
3.55857552297196
3.79161746104652
6.28047244945428
4.43268120253474
1.88114348178981
1.90288196633808
2.69237593921702
7.22695756091624
5.17179243345486
2.92860658211105
4.80675529960877
6.51095306190524
7.06362861898258
6.19093324092266
3.35947353683314
10.0532355101663
15.6323001394108
10.6686439713048
3.84149235001455
2.42930604285386
2.55185144054607
4.1152757011142
8.90091733533057
8.70410127776782
6.9595442428115
4.36250101315923
6.28737587005566
6.55539508985901
18.4555948883684
11.9340203651429
4.24837081742274
7.24572206494515
5.27943736737352
3.51197517683954
2.73771605150966
3.34869128923058
2.69054946935036
1.94959954114429
3.16845171360748
4.83483594753849
7.16707072186107
3.03696340503123
3.45835401118229
4.65555657120063
3.52052715333735
2.95243460389892
3.00958460479696
1.24323275449379
0.809816362157878
2.32803460367528
8.33260754826467
4.67575578888061
5.28648174341659
5.20429033373901
3.2882073021979
1.08214884260187
1.39542185493222
2.1584086730555
3.49483024505413
5.74149173716412
6.86259927281949
6.41325500553865
4.73561340283291
2.99215437308868
3.42672819833577
5.36707805520836
6.0286834343399
2.91318753431553
3.89226683417495
6.66639089310889
11.4826597378163
21.990746679133
5.97721574406246
4.77696534955833
5.38515644310581
3.62878357403334
1.69714679738329
5.41981604590808
23.387096926844
25.630690828194
4.49084054192095
1.09920932372789
2.43564488018376
5.31605680025177
7.17289397928695
5.33068702305615
1.39549755952586
20.7704642424106
47.4421107624601
15.8702399386121
10.1089123071753
9.18478740794661
10.4335084042084
5.95587952463571
1.61067083903938
1.55930290309566
1.40994852495927
5.73912824001842
6.7773823452216
5.42325364164189
6.51679386285602
4.57123293036827
3.35588016177719
2.41225186123705
1.54247641464235
4.60774851147697
5.60862129531073
3.51062430478148
2.94332613871802
2.96415502866029
2.18524745908856
2.33648988901988
2.05178430299876
2.30555106984178
3.25688736218835
2.32146321427688
2.36246649428777
6.35204200936872
7.79928704961421
1.84064868982677
2.14563947502029
1.67283984358859
1.69779675545663
2.43536191113796
3.43395268854033
4.65518822547827
3.73952541007375
3.64120087475485
4.23385052487729
0.897537705489251
1.99669197299848
3.26425924702176
2.97901347374657
3.82327669187126
5.53097483171092
7.06090481289606
5.35901032301845
2.62514679553177
5.95934482029679
6.84843046865746
6.52404142156886
6.03265905330446
7.15278923205394
3.85165506743326
0.999000633132381
1.4608444872372
3.08316917797872
4.29226743421903
5.34692709422665
15.001785498757
6.90412503846035
3.10236577547318
5.14889854654602
9.90677905136949
5.09603443855702
1.16412671249614
2.84765710335892
4.79341198274847
15.6628873282195
14.2129199259354
4.76096798334701
5.05912876599725
13.7233078401687
14.7661325549557
5.05983704535045
4.74908650349411
4.9411069806695
4.50517236120904
3.12194722106356
2.43779449930092
11.6670195516932
14.1825954138306
5.18675092855304
1.66108006936662
1.53546800095512
3.57371319999805
4.05111020966707
1.65277198884489
1.61277437457046
2.53129152369905
2.78675644565751
1.89640845876694
2.08369848961501
2.57529687314898
3.74729945680049
2.1476903062029
1.16735622763042
1.6549498310667
2.92572671936518
3.24210923325294
1.3902066039922
0.984225276765136
2.23585425255599
2.43204974397295
1.82156794546294
1.75384302630988
1.67096162517438
3.12037375279013
4.97523334724248
3.40471233128097
5.55262640970627
6.55570872889841
5.0609580499352
5.34459018951532
7.93259626924387
12.2916625152157
10.9851462383565
6.48084004913461
16.0976308722959
18.7929124869666
5.10362722743412
6.02598935813557
7.62088332892187
23.9573898019596
8.64389320224657
2.83239296477643
7.0889599243279
9.52648020052158
5.23424969941612
3.85674166339838
2.32759861834534
4.07127420912023
3.91708135833425
2.76935830423714
2.03144858097556
1.14968799232823
2.58571919851226
3.89046609613074
4.07479540336127
2.8052619188724
1.30719413921249
1.80268664003415
2.02747990639441
0.734346931945607
0.965690062534392
0.966673941000579
1.77602421050496
1.94291329124849
1.445361619345
1.81659949583816
7.68963587242456
11.4735084355845
6.03173902828805
6.65385152834685
7.66609448440911
5.0626402082683
2.72455850893595
1.06920576284244
0.905711336534127
2.36722908671071
2.62149645465494
2.14601946896682
2.66630267262787
2.1771192843861
1.833415115143
1.77343177312175
2.3052038703248
1.42931910538654
2.25626750643172
3.82703063177925
5.51356742045354
6.80255112041737
4.77917550739331
4.08366736558382
3.34430555200669
3.63954795267251
3.48844356699998
1.49361646039807
1.64019837822434
1.79688468315926
1.82007688070819
1.25664494849688
1.2066915757024
2.98088049344263
4.71758945252477
4.24420116504013
2.67879818575868
3.07984807208365
5.77959257736097
5.85181808630385
0.868963221835578
2.27915081951511
3.87745418051967
1.96602579035968
0.857262077710498
1.20871138356514
1.36318757371278
2.73052179107401
2.40417353458171
3.61633648347891
7.32687635540124
3.19459222378339
7.3342836971764
10.4890929870401
5.65374223643321
3.77077008558233
3.36202660719912
2.58443119892019
8.06709602560382
7.06582595517494
2.55392919595738
2.1009735589596
2.41800168695936
2.25721070654777
2.39817198642663
2.85868324633663
1.55343159919735
3.39463561462597
4.31457896496348
2.3933947898434
1.23445350520428
3.95873904516362
4.15416370136419
1.92393808506082
1.79234956870458
1.9008099711176
1.53848194844686
3.15631612285659
5.23876860911842
8.74293808269804
7.94775227262158
5.95345200778088
5.60598738415883
5.12660729831573
7.76958175574119
6.16013156653214
3.78027815477502
6.56809079247599
7.28781970496048
5.72719075665609
6.70966178707298
8.55056094745508
2.71920227578536
1.45425498800462
2.02969416274493
2.44211945017954
3.3796983917093
1.88791193572073
2.9138931975299
2.07076414131506
4.23177793867615
6.33580044209944
4.31843140555038
4.05142951787976
5.12504513010789
2.16002509871171
1.28769909282708
2.53167037862373
2.65354732109424
4.84758077465582
9.40698731733119
24.0628153272523
30.4087785261701
16.0051682588235
19.0991118369183
41.0110341699033
40.859898293033
21.8274215115926
4.91122846486671
2.01009293459631
3.8091323185035
8.61559501790609
9.18075022059125
16.9257711102449
11.7844046758016
3.021706813678
5.38666701640198
3.36064134187096
1.41906762139017
0.740230209726147
1.32127130460519
3.01467932173063
4.18417462980292
1.74437521637346
4.55772508617636
6.67746101914747
8.29078097261403
4.31982042321689
2.01072149483267
2.05052234421701
5.80113881962291
8.99492963240775
5.30018676204858
2.72406702099542
2.52533507677707
2.08005784452688
2.59028937959443
2.73384986674
5.86494676423076
5.42307722110685
4.46182445731943
6.85993765767715
6.27518355748563
8.60413235873958
11.0557062899507
8.52503175024086
6.14365083273748
4.21274391075959
6.40950563349467
6.06240871002666
5.1357145558098
3.76883837244187
3.65037969598981
24.6693528244071
40.0450148265587
11.99442016493
2.14908480063453
10.8440500080084
14.9760322093701
9.65857971971524
5.94977691766401
3.88960050773073
6.78897647889726
9.78334677942992
4.74517708459698
3.61778313721065
2.67353641261588
2.10664819475473
2.59563623387336
2.85212367843803
2.75702770313759
1.71221489698747
1.92331324695355
1.67815115467742
1.4849567799535
3.62715253932156
9.83973274049179
6.58260360327024
7.48402830517314
7.62090623456825
3.29807301033374
1.96800390596263
1.52411986262259
2.35754557193167
3.47931707595202
2.29392207970409
1.84253403727317
2.41601498925012
4.55568348490895
7.87941875961562
4.16894256675504
5.02324441417039
4.9134328395294
6.75700656359251
2.67234991013483
2.22380739445254
5.80269861932338
5.49228414238438
3.07279761284571
3.43886229148561
4.7632950655107
4.43905876158529
10.2620385553083
10.1149272500928
2.56801481139627
2.89073419180562
4.00571825891531
5.07654285345386
7.07456893866964
5.34999390521526
3.42690329980201
3.35628867045185
4.20663657734907
7.01848240212695
9.27505768149507
6.22735747404611
3.23029859615775
8.90187365473463
8.73327817401125
4.78573771527315
3.28772117205179
1.68277306371189
2.10342274124843
3.97184115905462
13.2795761175039
15.5360770823654
4.33412890090576
3.17665111367126
4.15405819567764
4.63844605426344
3.43298145505288
2.28446437629092
4.57889471856261
9.96928166393309
12.7286724828097
5.90450454974184
8.75406050092156
5.80643640146009
1.93842160521066
1.08783114346489
1.49068406834997
1.28321156178318
1.65061436617673
2.43341966986145
2.47225498235104
2.30295070264808
2.1960406502747
3.50267130028141
4.16500755296518
2.98563218151012
2.92042923016496
7.83579044075617
11.6725467192108
6.85223397934687
13.3854781648209
10.7911140919837
2.7142750136633
3.0261872525471
4.12071909141979
4.02946968375922
1.27650051283738
1.93463382931403
2.56214099958319
6.5015695082836
10.0742788098598
5.10646927087703
2.06737401277433
2.54035332266037
15.9298592316299
12.6975176261238
4.10553365779792
6.63796712517001
6.91900238466938
3.05453408076877
2.33688622647625
1.48317738196695
2.50204693401667
2.38953648183104
2.86967988942423
4.21211243483942
3.22985132155786
5.21409270545608
3.87360869826978
3.9854339956615
6.09643045004691
5.11447015277875
