0.0194079402579059
0.0135456834440426
0.0113198647293663
0.0189910562763829
0.0168008623131381
0.0107337624983989
0.0195828371210707
0.0383209066697844
0.0397332491745086
0.0218520415808914
0.0174962846301313
0.0127804638943117
0.00661154129376298
0.0130983961466596
0.0707571875158344
0.0664112187369552
0.00899712396185535
0.00455723335243426
0.0109568034174889
0.00854477658204543
0.0230265622903461
0.0315580569665363
0.0510450082100396
0.0273581931974308
0.0346415868976234
0.03527192065912
0.0184526228675318
0.0161638841600266
0.0137757161429531
0.0140087505622301
0.0144624321193593
0.0138646797510394
0.269424385243141
0.235915464045534
0.0185031169542677
0.0334186670834544
0.0193834251366112
0.0117985236541975
0.00375549050709049
0.00264601840696031
0.0103226929644043
0.0422586499904153
0.036857017921891
0.0409020691212471
0.0224329382703259
0.0102790563756826
0.0128491314671753
0.0157334214196673
0.0234271785639509
0.0137832418869944
0.0146321001251907
0.0105026646476833
0.014788804406072
0.0179847226854623
0.017338924529106
0.0208040774905723
0.0251848072116072
0.021663738876765
0.0264262955520017
0.0144403529225161
0.0176026241661458
0.0314818936108222
0.0318922886799513
0.0121542090450499
0.00684860991417283
0.00388300740471048
0.00734145806131327
0.0173357967985301
0.012023696391274
0.00804508678805935
0.018632014567346
0.033430028293776
0.0338894927069718
0.0171550407919112
0.0297445529343375
0.0146787778159688
0.0134415164466819
0.0046716511828111
0.00861693627153445
0.00650107443114741
0.00408100874715136
0.00442242664818524
0.00316825882146171
0.00877441986370642
0.0066577300858751
0.00456571746177003
0.0119014851393258
0.0204735647493578
0.00967724462766469
0.0130104316928938
0.0139698537258649
0.0364114769513587
0.0479859801475699
0.0114432674426718
0.0132052078652046
0.0137322150799482
0.0148895816111289
0.00939794871725076
0.00963914823703122
0.0114501901573659
0.0183023457523516
0.0163674789099642
0.0194659728179701
0.00999670222260643
0.018910579296808
0.0303606170464083
0.0129643904167594
0.0098207052040456
0.0131653488319935
0.0201539251080351
0.0225284155950548
0.0176680262512743
0.0289417598927904
0.0215345731397778
0.0149751503850342
0.00699359583450204
0.00465918546550309
0.0191473361250467
0.0173606212801563
0.0236847436016019
0.0352474678081047
0.0136956693045453
0.0124615051394625
0.0195921378165075
0.0161911382187106
0.0270999645706436
0.0308793465986911
0.0464725763269821
0.018088619675003
0.0141603631137897
0.0141571151090436
0.0441001369000367
0.0566704512022052
0.0339511025689618
0.0108359936305666
0.0176617332253358
0.0169821354753211
0.00911632876416564
0.0079143916909144
0.0116407723256763
0.0100181379465385
0.0113214607638086
0.0137758237684069
0.018274478950849
0.0121446510687937
0.0101434427677592
0.0229266056994851
0.0233357896960971
0.0383753439072207
0.0334651935492282
0.00667794180143813
0.0242669758793174
0.00857420646011382
0.0303052048723409
0.170768102188779
0.163102837241189
0.0107128717218256
0.00420879913588483
0.0152013251281389
0.0181530782019343
0.0145107908233007
0.015812376285193
0.00942484686340869
0.0235819161169081
0.0247180345211607
0.0192208909294699
0.0102203069393302
0.01142609963979
0.00821451406261326
0.0139173999905725
0.00820339624998214
0.00542441362971543
0.00548072098359
0.0206134208996762
0.0222828435962483
0.0246931409324436
0.0230927939660724
0.0130057923572232
0.0421890249776502
0.0233539577675404
0.00446897254266641
0.0230282361842292
0.0376642322115516
0.0219959680402295
0.02034654075694
0.00939636286704844
0.0061897703057338
0.00633223776100058
0.0235510849020863
0.0336808594975
0.0217584447742423
0.0105250389693703
0.0136762501687885
0.0233773343998233
0.0193557781705358
0.0296751294948119
0.0115589777130666
0.00985699217393647
0.0107914177003991
0.0251653486861063
0.0380114143242356
0.0560771131419087
0.0644091499423453
0.0232794774322491
0.0191339586519937
0.00868478287130283
0.0213770470455604
0.0145043483217447
0.0161331548768856
0.0120943809790894
0.00669872981481015
0.0120541782708293
0.027469524711523
0.0179473404176306
0.011399043111537
0.0367816211623227
0.0253490621544323
0.0257802229048838
0.0340691070974336
0.0148390960547393
0.0506829009165489
0.0251163077376323
0.0131194569317829
0.00994656523182938
0.00729836013048153
0.0138424605200424
0.0257086651471191
0.0433413221755675
0.0325659288234316
0.016989794456007
0.017188288846856
0.0114635079477542
0.0159371508083825
0.0116357036915514
0.012559192610393
0.0120912733190434
0.0120986123698463
0.0102191672642524
0.0108619351793542
0.00225954554797778
0.0194264556443404
0.0914182954855357
0.525456668492761
0.0628368774076741
0.00982678491546582
0.0147791158450798
0.00958941321178571
0.019740250793955
0.00900895401266889
0.0528983651239535
0.0445707297168105
0.0151915517660934
0.0128295534892615
0.0118822716961608
0.0109356712524619
0.00901806334257005
0.0112105770567935
0.0397927748256653
0.0765504703388707
0.0147974034993391
0.0172710316476707
0.0161480671725395
0.0124862263494258
0.015623200658397
0.0194560065920954
0.0217291456012911
0.0211190500351167
0.0152889201837984
0.0169575159253176
0.0199408567287658
0.0203669343342228
0.0187098881513407
0.0193886878107577
0.00783947947931663
0.0218278822410638
0.0154581386012088
0.0165931860223871
0.0307980591992719
0.0202373877383313
0.0353744633797689
0.0282815832822275
0.0134683363242467
0.00431694620936362
0.00957163107110547
0.0218239792325765
0.00888665300891686
0.0088422400994649
0.018592442453371
0.0124620490574789
0.0129685402896649
0.0209637422997683
0.00722344250053652
0.0182572778035162
0.0167424646922275
0.00818138971222143
0.00567237886998657
0.00996249522556927
0.0233044331896103
0.0539073027158822
0.0371881526469901
0.0110119391810262
0.0204528392731192
0.0209498635255458
0.011645881459952
0.0134349604284246
0.0143007943978563
0.00853190376053317
0.00738457374457671
0.011161540683118
0.0144356134965287
0.0139489307243059
0.00932499360760029
0.0145744900163689
0.0315730074426364
0.0160128493841023
0.0107677556859742
0.00743896384920526
0.0133607019539209
0.0142723698819849
0.0123995245275151
0.0146782449577064
0.0215387802098597
0.00793615919949222
0.0216252268628002
0.0268076256110111
0.0182889756048888
0.00991143402412941
0.010534487744214
0.0262385830232959
0.031104648180419
0.0201580388553676
0.0122364453376559
0.0275881257033341
0.022646621973492
0.0170824393319218
0.0156075530053283
0.0125096034246239
0.0101967191291816
0.0104669915797079
0.0159318338946918
0.0209083887704741
0.014000454632722
0.0135550480152583
0.0289724708061424
0.122848391844306
0.0711351467750422
0.00782281625448031
0.022035894433759
0.0205653916022363
0.240307645313212
0.0900869004115751
0.0274842737804332
0.0558069931841781
0.0306931138014633
0.0228921507770239
0.0169742430393644
0.00665666869906484
0.0145168317915788
0.0170438833605188
0.010620546124595
0.0816311457164865
0.0458819585706528
0.0328661428258556
0.00875257618122257
0.00848015668034426
0.0121086173899495
0.0167576527934522
0.0186506344857549
0.0122100609969208
0.00664160354412308
0.00470642667214835
0.00989791730680437
0.0193669948351944
0.0311649117891961
0.0294927148085083
0.0217030681854526
0.0161522820636542
0.00757365858301553
0.00859967993994144
0.0173033724025304
0.00689811100187213
0.020925351132262
0.0189255821820119
0.00785569824707795
0.0176004695083291
0.0105264195033064
0.0342961309660011
0.00966013063313512
0.0208365004168525
0.0181723826588918
0.00965120802311621
0.0142355150072907
0.0186001208855124
0.0118367934826956
0.00733174353589691
0.0211942612591441
0.0648219239809464
0.0191892346077866
0.00629546790642804
0.0135131835037163
0.0395935315848591
0.0300379717352267
0.0208189725685807
0.0138424909272262
0.0064190989106003
0.0351680037142474
0.0349283842735786
0.00794077490559722
0.00779810710668684
0.0134046018219035
0.0140639599033558
0.0147086703232386
0.0355548941503672
0.00812805200680416
0.0123930709077041
0.0237828389197105
0.0451551121816783
0.0310570215301426
0.00930083752563322
0.0264564836618741
0.0703640671941149
0.0292826627863129
0.0304914245333429
0.00948614910130338
0.00631383109311269
0.0079036636875503
0.0119737277727175
0.0159815881758816
0.0160422321736573
0.0329683332183936
0.0152034284978871
0.0103142434021124
0.0300328681147954
0.0124469691050106
0.0208049606072656
0.0467609343677896
0.00720287258489884
0.0100154400233235
0.012131507881384
0.0127886696540496
0.0134526447901351
0.0104314329759088
0.00898839462482001
0.00674940061131407
0.0115813903303043
0.0151261220831047
0.0177018773920065
0.0178952577404563
0.00566474642194059
0.036755880451464
0.026889602480095
0.00767472910558711
0.0174157947382626
0.00922641736628501
0.0156386921699712
0.016392763671409
0.0192910072351123
0.0226785870259978
0.0144997401376768
0.0148102241340051
0.0152777676762584
0.0141571173838715
0.0110875714868328
0.0119542554295827
0.00813127067016811
0.0106181548505858
0.039531788749401
0.0360421571629429
0.0768366712042911
0.0560207616183811
0.0819393878554254
0.095988209378144
0.217182871188679
0.0928629208487204
0.17435059125295
0.0381691809013941
0.0381468928420127
0.02616512066101
0.0172814953342358
0.00833156292482192
0.00951993271187169
0.0137162221579166
0.0270006313993948
0.0138694013936645
0.009879003960942
0.021371385449685
0.0227267084059981
0.186091869552181
0.217230243530887
0.0105562937733443
0.00752582962414089
0.00726838090730775
0.00930429067309958
0.0126582768935642
0.00858840052190676
0.010047534957942
0.00821097027139531
0.00442170245083381
0.0074085002863742
0.0202480002483705
0.012997473650123
0.0173111920899619
0.013284753686681
0.00453786515876431
0.0119974182602859
0.0155645956841242
0.0136349517827413
0.038586215611743
0.0437850382869443
0.0187065243247759
0.0198124912927024
0.0122657439666456
0.0175796499017563
0.0199900418490912
0.0241572504548283
0.055026004734919
0.290757344934978
0.250370143935072
0.0570042905294443
0.015563097968754
0.00613381324049968
0.00864300368196605
0.00701029353488761
0.0101263123051348
0.0211105501373154
0.0214376233545514
0.0184377895431232
0.0240229766206114
0.0319253141552695
0.0408013386946627
0.0439444980981931
0.0198278038391175
0.0155735787601471
0.00841771033989869
0.00421161034474431
0.0246430425701025
0.0936128638596231
0.16336646975188
0.257239601703621
0.117131631206299
0.0307308029989636
0.0152188632205528
0.0236005298873451
0.0177987537003532
0.0240220149558955
0.0113629879969947
0.0244734897145592
0.0128313811871898
0.0147502148815305
0.0163925277592935
0.0183954524825181
0.00724654497987034
0.00637791312282769
0.0133699353874034
0.0148892161473325
0.00836768939534346
0.0215599534174339
0.012296886857788
0.0181900914908139
0.0823032255254467
0.0582076619884405
0.0131427139961757
0.0118033508607258
0.00702194864539136
0.0111798080248669
0.0145606243468574
0.0145421169702541
0.0413091624165796
0.0175843520534015
0.0178252675986365
0.0179279185982617
0.0141908619412025
0.042074950102715
0.0378323208571455
0.0090233113849903
0.0102916960649804
0.0195092265024876
0.0110553062337019
0.0113838186763208
0.0172923287794531
0.019089299137803
0.011227708358595
0.00707687543484273
0.0209504836711229
0.284451644277937
0.655245050453492
0.0406938813030338
0.0215739077464575
0.0145953798116721
0.0119184581858343
0.0158374739666839
0.0135349612547303
0.0100635718863991
0.0133018312708064
0.0143075944337226
0.0189546581011531
0.030457795355948
0.029670097891457
0.0177401490475856
0.0152770732436627
0.015915951525166
0.00821826835916721
0.0131667811941667
0.0573536098130346
0.0973504714605124
0.0084593601071818
0.0204305984831563
0.0233401870801825
0.0139997980077102
0.0158174566579561
0.0137592423997561
0.00553751375584746
0.0192824727498794
0.0157076865621353
0.0154766562724473
0.0344795488373143
0.0267150580135348
0.161873651199534
0.202736716282821
0.0665793835790271
0.0459607966037636
0.0219679799655304
0.00914746616994164
0.0193775879712684
0.0529058175194912
0.14377594235838
0.0184136221157043
0.0110957907733278
0.00616338921575718
0.0105218694058251
0.0244381421887331
0.0423051318138554
0.0277154343568203
0.0146496693362019
0.0146963317283976
0.00881946928719937
0.011156567172418
0.0239980980601463
0.039413309993294
0.0279704110693647
0.0114138546626204
0.0110292979861527
0.010224348160018
0.0200324937807323
0.0104270493974403
0.0104407876928833
0.0105922968219579
0.0155416963256053
0.0294995048800523
0.0302743893541462
0.0180594669410122
0.0207500815324652
0.0330742281091337
0.0194251480943092
0.0149174680420189
0.00405893047127549
0.0207647038107397
0.0128677308102177
0.029558706269493
0.0419516034445701
0.011554713996087
