0.00471003984875794
0.0044329639800366
0.00584269685762729
0.00564708906058871
0.00335155895101608
0.00667067943537051
0.00960407321794571
0.00733778918542307
0.00633535801916443
0.00709537668167326
0.00453459525815943
0.00423643715024931
0.00484628750605972
0.0043879012188223
0.00435941881962021
0.00518455322843169
0.00487203319474061
0.00442813765793855
0.0054849487058885
0.00637131669532765
0.00551856630320078
0.00451705595696119
0.00401127257056896
0.00482065659180823
0.00432656006826425
0.00358195945746314
0.00396685616532669
0.00443490885105407
0.00554015637959692
0.0069088170217878
0.00459588767197571
0.00454856194394703
0.00454438374346185
0.00663333742581705
0.00591915737118066
0.00613260216969333
0.00497025654181086
0.00531214270794293
0.00542532260675815
0.00537125202978117
0.00559085533024039
0.00738887019021634
0.00592656460890958
0.00726928368347329
0.00489370904875321
0.00579326009557481
0.00392187544645701
0.00529525464284234
0.00702941665648136
0.00816896153179266
0.00492798185613123
0.00414006485427241
0.00411898429587888
0.00377896914088395
0.00398284063016419
0.00747126427976541
0.00671030414978489
0.00460372443486717
0.00280786699687551
0.00514150203932886
0.00362375211174034
0.0043117671591313
0.0243380581019288
0.0318082772875419
0.0261249902708864
0.0331020129008238
0.00752639330402792
0.00738114240334244
0.00690206906986019
0.00494691960535222
0.00465995336011658
0.00389321143127965
0.00543438198133251
0.00553814143932162
0.00490771594511803
0.00370149918360128
0.00467636958070772
0.00587529880178817
0.00509971016424816
0.00450074926227144
0.00450298921150293
0.00469474472269445
0.00559115499223678
0.00703821842291178
0.00637659454746745
0.00496295635792109
0.00396161117360221
0.0042538515174966
0.00298878210665996
0.00535035307972426
0.00741106832905948
0.00392575418202624
0.00514188148475115
0.00921633423922409
0.00513602095067093
0.00618332228715562
0.0059250679142688
0.00676539919031704
0.00631488917680885
0.0053836475276066
0.00589164801006136
0.00540423055765736
0.00535951019437071
0.00525445144710055
0.00818884673253821
0.00669925537459186
0.00882992285441839
0.00519113080831204
0.00426136213744395
0.00389804740434161
0.00649602271772397
0.009241471096017
0.0048492161233139
0.00478861672488072
0.00604296406712613
0.00517140962181415
0.00473428040123691
0.00560891397758488
0.00465568403263271
0.00639071651448433
0.00546459467450815
0.00346331013896979
0.00534736293858837
0.00508553434786107
0.00441086298647913
0.00352605635284895
0.0036255075177797
0.00410713954480182
0.00526252978160324
0.00475986988809407
0.00345806908758085
0.0049058754140193
0.00661337798691116
0.112384178184244
0.280507269454399
0.144155100511063
0.0213106040680236
0.0170003801285003
0.00754216491480843
0.00387183025454702
0.00304111752955781
0.00503555620731076
0.0089347447620308
0.00695841270787099
0.00477168526146975
0.00527172210233259
0.00554627909827639
0.00452225401636031
0.00433188662624434
0.00369369991270917
0.00697551309137055
0.00736553103110041
0.00504093172296812
0.00400418296537392
0.00610136099169939
0.00736510932561354
0.00559776867307931
0.00531705742561302
0.00593706449829257
0.00701153710692665
0.00521341491994972
0.00345763179555247
0.00467198165248236
0.00545275732625677
0.00439234296816398
0.0044144516272266
0.00500677081086085
0.00655391185994299
0.00602681970795131
0.00545649860788539
0.00462435837000035
0.00512624650219423
0.0034478576928299
0.0044071199464587
0.00564244155405255
0.00530412462263388
0.00447225316300385
0.00613736776298692
0.00635212807328168
0.00499901949332897
0.00442409312347825
0.00412804854980269
0.00470932038405034
0.00501608305588718
0.0495366286089509
0.0520755411800074
0.0135582113474826
0.0230883007677161
0.0276510173384305
0.0211258222970369
0.0197449717677953
0.0229665540602297
0.0282821061002504
0.025208749580412
0.0175577052210681
0.0141738620356396
0.0201142845720432
0.0269694067722766
0.0254204827577616
0.0195113585652487
0.0138237080450185
0.0095776101616406
0.0108674061244931
0.0105978122373497
0.00795212962736249
0.00754402978310303
0.00587352432981938
0.0063071976147963
0.00689602630200348
0.00984087461083509
0.00976881661825793
0.00770209044383593
0.00550314251911589
0.00582631097750181
0.00620020364225663
0.00636953541415067
0.00712862035450496
0.00746632082393735
0.00612084872400267
0.00578377576471185
0.00557913637004957
0.0057424038846206
0.00541662438443732
0.00559800113514912
0.00589975881105877
0.00512977149066777
0.00602518920802379
0.00609978810526962
0.00637149005877
0.0053438330441972
0.00496636987894556
0.004727646801048
0.00456414488110449
0.00533347108176018
0.00662819398237769
0.00602564500686517
0.00488254694630842
0.00746537680655306
0.00719034512424009
0.0058548912850205
0.00520346935577858
0.00531536162198091
0.00596096324599082
0.00516813546909853
0.00585705502504432
0.00483340128998262
0.00604243747690966
0.00692375266846232
0.00540809244637169
0.00724654661829168
0.0081017562468306
0.00940490662334619
0.00735392014374113
0.00640840012881196
0.0065861274947494
0.00675077983522947
0.0068168782505832
0.00855414124816064
0.0059360966919776
0.00708408866141521
0.00628475149148119
0.0062674021937352
0.00574002588304309
0.00545614888673287
0.0054518569755029
0.00517246042035659
0.00650941736798263
0.00708869439235269
0.00806856412324942
0.0051639494063847
0.00657100063651055
0.00542600792002083
0.00486856240192446
0.00496879492346471
0.00419046901233023
0.00434980526006856
0.00463466390533228
0.0043574112745128
0.00698367248711157
0.00792561335804859
0.00555992554965217
0.00582691156491056
0.00750979786295792
0.00625529391494835
0.00569083510028229
0.00605445477342792
0.00559632649411033
0.00598437047331858
0.00604169876478937
0.00485069005554813
0.00376212989673904
0.00620121504505707
0.00633420385430377
0.00430343623421388
0.00435940776734723
0.00385724892668169
0.00622024280891016
0.00574358512459572
0.0100109406430812
0.00631566821379875
0.00685026672314671
0.00610356075381383
0.0078806867416491
0.00722010365480524
0.00451772905534024
0.0047895066187951
0.0134810125038941
0.00796769109031118
0.00974386479558856
0.0113076831055038
0.0181917692599116
0.0186227218259524
0.0124593079699704
0.0081443157432968
0.00593917637085252
0.00731526584315918
0.00957118563804775
0.0150554105360203
0.00978738288331558
0.00642359845788996
0.00601014230899129
0.00670856063574656
0.00583881264682704
0.00498880461335679
0.00417679225516523
0.00372593703356786
0.00444084027081625
0.00713324303111232
0.00651902966365211
0.00869600500734066
0.00999562023618931
0.00681369902809643
0.0058615469486356
0.007683142365135
0.00947987150320821
0.00608575734599208
0.00684575321105857
0.00775987849729071
0.00457783102215876
0.00653134748765573
0.0075026006140769
0.00832371591792989
0.0078769347364981
0.00851073609232848
0.00730310280588541
0.00571366488235911
0.00687083064133088
0.00827202384146463
0.00799658028779967
0.0362043632606935
0.0471256867616779
0.00909938961978657
0.00862242503782491
0.00771964903664744
0.00671462825086839
0.00853807467848986
0.00947206884165477
0.0113612699216289
0.0120784232592999
0.0112955403118334
0.0125410023998008
0.0131026785920585
0.00833069429891737
0.00485758847439534
0.005412745989858
0.00649012776353058
0.00739648739877618
0.00610601953387434
0.00774015407850024
0.012465666028705
0.0196733754000199
0.0193660542134284
0.0140654491228619
0.0099244044331111
0.00769328274804192
0.0111948904752996
0.0103355279150781
0.0171178516162629
0.014223425455221
0.0147398841017007
0.0129028735431154
0.0154748020315554
0.00938761167847604
0.00883450851908
0.00921540050787078
0.00830652717979847
0.0120885038948769
0.0142623654990357
0.010071221882225
0.00627401381755035
0.00663232093511249
0.0111209448297507
0.0112191885799699
0.00983174792246735
0.0119390304803138
0.0137141452695419
0.0145413881130087
0.00982712956284478
0.00573462718355665
0.00533877876400015
0.00677569088117947
0.00789544507025972
0.00867894884913861
0.00824482574784027
0.00758279024907931
0.0111349035910428
0.00980427977848433
0.00749541248983331
0.0195191659094551
0.0191060257608009
0.0189951243321308
0.0162579931316871
0.0169930546797147
0.0164337264197059
0.00995864120228314
0.00851454099624991
0.00904481810113707
0.0107268549852331
0.0112126256504521
0.0127057422013471
0.0119866793161393
0.0168735483032326
0.0246688895317393
0.0187382920759068
0.0105789581821861
0.00898376150140957
0.00744050553983412
0.00806879611925762
0.011815838037881
0.0115219661423083
0.00801931612363149
0.0100733357079718
0.0132588843983498
0.0109903643968333
0.0108235050605949
0.00902746115001168
0.00921303668811338
0.0113184244746533
0.00982866782848929
0.0131874705432961
0.0152049872731824
0.0110405235223243
0.0108418060284233
0.0115042738415601
0.0136279401598517
0.0150829123187001
0.0119798702554689
0.014670685853467
0.017081382779224
0.0175296155901488
0.0145527110032317
0.0129357809849008
0.0163419178133993
0.018257521525084
0.0259417158920465
0.0218194775434205
0.00856118749998989
0.00717024621347062
0.00809544524353862
0.00724472697580968
0.00881717976007415
0.00955537679077414
0.00749602899900758
0.0132611024249612
0.0229619934175271
0.0378353590286639
0.0426851597163983
0.0293576636569836
0.0253024803908933
0.0272896280360708
0.0168935833989807
0.0249501537756368
0.0323182258565074
0.0285172687615672
0.0263888573549786
0.0381680755001322
0.0422639588984942
0.0317922819155443
0.0214046829530531
0.0284626026590339
0.030081346652341
0.0140288364276057
0.0254740841701488
0.0306197872635103
0.0231830319327769
0.0155011105158956
0.0160621498330498
0.0224843720717396
0.0164185781361871
0.0158349429212681
0.0207957538944973
0.0148143898652151
0.0139438051182509
0.0121884840731221
0.0128925689896488
0.0131615326507989
0.0119854914336936
0.00917973363725103
0.00876916545809279
0.00947618378237068
0.0103913552281593
0.0104676865917261
0.00871488812385104
0.00987667064819058
0.0190183802280396
0.021087211364321
0.0117575518162466
0.00914190839082508
0.00893832279287496
0.0121970249478596
0.0126738459565287
0.0128188422748402
0.0137806192637517
0.0081285591715505
0.00925228877513492
0.0119745562726607
0.0138188443775537
0.0114673602562988
0.0094867952317726
0.0134635374480431
0.0182966562918114
0.014742478138329
0.00707003123622842
0.0103898658668688
0.0136237186050779
0.0147244552908865
0.0165422136516809
0.0181911767953183
0.0769819097559293
0.098971329602129
0.0393058690281328
0.0188046412744679
0.0255801471411977
0.0195544261972919
0.0174760073359701
0.0261368721663168
0.0233785149378824
0.0202817111394189
0.0215597721253371
0.015049896450479
0.00865842975367409
0.016727293674296
0.0221608898793405
0.0132321060283468
0.0124110352208752
0.0133123760175307
0.00820316142302297
0.00693485564451902
0.00703184215446129
0.0108859274794539
0.016526104114108
0.0142163346394629
0.0117243930495464
0.0080529451052889
0.0112140974191539
0.0190609475056675
0.0134019947261925
0.0097053098280859
0.0111286196299627
0.0111808002290198
0.00920760410150059
0.0140801122159098
0.0172361590922682
0.0154347211455686
0.0110355102610527
0.0107615470752996
0.0149533725484778
0.0143564881707628
0.0130266085520595
0.00885014539947728
0.0159005561791639
0.0157372643091
0.014916179661402
0.0128354196615969
0.00906662349148472
0.0103834085790177
0.0132695177072278
0.012427231412358
0.011768232647209
0.00966908694177354
0.0166050476135858
0.0280389066929599
0.0311568665702391
0.0232153861940063
0.0200478682690552
0.0199476154707692
0.0143449061413683
0.0185141010568189
0.0143625190404778
0.00783708498326946
0.011401488200244
0.012273219555109
0.0118685421395159
0.0151953151720715
0.0144707759447518
0.0241531860168296
0.035482526489845
0.0256408403403531
0.0143712410390633
0.00837478145008597
0.00967536226372495
0.0122883597609658
0.0158247403968668
0.0109075015804291
0.00800593094804479
0.00969247241634892
0.0094237774633803
0.0296714521451739
0.0339951850088768
0.0190884931107178
0.0304307064960593
0.0140710616666752
0.0155393904347674
0.0141723828379406
0.0106684219863862
0.0088309276836676
0.00787091389582246
0.00918446422304833
0.00813795797774863
0.0110918318096883
0.0116949109321549
0.0116845407205341
0.0114403629110977
0.0152355138043689
0.0147871957907972
0.0145317238389086
0.0177649764639011
0.0171761342434331
0.0143382726612846
0.0140667075937734
0.0151885718110456
0.020052744531915
0.0129493888621205
0.0135298912153643
0.0142159705550051
0.0103614726680912
0.0104177906402154
0.0111692755894271
0.0100447812613734
0.0119182488808428
0.0114517532742391
0.00783294737010388
0.0088537055025087
0.0125427556595328
0.0119076201220862
0.0224579196679746
0.0197815060475827
0.0113900260975571
0.0102839446368293
0.0090091242839401
0.00660332802347342
0.00942174187028478
0.0104075968847093
0.00928596259554633
0.00947493348874389
0.0102429558438509
0.0131815337740377
0.0138260180965452
0.0124377976190987
0.0205447073840968
0.0220456705580366
