0.0499686829938042
0.0533621347851978
0.0669523374403584
0.0588399448511882
0.0553514671849546
0.0709677526024641
0.136699856277681
0.123379082952546
0.053690877064885
0.0727690538174117
0.0704399046654874
0.0699442242519627
0.0591758984007555
0.0608790827465126
0.184391199140095
0.205264141720554
0.0469074161820618
0.0485813622989158
0.0633434491863786
0.0775078760570865
0.0918174917442399
0.0674327094561378
0.10250909474823
0.101111064061476
0.0915320392887075
0.121171160439001
0.144445119798515
0.18894035863575
0.108668847835642
0.0602754079613869
0.0774740781829195
0.0955244096350083
0.208021231870904
0.237632880112802
0.169812005280396
0.115080026349387
0.079040700718157
0.0640676180310063
0.0545050742401586
0.0490816052024539
0.0710225178083903
0.102365715308091
0.101947550052462
0.0734789025782269
0.0555501651399374
0.0673024544989643
0.0736846934917902
0.0520346375083317
0.059163203433709
0.0587309146750074
0.0698084960669102
0.0679653168407995
0.070915505106937
0.0796264827598123
0.08553127204412
0.141743455319015
0.139277824169903
0.11798778723855
0.10217258685849
0.0864867400339951
0.110975858744575
0.179808085426867
0.147939063952794
0.0706217087984311
0.060938142082891
0.0363519695959718
0.0400817984602622
0.0440580272549574
0.0598548337566653
0.0717822984355612
0.0912575766802859
0.11265691939775
0.107909633059476
0.0985057642671458
0.0781082275173567
0.0781342212855563
0.0679556944191014
0.0701339337701222
0.0556457761110019
0.071655226955637
0.0453428591620022
0.0737988908144514
0.0756342220075229
0.0412096149039006
0.0620368402559559
0.0652009666145474
0.0614737531494843
0.0488874370969904
0.0597580698079481
0.0503176055661082
0.0864562862802933
0.0927819331881958
0.0751233329228376
0.0771948807004548
0.111968367777395
0.0922438700170795
0.0727719118780111
0.0641941601379558
0.0415289175884333
0.0925258476258429
0.113682812092164
0.0702973146935487
0.0567069310105949
0.085637921586895
0.0481097059905351
0.0503083392700753
0.056945829253416
0.0585760287735452
0.0781348762904868
0.0939900387099534
0.0964692876227225
0.0802623249625216
0.106978181618651
0.103228446678532
0.0863001982347657
0.0730113040878266
0.0413123797921457
0.0492340234578557
0.0533461177895181
0.0527650750041331
0.0934237507379075
0.111790147905454
0.114116164866648
0.0889038893175944
0.0615640222512899
0.0671264958710562
0.156012253476427
0.229832421712517
0.178431299989605
0.0726984806287172
0.0573587326317264
0.058673996106151
0.0566369618643152
0.0694201514629977
0.0819824498231753
0.0819772795919785
0.0488703809819178
0.0387784395705327
0.0937008913927034
0.123537215293517
0.0866935617260901
0.0625713574058481
0.108048368973071
0.0914025307189461
0.0674516120618745
0.0562959599189458
0.0523236432419653
0.122598254456606
0.166170975959781
0.143996472781205
0.0834229814793859
0.0753828461293634
0.0774713230474493
0.105765153643092
0.31757812770992
0.265017723924479
0.0603233925284506
0.0484603605685172
0.0552517672114971
0.0607479646125693
0.0678067778583128
0.112788046428601
0.102730708529797
0.0962560318698135
0.127894996722151
0.125540956981404
0.0784988502002602
0.058861558116667
0.06265747205515
0.0728239095703413
0.0775348740587256
0.0690958759566805
0.0389482712343578
0.0363022154826258
0.0350561663305221
0.0540771524417537
0.0738250611083828
0.0558843150398622
0.0316807076128284
0.0291772531248389
0.0321340463231378
0.058434842080167
0.0774523334671597
0.0770452546778373
0.107271613500769
0.154004535036548
0.116580489795484
0.0597946436698845
0.0563662936245622
0.0310728870381336
0.0392165219532775
0.044256285711136
0.0724315832551377
0.105105082152731
0.0874822790002496
0.0697389434467882
0.0987780820770295
0.0910077335084147
0.0774020436807039
0.0764174168717731
0.0943554724557373
0.0831060629158617
0.0565071312435917
0.0777017240453625
0.0616106090664367
0.0416845705354596
0.0524077840138093
0.0588639466450736
0.0863484760378881
0.0800880405969331
0.0508729247598499
0.0494466247462368
0.104030375829792
0.101917104323385
0.073580075285634
0.0737698492533914
0.0693574462429997
0.0631044859376989
0.0277588293373337
0.036959308821066
0.0634855013478522
0.0818897431888054
0.0565860800928478
0.053243569819883
0.0716439437287568
0.0835183326532953
0.0623647715229149
0.0849524569048541
0.0994825791045102
0.0878937567760021
0.0716307995662106
0.0692025474639761
0.0535202962094155
0.0423999263127421
0.052037268618106
0.0400645913172963
0.026552857330468
0.0328764212608694
0.0336199435269975
0.0352407636124677
0.0248305551986551
0.0498479647754385
0.0304031736401825
0.0291439122865009
0.0524017802642809
0.0430262074038488
0.056408867713369
0.0487041515045626
0.0553215094298113
0.0841412572668568
0.0626561394308688
0.02848715381248
0.0322691645974082
0.0219337620053548
0.0329587260830012
0.0427116866622666
0.0641750830406781
0.0575860722300051
0.0479071032647816
0.0694548776275589
0.0595756705555975
0.0380343937832414
0.0577051258016354
0.0753192900234571
0.0709072093545564
0.060794550131327
0.0608102031026095
0.0629122953314328
0.0608642163489735
0.0590128367197426
0.0817027381028777
0.0757486352649584
0.0448415310369647
0.0462398277113691
0.043672673449973
0.0625601505037679
0.076537195328239
0.0623413984843919
0.0693390984344003
0.0560997151621442
0.0582037307165329
0.0678935961977017
0.047757486524507
0.0816836538272737
0.0753154631691465
0.0590729200707114
0.0640192993994936
0.0819117027998019
0.0755897657178623
0.0633636692066977
0.091228996601601
0.074321963241094
0.0472609520833764
0.0650132436489921
0.0534937564644129
0.0534765752785338
0.0497898815318863
0.0627179284115258
0.0878433819845531
0.0876440378555145
0.0804806353598151
0.0820647185265322
0.0630981701622123
0.0600479018918819
0.0392247001523616
0.0570804103343266
0.0577872107566587
0.0431805058104088
0.0434634641849043
0.0558338631001955
0.0617910437952028
0.0637062327808482
0.0783506293945625
0.0694844089285666
0.0411544189651013
0.051724901726381
0.0444588763483728
0.0442180325762384
0.0581522295850265
0.0557318479647618
0.0727560315302674
0.0954556814721465
0.0560611398009671
0.0534837479254915
0.0914126790857216
0.0800408702476266
0.0613601961113395
0.0560550329050564
0.0863425162152375
0.145731559557455
0.119514156452668
0.0774640489694038
0.0350555602038436
0.0487137724890273
0.0513676138235091
0.0542879844376207
0.0596544516193922
0.0779251732767776
0.0653758654725651
0.0702286165044876
0.0863147220713701
0.07353948325064
0.0456889636318398
0.0484472222210288
0.0536742565946507
0.0506004003822769
0.0481327055699537
0.0332757031435195
0.0283856518118575
0.0437701602065425
0.0519235290869797
0.0600529703571867
0.0414643350045597
0.0500549495591491
0.0570480022701589
0.0833353938699709
0.0519690016879648
0.0789751253284302
0.0704619229692252
0.0497947874886136
0.0614688270057935
0.0787680688819247
0.0982551831471072
0.0973942443711119
0.0769365861614358
0.0840810847686456
0.0988833004111509
0.0602475582193476
0.0519762236661499
0.0495803492466329
0.0536248855590048
0.0496827040024185
0.0642657735194887
0.0978565870807121
0.119280494791979
0.0793169070714082
0.0642780208976208
0.0944306384115083
0.0730832023709459
0.0325534675999121
0.0385579806851825
0.0889490377025977
0.0978614492470661
0.0613957901917837
0.0613474191056736
0.057785482227978
0.0586712395700435
0.0552838199780417
0.0421717999183547
0.0827642053341627
0.100606252380634
0.0788525407129475
0.0768836477496823
0.0653033257804611
0.0676715944128257
0.0875107394972117
0.0746877319721688
0.0652350482719393
0.0554422296397297
0.0779281503172227
0.0798202265786319
0.0596646970236112
0.0869891861277085
0.0860200818454052
0.0773550512955756
0.086243794514105
0.13729267820675
0.110973066458417
0.0554501756833254
0.0603959883812847
0.0941305558090844
0.0812922720853043
0.0689886364096241
0.0860590095465966
0.0961489122932046
0.0868712600236213
0.112659306317225
0.1170484405669
0.0703522000114506
0.0944899751825754
0.0854226679344735
0.0529003980597133
0.0725701878434177
0.0494599236573605
0.0280888399727274
0.0522122656339483
0.0805451616950483
0.110367522231877
0.111963135742654
0.082829132019784
0.0823018102184565
0.066392765057406
0.0445949986306382
0.0456071449404329
0.0632833760894016
0.0511513721181043
0.0657959147018342
0.0720710650052712
0.0753416632660929
0.0565772422726404
0.0541823440320085
0.0557130409917992
0.0330001510379483
0.028015014324497
0.0533219996517469
0.0722178388664377
0.0603629514844087
0.0369207502584638
0.045340190758354
0.0468690196031464
0.0487183551164562
0.0526396218849142
0.0624257225943112
0.0602470666040717
0.091833609677986
0.115388588099871
0.0898897078257077
0.0966393909231096
0.0974140214571452
0.0944186023250441
0.0820076832011474
0.0606607497336955
0.0538644441841162
0.0616779576810077
0.046067365542172
0.0536171550513993
0.0489233652296838
0.0697477238643641
0.135882330250477
0.0691261459734164
0.0505818941324932
0.0262205880393676
0.0393571191362172
0.0320321455634502
0.0425933197798786
0.0375951003459098
0.0349721176754571
0.0414699533563951
0.0269223263630332
0.0388205217550652
0.0476606930630149
0.0493503384138481
0.072151279596539
0.0864995131679097
0.0613551229417606
0.0582806236145506
0.0627528989121186
0.0853800289907077
0.109182473579009
0.0647097895421634
0.0492396698474492
0.0652995735255144
0.0540319123810931
0.0639742964467067
0.0756485296604933
0.0504841291152965
0.0436146663333318
0.0595918330904317
0.0652705769121815
0.0715542403811699
0.0614375641972423
0.0424434952970107
0.0406767502368292
0.0432049095038826
0.0601077677942054
0.0655319510439207
0.0615147900005408
0.100162889554684
0.1068397338956
0.0864883645333124
0.075506528780121
0.0478759898059705
0.0401211772371235
0.0362492755723182
0.0325911661971605
0.0410339739452507
0.0437485055632239
0.0650319774430979
0.0465723830747078
0.042826778428875
0.0515943079083106
0.067333082067879
0.0679098251780115
0.0574868359730848
0.0526804657834614
0.0792381060167189
0.0757864014087435
0.0615242282961154
0.0744677336593392
0.0812382570705225
0.117629129262945
0.110984768398672
0.0800422111815501
0.0569897770712869
0.0404280488882217
0.0486339481796517
0.0419298098558674
0.143144858953267
0.125555809622068
0.0421996210071939
0.0374977054835895
0.0543832995485643
0.0638495476805894
0.0497969276694518
0.0403344964907947
0.0626067147889583
0.0585159983732581
0.0739893140244788
0.063577964319391
0.0736374208192611
0.0615239512403843
0.0387100625419352
0.0546274236897734
0.075766353140961
0.099225639284852
0.0664480316426495
0.0700792614357038
0.084915238323317
0.0766390076683102
0.105584662987244
0.0741402291112794
0.0644739896640786
0.0467237706031961
0.0428450714627753
0.0697212406761199
0.066655001146506
0.0812651938449688
0.0965298979563937
0.0705386385614046
0.0617722582627193
0.0848356516850212
0.0614438826123736
0.0563281847150046
0.0487679963767201
0.0704966415980455
0.0721882189110378
0.0819660821339429
0.0609803721380399
0.0690441756012233
0.118481287648917
0.104583795257497
0.0759535506569918
0.0407675967877988
0.0551665012503725
0.0635925989688641
0.099248920926967
0.0972483170468919
0.0420408500263387
0.0371731567158814
0.0372857452560825
0.0489568109955768
0.0738266387703581
0.0863649365298799
0.0932982441726502
0.0954492904690655
0.0983986892895069
0.121329308395215
0.10661404918534
0.0949979930975801
0.0800322891211686
0.0608500801947938
0.0581362069232411
0.0584578921931464
0.0534989084284932
0.0271813693810155
0.049160711062753
0.0855715046949239
0.0894088349100424
0.0734134058267491
0.0712922981272611
0.0736949390365889
0.0489440496468034
0.0928620654058731
0.108810019784606
0.0819795485799096
0.0605948113756259
0.055353336784344
0.0260731294777103
0.0583027080374161
0.0779756223557983
0.0480983242492481
0.0535506729420372
0.0565769448515479
0.0364058184484869
0.0672926544780655
0.0436556028360736
0.0524237928421406
0.0615981852949374
0.0490775173016836
0.0698069176014112
0.0870317209989998
0.0618056203359879
0.0485298974475522
0.079619550202898
0.0736885395314145
0.0837558377628883
0.103539504883661
0.11994441791061
0.129665888099613
0.107827194507215
0.0629550542020725
0.0818628169486055
0.113197191013326
0.0936662238939212
0.065725108479467
0.0547955287454766
0.065135754341156
0.0788665225700635
0.104549576898524
0.119332625419034
0.108739438291656
0.109231787965587
0.113008777812239
0.111786783115538
0.0594625926170785
0.0329955691093196
0.0390075832375013
0.0683471572900305
0.120694723304888
0.116713359532482
0.0718392246655384
