0.748390587335291
0.55143802963818
0.537258070090728
2.01979262953906
2.1052567568692
0.950294993155922
1.61566183310679
2.43038441577724
0.979120083485533
0.965506609288749
0.880375807550968
0.380478582020844
0.557292687164268
0.485446118809191
0.461601592342051
0.678565999610784
0.497373407418331
1.2298336512866
0.281093866166707
0.379718145377764
0.345461891166847
0.5754972476624
0.328330815400727
0.494811465780951
0.216762604229937
0.242080556592786
0.52332875047485
0.424002444192197
0.581551538385506
0.560768768059492
1.0042643781382
0.972668118207608
1.66264608928082
0.491066202576294
0.486722130885804
0.499617537467719
0.174109546385577
0.4617599903413
0.364724343145349
0.318397117103423
0.327887884509665
0.460751139596579
0.125887431110741
0.390242310959947
0.337065809028885
0.224940295358428
0.375080496300898
0.542009677700888
0.292209828091696
0.292102664160329
0.561897421143954
0.301379438945323
0.333197587426363
0.141983430429137
0.936297574193331
1.23550063762613
0.977812375107337
0.471848147016548
0.81767147786642
0.588332293938861
0.28533597050572
0.158374387932548
0.974339373880587
0.98425790109003
0.490507377898987
0.772661591441229
0.236995111336997
0.743724849148369
1.38367443293585
0.981540566068045
0.315815490380165
0.326760285510488
0.152697540674596
0.159098535043263
0.285478353372531
0.143719389761284
0.227672836566707
1.51792641644197
0.545070330652203
0.220662661691111
2.49273797744582
1.82002091900371
0.361362714578021
0.262638543454549
0.170638490594438
0.135678087357479
0.135744320502028
0.100977541335817
0.173438293361312
0.762279665412427
1.38634968915855
0.117506157702676
0.119414826286502
0.0741562887039859
0.412401591842264
0.314485380909026
0.276118008900331
0.304892468822232
0.238747848357683
0.358577532340748
0.245939426092258
0.188568948535607
1.31813704727028
0.522681364696147
0.32329184900573
0.328281674497829
0.302405635355267
0.182961494430161
0.481570681336125
0.386185076980446
1.02634579785678
0.187339660649934
0.16106194749162
0.442610640910594
0.489699799476213
0.206556772410304
0.162413008952359
0.276922110560093
0.58049850715101
0.430827653962656
0.186456302799383
0.292905627290466
1.74434220608553
1.48798209766955
0.502668373357226
0.212559944038923
0.237402942779938
0.679017092527576
0.41242728953782
0.850661271852012
0.868105801393082
0.331137835901804
0.533410772769562
0.20500202689252
0.282070198216564
0.656787010929102
0.90367977058204
0.174978302319183
0.17765397595249
0.195289738404213
0.282863567010265
0.32214395960548
0.156729954732175
0.21167773403575
1.12130830448528
0.287386760879779
0.152427635352327
0.354715214885273
0.194629230443632
0.204741982017112
0.221663088420995
0.280109554123757
0.30026296214809
0.161955171562096
0.455030280174926
0.312847141375695
0.169476646531097
0.250033460517402
0.837257694691183
0.58621326933674
0.35146258211502
0.200007300424202
0.165197859000521
0.266078322063787
0.149990569820031
0.0643304516382622
0.0884816098010549
0.0953470740971616
0.121318966608952
0.123927362144477
0.0827639776939769
0.101336455070704
0.0918608603367082
0.0717584315852609
0.090148393918464
0.153520406942218
0.213323932522728
0.119513369126755
0.128526423026208
0.0822604003924596
0.0564219052459666
0.135519047243028
0.118183895799397
0.113295198963846
0.263086354749464
4020.29267046245
13896.2059159071
390.793263571354
22.9302582942519
4.50364018886115
1.26919111371708
1.02379140093228
5.76015154463181
4.61914733751464
1.28257387512679
0.84188000805484
0.550147332033346
0.0801995305803524
0.183365043285132
0.176562006760973
0.195604467687542
0.104088418246057
0.196629112671855
0.438008470388677
0.412103186755011
0.160271246903574
0.213332643585249
0.152770133985875
0.191212130221624
0.280350479744438
0.10645968482849
0.234812906650127
0.131392360666149
0.218112862486209
0.0908794906595641
0.153361172808903
0.112181977371921
0.197428169103113
0.203667749278577
0.161700498062724
0.13091290517723
0.0950613677157423
0.103073699614402
0.101542971850673
0.157462756108232
0.152568967731093
0.230594533179457
0.185192515868905
0.148631930596584
0.141785757074537
0.126261241898562
0.103023689112414
0.0959196648379569
0.0724570281456925
0.137532623599415
0.127339104066065
0.113602971735287
0.106959058389334
0.11472503376467
0.0901125205586702
0.108744883429759
0.0966983770055193
0.0713377211167855
0.0685584604953838
0.128543630015028
0.111102446954218
0.149857454572433
0.36209566263325
0.224512029909647
0.211470844402806
0.140506883093078
0.0994878449736591
0.0831482461503221
0.0675191005510833
0.0947982459116903
0.122782472362348
0.140887041087648
0.110447211225596
0.151637557404392
0.123437445964773
0.0961702344071319
0.0871153445655253
0.0867330311201177
0.100044426002916
0.151540646027423
0.0803445435707623
0.116994287329848
0.101632099289185
0.0904400869675948
0.112715103480708
0.18295683556928
0.0933478276110419
0.0863170349938476
0.112762338279637
0.120930646202637
0.150117321910696
0.154249919883499
0.100784639358609
0.0930269768650532
0.10039949312873
0.0785094975138447
0.0742207351335971
0.113206403578131
0.110694327569395
0.0888591907173086
0.0825214475599483
0.0961592032933134
0.197225093334104
0.0572145859531303
0.0703640134636852
0.107321659979058
0.109109792901067
0.0947300470353549
0.0785658681573673
0.0920441095232066
0.0815349628109061
0.0927915047729667
0.120457162174908
0.0664851962121222
0.100118931957236
0.183144448790731
