0.206963854777615
0.264827932169477
0.249174599447092
0.223547776148583
0.352463343108504
0.422665786519428
0.368174334066471
0.301098246196847
0.261437704285802
0.220505865102639
0.283164320243768
0.281540162206745
0.112565829667644
0.126976102379643
0.390857427602639
0.517519397605083
0.470558320732527
0.242190707478006
0.384676464748289
0.263408136302542
0.315798652477395
0.472977723301564
0.424510630498534
0.44135809964565
0.413098643313172
0.470482639525293
0.68311078590848
0.79013498136608
0.352805474095797
0.340622546661168
0.382723292017962
0.42310460005804
0.556465349691471
0.510009126038612
0.361756695610337
0.32635354617241
0.419933062988759
0.289327641969086
0.312840212228128
0.321843144779448
0.293705849447092
0.279200412008187
0.211205973545943
0.223692179481305
0.237102034075635
0.164972965542522
0.236527943242913
0.215983282930108
0.284166275277981
0.416274285190616
0.424534371563416
0.420938989186217
0.357382354288856
0.19613658319587
0.18687133431085
0.215239329407991
0.234416840405059
0.263479311766862
0.280921376695381
0.289695661885997
0.422193151270772
1.08033079026149
0.640621792521994
0.314440333272239
0.570432923616202
0.224435483870968
0.256686665673876
0.203563040307307
0.200665160297532
0.251474485276149
0.386947158709066
0.444733282930108
0.269382092726662
0.246893901209677
0.415713434750733
0.228476257025904
0.18499487376283
0.253699749511241
0.257281891495601
0.188448945732527
0.188373035419721
0.255976285664101
0.48953995601173
0.274066308880132
0.144370685178397
0.147626122617302
0.203263675693426
0.439012096774194
0.22948687034152
0.210413755116691
0.274248495540078
0.246494341092375
0.254580421783358
0.239017862597752
0.5538924177511
0.539316721270161
0.272820098668133
0.218576022956378
0.278750906876222
0.351436339198436
0.344510010004277
0.318683626206623
0.247402162374756
0.331262896734482
0.432551319648094
0.212352723301564
0.315285885569404
0.325883278347996
0.385529453430474
0.272726012646628
0.227341153470186
0.224976545317082
0.197126319266251
0.206445350684262
0.180318294461755
0.360139668484238
0.276648023200758
0.287613244974951
0.39420908938172
0.31540871479411
0.472377161229228
0.42950784304741
0.268326001955034
0.214722467237903
0.223245013135386
0.156072175891984
0.273491024789223
0.553563422149927
0.382865194281525
0.671909509026759
0.438331567311217
0.207120209784335
0.302983785053152
0.215481112154814
0.187359014158724
0.281289673448192
0.39582050342131
0.264233479579057
0.333328894412879
0.452592319999389
0.51905737376283
0.451864461143695
0.308580423692571
0.369364375229106
0.368655875794233
0.309860465160679
0.361808626206623
0.370804761959311
0.641719055474096
0.626389868951613
0.222779470613392
0.192848383660191
0.22170695106305
0.625104538963221
0.766409753406036
0.882686864232038
0.349669438844086
0.391600980190005
0.180454765014052
0.188038235810728
0.283519061583578
0.425754053259409
0.288042359711021
0.188286901270772
0.323383087426686
0.294767448298509
0.310090945365958
0.46032991202346
0.342086531265274
0.325088119730572
0.298067332218353
0.287820098668133
0.361678885630499
0.288082758660191
0.299955400782014
0.431092642656403
0.35718459799609
0.399373310346408
0.238205482878177
0.18676670943304
0.136052348713954
0.160102028347996
0.29528629605022
0.490916384103128
0.41671855907869
0.321780598958333
0.276784846957478
0.201836271612292
0.516406975500978
0.436333050769795
0.509240247739492
0.238092839305352
0.312932999984726
0.344882077452957
0.206434773643695
0.272868401759531
0.451557602868402
0.425402605312195
0.188775268435362
0.198866080156403
0.339586999022483
0.150788390456989
0.160802633186706
0.23483900560545
0.337946870417889
0.352379299547898
0.226757459295577
0.298891701796188
0.331871477501833
0.316149871319037
0.254337999450147
0.135846736009286
0.351553937179252
0.53206499534152
0.353222513059018
0.228819944021872
0.275781164085411
0.41256681291239
0.265682390945748
0.1266823985826
0.140838220918866
0.225343190600562
0.414613728005865
0.331299448619257
0.271330301502933
0.280243768328446
0.246885300204668
0.235044818777493
0.338970084539956
0.334346810468597
0.263939661229228
0.504766274132454
0.373774705217498
0.268695587426686
0.246993743508675
0.217919482755987
0.400694180336632
0.294967887035679
0.34624129398827
0.208502222324047
0.262829301075269
0.848930831118646
0.404184842375367
0.38272306291239
0.303485726722874
0.5128586170424
0.491041628482405
0.323833050769795
0.243063666529203
0.28518874480694
0.256912487399194
0.135979034930963
0.126358710593842
0.177787718413979
0.149639989232038
0.134768106977028
0.185270945976906
0.201415223301564
0.154514973958333
0.188657737277004
0.226162634408602
0.13330048532197
0.200681818181818
0.227463257193915
0.217505765823558
0.468820717253177
0.192844183391373
0.273168444144062
0.268511949764785
0.374437927663734
0.231587997540934
0.336968007316105
0.172088182734604
0.152829568365103
0.306723017091276
0.310423148445137
0.246331828873412
0.365395283479961
0.29298982771261
0.47882338060545
0.561184618997434
0.217483771688661
0.200867765991569
0.173313630254154
0.293163336999022
0.264776660251711
0.182716418850806
0.239616696832234
0.28331973973607
0.281098017091276
0.214520243386486
0.169392326108871
0.180126685835166
0.207927348713954
0.400175027110826
0.425883278347996
0.281211777553763
0.213194103968109
0.262184741187072
0.677389408831256
0.405784218826369
0.458566018679741
0.42162844422043
0.156840013669966
0.204920185346408
0.332336638181207
0.209234777843964
0.355779713083456
0.381678885630499
0.300363504627933
0.192875389479472
0.236848080095308
0.240976906158358
0.318600002672898
0.454671920821114
0.377680983855694
0.329433612842131
0.28039206645589
0.329551936323925
0.241307266846896
0.298541504383553
0.388064277477395
0.241808702575147
0.35920377222324
0.201010355571848
0.490398185483871
0.364584774789223
0.20062190707478
0.219343221147972
0.288955116309262
0.289950961861559
0.313270014280914
0.246869339183162
0.144728739002933
0.240819195610337
0.351452061568304
0.446130521444282
0.367626428091398
0.370901215405059
0.456068309735459
0.460847346957478
0.408464687194526
0.355813849813661
0.298994064256476
0.217864697886119
0.419880702819526
0.344048209539956
0.214170179618768
0.325754788306452
0.203973874327957
0.273128732511608
0.257055983855694
0.310739161397239
0.277746049838099
0.313621089931574
0.358176462839076
0.299756451231061
0.176466647956378
0.15676524888502
0.208307129383553
0.431743331118646
0.418198924731183
0.323217549104961
0.227033226035557
0.292766745708089
0.190774901866447
0.315843986742424
0.448337982267229
0.136182404310239
0.401011491553641
0.357690615835777
0.409049584173387
0.611032464259531
0.359667644183773
0.49804126191349
0.307472726890885
0.234439980067815
0.332102034075635
0.300600562072336
0.228967459371945
0.287891073665078
0.371035700375733
0.385929700864492
0.368435361681329
0.270516852624022
0.518635972247678
0.45170201574719
0.541884612887952
0.260953527843964
0.35067073519978
0.284506191578079
0.38498578590848
0.349912023460411
0.487272183146994
0.372237053625978
0.36607625206195
0.334786740896872
0.239622701307429
0.241781973591764
0.226163512646628
0.237924876282991
0.276042191700269
0.253136674838099
0.193355289283969
0.313450291727762
0.324812505727639
0.363925609420821
0.375529682536046
0.318339290078201
0.27733572175892
0.362809712548876
0.360222652431574
0.317674874373778
0.386528554191105
0.385897750183284
0.165377833272239
0.317180435911535
0.325228790551686
0.358913800937805
0.856445875717864
0.6461873396261
0.605468664085411
0.346791872861681
0.179556107954545
0.155305474095797
0.151735159686584
0.21426670943304
0.392959576231061
0.423997577208578
0.305629123900293
0.243669316654448
0.306712144122678
0.39512172188111
0.292715015579179
0.299666107267229
0.209975247052175
0.306686789772727
0.300560506781525
0.231593954285802
0.276067937438905
0.302192454407991
0.299188049853372
0.196704201796188
0.163093192509775
0.201149489476417
0.186911045943304
0.152419039818548
0.197702491141251
0.156941860642718
0.158241299715909
0.219559506353861
0.21184589404631
0.238459799608993
0.221008942754154
0.529033546783358
0.353506689882698
0.245996914711632
0.392206429847874
0.265953346468719
0.179117638074291
0.258639714305352
0.491557450131354
0.465295698924731
0.295310018022972
0.294927745830279
0.20710676892412
0.306586021505376
0.319443388013196
0.319937597369868
0.177610572076613
0.259365683040078
0.459233718230694
0.1174915899163
0.188034579667644
0.264417680458822
0.132663695931085
0.145387188416422
0.234056543255132
0.278629032258065
0.230830736803519
0.209942532685728
0.147919940967131
0.226574375305474
0.158101173020528
0.14210105083089
0.230048026255499
0.253745379704301
0.330460616752199
0.278577101661779
0.268579459539956
0.228412365209555
0.251689539039589
0.296482122128544
0.53623529905914
0.181301462839076
0.238177761103983
0.154514754398827
0.350649437927664
0.422572387814638
0.403357160312805
0.239352967680841
0.250409946236559
0.220836960838221
0.289358771688661
0.300087966993524
0.560108128283846
0.483642434934018
0.468097469147116
0.620433229090298
0.226494369730572
0.286534692311217
0.370426432291667
0.258418169217375
0.17460676892412
0.208046178137219
0.285744096713099
0.210576582355816
0.452774888501955
0.140121845979961
0.187676096270161
0.178829337350318
0.268472476783969
0.46440332317632
0.218598780776515
0.174249755620723
0.307949877428519
0.251057818609482
0.316746357221408
0.402218963831867
0.531890120967742
0.225404104044477
0.204245316700269
0.233413825757576
0.556405629505743
0.287475409335288
0.456290284396383
0.42028775659824
0.438883253528226
0.485398300036657
0.310988781463832
0.17710105083089
0.193695014662757
0.27239895489675
0.336223185102028
0.187870148689516
0.203377312057063
0.432870530532136
0.394008889296188
0.185836378528226
0.252369868035191
0.225397994562561
0.139923240087366
0.140987559567449
0.172021694388441
0.329934848103006
0.265225048494013
0.342191614354228
0.316099095796676
0.382384492607527
0.269485648445137
0.455301655669599
0.27822236032197
0.171297653958944
0.189631359588832
0.254486030287757
0.194456867057674
0.419084761424731
0.219573014036535
0.328670423998045
0.168299645268206
0.266510263929619
0.220273704789834
0.396783357771261
0.504276398689516
0.639840809811828
0.453862261730205
0.342544561033724
0.546573649804497
0.988047371395406
0.471386995585899
0.312277462121212
0.386159541483382
0.452979126573192
0.397775146245723
0.551315361910435
0.488872036901271
0.467507092726662
0.554064600134409
0.265265371074658
0.299789366064883
0.194652637768817
0.437776979090298
0.249216296661168
0.327732122128544
0.290833180596285
0.24023757293194
0.319995379704301
0.284385347934995
0.211198527614858
0.582049082050342
0.34645160335716
0.285260111192571
0.158401215405059
0.136907752550709
0.139679929970064
0.179442815249267
0.327898338220919
0.264399199276026
0.220214891480327
0.30867293461327
0.321567225302419
0.288230913596652
0.205148116752199
0.529498936568304
0.345189241202346
0.736731388990714
0.619047445854716
0.478686728677908
0.525433124083578
0.274383925571237
0.308222436690494
0.202383881659335
0.302243669049365
0.380603616813294
0.26644607618524
0.135119278088343
0.159216296661168
0.159352662206745
0.122634064943793
0.256087335043988
0.292413092619746
0.140926798860582
0.228492628528226
0.302368712961266
0.119269754627933
0.155554807780425
0.268449556680718
0.349947114797165
0.333659417384531
0.375562902843964
0.356669177281892
0.304207600195503
0.199327947443182
0.229546896001344
0.444589204163612
0.270866171798631
0.175748325620112
0.314087768435362
0.263940835395283
0.226675067204301
0.449986520955523
0.36942082111437
0.516849951124145
0.265397564989614
0.151878932978983
0.13655447175892
0.11110516709433
0.276350157319159
0.361447794477028
0.30011485826002
0.413504923860582
