2.69315789473684
2.38284611528822
2.3942280075188
2.2855623433584
1.15883201754386
2.19094730576441
2.64476885964912
3.20870770676692
1.91855413533835
1.25567518796992
0.688724248120301
0.587151879699248
1.32199874686717
1.97701948621554
2.09651322055138
1.43479793233083
3.3764204887218
3.55281177944862
2.41455983709273
1.29050068922306
0.946147305764411
0.879348308270677
2.27960501253133
2.35506541353383
1.49012932330827
1.39725006265664
1.28336785714286
1.23762399749373
1.72509968671679
1.46146140350877
1.01753157894737
3.13047619047619
2.80187243107769
1.53676691729323
1.34134711779449
0.724196428571429
1.14508615288221
1.1465563283208
0.842874122807018
1.03443803258145
1.84454078947368
1.70378721804511
6.3006313283208
5.37309718045113
0.996640037593985
1.13414479949875
3.37881146616541
4.28613308270677
2.64895137844612
1.30706766917293
2.54044010025063
1.62461597744361
1.78096735588972
5.3016290726817
4.47818646616541
0.993425501253133
0.731776879699248
0.57624962406015
1.06205488721805
2.80697838345865
1.88396735588972
1.05402098997494
1.89623302005013
1.93504454887218
2.49392857142857
1.84294636591479
0.796644047619048
0.924591228070175
1.99816785714286
1.44710369674185
5.64893327067669
9.75660125313283
4.61105664160401
2.14426058897243
2.41431077694236
2.60313226817043
2.51665357142857
1.06389573934837
0.825573370927318
2.55348063909774
8.20701754385965
7.17998941102757
1.28993458646617
1.3347914160401
2.95423803258145
2.68328164160401
2.00971121553885
1.88341453634085
1.41410770676692
2.18886591478697
1.94928421052632
1.2453242481203
3.11757838345865
3.34208295739348
1.39229317042607
1.54637568922306
1.65107142857143
0.849877130325815
0.891177380952381
1.31571372180451
5.74074561403509
6.82691171679198
8.77457619047619
8.82658890977444
1.30928013784461
0.819271616541353
3.12224304511278
5.77684812030075
4.71422932330827
1.8407015037594
1.12295112781955
3.51246215538847
5.0918219924812
3.88801848370927
1.19911973684211
0.864631516290727
3.1091227443609
3.83646058897243
2.10453477443609
1.46227343358396
1.39076466165414
1.28660595238095
0.884248370927318
1.19629567669173
1.52589448621554
3.22754229323308
4.09628446115288
2.19308264411028
2.73561679197995
3.73088214285714
1.84969022556391
1.92206209273183
2.34539943609023
1.1757287593985
1.17787443609023
1.57236284461153
1.72863652882206
1.96580426065163
3.0515884085213
2.58226660401003
1.09362506265664
0.931818984962406
1.09734078947368
1.64319392230576
1.61365357142857
0.931057080200501
3.47190952380952
4.08674085213033
2.06257744360902
3.98167612781955
5.58297142857143
2.58817738095238
1.75227913533835
1.43228170426065
8.17924655388471
14.5193421052632
10.7264154761905
4.12006992481203
1.99739348370927
0.780027005012531
0.943165664160401
1.3169899122807
1.29542456140351
1.07541046365915
0.882567355889724
0.675888157894737
0.643693233082707
1.02624661654135
1.1663619047619
1.88554160401003
1.48819824561404
2.30655037593985
2.7194219924812
2.42832080200501
3.22029016290727
1.87126409774436
0.716619298245614
1.07206115288221
1.46817738095238
1.44828170426065
1.37393176691729
1.7915899122807
2.59486215538847
4.15031271929825
3.13315789473684
1.95483082706767
0.957811466165414
3.15577387218045
3.25327694235589
1.46029918546366
1.43731572681704
1.21994360902256
1.51020526315789
1.81573333333333
1.46876290726817
1.35642550125313
1.41376541353383
1.58929824561403
1.53799097744361
2.36346842105263
2.26201597744361
2.9278615914787
2.38044605263158
1.74637687969925
1.35127312030075
1.62318295739348
2.15048815789474
2.06098941102757
1.2451899122807
1.88911654135338
4.18198489974937
3.41372531328321
1.68157136591479
1.91069072681704
1.16775532581454
0.987003446115288
1.05565156641604
1.74974179197995
1.0844007518797
0.804694172932331
0.629597994987469
0.970269423558897
1.49085689223058
1.26928721804511
1.50215281954887
2.11388471177945
1.45510770676692
1.49288220551378
1.31670576441103
2.07787368421053
1.51706961152882
1.32283903508772
1.96894837092732
1.52359492481203
2.8012876566416
2.74799743107769
1.38746560150376
1.48437869674185
1.60364906015038
1.8637563283208
1.62351121553885
1.71708264411028
1.68105263157895
2.0281
2.36236365914787
2.03403352130326
1.39287713032581
1.26880144110276
1.18567362155388
1.23433558897243
1.27822531328321
0.851221804511278
1.06293677944862
1.05257243107769
1.27578922305764
1.55315281954887
1.26415883458647
1.70933427318296
2.699353320802
4.46778640350877
4.83200977443609
2.2583578320802
2.90605507518797
3.4964701754386
24.7290751253133
4.96008997493734
12.1322129699248
6.11039542606516
5.34449868421053
5.56908045112782
1.97968515037594
