1.0038048326002
0.879970063538612
0.853655303030303
1.52332340542522
2.27515975340604
1.17491920210166
0.658113659274194
0.750612084173387
0.704851806879277
0.605946349202713
0.547172598591764
0.654556823909457
0.524026415872434
0.693278309811828
0.55442401904631
0.803813194953568
1.09990200963771
0.966308717848851
1.235425897712
1.1075132785771
1.89861481816654
2.65286840175953
1.01189665047654
0.892418743890518
0.392685728250244
0.481495744364003
0.717171529432429
0.916844824886975
0.806025390625
0.789997403470186
0.731984321542033
0.492223841871334
1.2975146627566
0.876343923738392
0.377330003665689
0.459769672531769
0.811341604044477
1.42286103219697
0.805832378726784
1.78138925800342
0.957419202101662
0.448782036595797
0.495317693059629
0.4534920271261
0.631480594758065
1.96023123434445
1.25211262066227
0.894412229655425
1.82019535068426
1.61199031647116
1.21967733344025
0.948039123594819
0.462258064516129
0.349877571710044
0.383264821221285
0.411333699902248
0.547697336265885
1.57246356266801
0.904005032685728
1.00406585066899
0.651870026499878
0.392932818609482
2.68146490102639
1.32175937805474
0.823709524682307
0.705242231411901
0.892298043438416
0.862893412451124
0.701915284396383
0.492065148078568
0.405453170821114
0.598232670072703
0.511982899178275
1.13530668644611
0.633923957951491
0.677221407624633
0.765790223301564
0.571776484604106
0.992777513669966
1.04107632843047
1.05268701696909
0.560271260997067
2.03494034663673
1.64313718077957
1.28237283686156
2.0711412512219
1.80510919744318
1.69086035824475
0.838854128482405
0.661279172776149
0.839287395756965
0.933206103372434
1.07728722774621
1.43816284060362
2.04335539429069
0.683591754872312
0.670075671661168
1.00108443304008
0.43568562706195
0.750575360459433
0.447705421783358
1.28408257537573
1.64388340626527
1.07393510775599
1.64643014380193
1.24384965137769
1.11743142106549
0.522932818609482
0.624988964748289
0.853391134759897
0.869689628772605
1.68551747311828
0.991561239919355
0.542789436705767
0.626734625106916
0.714612420194892
0.699845086449169
0.680903582829301
0.617085127993646
0.593693754582111
0.726095888318671
2.61320255223607
1.20429449802969
1.75806680718475
1.12167548723118
1.615522971652
0.647827840527248
1.3541235566349
2.09917108649499
2.79305732794172
5.39124433918316
0.663659951964198
0.443325686934873
0.566498646367913
1.512786992913
1.21910496089932
1.09003910068426
1.24664463434751
0.625248188156769
0.316284060361681
0.404115347018573
0.514991714015152
0.626725164956012
0.391045943304008
0.656942662512219
0.412029837182307
0.453754734848485
0.606342014525293
0.56176196503849
0.442631115209555
0.537413923127444
0.796869348729228
3.76733076735093
2.350613048326
1.29088308742669
1.26738215382148
0.470295078430474
0.66912022505804
0.612374755620723
0.552685575513197
0.421097024300464
3.90605456340115
8.21586934109238
2.29786335189088
3.98343000633859
2.53984091481855
0.553707500916422
0.698766953812317
0.839986549593719
0.643303396871945
0.457772626084433
0.604367935911535
0.887432146566471
1.007717029799
7.70074104197214
1.51425898666606
5.4915663184262
4.76907681909824
0.552667466626955
0.624597843352884
1.47498021100623
0.829222635248656
2.35919117141679
0.508653537008187
1.13836608588404
0.909327565600562
19.8634756460777
7.46863204881476
9.12529416200819
10.906973973607
5.31495540078201
0.895513196480938
0.388254521016618
0.808650682734604
0.867947214076246
1.25424409480389
1.59451421027309
0.63900361032197
0.980865551304374
2.15914718314699
0.757022381705156
0.804683748396261
0.710632169095186
0.386103210150904
0.557459639235093
0.540281179359115
0.305125817143206
0.738691196236559
0.605453934506354
0.493397015136241
0.870563895634775
0.674081706683773
0.552727234543011
0.952863504627933
0.905230623396261
0.368120713816593
0.666799920194892
0.851787481671554
0.516381315676931
0.637039917827468
0.613957636470552
0.404939430214443
0.430205727257454
0.697536313233138
1.51390575360459
1.34706954881476
0.754117093948558
0.496529203323558
0.460606327895894
0.813206256109482
0.836160104701246
0.931050792705279
0.371063422149927
0.366705614613881
1.18754252772177
1.23372949505132
0.505175303946725
0.451196608855694
0.728040450497923
0.52865399521933
0.392196816959922
0.272506720430108
0.939640609726295
0.922849729655425
0.648114527966153
0.54917475218414
0.464719536595797
0.652496248396261
0.724935077208578
0.401203415200391
0.379073649804497
0.486624167583089
0.584215198863636
0.598128656143084
0.928509658709066
0.937762087228128
0.85929725684262
0.692415536412512
0.482569495356794
0.670930922760875
0.601589524911412
0.506966938156769
0.648138899071359
0.67866713060545
0.395287107465787
0.529909188278959
0.555127754994502
0.425373900293255
0.611692622418744
0.533126489186217
0.336224340175953
0.639626672470675
0.589837707340543
0.73516862170088
0.644134897360704
0.528574419217375
0.537149764403104
0.836894464427542
1.24468710861131
1.11570510103556
1.2090296615347
0.735375418117669
0.525945050937806
0.308697907120601
0.500718389158724
0.64764822175892
0.56557028195259
0.337461472079668
0.620837829530181
0.429329169339565
0.551195310590787
0.640544965786901
1.01118576452529
1.23740376611376
1.21211081645589
0.953839045698925
0.963082758660191
0.99028775659824
0.50051670943304
0.534375878238025
1.00287863514174
0.56709844475501
0.689043522421799
0.471540496319037
0.575921271688661
0.429937034152004
0.436587854349951
0.786924477257454
0.476524993508675
0.645471107878177
0.476054639769673
0.297733830874267
0.477116897299609
0.580688996823069
0.47960058307368
0.890167247067449
1.15332606877749
1.13790802747739
1.06080094353311
0.566844595781403
0.650721749373778
0.586338043362048
0.644538037252566
1.08610756315677
0.900255214060973
0.837317899254643
0.885142952330767
1.04506899896139
0.522187194525904
0.584693151270772
0.6912052384989
0.777353744730572
0.870750463938783
0.664675548326002
0.374616849569282
0.512885269657258
0.515167008415811
1.52360679947153
1.34322220758492
0.64498762829912
0.809913207172532
0.694399705217498
0.521482379872312
0.894219962350318
1.02451964198436
0.481098332111437
0.522299570808895
0.676620301426564
0.437182297394306
0.322743453308284
0.761109443731672
1.80466302388807
1.71812255620723
1.76831247518023
0.465219549960288
0.72260530264846
0.95493096285435
0.573745379704301
0.528352845491202
1.41358042369257
2.41746422134653
0.391428692799976
0.554464809384164
0.475698227868402
1.76543086166606
1.06113574314211
0.803840639891862
0.764866116431452
0.847365429114736
0.57201703590848
0.540487068899682
0.57485826001955
0.736025018328446
0.665614909808773
0.439997556207234
0.520127077223851
0.358519023399316
0.399449144290689
0.471979004383553
0.435475079041422
0.60448619257087
0.269197825024438
0.250764754398827
0.33311243737781
0.324040725424609
0.27299853372434
0.325379055168622
0.448517830141129
0.937012730632942
0.749012096774194
1.11698340511975
0.765642097003299
0.283052144428153
0.514830118218475
0.53814095147544
0.551534692311217
0.388454148338221
0.630838182734604
0.769612620662268
0.689594549960288
0.446548410007331
0.360162359481916
0.345808246273216
0.455348994608382
0.880371752428519
0.861955034213099
0.796676441837732
0.901684450986681
1.01657684773644
0.697492200864492
0.504852723301564
0.684158332951491
0.453248984298631
0.594161626344086
0.52827525507087
0.698655761241447
0.60150293255132
0.315473943059629
0.403693640029326
0.378175928259409
0.280139143450635
0.403818388013196
0.989968230694037
0.673367765991569
0.602091037008187
0.664505580629888
0.618410160068426
0.968108160740469
1.08303082806391
0.714806625351295
0.335921682169477
0.701407013685239
0.987740398567327
0.456929985337243
0.593993147834189
0.564434099691471
0.391353250244379
0.617555586739369
0.594689905608504
0.696760132193915
0.697245501893939
0.745089876206623
0.337744064256476
0.451590212228128
1.01704063378238
0.723542544904692
0.491617246685606
0.792265357710166
0.458845155180841
0.381194365530303
0.67906355961327
0.184055321358749
0.293283197397361
0.722985236055108
0.909024583027859
0.257644183773216
0.370447586372801
0.768617720170455
0.46419748136608
0.552590487154814
0.349276484604106
0.549358189378666
0.48107034304741
0.869264408831256
0.537108219926075
0.58163424822825
1.00578605167094
0.749451330339687
0.362125631949536
0.475786901270772
0.322085127993646
0.211768962304497
0.46434735459433
0.449783686155914
0.574090298142718
0.506713318288734
0.338686757316105
0.456612292277615
1.08222956951063
0.680586166605572
0.513697907120601
0.885009001939761
0.597215364965176
0.848299568899682
0.945359810300586
0.718296590527248
0.85089892434934
1.3744843597263
0.838733342115714
0.427411679802053
0.656377688172043
0.516782890014052
0.767479189577224
0.648547127016129
0.877905736421676
0.458723729227762
0.698291445197947
0.630084272666178
0.39979066432979
0.466809475806452
0.802910557184751
0.919000097369868
0.444024764403104
0.447527254016984
1.0688200203904
1.06243820831806
0.913800097751711
0.628136264357283
0.623695310590787
0.452161066944648
0.735390395894428
0.811859029432429
0.561758919843597
0.384959667873289
0.412044194464809
0.513270243386486
0.644575381460777
0.855842488010142
0.62596872518023
0.545548240087366
0.606569669095186
0.476173469192937
0.304443388013196
0.609061583577713
0.615687774926686
0.435258431085044
0.549457325268817
0.673427791651393
0.563953903958944
0.535473933513563
0.70179359115347
0.544278231534091
0.601892564760508
0.56736840748717
0.526910396810851
0.286839402721774
0.340728212060117
0.571816568533113
0.858023649422654
0.752304945243768
0.379872922776149
0.480757642580034
0.595664558895406
0.445781860948192
1.05541436606488
0.686232654798998
0.422846369440371
0.634938590160679
0.952479065478372
1.09184062461816
0.423279178503788
1.7347412252566
1.06463067227212
0.76280118791239
0.976475898093842
0.923952796615347
1.06034410702285
1.14661510836694
0.949072542460899
0.577244995952468
0.643926249007209
0.884783791162634
0.800662267839687
1.14460485971102
1.74471796149499
0.764308167995479
0.920299431436339
1.12853968108504
1.13675796523705
1.63200886447642
0.666712707340543
0.6245591913337
0.459570188401149
0.576626945488148
0.734743621319037
0.697063086128421
0.711651077941716
0.618693859588832
0.379415284396383
0.45438156769306
0.658923957951491
0.330704719192937
0.329792277614858
0.531758576185239
0.440075757575758
0.736220330828446
0.729628543499511
0.449409785862659
0.347116171798631
0.317524352013074
0.471503810789345
0.403149094269306
0.362883742286779
0.580205545882209
0.468261079163612
0.422412853968109
0.39795695106305
0.394702124572336
0.617406133538001
0.549502067677786
0.606221743646139
0.647013217482282
0.810128146383187
0.239056543255132
0.232085385737414
0.332744379276637
0.536787481671554
0.990332957218353
0.515975140136241
0.397122281280547
0.574572250351295
0.521004246089932
0.545663757025904
0.414353530898705
1.01893313172043
0.583939231656281
0.652742765991569
0.54251633331806
0.408227601111926
0.351147045683651
0.470663480190005
0.512369868035191
0.411811728677908
0.275596132697947
0.390098324474585
0.525429487032625
0.681404178503788
0.56450417735826
0.517936207462732
0.911116116431452
0.978238025415445
1.31700131353861
1.54464159297104
0.974961777553763
0.892965380238881
0.770209851157747
0.830943151270772
0.713485917644184
0.91379215542522
0.811945831805963
0.650770367485337
0.535128518679741
0.567311512936828
0.906837722614247
0.784513685239492
0.713488475989736
0.692510758415811
0.526407891923265
0.685478334249756
0.416690178625978
0.39655669599218
0.484070747800587
0.663586533174487
0.556533441776637
0.419160404447703
0.799960813401149
0.424186436568304
1.52582637425159
1.41938369646566
1.12201124144673
0.443190027798143
0.803474462365591
1.51022100096224
0.647133698374878
0.36461952246762
0.429720710761852
0.942025054603495
0.496074877428519
0.243475751084433
0.436305863575269
0.570462249129399
1.21816790956439
1.20685667155425
0.680075595292644
0.527421645894428
0.607131560056207
0.788560749251588
1.09594772383614
0.540138446587854
0.553297249205767
0.377368607954545
0.561358405119746
0.616045332355816
0.471293902355205
0.664134276866447
0.549706744868035
0.880078774132454
1.50538725523888
0.478987267457845
0.714058987047898
0.925999358504399
0.868510422394306
0.587805388181207
0.420840655165567
0.88701627222324
1.21426563072764
0.552539778454912
0.635331124373778
0.966602975317693
0.433190438278959
0.534098612765762
0.743452926441838
0.536918367775538
0.415810031387463
0.441881939989614
0.412627077223851
0.3157964377902
0.64451964198436
0.819955400782014
0.383977492286779
0.289142076001955
0.357639563477517
0.357330910541911
0.400786815356183
1.77102554336205
2.37201353250244
0.713796346147972
0.411694302526271
1.00704407036596
0.843608250473485
0.507915444770283
0.926547827697336
1.04700596247251
0.414016745708089
0.66490766090848
0.768395306390518
1.04695212266312
0.727632718948558
0.455826450620112
0.494482364598607
0.896347408052297
0.815200047348485
0.47743153561828
0.504046920821114
0.617712457233627
0.488455522971652
0.524156118264296
0.655999473057185
0.852879542017962
0.706647116324536
0.467712829530181
0.616818783220308
0.757498768557551
0.477002373151882
0.638953903958944
0.496995318609482
0.86743019916911
1.35822045110887
1.29201108870968
0.511664070136852
0.472750145100196
0.617343587716887
0.375734016067937
0.308436545393451
0.366509185224218
0.542180435911535
0.996494990224829
0.838914345063539
0.325697082340543
0.442835859222263
0.768505000229106
0.829954140701369
0.610179580584067
0.441661168132942
0.564204392717498
0.386212693976051
0.507317698787268
0.583166993142107
0.839950513196481
0.831966298570381
0.499359115347019
0.680083050769795
0.859485190233993
0.623196700497923
0.580167466626955
0.73998762829912
1.55695578835227
1.04464961166606
1.21759209089382
1.15317562278531
0.911143656830401
1.24740984695748
0.656348019000489
0.61042949657869
0.463998923203812
0.396509643435362
0.988801930596285
0.963505993019917
0.745041544477028
0.740836607633798
1.77250943151271
1.05733541628482
0.585180840664712
0.846546768084066
0.433931594803886
0.355848521123534
0.313390982022849
0.369868178381598
0.408337524056085
0.379837249129399
0.423999114125122
0.464316005315249
0.550924431436339
0.34216332936217
0.487914977013074
0.443226331485215
0.439968526622067
0.695586166605572
0.618821480938416
0.430590777355205
0.431128335395284
1.22838553121945
1.2038037252566
0.547803908541056
0.542477051258553
0.874986549593719
0.925278200986681
1.39526820625611
1.23149750084005
0.926832911397239
1.54340533930535
0.813646100623167
0.504544986788245
0.395090420332356
0.901023863254521
1.21218963831867
0.945315249266862
0.884985337243402
0.834255712365591
0.562281127810362
0.50644251550281
0.559970330828446
1.36703666261913
1.24195006071298
0.472566583806818
0.616001105434384
0.563106738376711
0.431205773078568
0.316020503039467
0.391422277843964
0.637139196908602
0.320780094926075
0.271491467726662
0.368844840160679
0.503700971407625
0.551852767213465
0.687470330828446
0.781143456363025
0.632982104945626
0.654038634836266
0.552355205278592
0.457331225562072
0.544216067555596
0.677331034640762
0.551762241874389
0.415890609726295
0.369198703262463
0.865067805703201
1.07543617882454
0.580175953079179
0.473211134148949
0.89562529592803
0.294203848591764
0.399723307291667
0.517305097980816
0.398623190065982
0.587369018435362
0.863907471896383
0.647345086449169
0.558254788306452
0.766265540994624
0.704211227700391
0.915754482832356
0.948029653897849
0.766261903943671
0.426768379994501
0.353291244730572
0.52764165406586
1.02018572825024
0.813289306879277
0.570132537573314
0.541982593704179
0.711249074031647
0.62034372518023
0.600742874816716
0.540687765380621
0.871925555962854
0.668735556802908
0.367119952040567
0.432159463205645
0.608902698863636
0.632960645390396
0.696587615698314
1.31930007293194
0.937470283098118
0.480851318120723
0.741706750595674
0.55653832936217
0.466552075696481
0.447105547027737
0.612891073665078
0.559767524667033
0.360204629459922
0.308826979472141
0.409716520039101
0.336690455461877
0.311600340603617
0.494819426625122
0.438840382148094
0.361524840771628
0.372469366675831
0.390670887936828
0.357540895344575
0.272390296615347
0.658151872174365
1.0658037691685
1.78326246334311
0.978587144122678
0.784014760126466
1.29974034701857
0.850572830752077
0.551912487399194
0.715876366996579
0.854087205217498
1.01896527332295
0.630172134652981
1.18016845941777
0.859069821832234
1.1165266736162
0.399819760737414
0.499880091871334
0.418851484222263
0.405899000717864
0.678932969437317
0.678392814867424
0.791703772223241
0.92140730961327
1.17228739002933
0.764376183712121
0.674129971590909
0.905890294706134
0.781731694464809
0.432610237964321
0.442923845307918
0.650188019305963
0.489459301304374
1.54221881109482
1.62211814783419
0.970400619730572
0.637465443242913
0.519902391480327
0.301876183712121
0.709848141190127
0.60729646833761
0.471756743340665
0.893229615331745
1.22694830423693
1.04959643053519
0.442165343581989
0.846469091749145
1.18837051525843
0.723938086128421
0.425008820564516
0.286152821053275
0.387600033220308
0.433323319510631
0.942233311568304
1.34247058857221
0.788633375717864
0.431202346041056
0.391154539345064
0.611526749984726
0.43009445831806
0.390150904203324
0.527436117729717
0.899490431023949
2.8651153069251
2.48827833845002
1.16042078102089
0.524102975317693
0.340897855190005
0.292861681329423
0.289347574153837
0.488435361681329
0.415302419354839
0.484525560544966
0.545094047837243
0.748243285297532
0.824007209188661
1.1445643080248
0.639789184689638
0.592477853128055
0.756741803748167
0.703177150155792
0.474509551793133
0.533567899254643
0.502217589198436
1.82860275193976
1.66419384431513
1.13903802388807
0.711257178641251
0.596250143190982
0.510989583333333
0.993310384591887
1.81950264998778
1.81781478150965
1.0538695931085
0.37712204262891
0.415180220170455
0.595944182245846
0.453881315676931
0.588809834738514
1.40057076880193
2.80694372212549
0.558359976402126
0.675501960761852
0.802638981167522
1.44888990713587
1.1753054740958
0.602003260935973
0.565870820732527
0.729899460838221
0.659130916651393
0.604290297760875
1.23839586960838
1.27277477394917
0.706233962609971
0.467820404142229
0.387678664161779
0.379085630116691
0.796064539039589
1.04152110826002
1.14257857366508
0.609747945686706
0.593991591825513
0.629716367302053
0.357280507316105
0.501913098347385
0.437934956928152
0.570505244608382
0.65674544079912
0.813418169217375
0.795043835532747
0.560043644611437
0.421224607465787
0.393607038123167
0.416957439821603
0.491655631414956
0.580423845307918
0.462511522101051
0.44928808307368
0.38307917888563
0.693943355556574
0.979802052785924
1.05663366591826
0.714215389784946
0.45809811827957
0.325865551304374
0.266268290261486
0.259087692066838
0.26980449657869
0.35094436362109
0.345928097125489
0.502245072320992
0.660587579423265
1.32041846132698
3.51087784663673
1.53131460777126
5.59301799815188
5.68306649216459
5.06914860551075
3.76769515976295
202.28034112865
328.647612175816
207.18790688195
243.782582936217
51.3303841241294
8.42956191196236
23.0672676010356
22.9273481411901
5.6224880769642
1.36688484199352
153.171227690845
3423.1241687668
763.726584761425
1028.24583294194
427.65623316074
126.866968083685
34.7313617653348
1.96054029776088
7.66123196748228
8.8585528069251
5.9226415872434
9.64115404294966
2.61234878077652
1.37287008186706
1.32526908449413
0.876002861910435
0.991607862903226
0.616705614613881
0.698459790062928
0.839711594269306
0.540101331485215
0.591011567922165
0.568737007804863
0.372421330874267
0.819309475806452
0.263677745830279
1.02311976875611
1.23697149163001
1.27246913757026
0.602891837350318
0.520088243829423
0.270757489842986
0.29564385347935
0.387213761226173
0.299513532502444
0.245645428580156
0.281409677037512
0.615315392457845
0.408953903958944
0.376143456363025
0.490970453018084
0.97319219475501
0.671701452529326
0.359173348912512
0.794078756949536
1.53646654294966
1.87667644183773
1.47741957439822
0.852850369241813
0.626689414940738
0.407975279508798
0.559593939012097
1.12049116416178
0.670408686155914
0.486503915796066
0.488523099569282
0.51320564516129
0.514168461326979
0.403708598713954
0.601114894535068
0.862199174838099
0.428521467192082
0.443546010126466
0.323433376099707
0.346887591260386
0.845842488010142
0.943125458211144
0.49829633278348
0.38702525507087
0.300957422638685
0.430389632209189
1.39241381812072
1.0822588186553
0.781651354777615
0.881431413428641
0.875969794339565
0.59632009675892
0.406284060361681
0.379842518557551
0.533511949764785
0.575923600928641
0.336345298371823
0.436152391480327
0.503974895756965
0.355784753406036
0.323090319144062
0.604213098729228
0.618157953018084
0.526621370585899
0.426798593291789
0.520629648933895
0.752581523399316
0.512275848836144
0.408450014891862
0.453664314516129
0.675832101890885
0.918381598240469
0.498884675891984
1.30942964167889
1.36069124969453
1.65263929618768
1.21357370326246
0.551039595170455
0.554758818655303
0.906265731915934
0.779162351845064
0.966255154875367
0.751642524667033
0.45127465748717
0.304636142167644
0.33708026904631
0.377564063645528
0.427005504261364
0.465391150033602
0.493591602135264
0.854961777553763
0.938801930596285
0.552375213831867
0.785373900293255
2.21028775659824
1.85284564393939
0.857155081561584
0.274104874984726
0.439561186461388
0.454612496563416
0.704060733977884
1.06186361154387
1.34481209524682
0.765692423860582
0.647207012157869
0.667380826918377
0.428260592314272
0.93939675548326
1.36510514991141
0.938654300693426
0.768604202941715
0.627658302404081
0.539663940310362
0.546308717848851
0.76540918255132
0.587246723790323
0.492306787634409
0.55944143106977
0.566271526377688
0.447964893389541
0.347359854212488
0.36644183773216
0.40238039734543
0.511424339794111
0.671027271199902
0.864189414940738
0.785899583027859
0.565900146245723
0.583082195442327
0.445326618630865
0.373005550082478
0.475500328384653
0.663201330339687
1.78674914467253
1.89010262975012
0.733664429068915
0.714046911275049
0.456488794828324
0.485617811812683
0.653441738453079
0.628618607954545
0.846076758003421
0.385510666773583
0.559584545683651
0.576643670194892
0.465094381949536
0.255806107954545
0.341536525155792
0.442264699031647
0.49343894145589
0.448408136302542
0.432340198863636
0.768908607878177
0.878380595903592
0.622341000733138
0.48861830248045
0.80305625878238
0.964661381964809
1.40061697175892
1.3248120475165
1.20466457989675
0.950419864598607
0.830415406586022
0.621370624083578
0.529652131827346
0.591782202697336
0.676188895634775
0.493902087915445
0.731394250595675
0.699365749862537
0.618919232649071
0.504383553274682
0.561343475073314
0.549359993585044
0.618665679603495
0.55547561362109
0.579877189867424
0.604460990957967
0.553811925326857
0.905757537573314
1.16273731518817
1.02769289734543
1.04102482740714
1.14241965076674
0.820142809139785
0.645536708440249
0.645774644122678
1.10498224431818
0.583420154798998
0.834542084784335
0.692919072275171
0.455773298127444
0.718723729227762
0.35477761485826
0.349058185178397
0.357714891480327
0.292537181925098
0.428503787878788
0.42531569793194
1.84676197458456
1.92889506201124
1.40367094903165
1.61557917888563
1.16403710746579
0.655955370234604
0.398254969681696
0.841028216260386
1.02408052297165
0.73980845819587
0.71403629605022
0.568800365041545
0.694903432001466
0.940146770756965
0.884382169095186
0.727947061339198
0.845491202346041
1.53329266709433
1.76828063905181
0.856365077819526
1.03534484206989
0.620361681329423
0.46687644145589
0.413302012692449
0.318976929068915
0.468209148567326
0.708362926136364
0.742003824153837
0.749266862170088
1.35390422623412
1.73724324902248
1.23958737131904
0.972038953674853
0.455936239919355
0.884103128054741
0.852636842848851
0.48079652370479
2.96800827071114
1.07179892740408
0.442160761470552
0.79688137677175
0.615607043850806
0.708600890456989
0.905909004994501
0.698995515258431
0.627800586510264
0.875067118386486
0.646919742408969
0.650864405776515
0.72964388402676
0.833024040811339
0.849102965771628
1.5228225424609
0.923302442265396
0.589700778577102
0.508243361666056
0.660409946236559
0.570038146077713
0.937166269550342
0.689522200329912
0.959363458806818
0.90740437706195
0.999381787252566
0.849497456928152
0.677183376099707
0.93644251550281
1.017786992913
1.50479743249022
0.581246019290689
0.480210156631843
0.502239583333333
0.446521480556574
0.495699067922165
0.851330606977028
0.640417649911412
0.404594177663734
1.3935598328293
1.42912060690066
0.828751594192937
0.752833845002444
0.663623524178275
0.842670826842009
0.901295964305352
0.890214710105083
0.518794131460777
0.541387835639663
0.537192654875367
0.806453102089443
1.5902734661382
1.77283746296127
0.97580580248045
0.92272924876283
1.0830183513563
0.89235099546371
0.740719544232649
1.14577208577713
0.878860342971041
0.736849798387097
0.794413403821481
0.627669834051197
0.954177320075758
0.633069394168499
0.568916025171066
0.893175975989736
0.88879505742913
0.746353250244379
0.643102242179863
0.359217976768695
0.670888614598607
0.757923654386608
0.549270489674976
0.605649437927664
1.13583752405608
1.3905766969086
1.49998097469147
1.32999632476479
1.33308158449413
1.37061735360154
0.769304588220919
0.673166076719819
1.32588572214076
0.86518342764846
0.914103882193915
0.729744470918866
0.656331170194893
0.83448939050281
1.36461975157319
1.26910258392901
0.432322510004277
0.633469574780059
0.829449993890518
0.800017106549365
0.66261756934262
0.727366421905547
0.663155690600562
0.357619354456867
0.621416473836144
0.787104783342498
0.996482838083456
0.788581979701246
0.564406377917278
0.631073120952468
0.541461302159702
0.639231646734482
0.991494990224829
1.79129627932551
0.681408693792766
1.33618828468658
0.727092335273094
0.618431304603495
0.614404315967131
0.452122090359238
0.483007841138197
0.504419436934873
2.11200329912023
2.33244355411474
1.21766509920271
1.22317677785924
1.36441936056635
0.326712478234971
0.402036128039467
0.471096031509653
0.609592029798998
1.73344024926686
1.58921416788856
1.60209490316471
1.62037114148033
0.676831078552664
0.746569974569282
0.77151377688172
0.761239527966153
1.05409296149499
1.43652549945015
1.55967741935484
1.70792212701613
0.879650604456867
0.79390625
1.07681771406097
2.37448221186156
2.34440668339137
1.18108602723302
0.832644031036168
0.901785410175342
0.874257993875244
0.842443449108016
0.738184481534091
0.910812408357771
1.34625106915934
0.989163602379643
0.713366925937805
0.981957926670943
0.995748783831256
0.859597299227151
0.83425491049609
1.19077558918316
2.22901834944709
2.80983526354778
1.66218672676869
1.51285014013624
1.23950478830645
1.06805801525843
0.843713304924242
1.16779020039101
2.87409148185484
3.55845245868463
12.4049360699994
4.85552258026332
1.30261965993096
4.02573298509286
8.54916726806879
1.79268671149499
0.842568273460411
1.36724305810117
0.93843440707478
0.470142007270283
1.61163015296615
1.41308757942326
0.683865927419355
0.428049700635386
0.488237481289712
0.461348362658847
0.396871935712977
0.400656072443182
0.451627098225195
1.22116476318121
1.16017105594758
0.92943524521933
0.960898771612292
0.849885972247678
0.521998678824536
0.460119125351295
0.415030156020894
0.670393059246701
1.03030776515152
0.620313406876222
0.449307032013685
0.656830668071848
0.553351041284824
0.4819683127902
0.516862771490103
1.04190722751711
1.05282753505315
0.408118852333822
0.517339158342498
0.410575350913368
0.726081903332722
0.900500633858749
0.964525293255132
1.04087575604839
1.31475988781464
0.576482007575758
1.11353429710411
1.38634679710411
1.67491446725318
1.83857716848424
1.26913107893451
0.7710782853739
0.636607395146017
0.466616024789223
0.42351049876283
0.691959683146994
0.859592764846041
0.760230785679374
0.909257659762952
0.76414206645589
0.837877413245357
1.1369070365958
0.815861284213099
0.805911381964809
1.0646039528348
1.03333454568365
1.45498254979228
0.628720359466642
0.654056657807918
0.548788451551808
0.624327804252199
0.944420668377322
0.863449709417766
0.314947725745357
0.342655448130499
0.50673508331806
0.713425586510264
0.75787496945259
2.15202697336266
2.60344632056452
1.49761485826002
0.49564878879521
0.384426233733504
1.13466152515579
2.27223481030059
2.06755993974523
0.650534875595674
0.479275482267229
0.722337630972019
0.99061330606977
0.595103011592742
0.682876869119624
0.748986121929985
0.478081765869379
0.660015111421676
0.559756689882698
1.49797248251161
1.56682658235582
0.596255259882087
0.329689294660313
0.324536252138319
0.361501557917889
0.454867424242424
0.491928419782502
0.395416628482405
0.662159358198925
1.20371172982344
1.23245226012647
1.16787671638258
1.17407804099462
1.17447335311278
0.661050210395283
0.436390966749145
1.11978845918866
1.65394729808162
1.24075176220369
1.08808146994135
0.827605913596652
1.62489640609726
1.69168132942326
1.36932902614858
1.25044285152432
1.24171591481855
1.14007238781464
1.27742354556146
0.848061986421676
0.430960477379643
0.511446725317693
0.647993646138807
1.00390593497984
2.65794442662512
1.0971357125947
1.03955880949108
0.443553121945259
0.519872579117791
0.676614344681696
0.634002894367058
0.613833308513563
0.604256313767717
0.586103591993524
0.622854617240958
0.792715807902615
1.00225866591826
0.650758940844941
0.586677510997067
0.736292756827346
0.600239482145039
0.89114151851173
0.860254984955401
0.510634689256476
0.754971581363025
0.823464906754032
0.637191929374389
0.437844947076613
0.824206836510264
0.497805130437439
0.541573649804497
0.845947800204668
0.486239680703201
0.487132171004399
0.787291351646505
0.787463868142107
0.834054252199414
0.588205024667033
0.393445136852395
0.59622669805413
0.739020039100684
0.556157746823069
0.459393328445748
0.603352845491202
1.15068941684995
1.06533654653898
0.561243193655303
0.488083455522972
0.610064607771261
0.774816858733504
0.543297888792155
0.478797949886975
0.551551655669599
0.656181793362048
0.580027788596652
0.533710126084433
0.658111826429619
1.25839800792705
1.3822173505468
0.659450060712977
0.961707514280914
0.777339778836755
0.867543835532747
1.51147834188661
1.39416986459861
1.41924226195931
1.7220087594697
0.937594964259531
0.76331741049609
0.683442683513563
0.517666321099096
1.1444080580248
1.69164280150293
0.780451452529325
0.556654104044477
1.1883466214565
1.7616500851509
1.10591016006843
0.514427541544477
0.656163207172532
0.651101682780425
0.468440516556696
0.872110176869501
0.8122989884989
0.491231671554252
0.561616788474462
0.698221749373778
0.963496914711632
0.838631476050831
0.78719474546371
1.11352639296188
0.823516465053763
0.729852981045332
1.47588013769245
1.01323615438661
0.650954367897727
0.365853255972019
0.692660898933895
0.875906303457967
1.19834577185667
2.1106144611437
0.946859573558162
0.717457080889541
1.21662695503421
1.39367775537634
0.47745562034152
0.359015752917278
0.646890340527248
0.994065096529814
1.03067806657808
0.874759133675464
0.917116324535679
0.565496968169599
0.568760605678763
0.752260775598729
0.896203224279081
0.958289306879277
0.833993004643206
0.553042178335777
0.825145672959433
0.852931701719819
0.431966298570381
0.614484426548754
0.53534005949108
0.662305021612292
0.686524888501955
0.783073899911413
0.711088547394306
0.693120685178397
0.79809811827957
0.662668468963832
0.812629521016618
0.902973943059629
0.70317905936889
0.710030308757942
0.938283846529814
2.1326861005468
1.45652881193487
0.798746859344453
1.27641074619685
1.38739307452041
1.08647741591826
0.813100523888074
0.37957321450391
0.759319060056207
1.32785614461144
1.29642316562805
0.849699375305474
1.00060788390457
1.28583573894184
1.45463343108504
0.979437316715543
0.66913801892412
0.619380488987659
0.683788947947214
0.549045154798998
0.558807696419844
0.446366299715909
0.787563538611926
1.23281582203079
0.728301630849829
0.556952733611315
0.827021312545821
0.755246670332356
0.552852173448192
2.32707722385142
2.31232426648033
0.722083705629888
0.690586118875244
0.932462722614247
0.791761821847507
0.680468597262952
0.928555097980816
1.00588736406403
0.758213425204668
0.876000494486193
0.769332806390518
0.749076694999389
1.06232553610704
1.06119558742669
0.621613504627933
0.64897924876283
0.819779104044477
0.834349340175953
0.646146711571359
0.506988636363636
0.756820005116691
0.726228273154936
0.63073396833761
2.54681111772972
3.29801020856244
1.74915383675464
0.767098263379765
1.05834612506109
1.03466946748228
0.479794721407625
0.576402345659213
0.667840746807796
0.669479319403715
0.972705192677786
1.14177700963771
0.653841909518573
0.895186911962366
0.935585049715909
0.574594330400782
2.11064438805902
1.61188629299548
0.905667117240958
0.528988260248656
0.511600531524927
1.20850867546432
0.662613483626588
1.27482492515885
1.30250006682246
0.742263171661168
1.38613436850868
1.75282394573253
0.886051126817571
0.595928555336632
1.00787878787879
0.854853744730572
0.683049309246701
0.653829996028837
0.731363025415445
0.711457712839076
0.734887575986681
0.845280568410924
0.749057297394306
0.678054397299609
1.77634254910496
2.48587086846285
2.77024154409519
2.41799730228189
1.5123801014174
1.10996875572764
1.15830122036901
0.71772268106977
1.34058024804497
1.2497118997434
0.87378539681085
0.687032891923265
1.42164940738025
1.74979784297104
1.82433695892901
0.786798621929985
0.729858785053152
1.52495577307857
3.86840236093292
4.3866937679466
2.45145004734849
1.34100134408602
0.80681757086999
0.728636210899316
1.18329877657625
0.944866775109971
0.577826924104961
0.638445595063539
1.01832339587915
1.22806618669049
1.37602294683223
1.51095853952835
1.21939393939394
0.780885531219453
0.411178480877322
0.469805327086388
0.598924874373778
0.646109481915934
0.594829201796188
0.637855791407014
0.909899871319037
0.728782838465298
0.453518211983749
0.541170233076735
0.307863514173998
0.379692454407991
0.529886659564394
0.718756987719941
0.769951124144672
0.825932268756109
0.906535303259409
1.23074718963832
2.67900293255132
3.5469176040903
0.961052730556574
1.04564573405425
1.80367003260936
1.54148314355755
3.55346434353617
3.18681069770283
0.81438660801564
0.494940394367058
0.452280889158724
0.233275894657258
0.413637346881109
0.671874226768695
0.97466167789284
0.589322601646505
0.434454996028837
0.471819394168499
0.47208211143695
0.603005521444282
1.54357251000428
3.08044461754643
2.29317693059629
0.610412848240469
0.701715609344453
1.27056305558101
1.10797026782441
0.572289366064883
0.351066705996457
0.512338556940371
1.21929717092803
0.950254116263441
0.879879605021994
0.982191996196847
1.86944266251222
1.58177868974523
1.01680343314699
1.12196907647544
0.690001794660313
0.286781209906525
0.182446685224218
0.335813630254154
0.526794574398216
0.752254083806818
0.707559834738514
0.487404348423754
0.385589526820626
0.508840181680718
0.521630840282869
0.620453619486193
0.545713854777615
0.73229318449108
0.738111473225196
1.00282272383614
1.06275033602151
0.811471230067815
0.729955362597752
2.65200222041483
1.90574565272177
0.395150560544966
0.904198808269184
0.612090273322947
0.692786191043499
0.581303372052175
0.789590655165567
1.32451787596224
1.13774067540323
1.14479051159274
1.01195861398766
0.470909539574169
0.634843434979839
1.06667933429558
0.799270212839076
0.467126061522483
3.16894168499511
4.45971881109482
2.1374516969086
0.526694617546432
0.598543499511241
0.914184345979961
0.704351745784457
0.351563874633431
0.378319348347385
0.498990064455034
0.374384536519428
0.415745013135386
0.593026322320992
0.724407599813661
0.776724162619135
0.719974788841031
0.398019916911046
0.290722713526393
0.41001014746762
0.845201832462732
0.964892320381232
0.75960424876283
0.654348996517595
0.59020401851173
0.379250433391373
0.728679731411901
0.75481301166911
0.261726386852395
0.640223292017962
0.948880590175953
0.712979737521383
0.655676930596285
0.699271511103983
0.403025262707722
0.509155660053152
0.554789824276026
0.988306451612903
1.77998097469147
1.54069510630499
1.22631899896139
0.655333424975562
0.63061339198436
0.584122678396872
0.566231518817204
0.997939491309262
0.905064521856672
0.407677442265396
0.581378824153837
0.483854462594697
0.512216892335655
0.811720391923265
0.928748739919355
0.446170490820503
0.610828436201735
1.18217482282502
0.864806940371457
0.619396230449658
0.929075396734482
0.809827063477517
0.743459799608993
0.786658562057063
0.712283027477395
0.820405965527248
1.17173561789773
0.7293248163337
0.764046882636852
0.853746296126588
0.797669690860215
1.1849459979075
1.14907009866813
1.09400232160313
0.939697723836144
0.798775316165689
0.68147605083089
0.670224676197458
0.637818905409946
1.96208604441593
2.23063888952529
0.847385055825391
0.466595558024805
0.863529590893817
2.42912130376344
3.19393695014663
0.99503848973607
0.79330957317632
0.674406731121701
0.861541078629032
0.843101545317082
0.407587632881232
0.368731518817204
0.753233137829912
0.951022994562561
0.678836754643206
0.510166550204668
0.580140966749145
0.673767717497556
0.722098139280914
0.753958295149071
1.52711739369501
1.80992934956928
3.44246319037146
0.797601484222263
0.94301014173998
0.860684634271139
0.899761873396261
1.15407448031219
2.36133854930352
4.26975049448619
1.82243049509714
0.424594330400782
0.358231677281891
0.563786618707234
0.750275499450147
0.491009964183162
0.635999167583089
0.543903491187072
0.468948558162268
0.543311406020894
1.23723590809812
1.75930740431024
0.653924568899682
0.693141151942815
0.470059939745235
0.843998044965787
0.843908693792766
1.00200871173937
0.845887239965176
0.587749410053153
0.972315713205645
1.03941986650782
0.620810871441227
0.509119232267229
0.59991935483871
0.570839127795088
0.540778004337732
1.17921079812744
1.33669896100623
1.05332199260753
1.37869742027126
1.0497485566349
0.810893817204301
0.998972451964198
1.43161408693793
1.5775181757087
2.05435510599951
1.091929221652
0.80040871479411
1.57214357855266
2.16875362750489
1.43229472140762
1.48637936827957
3.29372907502444
1.59040196572581
1.60153721247251
3.06007857366508
0.608330851356305
0.415623081240836
0.422159081363025
0.744489543239858
0.682594229212488
0.543315300815616
1.04958958600623
0.786557984711022
0.498208356243891
0.918728578629032
1.04412259248228
0.947783088572214
0.841450238269795
0.697378879521017
0.612523177847019
0.697115713587488
0.690219320854716
0.490486610688539
0.555269494974951
0.687768654921188
0.942351997800586
0.80941493119196
0.777496945259042
1.00193188500428
0.574887585532747
1.26952586601906
1.31659593986742
0.751400866019062
0.419383390991569
0.440674248151882
1.09428870356794
1.05583256010203
0.80321221285435
0.769231264891862
1.28461292613636
1.09554217833578
0.906399749129399
1.79196908602151
1.37190065982405
0.775030919706134
1.34881803480877
1.25686926281464
1.67585028714565
2.48624166628482
1.56297222476784
1.30220291689577
0.801115963694404
1.60682359443732
1.06050326857283
1.04518976623595
0.709329016602517
0.828604556146139
1.21992828040995
1.0917651725165
0.735132871685606
0.737210066898827
0.989937034152004
1.19050124480694
0.787106396627566
1.09787130376344
1.25616178480877
0.909086393801931
0.570170903210533
0.39563224546371
0.452380521444282
0.7316322149163
0.74307394764174
0.592246676059995
0.35661480289284
0.591036168132942
0.665058794217375
1.32869737254093
1.35896802258981
1.25760392801503
1.28325513196481
0.717526270772239
0.416035557184751
0.595554731411901
1.46651572427908
1.95126671516068
2.52236336716459
0.627366660557185
0.877833720903592
0.799077305947581
0.749495270879154
0.598426044721408
0.495248655913978
0.537094177663734
0.653845069266251
0.45516021161718
1.01605227234543
1.41336837693976
2.09240434842375
1.53687179252199
1.96401759530792
2.16949320892901
1.29914371792522
0.981173593291789
1.47932551319648
1.34923203812317
1.25992237139541
1.63092619745846
2.29823008308895
1.86830519153226
0.81582331951063
0.687334394855816
0.838232794171554
0.713389196908602
0.67957950536107
0.667804242653348
1.23105568029081
1.20654003810789
1.83765975340604
2.05508399583028
1.15615331744868
0.785650048875855
0.818322947214076
1.5132514280914
1.06038649155364
0.784513685239492
0.922773313401149
0.876177755376344
0.836558901133309
0.83262638036107
1.11199045966215
0.817167405532136
0.607531731121701
0.74655775560545
0.822555596285435
1.21372998190066
1.04516216856061
0.640760592314272
0.640587388501955
1.70695255223607
1.06368214656647
0.837296554252199
1.18033937217436
1.64693792766373
1.18645588954057
1.33726646505376
0.734105533663245
0.740718541895772
0.835097102578201
0.451001344086021
0.405601440310362
0.680200963770772
1.1627468230694
1.43511241446725
1.06508660190616
0.930455146856672
0.849738199153837
0.753911137585533
1.01251523552053
0.864653964671921
0.647580492424242
0.63501431909824
1.53272727272727
2.03023337266312
1.25317898300037
0.837144189500855
0.439144815722752
0.784733473851417
1.49617316371884
1.5805110486162
1.155583751451
1.01321877100134
0.581488107511608
0.570598080095308
0.593664429068915
0.469414367974096
0.683521266724707
0.886017801502933
0.766781524926686
0.552415679603495
0.572961332707111
1.08317531731122
1.20033995448436
1.98871890846469
2.12186170233077
1.41960783808346
0.942480449657869
1.63856502588893
1.39195805076979
1.15988785282258
0.853501945488148
0.758468314699413
1.16514750580401
0.73473236650782
0.628264754398827
0.536456872785313
0.740768840114858
1.02552975890457
0.987657471896383
0.825374167583089
1.34288526965726
1.73545575780486
2.45127810361681
2.04771886264357
4.87026437828385
5.23479804343842
2.34324129971591
2.36282974974035
1.46636492508248
0.744983571221285
0.87323725218414
1.14574824925159
1.07683084944709
1.36480506934262
2.49367698214504
2.67392831095736
1.7312473175556
1.17854621059384
1.26688901362414
1.01827956989247
1.33895405669599
0.594619837487781
0.696300928259409
0.887762621807796
0.690237420194892
0.894790206118646
0.559163573741447
1.17651454056696
0.923794589671921
0.991753383125611
1.5186232950727
0.609144061583578
0.609919011180352
1.18340381193487
1.32142708906097
1.60143068792766
1.52406754032258
0.832188683712121
1.12432840565433
1.1879676426564
1.08414252466703
1.31467890854106
1.07268648238942
1.96856411901271
1.3032581771597
1.93012001313539
1.01711475898094
0.710595330828446
1.12461231518817
0.859954703919233
1.08688713304924
1.05328873411535
0.465614757071725
0.76638864705523
0.6378488514174
0.722139149178275
0.745614461143695
0.92057413856305
1.28082904714993
0.715270716871334
0.905420399178275
1.26151857855266
1.1380330427511
0.898635361299487
1.00560510599951
0.846588761226173
0.796068004261364
1.21459173387097
1.55015086601906
0.914200841581134
1.66616254849401
1.06273704789834
0.885386119257087
0.787267677404081
1.11459118974523
0.954438987277004
0.772717344819159
0.618487282731549
0.707600462793255
1.10571021772666
0.962012310606061
0.715363428259409
0.938733466214565
1.62308024804497
1.07693697305718
1.02474305810117
0.837653806207234
1.13623377168866
0.950941432978983
0.944558742668622
0.697894519794721
0.675950635386119
0.950300433773216
0.747147015136241
1.27694858107282
2.20543391640701
3.7441379425556
3.29496517595308
1.76845513158297
1.4259985566349
0.640231845292644
0.715774338648583
0.8511452892076
1.13682245845552
1.82649071358749
1.61435113483627
1.23307169477028
0.853143901209677
0.937785074153837
2.1141530730694
2.10551590756354
1.72467954812744
1.77306305558101
1.27944220430108
1.34880711410985
2.02471587090665
1.11366881071298
0.727920093704179
0.956274285190616
1.33314095147544
1.28033598332111
0.856388341581134
0.941991691104594
1.60030390854106
0.777634169950513
1.27935449505132
1.31528820526332
0.654839922027737
2.1243429920424
1.7874961815738
2.03301502932551
0.905261629016984
0.619472818533113
0.414760193288734
1.02640819739736
0.788361198298509
1.65742415650965
1.77457942899255
2.35493538268267
1.22869745845552
1.50326260653409
1.25237643572825
1.22227696572581
0.604053402599585
2.48677685690066
2.31676071450391
2.29436824138563
1.2020741309262
0.72591419805413
1.60144495929558
3.62055168621701
7.43152484077163
5.74072699016373
1.19899315738025
1.55900167247067
1.44534636944037
0.663848973607038
0.564731182795699
1.20132816318426
1.15117759309323
0.849911021123534
0.749733626588465
0.928410608733504
1.37234328224279
2.10642438752444
1.35657012730633
0.89704052877566
0.957431421065494
0.891025438355327
1.1333637184598
0.862210248274071
0.74934589404631
0.76177018420088
0.947522566898827
0.691196847507331
0.650625754139174
1.09436422249206
1.90599400316166
1.47882024949597
1.38377702491141
0.713278338450024
1.05672515540995
1.13336903561828
1.0796178137219
1.11466749144673
0.980033439867424
0.895236274667033
0.777368607954545
1.86941439661229
1.92295621601601
0.886933336006232
0.977368607954545
1.01015570587427
0.723254587839076
1.44793231266801
1.40810307268756
0.887715731534091
1.45467279905914
1.70905042422715
1.49291632300831
1.16514994959677
1.96127847591337
1.2621484661382
2.55219696969697
1.84203818998961
1.06812496181574
1.32597995135325
0.904241421905547
0.869864741798021
1.33672515540995
1.73294735726723
0.954302211250611
0.811218984833211
1.74341016006843
1.16677830790261
1.14120967741935
1.43670576735093
1.18978188194954
1.26765692777065
3.12366381812072
2.35257994829851
1.97855354197214
1.17948725218414
1.09311979739431
1.37589255712366
1.14934474851845
0.816664070136852
1.14083034541483
1.37434406120174
2.26419269878727
1.36309780325941
1.27444632820137
2.40478188194954
3.12167854197214
1.35278576147055
2.0199376451002
2.41620108596041
2.45399131498961
2.06416361192571
2.90992033808346
2.75736023605511
1.95227218314699
0.823263952529325
1.06827543644611
0.936201735092864
1.38407669499939
1.03497570526332
0.978396260997067
0.989440638746334
1.19398512913917
1.24847796577163
0.910439491309262
0.845761203262463
0.711336601906158
1.10632682673509
1.12902843963832
1.0149207962946
1.00537634408602
0.980433992775538
0.892441310789345
1.58455763532502
2.96762622762402
3.03697687561095
1.78165166025171
1.65565004887586
0.836815499373778
1.83667884744624
2.68358175059567
1.50171550433773
1.2277791651393
1.14722980816227
1.18667360665628
1.21539528347996
0.721170538550831
1.06294231694465
1.05923505467986
1.68052782105327
2.69808772261425
2.41122746173937
1.94950122762402
0.833266090847996
1.03413022933468
1.23117756445503
1.05733870967742
1.39612108038551
1.41685999358504
1.37264628390762
1.05152957562011
1.46318533113392
1.33403446320565
0.908139042262341
1.05613254521017
1.08849401270772
1.17704590321053
1.06858489125122
1.74894046309873
1.93073584891251
1.05343013043744
0.899018654921188
2.76894638165934
3.29946617447153
1.28573664123595
1.51569648093842
1.2960053057032
1.48146611337671
1.61772703407564
1.02617728761913
1.81217096621457
2.54928362506109
3.16211730778042
1.95067719788612
3.51882101318121
1.69427934842375
1.39433269183773
2.26444999389052
1.35951314111376
1.67751289673448
1.12416268595736
1.71716969658785
1.51815691249695
1.37383919843597
1.4496178137219
1.71294289925464
1.34378649460838
1.4855704728739
1.86614987131904
2.6660416284824
1.36904782769734
1.96530730694037
2.08490636264357
1.42973804641679
1.21196487620662
1.16405665780792
1.55952345086449
2.22549569854289
1.97355800953079
2.13197335311278
1.47234604105572
2.78671751855755
3.09411862131904
1.96775597774621
2.31883549456256
3.75497379605022
5.30856945526332
4.0081564542858
1.62204880521444
0.883570037573314
1.66725745356794
1.61256406364553
2.2272965542522
2.35593138097202
1.6723581072825
1.52386484871395
0.739775438355327
1.8814705141129
2.41890945747801
1.240687383538
1.02048872036901
0.597409579667644
1.85063156769306
1.75646275316166
1.62681389563478
2.11571904783724
1.63450387188416
1.47478119463282
1.3435066898827
2.8025534197825
4.10082443640029
2.86572304763869
1.59079724920577
1.40932902614858
1.08300449046921
0.81879505742913
0.77154828590848
1.15025644550342
1.34290429496579
0.769476875610948
0.758556902187195
1.57445224676197
1.12300516823986
0.547496945259042
1.2834304740958
1.72612643572825
1.88490163734115
0.768701878283847
1.55273200757576
2.2415266736162
4.99250229105572
10.0870175704881
8.11552873747556
3.59214754971591
2.21493585043988
1.96898151118035
2.4404242653348
0.858230655852884
1.0665834154295
1.5725293255132
2.91464854250672
3.48728429710411
2.49675272444709
2.53570433735032
2.39466214565005
5.04169110459433
3.0505563351509
6.66887123503177
1.64989002932551
0.872162059735459
0.990039854823436
0.909867882453568
0.833043505238881
1.30885248655914
1.13021878627505
1.1735161500336
2.88935102028348
3.32680317540323
1.72174417117241
1.34277370478983
1.13672462083028
1.38053800670516
2.41299544079912
0.985095298371823
1.09211983748778
0.90364315088893
1.27482564111376
1.49630444121151
1.94292640365347
1.11247387241874
0.926475430336632
1.15416703896322
1.69958665536413
1.03773596919294
0.804169177281892
0.913984900033602
1.33184044324291
1.77256949535679
2.0309635321206
3.08456934834739
1.72099645650049
0.981287535129521
0.831036540429497
0.800239940356183
0.399706811690494
0.568879969681696
1.446681291239
1.42394717398277
0.692237139540567
0.646414640991569
0.75648581645589
1.02035908479961
1.06510522627994
1.14805959035924
1.64164092092803
2.68562346308346
3.23048738391984
3.18181069770283
2.55279997556207
3.32650350531525
2.49403088343109
1.72514384011486
1.59525594910802
1.67661347598974
1.65203154592803
0.880067471590909
1.18459784335288
0.454747592482283
0.855959035923754
0.790931686446114
2.03118035190616
2.98807852975318
3.60910553366325
6.67201303610704
4.87505909969147
0.787939185835166
0.855221125061095
0.839695585517473
0.720791788856305
0.786850628894795
1.40666734443732
1.20199099424181
1.14299055321359
2.20959164795638
1.58666994096713
0.8511452892076
2.00762554030731
2.20792732007576
0.994481266801075
1.00964927755376
0.981602975317693
1.21845138952529
3.45423195220858
3.3638471025782
5.99468787229655
5.96701612903226
2.26187435086755
1.75404759859176
0.757210401011119
1.71161347598974
2.26318670576735
1.16373346621457
0.965259643435362
1.92538149896139
1.83711539856733
0.706059651454057
1.88863575268817
3.66435704385081
1.07812353945198
0.744070709616324
1.23079345941777
0.826038611925709
1.38440367638074
1.41701914558895
1.52756543827896
1.32776972408052
1.29276744257087
0.845745423616202
0.593235581622678
4.38772589809384
4.9534893446817
1.31568012852823
1.20348423753666
2.53198984871395
3.28267335654936
2.30813962457234
0.918019916911046
0.828626550281036
0.797931701719819
0.478534173005254
0.479149827407136
0.750714341626955
1.21156096308346
1.19819430443548
1.18759155631415
1.36836292613636
2.10170805840665
2.62070410824475
0.883270396123534
2.80487032624633
5.8207001084433
4.69308863903653
4.21181359016068
8.65482389418377
3.6830218929466
1.14871753383126
1.05593283197397
1.06105048723118
2.39717152943243
1.31626427136791
0.854001930214443
1.0722818914956
0.731819365530303
0.894834394855816
0.963258148521505
0.727566278332722
1.07835264502383
1.0380693655303
0.844976392580034
1.55966214565005
1.14627993646139
0.872730594758064
0.930514991141251
1.41986421676442
2.51872861681329
3.31196915284396
2.14824656914406
0.998235877550709
0.834615169461755
3.41122827315494
4.22454979800525
4.28625701635814
1.21231167521994
1.15009094536596
1.8518557169477
2.25129023666606
2.68943166544477
1.64879425555963
1.42467458417339
0.878493249022483
0.738083913734115
1.252917735826
1.29905119745846
1.96978493669049
1.84080794079912
1.54726444128788
1.48399918094758
1.77439476990164
0.863383698374878
1.13654309284885
2.01257391518512
2.18597289681085
1.49728035457906
0.87686029905914
0.810975598347385
1.36225806451613
1.70596285434995
2.31635652454484
6.93355998556635
6.78517045454545
1.72811701948925
1.07123288390457
1.76343440707478
1.82222136944037
1.77169483710594
2.19560024705217
1.80163516465054
0.961930281265274
0.935165557413856
1.01857400873656
1.53844077430046
1.35154596621457
2.03040077246762
3.14255097598974
3.22737475562072
3.35535938072764
2.05371997762402
3.23300815615836
3.84487765762463
1.28085440149988
0.435126074886975
1.68396198947642
1.69925464320626
2.11957866530731
2.95259117447153
6.61643324627322
3.28567567051564
1.29390392076002
0.98547599546371
1.38754547745601
1.33742003260936
1.0743940062164
1.35116468681268
1.49838033815982
1.03702067295943
0.854630949108016
1.20276847354594
2.48307516953812
1.98733366935484
1.9591452452957
1.89780451948925
2.95634068762219
2.07046920821114
1.19303576337977
1.00252374106488
1.96268426770222
2.08444632820137
2.64821385477762
3.43438137677175
1.59099947305718
0.747556579530181
1.14454277210105
3.10803869402187
3.91014525293255
2.57577006201124
2.29998193884409
0.875532135874878
0.807512973103006
1.95924731182796
2.38081133919844
2.21577651515152
2.66055718475073
2.45366019061584
1.27583073680352
1.15479982855266
1.32923592337182
2.86100553480877
2.150533319587
1.85020462945992
1.1716379139174
2.58466641274132
3.39414207600195
2.36092157716276
2.19737283686156
2.13193486337671
2.60608419438844
1.40039085410557
1.42358366935484
0.707384530791789
1.22751645741691
1.57305947580645
4.49988620135325
9.13737612070809
3.15112069854289
1.41157218925648
1.92332729067388
1.60553380643634
2.22105800953079
4.24123518450635
2.45655287756598
11.7453610703812
21.5998869364003
17.9883033968719
22.1118868753055
4.43891800120662
10.9264086078782
8.82049386569831
3.31859572603556
5.54195931085044
1.88141113758553
16.12325764258
10.7381970537023
16.2380006624969
46.5095660740469
1.48546148544416
14.6793288638655
25.385597163673
93.4112781036168
68.2299422558498
8.32363999114125
26.5543569388441
71.4209526877902
12.8132623106061
25.2637294950513
74.4243058101173
93.0615720365194
65.23589377902
44.6557480965145
97.1442447152981
59.8498334307032
113.239681457341
39.36804396345
172.850726073741
15.7917931329423
27.3227420786749
182.269992935912
34.1083392041636
94.4547045970033
32.9588911194862
2.24447831706684
41.6380031062897
9.01182516953812
68.3492663944129
163.149507337106
67.6867002592711
183.694932862521
112.847457147712
21.8512045511822
34.0940535553366
35.1426101138655
57.9662610638899
22.1264270222385
98.9653890117149
105.369126105434
123.331178786351
110.743474920577
394.338255504261
64.7966638792155
6.63271749755621
1.37453437156342
1.26532196969697
2.30157669499939
5.91610328651943
1.82769633392901
2.34848483893878
2.92365720269734
7.51679648361131
1.21955796943732
1.154930036886
1.06616010470125
0.957021283907625
1.02463098729228
0.920870438889907
4.58924783686156
2.61577162756598
1.3356347369868
1.26819098240469
4.54023879482832
1.49955094353311
0.764756689882698
0.926854294583944
0.874689246929985
1.60070960677847
0.770096443899682
0.524772574535679
0.495200238269795
0.515154837182307
2.2040736498045
2.27554970063539
1.6692138528684
0.924422615774682
1.33782315340909
1.62227867447153
0.597646236177297
0.82874411007759
0.872443181818182
0.615037334662146
0.799004001710655
1.5643375698772
1.81981311667583
1.7337505250336
2.928447265625
2.15069272933468
1.16109936308651
1.15580056169049
1.4169867653348
1.82195028981855
0.564887728723729
0.71804213060545
1.10705522971652
3.10350202185667
2.77921642076002
0.623376366996579
0.905729462594697
1.65477455057124
0.992868669049365
1.4187681757087
2.71723422799059
0.838917361620235
0.733754543927175
0.371899199276026
1.06751335494563
2.91222781303458
1.04903164711632
1.37005573947642
1.82996371540506
3.01992675303947
3.67691314607771
0.692723750229106
0.550971063966276
0.590688758171432
1.09704323031219
0.824204306802908
0.453846825742302
0.34611183979411
1.19467493737781
5.2990410308987
1.1160199684598
1.31245341520039
1.39820082439822
1.44994073802542
2.66619065211083
8.71296416788856
4.66578690127077
0.573246492775538
1.38101768695015
1.81997216367302
2.51902003910068
1.00561002222324
1.97205911496518
52.7514074718964
14.6335702284946
26.3077828308284
25.4184944613728
7.60563957684201
10.7550891602517
2.85542732007576
2.61217115713587
1.62911763807429
0.888866605190005
0.651099057612414
1.49143686423204
3.10119943449108
2.25155364125122
1.11295003016557
1.36149650804924
0.344381329041422
0.378331156830401
0.723598446664223
1.29608251428091
1.49297680687928
0.86612353372434
0.810619721025782
5.33862319006598
13.8847946832234
4.46292643229167
21.2105227330004
14.5616928992546
3.75379321503849
0.773738850195503
0.89498163336999
0.759955057123656
1.23721101195931
0.801705986910435
1.37901078896322
1.22870688996823
0.692570831805963
2.11747898910985
0.835145548860582
0.763724340175953
0.914168957722385
0.458767717497556
0.638836754643206
0.848946486666056
0.792412023460411
1.91962303541972
2.21752679580584
3.57421489338954
0.57193348874328
0.575297188110948
0.417265663184262
0.721593925647605
0.921354930351906
1.1233718230694
2.34059604678336
0.769678097125489
0.70281936362109
0.463015029325513
0.431066371884164
1.74920576735093
1.66875151782441
2.79497674578446
1.56090824130926
0.837827229579057
0.861955253772605
0.56287264021261
0.798139194999389
0.834438987277004
0.464881323313783
0.657824413489736
0.492476134836266
0.303123014418377
0.991824558589932
1.67596299754093
1.85711287840604
3.81179151965726
0.893781454285802
0.461635470124633
0.779728586265885
0.740407263792155
0.720903592375367
1.39934227608749
1.5381453044813
1.26139292369257
0.355582806390518
0.744684664818548
0.572676172638685
0.642717793484238
4.48499873991936
4.89019221002871
1.01076246334311
0.411169345292644
0.55438351509042
0.446821685224218
0.309410043606427
0.76195931085044
1.3114577892076
1.10448931413429
0.605432541773583
1.76478276973363
1.51946021772666
1.34871234077163
1.37397788367546
1.15242446198375
1.8781328564119
0.666818706851784
0.30777354250672
0.277946135370846
0.472608815600562
0.322548102624022
0.336270161290323
0.532667237521383
0.559319250977517
0.471886827575147
0.728372281280547
0.441504984955401
0.337667542995479
0.276155217115714
0.278030675326857
0.294578713037634
0.624461754643206
1.00024039856733
0.665052808834311
0.679137942555596
2.87497495112414
2.81002184139785
2.64979998128971
0.905062927663734
0.486307648689516
0.53854288856305
0.736249656341642
1.01046275507087
0.977852583929008
0.633488733733504
0.436945173127444
1.13122547615775
1.62259270184201
1.72192737926136
2.17350858954973
1.2476844681696
2.13119894764174
0.573358983611315
0.498156769305963
0.58298982771261
0.505413831485215
0.432626685835166
1.00077459639235
0.886010355571847
0.869334133293622
1.04820540650965
1.04215923410007
0.467366469635875
0.30496470819587
0.583042206973974
0.856039824276026
0.571759530791789
0.611599118707234
0.416950671661168
0.56399403561828
0.531333050769795
0.479139393557551
0.512451420072703
1.14515242202774
1.21028767068365
0.60507755223607
0.64727452193304
0.746761974584555
0.700423043438416
0.43740331744868
0.701435690065982
0.755458659808773
0.73008170477456
1.13841882789589
1.38336693548387
1.14078430474096
0.81299544079912
0.88615437706195
0.787651171493157
0.334163755116691
0.584336357526882
0.508945465237048
0.737801464748289
0.889331307658236
1.0802642255468
0.573308284457478
0.657441033953446
0.343278615285924
0.30100102906586
0.430217335273094
0.544981051059995
0.570229563782991
0.481805571465665
0.571080375962243
0.377343434979839
0.778234273811706
0.590037726050831
1.0446392255468
0.791374480694037
0.46089225164956
0.593817777065005
0.644970063538612
0.658238025415445
1.98994660885569
2.56365284969147
1.19960539429069
0.504118669049365
0.283487139540567
0.320232227135264
0.33079652370479
0.484320463327835
0.654941921737537
0.639405003283847
0.722843801548754
0.757580101035557
0.733263293850806
0.697086044415934
0.722651362414467
0.639852761485826
0.828174448619257
0.736521175082478
0.813442378039467
2.05109962083028
1.72037741324536
0.993743040918255
1.32786500336022
1.01833421157136
0.727131560056207
0.972249578063905
0.445253199841153
0.389241813294233
0.423517801502933
0.553638721514541
0.797456584494135
0.971314111375855
0.677481585639663
0.435617324963343
0.413157447076613
0.502537869241813
0.371065493646139
0.351335217726662
0.783750983244746
0.649980105999511
0.494395839060973
0.656415404676808
0.963538611925709
0.550058498289345
0.691286504154448
0.633726087105938
0.673875845781403
0.809264074718964
1.0578710651118
1.11911714167889
0.56265074192021
0.732152437301442
0.862070961632454
0.922239573787268
1.03040604189577
1.13653828163184
0.732609359726295
0.856846247250733
0.475668988269795
0.487926966871334
0.392454551182185
0.578335233000367
1.00084783380682
0.813040603234971
0.853950963770772
0.497610543438416
0.597149926686217
1.00439454079607
0.796560733977884
0.47874235360154
0.536080156402737
0.624521894855816
0.427023832707111
0.349225766358138
0.645957880849829
0.457654942189027
0.575631071297654
0.654622959051197
0.990099345903592
0.881758910297532
0.711157097690616
0.721033180214443
1.07353325658297
1.17064455034213
0.707042399804497
0.51367420423998
0.908990627672898
0.736484823665078
0.603180434002322
0.656790832340542
1.12027458302786
1.07713662901698
0.987276230678763
0.783399163000978
0.719211867286779
0.795151515151515
1.8887890625
2.79092677022239
1.65543773483321
0.616866714015151
0.692954392717498
0.639385233382209
0.464779447702835
0.630603464076246
0.912612481289712
0.611094208211144
0.523442654875367
0.619814796783358
1.1787345640121
1.09039329789834
0.837002039039589
1.0263514173998
0.991544477028348
0.584871548142717
0.704971581363025
0.735641027843964
0.550085064989614
0.678254979227761
0.852336227700391
1.03585012486254
0.681502235688539
0.546242515884653
1.94662985703812
1.69595334646872
0.971232960273094
0.799092656020894
0.53283463732588
0.616435690065982
0.83609442777065
1.01820800303947
0.511467153897849
0.545036618707234
0.610668224584555
0.740099269535068
0.920860587350318
0.691768990942693
0.68113948519978
0.783906011348363
0.604627235688539
0.619200536107038
0.892932541773583
1.01794101867974
4.67139287596224
3.08355105044905
1.84560116347446
1.86700412962793
1.15399429336205
0.879541636119257
0.467727645023827
0.545954902477395
0.582729372861681
0.602892839687195
1.15456614086938
0.795863537084555
0.696249761348363
1.10486741469636
0.715649428381598
0.587948703262463
0.391768227257454
0.525966205018939
0.72894241049609
0.812330146856672
1.56368874289773
2.22435864758981
1.99959860703812
2.96423493058101
0.609319976478495
0.997700381460777
1.26831118646139
0.701121968169599
0.661176523933895
0.428308351279936
0.523236650782014
0.703157380254154
0.5266015625
0.573611916162634
0.549659768679741
0.514173348912512
0.473635409029814
0.579401719437317
1.58627993646139
2.12335707439822
0.540458058406647
1.55341725279509
1.7649633431085
1.2624009882087
1.13006197305718
0.897826208150049
0.64304831645589
0.877192988987659
1.04794900873656
2.05104280264846
4.18345200047349
1.15239895489675
0.595913978494624
1.75506834028287
1.23226729556146
0.881032111055107
0.408554343841642
0.434343297516496
0.778176844681696
0.656884126038612
0.561618669049365
0.540876472003299
0.448871540505865
0.897343444525904
1.37481632415384
1.10374785213526
0.607144084494135
0.74265625
0.821641617790811
1.64366323581073
0.510266640701369
0.594206836510264
0.785988122785313
2.33514964412268
1.40746238850196
0.861110159686584
0.748017129459922
0.599443187545821
0.623469842069892
0.567947061339198
0.677544513303397
0.701692593780547
0.490760897788368
0.695425286763807
0.662597751710655
0.702361305214443
0.931561545393451
1.37179174876283
0.836985724813661
0.87889745807368
1.09779554618768
1.22291948275599
1.22778008156158
0.976888660419721
0.637881374862537
0.671516363865469
1.43809910152432
0.798071379750122
0.494163611925709
0.803101545317082
1.93462025751466
2.54729211533174
1.22854712701613
1.07536877405609
0.523268420087977
0.513373923203812
0.647678234588832
0.588322298081623
0.76376218077957
0.822996080385508
0.840844244486193
0.393259408602151
0.59869034663673
1.04857854311767
0.981219748518451
0.504193815676931
0.627927510997067
1.01544228830645
1.32751663879216
0.957732007575758
0.600977364369501
0.424555076979472
0.537022152599585
0.611894082584922
0.759718811094819
0.927379404554619
0.728507720857771
0.419250824780059
0.746292527721774
1.05943257232099
0.877150757193915
0.950643166162634
0.676068510202835
0.70045908938172
0.627811545393451
0.790309712548876
1.05797294072275
0.994841373029692
0.750552593093231
1.71720795721835
1.51233958791544
0.890483174104961
0.76550906303458
1.31867164589443
1.59804205423693
0.952128505315249
0.772389790673876
0.971087325497923
0.77826964198436
1.51677594047837
2.11852386325452
1.08202220032991
0.709238443533113
0.842669690860215
1.04142717497556
1.3337744283816
0.899572298081623
0.864123432536046
1.76935541147361
1.94435052388807
1.43481117882454
0.93444723507759
1.16168055619196
1.57582229808162
2.82120830278592
1.28977439783419
0.867610495708089
1.32163045844025
1.02400773422226
0.9275390625
0.487601178748167
0.740173509286413
0.5592230934598
0.379242691532258
0.432876334539956
0.725351820243768
1.24004604067388
0.644385653409091
0.242738537084555
0.472514653210533
0.497443449108016
0.698591726234115
1.89040776973363
2.31684716367302
1.70331827918805
2.26457096163245
1.57452604739431
0.437051220369013
0.649021222812805
1.1405693941685
1.23312744379277
0.916855821954423
0.54691039681085
1.14565255949108
1.06527354250672
0.604745692815249
0.51347376550281
0.6790850191685
1.14875144145589
0.683005254154448
0.412177992118768
0.601300088205645
0.707722232404692
0.864993737781036
0.679020487765763
0.873766562423631
2.96157807917889
1.78521053847446
1.60869828896322
2.12797680687928
2.10151498923204
1.21394638165934
0.485547982343597
0.413641852624022
0.611255870830279
0.726289673448192
0.356809475806452
0.601624167583089
0.7543777110826
0.778308045805841
0.495227272727273
0.748821480938416
0.640144021490103
0.58143660648827
0.542887255238881
0.851579759286412
1.02018905028104
1.28384637707722
1.16856060606061
1.00108839465726
0.515180840664712
0.413915328308284
0.718818951231061
1.32575509378055
1.17465725806452
3.97077769886364
3.94102554336205
1.79045705606977
0.654217365820503
0.653187584005376
0.581576924104961
0.445160679374389
0.263661555703201
0.354403246807796
0.463719414406158
0.460934130238881
1.06510493035191
1.9103081851784
1.26370585899316
0.926960990957967
1.02422715053763
0.530805076979472
0.878742277233016
1.2704182608596
0.876971443899682
2.43507086999022
2.61840724851845
1.03423264907136
0.922327674425709
1.07660950482649
0.619804639769672
0.741843688905181
1.22622617302053
0.502531425647605
0.429978273154936
0.324410196343475
0.518858051915323
1.19435246173937
1.21895371303763
1.81833329514907
0.75924417117241
0.881025018328446
1.3403930592467
0.785919391113759
1.11976169202102
1.4084526877902
0.74824276026393
0.375726178748167
0.514032105327468
0.97825252588893
0.874437774926686
0.736996235031769
0.516358137829912
0.763273727700391
0.997045454545455
0.722830284320015
1.2141102207814
1.25474095796676
0.906832758660191
1.21832779661535
0.955566950375733
0.825461179970064
1.21333909915689
0.806100584982893
1.35268267350929
2.03094612009714
1.14910655509225
0.539908882804863
0.370761384637708
0.420701969926075
0.745658439867424
0.840107899178275
0.734363353800098
0.62998762829912
0.548326832462732
0.740081828873412
0.805623310346408
1.05065306543255
1.06549966970613
0.887246914711632
0.924316921737537
0.495566348973607
1.04649162046371
1.17522971652004
0.886290542140152
0.73456866103067
0.835199312301442
1.37664939783419
0.846314827330767
0.845562750106916
0.870275995845552
0.586219299853372
0.596117997006354
0.526238611543866
0.410339524911413
0.912332590649438
0.740211302159702
1.18667094330401
1.000715076674
1.07745341520039
1.04198717581562
1.198179221652
1.50391724706745
1.38775564363392
1.52561365927419
0.708873707462732
0.617534060361681
0.804231083516618
0.970493607954545
1.07625549853372
1.05867499656342
0.984214158342498
0.828154774178275
1.34778042521994
1.34735932917889
0.681215634164223
0.545900833562439
0.410946320564516
0.754267931329423
0.88829758331806
0.65673218131415
0.797635897788368
0.632404224324902
1.51022077185667
1.43117512066227
1.58628313439333
0.586766547149927
0.349141837350318
0.834759047760875
0.912710385737414
0.683394647711999
0.834262117775538
0.7615652110826
0.440590786901271
0.669670355266373
1.0953659197825
1.7777568941685
2.03698680351906
0.515439729960899
0.955282219880254
1.2880186568304
1.1704543927175
1.14883854930352
1.11982511608016
0.783195784075635
0.726048234359726
1.43617262913917
1.17642265968658
0.783483769779448
0.70866259622434
0.459211867286779
0.621560628971163
0.703292466626955
0.704545454545455
0.879130840282869
0.903655446221285
1.51379276637341
1.63113879788306
1.08364613880743
1.11721803786351
0.678710861131476
0.776566232511608
1.30852394916911
1.30195224676197
2.02804602540017
1.32873010599951
0.968407219880254
1.18569755009775
0.976475439882698
1.15076334158113
0.813591726234115
1.3172273643695
0.850278554191105
0.6503879139174
0.498729800525415
0.688436545393451
1.30021420416361
2.63539428114308
1.16299360795455
1.05905360306696
1.12445517740408
1.75606060606061
0.86211903561828
0.596141213037634
1.49613479808162
2.45005727639296
1.94927578774132
1.30047516495601
0.980175800342131
0.810287718413979
0.671079077697336
0.809104187668011
1.35933810445687
1.10231846247251
1.50133171432063
1.43480293102395
0.710328651942815
1.25760596132698
1.15375362750489
0.81321617447153
1.07456069006598
0.680118972614247
0.641494952040567
0.584704148338221
0.678860037496945
0.699159335288367
0.971794116187072
1.39688523338221
1.54148181665445
1.01067745562989
0.717925219941349
1.82363693640029
2.32062561094819
0.940972925449047
0.905712976539589
0.737141831622678
0.602306329423265
1.01461659182551
1.46497705125855
1.43853066005315
1.33714011333089
1.03588876733565
0.65864200536107
0.385312194525904
0.676890884652981
1.10249205767351
1.25362032624633
0.935644769901637
0.590650726646505
0.875703468658358
1.11461310751161
0.682482893450635
1.01954774560117
1.25517724179802
1.15031982183223
1.13162083600623
1.77275888929619
1.8624185816074
1.4910891583425
0.94800829934934
0.86974889074719
0.517488076964198
0.662071725317693
0.74666112994868
0.495486457951491
0.516482007575758
0.588576863010142
0.845250097369868
1.35850680443548
1.3737578564119
1.33089808429558
1.22842221674914
1.05693318326918
0.58347491103067
0.90213644764174
2.09029138410313
2.37486341489492
1.39227256498961
0.970840664711632
0.775021955950635
0.866226392580034
0.850298056802908
1.19711739369501
0.866391090847996
0.80670201574719
1.50072060384592
2.54997460746579
1.63033968719453
0.667851257025904
0.741813141495601
0.799663587105938
0.957472965542522
0.817792558269184
0.735916689577224
0.885687078063905
0.824439722324047
0.622969170026882
0.924415589870479
0.907683122174365
0.908297812423632
0.713372434017595
0.593361284213099
0.752070112032625
1.12055335677847
1.20676280509225
0.464358036641618
0.436294131460777
1.03163595697397
1.17064904653898
1.28297680687928
1.81303137218964
0.993654529798998
0.767085233000367
1.46567387585533
2.7569658785435
2.37521229495051
1.71474690516557
1.1342076001955
1.24518022971652
2.64112833539528
2.49140921882637
0.450354311766862
2.16071690951857
1.63446049456256
1.83031265273705
1.59886787481672
0.806574069831378
1.01237536656892
0.607639563477517
0.914641831622678
1.47920033563966
0.912472507331378
0.515866391358138
0.687809750733138
0.977846980388563
0.471870990652493
0.341065636837121
2.88546661168133
2.24560056207234
0.609959524682307
1.07782773552053
1.29543495692815
0.762325879765396
1.55489884989003
1.5261870627902
0.73036655936889
1.1576991309262
2.01002917277615
1.49908395000916
1.80778496914712
2.33103307520772
2.52184169377749
1.11035247892229
1.24100843681268
1.03686690493646
1.77489182398583
1.02717152943243
1.12680867393695
2.0249009882087
1.67752348332111
1.62934024277554
1.04465447061339
1.07901124717436
1.16626588465298
0.956077397589809
0.779638585960411
1.15721346529814
0.878250091642229
0.710005956744868
0.617540933528837
0.839769281143084
0.784354189577224
0.494633421538978
0.69864490736498
0.932421559979839
0.988092457462732
1.15883538000978
2.95427037512219
4.05296183864858
2.44301570709616
1.24677036557612
0.811163512646628
1.74167732007576
1.07008091245112
0.57820960677847
0.921670943304008
1.65266094666422
2.2560066898827
1.75040043835533
0.781361039833822
1.02929557673509
1.11148230350379
1.56208011630926
1.27644656303458
0.90798616202346
3.35821053274682
4.73165429496579
3.40692317899255
1.4395808513563
0.526212388501955
0.528668047027737
0.467394830996457
0.566192179481305
0.891179702773705
1.05706118646139
1.25140789192326
1.41819784602578
1.40065062163978
1.15372372922776
0.90926700536107
0.688944281524927
0.71053518106977
0.59799707317632
0.770155028103617
1.24380024094269
0.751738605816227
0.953562352990591
1.15814210654936
1.68204774560117
1.5516382193915
1.43079163611926
1.68446832233627
1.01993214656647
1.23060724431818
1.54227257453568
1.26504398826979
1.54046676441838
1.27657012730633
1.0023098328293
0.787473996517595
0.724762102501833
0.856862007804863
1.23815217764846
1.01401759530792
1.41987410648827
2.64082247945687
1.33909667491447
1.13495356793744
0.871746996807796
1.44803209769062
1.34593291788856
1.71405783197397
1.92276266953812
1.50101600684262
1.12174470575208
0.737115675403226
1.00131716611681
2.06013589778837
2.4422420271261
1.82037374755621
1.19814054099462
0.90148670423998
2.22122430199169
3.2071047833425
2.25824031647116
1.78761820892901
0.889392478845919
0.661793734344453
1.29629700482649
1.33527641587243
1.21616270123106
0.988447847934995
2.48780737376283
2.13460753260936
1.61848755956745
1.3966015625
2.83205178358688
2.09713502527798
4.0868104590512
4.50195097713526
2.50062316715543
0.326672432490225
0.449188660801564
0.921603128054741
1.42249782349707
2.54972139807857
2.01295010653409
1.5187817311217
1.55264662756598
1.35629627932551
1.31743753054741
1.2524440886944
0.896244797394306
1.22154538390457
1.0453117267687
2.98407142557124
3.35718413978495
2.20281246181574
2.99371340993096
2.73379303366325
0.5919140625
1.46410419721408
0.713939393939394
0.897157324886975
1.22591882789589
1.18586995204057
1.49810177442265
1.34463647627994
0.760378778332722
1.03366473454301
1.91068288734115
0.995955513425587
0.675825849217986
0.633804135737414
0.682578201368524
1.02516125213832
1.15370963923509
0.786099974034702
1.05629139173998
0.965785526637341
0.680369012707722
0.643991897299609
1.02648578781769
1.66577647696725
1.85484343497984
0.986454199886975
0.828046034946237
0.725699497495112
0.739835311278104
1.01138059017595
0.920751733565494
0.823068325009164
0.800896871945259
0.619448991553641
1.55545934712549
1.64033127711083
1.34517899827407
1.79440581469941
1.61012141640701
0.693013416040445
0.582754116263441
0.655668950085533
0.571097024300464
0.596216856060606
0.53970548478739
0.69195708661718
1.04385744096713
1.27721597591337
2.2998801014174
2.0011232950727
1.30330247090359
1.3349012936828
1.47709355716948
0.94862624480694
0.933508026331867
0.901542911473607
1.05000106915934
0.849029470613392
0.65215771627566
0.941402126099707
1.37425815615836
1.23816531303458
3.80872418743891
5.6114635168469
1.62842524285191
1.72604096980389
0.959132673127444
0.771852919950513
0.512009866813294
0.603836745097141
1.59148731518817
1.61382666445198
1.00152492668622
1.96037595269734
1.90463884370418
1.78159762952102
0.703780690600562
0.889083950009164
0.889360795454545
0.713182390945748
1.48896596063966
2.1911070285771
1.02376289673448
1.41504914314516
1.99002184139785
1.44156734940127
1.185752535435
0.865913739842986
2.10479669744318
2.58324291300098
0.724201481167522
1.66039283014113
2.72729532280975
2.45763134431513
1.20631177258981
1.25303870356794
1.24749007209189
1.84067677785924
1.91025033602151
1.63091516220674
2.80254848446664
1.85744986406403
1.09290054336205
2.75879994501466
2.53192791384103
0.720896222812806
0.481737536656892
0.874146963587488
1.03458684628544
2.17863276476967
1.685896251451
0.696067937438905
0.907143273078568
0.943365093093231
1.10838938782991
0.971096613819648
1.28132022085777
1.15215045171982
1.10327953170821
1.16976462266312
1.16185673837671
1.80134882086999
1.30698340511975
0.728459455950635
0.596869501466276
0.758445280043377
0.773995601173021
1.33313626435728
1.07993825604839
1.06809658136303
1.01629779714993
1.06122471247251
1.21153354678336
1.21033196442754
0.529825106534091
2.1539173998045
1.60960302686645
1.06963334517045
1.20884758942754
1.0516897299609
0.631773802159702
0.964524520023827
1.62489915536413
1.72130605449658
1.4991156429466
1.41052326758003
0.946139026988636
0.526422134652981
2.81008453040995
4.90722575108443
5.24154828590848
2.6844864884989
1.0484399342467
1.20592860306696
1.83474843253605
1.07816424387524
1.12747509431513
1.10740666811767
1.04682657280975
1.04202627649988
0.782662168560606
1.20795728517534
1.58014647482893
1.89495322427908
1.49884103128055
1.0851353918469
1.09026847354594
0.799293123396261
0.778000357022849
0.600206462304497
1.05348103005865
1.24493642320381
1.40233289612353
1.52772428480877
0.885908938172043
1.10251156983138
1.47908140120968
3.25931539436706
3.98942562278531
2.01670683651026
1.7368131414956
1.03558252955462
1.84427624595247
2.51950879765396
2.58356869157808
3.30306447794477
1.32721559407075
0.956507171004399
4.09885535037879
3.61245432207661
0.955645762692449
0.607509078308284
0.678997434017595
0.674607914451979
0.765097408052297
1.4922992653348
1.83458737131904
1.45672027737048
1.2298716626955
3.08840770672959
3.2775697149163
4.21988754734848
1.02400232160313
0.909687767289834
0.868307587594697
0.881773725791178
1.81047576635814
1.5887310224218
1.43181268328446
2.63641945220858
1.53243795057429
1.42018144206684
0.95687819793194
0.707974095796676
1.17863204881476
1.62693288734115
4.55013164978922
4.52473178419782
2.43279676808407
7.46492828040995
4.36370952468231
1.8048847503513
1.35971590909091
1.53198183001894
2.64255800189394
2.66308345552297
2.46695621792522
2.17901389143451
0.539801661397239
1.78705671890274
1.27930350951552
1.18049966970613
1.08476688508065
0.855902026820626
1.15568341237476
1.88908964901026
3.23452925487231
3.30655665780792
1.1120423998045
0.710666200818671
0.887960569021872
1.30640747189638
1.17004456103372
1.53158249900721
1.14102089442815
0.949085372372923
0.787716886608016
0.785244952040567
1.00857105900232
1.10432985665628
2.5976459307032
3.79711494035618
0.645112099447092
1.1826570805077
1.20248044965787
0.899248142335655
1.37715630345797
2.06494379276637
1.6748423658205
0.642040557413856
1.61259068762219
4.73375021955951
5.29244852761486
1.20946965878543
1.1774736910435
0.715874868264296
0.643801166911046
0.94798616202346
0.871264930046432
1.29005403073069
1.65170598691043
1.87866019061584
2.23644999961816
2.61290062927664
3.73468214465726
4.17565698886547
4.17593501802297
2.99432443449108
1.42416571206012
1.06681022994563
2.32951425800342
1.89791421332783
2.59130299020956
4.01902213923509
2.76091332936217
1.75211875878238
1.56800218986742
1.01088954056696
1.09639501428091
1.61789985604533
0.938765884652981
1.04597259133675
1.49774314783419
2.36339549731183
3.83212060117302
2.95131136210899
1.26378356396628
1.1126838858596
2.96899861772972
4.45370653676381
2.12155852883675
0.923054130009775
1.19563156769306
2.31404630987292
2.35731331714321
0.879757367653348
1.17589678603067
1.98893671149499
1.10657814600134
2.08310024705218
2.89861894206684
3.15053259408602
3.15846529814272
1.30178851264663
3.35307962755071
4.3848874327957
1.68204605594758
1.14196105778043
0.971866446725318
1.56244538695931
1.40382449749511
0.899159783953446
1.25515880834555
1.44978521352639
0.818059017595308
0.5255522971652
1.34684413757026
1.54588369837488
1.00672973752138
2.42488693640029
1.59318654348424
1.176221285435
0.737281547837243
0.824560489598607
0.869785013059018
1.05498448764357
1.8820339897208
1.93457168713343
1.43596605228189
2.59483091054191
2.46481881567693
1.05168345819587
1.2219938198772
0.890371294217375
1.48191593352884
1.85011818029081
0.918636936400293
1.59770473446664
1.8735384496426
1.66172698825452
1.68283995448436
1.87609691929374
1.90185483870968
1.22107614705523
0.99907101509042
0.866075259271139
2.89372705125855
3.80764597843353
1.22422324619685
0.910311239919355
1.95275261753116
1.60651101806879
0.963797310300586
0.926713776499878
1.45525869837488
2.17223607038123
1.54480694037146
1.66970090267595
3.32529963190371
2.29042062828385
1.60821373067876
1.38370078048631
1.54403714565005
1.00860122456928
0.735989583333333
1.25919339565005
1.63255917606
1.71461536992913
3.1556532468078
1.67853128054741
1.33132927052786
3.75910907525354
8.5920157853739
9.37462422867791
2.37853150010692
1.88880848874328
2.18934154104044
1.76550338312561
0.853408136302542
2.65768571870418
2.67838033815982
1.38431680718475
2.78807902614858
2.57507490797593
1.85800815615836
3.75333385836694
1.53422314119013
1.99618508675464
4.23003356396628
4.71544384431513
2.04461677320076
1.89201108870968
2.48259820037573
4.7989829908205
5.83774189729961
2.64347369868035
1.45397605083089
0.92295637829912
1.13146104441593
1.05804252199413
1.21369619837488
3.11827407135875
3.21901866446725
2.36487593933284
1.09248357122129
1.52745097140762
3.29016617790811
3.77197976806879
1.28185357862903
4.32563064172471
6.75829362170088
3.97800730655853
2.70491033380682
0.736188895634775
0.61405574138563
0.601538358000367
0.793634492607527
1.88682028195259
1.47222564607771
0.704590655165567
0.761170576735093
0.901358710593842
2.42674486803519
4.60097254360643
3.92416810812256
2.74196205057124
1.2349845640121
1.15637683857221
1.23452617149316
1.09500579446175
2.23361524773949
4.10592229311767
2.65769893045882
2.78090396467192
1.53887622762402
1.60048474920577
0.94813109993585
1.1655241076338
1.6160088186553
2.76033831256109
1.35188382056452
1.27039909236009
1.25223865736498
0.942499914085411
0.930740688767718
1.11550032838465
1.30974366904936
1.6879893313172
1.03630849828935
1.2365443242913
0.832230256827346
1.00298111215481
1.03530910160068
1.01070808895406
0.959286412512219
1.35010493035191
1.99916407013685
1.45954602730938
0.847173438645528
1.23243157380254
2.05115404294966
1.82345642984787
1.36347987498473
1.63442689241202
2.16043429824963
1.93990163734115
0.809625250106916
3.38044178236498
4.40915329262891
2.36238376710655
1.67824837335044
2.76570441371884
0.780270335028715
0.623337571786412
1.31737062217436
2.10955874266862
1.12170114705523
0.953000633858749
1.35509225317693
1.48809139784946
1.38112077491141
1.38038856304985
1.092525507087
1.27362643572825
1.86861830248045
1.89420423043438
1.73436889051808
1.5027761485826
0.800637677174976
1.04565111803519
1.14605140365347
2.30373762829912
3.90696472346957
3.0297734814119
4.2498841394031
5.03978796279326
3.94022356885386
3.01313443151271
2.11655187522911
2.64109588831867
1.95292579270528
0.863245356793744
1.44163106938844
3.57696419843597
2.57203727356733
1.24294965786901
2.85220665895345
4.9396104823436
1.36685239491691
1.50568891090848
2.06054969108932
2.00408715748717
0.665430680290811
2.73048149399743
2.67975500977517
2.29992339282441
2.10239788573741
1.9754752795088
2.52392960922226
2.78876431909824
1.57370226012647
1.61414940738025
3.12453995601173
1.53289772727273
0.943340349691471
0.860913052526271
1.02955285274621
1.77726133881659
1.77381902759958
0.940955179313294
0.608577101661779
1.78022963060545
2.93060796027309
2.64695243768328
1.21142499847263
1.36658709066471
1.14077086388074
1.09477944770283
3.18619039436706
4.16559574130926
1.47433922134653
1.05048814760508
1.20946044683223
2.09074837335044
1.14739598607038
2.24824780058651
3.27721636730205
4.10826231060606
3.3492903741294
1.88663474462366
1.51446434162695
2.02468596308346
2.45444608954973
1.71772204148338
1.35775503268573
1.93431359016068
1.463394647712
2.50456160648827
1.42464255712366
1.44327830981183
2.97038424822825
1.78642281242363
2.68819586999022
4.42109946809323
3.01098603219697
0.67272876191349
1.45827712609971
2.1773627562164
2.89634637707722
3.57814256476051
2.74532746823069
1.3537253234207
2.66925979808162
2.60893389540567
4.33284784908052
6.12520146016618
3.23817638647055
1.79790718742363
1.46615460616752
1.14022764502383
2.30497888410313
2.83736451269245
1.39082835983321
0.985814002550709
1.66979448275599
1.24232370326246
1.26241850523888
1.6223209539956
0.972038266358138
0.730166015625
0.702286740896872
1.97945708661718
1.63285571503849
2.6747713526393
3.37511133576185
2.18377458111865
1.68046920821114
1.33633885477761
1.00256380590176
2.06340365919782
1.61500762730633
2.40878238025415
3.72828467703751
2.95210517473118
2.25461506445503
2.24996361039834
1.8152788596652
1.15926257598668
1.45171783357771
1.6720339897208
1.58980960372373
3.83397581217925
5.86719008698375
3.32915807520772
1.09710653981855
1.66332759614797
2.66444021871945
2.71090763036107
3.81838064363392
2.76776480785679
1.7612597369868
3.25458054588221
3.77629741530731
1.0301006441685
1.15483579812744
1.64230067815249
4.1974807169477
3.37676590756354
2.89157211288795
2.01057914070137
5.63714449497495
7.52393862070809
2.42428667980205
4.50920271260997
2.55961078781769
2.07886665292033
4.60085960410557
4.7626711323161
14.8767002688172
5.04121371540506
6.54433207134347
5.63572825024438
3.60313972957906
2.65880238880743
2.53687622189638
4.03770283479961
5.72110878505315
6.39253886203262
8.49060346407625
11.8399301991691
4.05257956645589
0.792147941104594
3.18597766029753
3.94531276728983
1.52469926075269
0.53124129398827
0.647134920271261
1.4795204056696
2.7340996819251
2.4100713186553
2.02169748136608
0.954421890273705
1.28229410091337
1.19764264685667
1.40892457844575
1.43760626680108
1.33953803725257
0.792255467986315
2.48704605594758
4.27327697336266
3.43402300792705
1.40075570472874
1.04038511692021
1.29174921149499
1.13700214404631
0.862000693044355
0.627466856060606
0.462604997174365
0.639767686950147
1.05338828048631
0.66177908113392
0.543157380254154
1.20774621212121
3.0422995708089
2.85761665292033
1.54970597163673
1.92771593200147
1.63094436362109
1.75121318082539
1.0044365530303
1.25604234443732
1.76595406242363
2.60800035702285
1.75708318059629
1.35039738361437
1.68443837632881
2.02983622770039
1.29755619768756
1.19935460005804
1.45716389258003
1.71068211410985
1.08609630834555
1.53023405997984
1.47218191555169
1.82401209677419
1.27207584921799
1.69983877649988
2.54296293644611
2.62242573161046
4.29072057520772
1.84038608107282
1.26169045546188
0.662289490163734
0.896047012463343
0.858914717360093
0.91457156303458
0.789928786351417
1.7681176686217
1.98008422493585
1.29657651362414
1.86933528836755
2.27377213732588
2.56643006743341
1.95148487139541
1.44168362047898
1.60924104960899
2.03409051770222
3.57355547982344
3.6518481087335
1.5971229590512
2.27222872945687
2.51097369868035
2.40767395795149
4.12784396383187
4.94435205125855
3.50911350462793
2.05618218475073
0.352483962609971
0.468832134347507
0.6143486910435
1.24114788573741
1.24356243890518
1.22393098385569
0.750022566898827
0.470142494119624
1.11298383278348
2.38301303419783
3.74485290467681
2.71944735917644
1.85922222476784
1.62988482671982
1.77299233832783
1.52953452430046
1.48678118126833
1.42010752688172
1.85356243890518
2.48991229075024
1.61304106144611
1.4902498396261
2.83593581034641
1.21031368371212
0.62045163390457
1.29078350287146
1.09844968077957
0.537521383186706
0.720476911885997
1.2990776877902
1.9511653454912
2.21050807024377
1.07819632820137
1.49677384989003
2.64658846529814
3.02108932062561
1.38198798723118
0.984268990942693
1.70729590511975
1.42986524773949
1.36049853372434
1.63059078690127
1.22374685934445
0.779275482267229
0.392354202941716
0.807545782930107
0.907271419461755
1.2497645462946
1.8527734661382
2.19848583172959
1.58686915780792
1.05729529417155
1.25253528225806
1.88588953102089
1.86271505376344
2.47161045943304
1.86168994952041
0.508801930596285
1.25875515487537
1.7812236910435
1.11250632904142
0.980238842558651
0.78228612994868
1.3524006827346
2.25074256934262
0.780069495356794
1.25101439355755
1.91297767557124
3.08526866446725
4.80097201857282
4.26505703774132
5.33622540933529
2.55875229105572
1.71166407013685
4.15227928541972
7.08944827559873
4.73028194304435
2.54298005254154
1.11220048264907
1.46653252535435
5.23865048226723
6.34595864453507
3.3734472369868
1.29685948764357
1.91728967153898
1.55246273216031
2.67993790284396
3.13032345888319
4.03128478586266
2.19029286374328
1.69397909602578
2.46284320014663
2.08556634897361
5.04469315127077
7.43577647696725
5.4244577739339
2.12608007048815
1.45394118859971
2.10248044965787
2.0283718230694
3.54056069770283
3.38979411045943
1.59238360482344
0.884087692066838
0.737047048738392
0.923531127810362
0.701337327407136
0.992427058513563
1.33143716970613
1.40193636210899
1.68326764685667
2.62652920332356
2.87041070037573
1.35430840664712
0.807618819877199
0.59498472629521
1.09017502711083
1.31691532258065
0.651193449108016
1.1688614884989
1.37195662840604
1.48537037779509
1.31431007720858
1.30194186064272
1.03820517740408
0.775615224828935
0.460132718948558
1.02778041567388
1.37936529165139
1.28885981793744
0.864996401133309
0.563520273933895
0.508442988987659
0.462547338938783
0.313705858993157
0.246937927663734
0.288112131903715
0.275505626451002
0.261025848836144
0.519736070381232
1.11086754643206
0.879508559002322
0.389325513196481
0.550250784686584
0.676421896001344
0.53563156769306
0.537485938645528
0.658572786840176
0.758507911779081
0.696385162741325
0.687145182291667
1.00774910457906
0.908602150537634
2.27172466856061
0.917284908052297
0.934447359176442
0.970489942265396
0.694199877428519
0.855294009271139
1.24298164673448
1.14376939760508
0.935053152492669
1.06125251061522
1.02566715542522
0.716427394535068
2.13105502161229
1.80489674020956
1.2368780165567
1.13730265418805
1.4038085651118
1.57898914803275
1.18119069984115
1.42017365247739
0.986011577468231
0.724671920821114
0.831125815233993
0.989788296905547
1.00351661779081
2.21462422867791
3.77463594170027
3.58126908258492
1.78008048287818
0.854867949276026
1.07460009622434
2.03496074657869
1.12443295416361
0.629668169217375
0.403080057123656
0.804331469941349
1.16754794988697
0.721053847446237
0.813588976967253
2.12645374167583
1.39131612559567
2.53882506071298
1.94206741049609
0.870043902355205
0.622902605312195
0.459970053992546
0.431684069144062
0.535962854349951
0.415989879261364
0.616302808834311
0.437868401759531
0.546291458562439
1.01247127588893
1.26956588312561
0.907964167888563
0.621001000427664
0.48034876550281
0.58507918461327
1.03638986895161
0.95683642434934
1.25562369218903
1.61045698924731
1.47852624022483
1.37279798043438
2.22118629910496
0.912268593826368
1.81754582111437
0.559645650048876
0.938749961815738
0.570348078186095
0.537538451551808
1.06135657227517
0.852978983382209
0.451573802541545
0.321246706607405
0.528824984344453
0.626134597614247
1.2833965569251
1.00581561583578
0.60905574138563
0.342691140869379
0.466155913978495
0.458004605021994
2.08701627222324
3.27011622334739
2.23327161801992
2.61329170294172
1.4218706851784
0.477533869440371
0.622422781876222
0.702271352639296
0.791634553702346
0.75000357977456
0.876764418377322
0.81321250878238
0.67551670943304
0.792583050769795
0.515602242179863
1.62482343597263
1.8205875698772
2.14071110551075
1.03575611520956
1.57123509859176
2.28407651362414
0.666260958883187
0.720666534930963
2.8828095120815
0.968771526377688
0.737297127016129
0.707543988269795
0.952302014601662
1.14248685506782
0.770375570854717
1.48132392473118
1.89510278248717
0.589371859344453
0.813875206195015
0.693707195442327
0.397021465282869
0.540869064256476
0.400128442311217
0.357488611543866
0.540196992607527
0.581465015579179
0.942033808345552
1.29415929710411
0.936560208944281
0.678222589427542
1.23341027462121
3.37250732183223
2.97727268908847
1.21824939477945
0.915151047394306
0.925756497052175
0.808602417827468
1.43059685819892
1.85617790811339
1.71217035526637
1.48389968230694
1.10103165284396
0.724068762218964
1.76566009133675
0.890560506781525
0.479484627016129
0.474221002871457
1.17187674692999
1.22300693426197
0.877946746319037
0.868622884591887
0.792891150033602
1.68048982771261
1.4608091913337
1.31044320472874
0.469929655043377
0.638185321587854
0.305488720369013
0.653044316654448
0.655144785175342
0.440769326964198
0.397204262891007
2.10790695831806
3.30944877199414
1.96541024216459
0.690627586983749
0.405810947809751
0.389217900400171
0.695331744868035
0.620994470918866
0.468749045393451
0.406302388807429
0.469733893878299
1.17000510714504
1.51148184529264
1.44962839076246
1.5451641064119
2.12709616324536
1.81161090809812
0.915302638914345
2.35997952368952
1.76694792239431
0.840504605021994
0.996648710517473
0.83672531769306
0.569667033235582
0.301615194281525
0.616204789833822
1.08551501977945
3.36676731083517
3.08810835166178
2.26029736948619
0.855549156509653
1.25752562163978
1.75776498923204
1.3073356167522
0.463234970674487
0.63993096285435
0.647122281280547
0.529838700131354
0.624140157242791
0.470179466031281
0.511413571832234
1.13074611093292
0.487493852333822
0.834539182780425
0.82735931963282
0.625884042033236
1.0092176426564
1.23572275171066
1.05547008644917
0.748002724447092
0.604954474813661
0.440131315676931
0.320801096270161
0.472915740698314
0.488580423692571
0.482192349401271
0.538894250595675
0.921273063294233
0.973623495540078
0.457178297592864
0.453460257820137
1.42395022872373
2.68144088312561
1.94572637921554
1.58524612620662
0.845617888181207
0.570547400033602
0.886562108611315
0.557998142335655
0.609506201124145
0.93066039681085
0.651893901209677
0.66601600684262
0.874282813645528
0.608286901270772
0.556225409335288
0.524415933528837
0.68000057276393
0.769497647849462
0.261690865942693
0.253929007820137
0.478362047898338
0.746898177847019
1.52481915933529
1.41588739270222
0.829454881476051
0.571753717237903
0.362004482832356
0.321358710593842
0.218946410297532
0.27118019916911
0.38520740736498
0.343822664650538
0.763208050769795
0.85264658938172
0.675936421294599
0.414622729945626
0.623067255849829
0.556608006094208
0.61005520489675
0.585705711983749
0.437551310102028
0.375765890380621
0.379391495601173
0.303850157319159
0.319113886470552
0.402841052281891
0.336631078934506
0.6755522971652
0.797342031708211
0.357327703063905
0.434308253910068
0.4811943941685
0.623268792384531
0.879921645894428
0.894904653897849
0.457218352883675
0.582860068044355
0.696116469635875
0.716404837182307
0.679174217604472
0.839841831240836
0.993838959784335
0.806277024911413
0.493023496685606
0.448151118035191
0.366119858489125
0.6744501370815
0.221822916666667
0.676527332294721
0.525767312744379
0.362763280486315
0.429423264907136
0.378978255972019
0.583554334295577
0.610667422715054
0.599127413245357
0.692910824474585
0.932448594437317
1.1741815967131
0.996364237765762
0.421625570854717
0.338328054359115
0.476738605816227
0.662196349202713
0.798158592604472
0.300922674960288
0.646421743264296
0.341428845537023
0.44374120807368
0.459734695747801
0.568768929847874
0.654317714060973
0.630385508308895
0.645871784885142
0.778950152355205
0.588225873274071
0.433511720659213
1.18515646955951
1.8721829083425
1.25971434353617
1.21094269305963
0.934550027110826
0.770535190615836
0.469386751206623
0.475407158785435
0.487408577330767
0.781417056146139
0.695145672959433
0.695370845552297
0.406178977272727
0.574028659197825
0.732024901866447
0.536353861192571
0.392945839442815
0.778032355434384
0.448496914711632
0.353621051747312
0.61713278195259
0.655469122296554
0.421026688889907
0.661362376282991
0.596432062561095
0.68101890884653
1.84785838793683
1.63994364002933
1.37425768840115
0.449986396856672
0.421294599217986
0.393684237154814
0.503547384759897
0.609025451719819
0.677022849462366
0.736638830339687
0.993228775277981
0.919848628039467
0.524061430840665
0.41375366568915
0.343693640029326
0.533048010981794
0.590353729456867
0.51023833661718
0.339778445365958
0.27841962021933
0.43079052877566
0.651140936201735
0.280506132392473
0.194753091016007
0.232387241874389
0.194681151866447
0.231578079178886
0.425569928748167
0.488410226890885
0.485830545882209
0.534753749694526
0.476886875305474
0.438065270268206
0.488455895268206
0.59534209280303
0.818124303137219
0.880089045698925
0.560955895268206
0.790697693288734
0.473553121945259
0.382955681436339
0.36933604250672
0.444200879765396
0.644431779997556
1.05855486887524
0.645161509882087
0.625099040429497
0.553037290750244
0.590167361620235
0.536934872922776
0.52447729563783
0.564139173998045
0.532251258171432
0.446680785297532
0.500930540918255
0.902198487521383
1.0779351383034
0.662423240087366
0.324334973347385
0.569368651866447
0.782254055168622
0.65136390365347
0.661457025522361
0.439259378054741
0.484128091016007
0.267159701857282
0.472319426625122
0.303827351768695
0.348299120234604
0.867990247739492
0.723076496441227
0.458037481671554
0.299590321053275
0.262832623106061
0.351870790185117
0.491747760493035
0.477862865041544
0.564923774667033
0.439326649178275
0.515421210593842
0.309962951719819
0.398311100546799
0.419514210273094
0.53173616202346
0.440164612353372
