1.49970369674185
2.44991854636591
2.25593477443609
0.997082456140351
0.657674122807018
0.367207456140351
1.23297619047619
1.62534436090226
1.05581854636591
0.815476441102757
0.774894987468672
0.768707706766917
0.823779385964912
0.537142606516291
1.12801948621554
1.32149567669173
0.697170363408521
0.707468671679198
0.557755325814536
0.612180200501253
0.839079636591479
0.869891666666667
1.0151977443609
0.989559837092732
0.36687694235589
3.22185307017544
3.36360877192982
0.670551378446115
0.556412030075188
0.637675187969925
0.896122243107769
1.41411773182957
1.76856835839599
1.3561380952381
2.14219448621554
2.05244204260652
0.53206992481203
0.398612531328321
0.404258082706767
0.378634022556391
1.11273427318296
2.04430050125313
1.58135181704261
1.83286810776942
2.0666664160401
1.2526313283208
0.581924561403509
0.570899686716792
0.61281447368421
0.797243107769424
0.618618984962406
2.09594730576441
3.70021453634085
2.61712976190476
5.0762600877193
6.21907744360902
1.61669918546366
1.69260645363409
2.08578790726817
1.4557212406015
2.75600093984962
4.48989974937343
3.54528822055138
1.2535287593985
0.802225313283208
0.890595927318296
1.61935081453634
1.7831929197995
0.926265664160401
0.373501190476191
1.79468665413534
1.9623257518797
0.302868170426065
0.518389724310777
0.581762155388471
0.715265914786967
1.11556384711779
1.06828671679198
0.859416290726817
0.677930764411028
0.713959837092732
0.581804260651629
1.31817518796992
2.69367863408521
0.897592418546366
0.511999937343358
0.790863157894737
0.67288320802005
1.8428380952381
4.76440344611529
4.25334780701754
1.95919172932331
1.24828063909774
0.791195426065163
1.1680679197995
0.844660087719298
3.6197914160401
11.7803759398496
14.240987406015
6.08712556390977
3.99453327067669
2.94444855889724
2.91380394736842
18.485122556391
18.9326626566416
16.0842681077694
1.02379348370927
1.28851503759399
2.17616541353383
5.30981854636592
0.941899185463659
0.919708270676692
1.66200946115288
1.32146810776942
0.342844862155388
0.288642606516291
1.02224505012531
1.72581428571429
1.62115231829574
2.22711754385965
3.03380350877193
2.45592675438597
1.26145338345865
1.13031177944862
1.00946741854637
0.632051127819549
1.26349974937343
1.41823333333333
0.553778195488722
0.673410964912281
0.471865664160401
0.345616478696742
0.783340789473684
1.20572174185464
1.06299724310777
0.940609273182957
0.802856578947368
0.899974937343358
0.998972431077694
1.25645513784461
1.48085213032581
1.5242015037594
1.43971171679198
1.75875288220551
1.16813126566416
0.617603759398496
0.487005263157895
0.359468421052632
0.805743796992481
0.986067606516291
1.28336033834586
1.55988565162907
2.85316065162907
3.48696735588972
0.99516484962406
0.737844360902256
0.837343295739348
0.547057080200501
2.35552656641604
2.3767593358396
0.550888157894737
0.805633834586466
2.08305958646617
2.29223834586466
1.95193082706767
2.0706015037594
1.04956766917293
2.73886660401002
2.87995388471178
0.574330764411027
0.913793483709273
0.844400939849624
0.950544110275689
2.7107045112782
2.87464755639098
1.21653107769424
0.774964348370927
0.584290664160401
0.864636027568922
3.73551221804511
6.86758872180451
4.78797988721804
1.98587562656642
2.60503452380952
2.44596936090226
1.29053076441103
0.771870676691729
1.39784304511278
1.28198740601504
1.36908464912281
1.85607117794486
1.50699523809524
1.28238095238095
0.883458082706767
0.301546303258145
0.769714035087719
1.17014511278195
2.07126510025063
4.11545839598998
4.1231656641604
5.67323251879699
4.0454313283208
0.471904761904762
0.472671428571429
1.07031773182957
1.47974129072682
1.16681547619048
1.20192174185464
1.54691829573935
1.2435212406015
1.79766660401003
2.38947612781955
1.53875131578947
0.682323245614035
0.969301002506266
2.71067568922306
3.06335839598998
1.279560839599
0.947896679197995
2.96519273182957
3.94966660401003
1.73464561403509
1.10774711779449
1.3275365914787
0.900631015037594
0.61241798245614
0.468261654135338
0.563615977443609
0.731165664160401
0.69453828320802
0.836460588972431
1.17621046365915
2.05254736842105
2.70449116541353
4.45461397243108
3.84608295739348
1.65270119047619
1.07342850877193
1.28021027568922
2.73766760651629
2.17273026315789
3.49523502506266
10.0876629072682
9.51344454887218
1.89385808270677
1.05625037593985
0.833006954887218
1.39184060150376
1.48873878446115
2.02214028822055
2.96514060150376
2.18480895989975
1.21789248120301
1.16191723057644
1.62380726817043
1.73678295739348
0.96094179197995
1.33010018796992
2.42174812030075
3.3343227443609
0.905958646616541
0.820767919799499
1.11005507518797
1.22923502506266
2.62821798245614
2.85680175438597
1.04706760651629
0.564324812030075
1.82685457393484
2.99716635338346
2.77745964912281
2.40578389724311
1.86901353383459
2.59894110275689
3.64992255639098
3.68254129072682
3.94570802005013
3.42596936090226
2.0730219924812
0.665842355889724
0.765765413533835
0.641303258145363
1.02128095238095
1.64534110275689
1.42834185463659
1.20600401002506
3.05860344611529
13.2645437969925
15.3343756892231
8.64945056390977
0.621032518796993
1.3172992481203
2.09561848370927
1.59809523809524
1.30797938596491
2.29605256892231
2.81800476190476
2.57912775689223
3.01596735588972
5.48778690476191
4.3259623433584
