187.07522420844
171.85705056169
153.446617781265
205.635610795455
216.510750005728
147.976092337182
228.147664001405
190.015620112414
124.996825475012
211.636120622174
247.636896039528
231.923881420684
133.808055571466
73.8901612521383
74.9396098236651
65.9183441776637
195.184281486742
190.953909457478
67.0869082871304
199.889070747801
222.614858479579
124.845238794828
92.3939589442815
81.9832923902584
85.3104190722752
85.6118888990714
93.4571658017931
115.53186017496
376.873917237521
236.423164320244
139.608034417385
311.187145650049
423.73125793278
311.788892417751
179.463518135615
183.20432916934
443.692242790811
145.436354386226
59.5874694144062
176.984611198299
254.45318570343
216.719747057903
291.628566562805
537.435498801014
359.050872653577
625.518158449413
680.07376084433
275.717870377795
215.114135470125
214.56018313172
159.19591394031
123.981411280777
257.028900140518
226.270711515992
135.679009920271
108.805186329652
78.6729513284305
89.4213850100043
113.890320661886
121.1777376493
113.629205767351
202.347208577713
233.064737865042
245.153906622297
142.006929221652
121.732672249206
183.815398910985
154.88508453041
310.78337715932
222.957413512647
212.685070249496
112.239134047761
88.2406543255132
334.446098704408
329.04116901118
172.079378665689
161.471553326231
172.814330400782
157.590699297028
212.652403995219
246.953539795638
229.863629099081
179.661629666117
128.557652574765
74.8734481915934
72.7903248717009
193.116496479411
109.903040078201
153.618809023323
101.075290649056
206.425554588221
215.927667924838
159.451450658297
180.791979615332
221.086844108932
177.85711371846
163.955851929069
305.069178723347
95.8526369955859
77.781998020146
126.418730716948
271.468935384592
412.042209188661
230.352622762402
113.350232733077
192.483407401256
56.2220063156769
70.5661996635966
185.360368621319
119.93216442716
153.792062522911
145.903822091887
98.9329590893817
138.132389179726
117.045575780486
136.125634775171
84.2409914066318
58.3764512978831
194.531115887326
108.962747892229
99.4563565722752
188.626112192999
170.437936665674
192.533080009393
226.681810812256
148.153052258981
133.398208155777
209.0310272712
258.396226745784
150.598434664819
149.846228578629
338.716510225745
418.121815738025
123.571001802297
125.585568554115
89.475956592131
128.653345542751
148.782868315845
129.869498678825
99.2624219418225
74.2078758763288
88.6074321465665
67.2037320438508
114.728909915689
169.50972804214
167.694333675082
353.022033808346
258.338594666422
70.9188640850287
107.914954933025
350.564839005605
179.060908479961
353.785489512692
186.933354372862
84.5977918804985
73.1054439970522
144.10762538757
230.199090756354
340.166397305337
207.060945814623
201.352633797654
142.330976142473
57.36884590932
56.8014132663581
188.219907966383
114.807300181757
98.8521354834891
128.68506960991
183.191786412512
220.060595025354
82.2519609814119
76.0428102089443
98.0287890625
194.647613397712
195.67481342215
152.535877312057
76.7470533586877
94.7312903225806
188.035968620174
137.321398069022
96.6088931050678
110.088286863087
140.569566064501
132.485608504399
138.610716174472
242.982451649178
184.644848484848
104.209526047394
118.172215259958
94.5950415062928
110.270828445748
125.220751313539
155.286667735826
233.642012912008
146.662747959051
207.067034142458
165.8925964439
62.3590141969086
88.8798910125703
131.878748778104
251.927650283709
155.234596736009
118.58301426564
150.728856304985
147.677684773644
109.04019790903
105.455871660786
326.762197036519
173.901537718414
74.6340371074658
77.931314722324
67.6651091974432
69.9442245444618
131.654823435973
176.392698014037
369.685068874863
122.86016525194
240.945452779432
248.75630917606
198.119522381705
223.577596596637
156.585892051182
194.461759750351
239.183649184002
85.0163006227853
271.991880412619
157.996297338939
84.0495960773308
56.0051236310942
94.4624634862995
101.109021938768
60.8362556417247
95.8655975741538
266.391357975547
327.017539396612
200.87432455859
99.5064032620815
86.116825885493
129.754022473347
63.8615224828934
117.612422476402
153.980400696099
86.397468077957
87.4166060968811
105.56424670088
118.508345552297
44.3893119195992
64.7723559594178
100.194859548738
79.004821593582
64.4155241076338
69.9192495933376
90.744722925449
115.079153836755
138.043761875305
121.278067943167
135.594314888426
134.018359565921
83.4329013834158
76.483762820366
133.487362756216
110.520849065249
187.82006177259
173.667271266725
145.173633270711
94.9429007438294
142.762653032976
245.678159279921
151.563187078064
139.443936253284
151.805696328201
205.766639011715
325.00344443999
94.5061842848851
92.0930767350929
48.7178087483963
102.376918825987
48.3865406586022
100.01962868669
95.0871935235673
76.1710160068426
89.4385302782105
145.411131542873
118.251624501695
110.465764439379
125.103023238942
86.1827809502535
91.0048189206836
81.3434178637433
86.287804624496
235.189742323054
335.522073319511
100.376080729167
115.054579734467
179.355739820076
355.253504971591
181.147820136852
187.548019153226
157.974428372052
152.630996418316
197.382044757683
88.8682642866416
66.8159293190219
89.126973973607
68.513126899667
128.546881109482
266.833826282609
63.9192103112781
130.486504765396
111.409469658785
77.4559578044813
58.3328757235918
50.5386344448772
56.8449727746212
72.2573191593353
52.0512780654325
102.307082101891
76.8185394901637
88.839818538841
108.472789551259
90.7340084979075
79.6158818178
62.8835486066563
41.2215420332356
31.3488927995937
49.7328309811828
89.566838409931
78.3230199169111
146.951210250183
146.689568021444
103.083625280654
84.0701318120723
77.9177087915445
68.7941173994227
59.683718077957
74.4953700818671
93.1703760004277
49.931177564455
79.741977906586
73.6653383125611
29.7656641006843
67.181798478739
80.9511624721255
46.3064828380835
34.1802861433132
36.8169543850806
40.7330316681177
33.9614599275263
31.9736060835166
29.9159701857282
42.1156878417491
52.2345557547501
54.9661186461388
48.6893468581989
48.1454510229564
57.1520734054252
45.2941217237903
40.2164367974096
67.1073307673509
49.063268420088
61.0779893313172
53.9873693239095
25.8278017702224
25.5962016969086
54.9115080396964
49.5771002871456
52.0363960070717
48.4390601230297
38.1342666235184
50.9825729223943
56.1927232633798
50.0365492118768
38.1533686824139
40.7121693911138
48.7632500916422
43.7126427232252
42.6320120719544
73.2742608958792
83.6512096392351
83.9241861788245
61.4932740618127
56.0902157315341
36.027133278348
26.3200195503421
70.2830671794813
56.2877176407472
23.3791807852975
48.9320069552633
77.9517121727609
56.7948942964168
66.8115653160893
51.4480985764907
73.2594226539589
61.2020016858352
70.0653586170424
40.0648866309262
37.8147932608596
38.3103680581012
66.5666374079759
140.9441397754
131.709709150477
117.24829284847
17.7571783262311
18.5903631705156
68.2113033720522
79.3631559960747
33.1340959398674
40.2489833822092
34.8010435663337
30.0878098939241
52.6260253142565
35.1768013711968
46.6180154875367
52.0456207233627
38.4176250057276
52.3477580874267
41.1972945591245
28.7396171550434
28.2417761695839
22.6055049104961
39.0274336739369
64.4077312057063
39.5149590282869
59.3724285190616
48.5665077819526
46.8782794839779
74.5760458573894
67.6311056634897
46.4307467982496
68.4962862655028
82.9774703308284
33.4011119257087
32.6453835227273
35.7582758660191
47.2527353582447
59.1128862624481
42.5235877550709
39.3317792243249
52.8278856514999
55.0073194552633
138.089695595064
49.4571168972996
95.3776879333914
58.1229568365103
43.0170905119746
58.541964198436
50.2750521501558
62.7382780329759
44.451209333761
49.3410737032625
98.0925946969697
122.2950390625
54.8474859386455
39.2770236036015
75.6887390029326
71.0359231045332
49.0238850195503
43.1757242408969
53.2031310235673
63.771577076842
47.6467764846041
36.7191863601998
44.4688023028928
50.361567454408
34.8815273609329
80.3764021929222
58.4815223969789
51.967319121151
43.0974179802053
59.1369027122281
52.5199725741538
36.3010910007331
35.8586803519062
56.9628619772575
53.6344834337579
36.1139185357863
33.2583824764785
39.0568420087977
30.5517182536046
39.4979474813661
88.8419976478495
42.9703225424609
35.6763088705859
64.0332251955034
100.525182358489
77.7510846525996
94.3834451368524
43.1088003936797
83.9368392499847
81.8509084799609
58.4510416571206
57.5479734753024
38.8657374144673
42.5285996685606
46.7886616798021
39.3119287252566
28.7471499266862
42.0044143679741
44.7414042548723
34.9407309135967
47.4992085834403
53.6694721407625
60.250321969697
56.7400753661871
80.4692101108107
47.572287046371
35.5787386592742
25.0024542457081
23.2629322076613
38.4312824470766
32.0084045756201
30.5267585761852
35.2443293984451
31.0820472014754
52.0231612655028
61.696483649499
64.3489320625611
52.3292783079026
42.5083867531158
39.7701966871334
86.7063219391496
61.4036536897452
40.7251906158358
60.815180296539
51.8495888318671
74.3379800525415
74.3186154386608
29.7816870952468
34.6826902721774
27.606578527844
62.1759429889877
64.0833233195106
56.5680605354197
36.8433251523552
24.3766501328812
23.7514836017687
62.6164060113484
73.0509090909091
46.0725262707722
44.5440760935973
69.9227602257454
39.2738504150629
35.278931900278
44.2552795756201
55.2765863174334
48.8765406490561
32.3251793037482
49.0627398639877
50.6298305286993
32.8041098484848
102.576475898094
40.0724080427511
60.5791229456867
51.4774986158205
36.4173338125458
66.0707037264021
72.3491267163826
33.9071949745693
37.4423774953415
43.3215071996426
44.1076351627413
43.4346650381079
65.2453074501313
57.3472583604442
38.9176048444373
50.6088577941716
33.215670477456
20.9428666357374
19.8685021745937
23.1347419412115
39.2564988754735
38.8124819388441
34.8060012581714
78.8003956557765
39.5974975562072
35.0193965263777
22.2686469693151
28.0787880983474
29.2035040551686
37.506675897712
63.1902508610551
44.7554743630865
32.3649914085411
29.8191555073161
38.4522867790811
29.415150130972
30.0874851845064
49.5033417243249
87.1011555225898
76.7430498533724
64.2539245784457
42.6103518679741
53.2511798841489
38.5061754261364
36.3167168312408
35.268753054741
24.750818126451
34.4965982022849
55.1729340405059
55.1199917140151
58.4230422833425
135.423865230557
101.434905064379
73.3608211143695
73.8979075024438
78.0870183341734
27.6408783048479
76.2838280390854
47.0789048371823
60.0269554828782
51.1288459188661
62.7261680947581
49.9978537390029
49.3864934246701
35.1133183269184
55.8715663088801
65.8345901205859
144.298217167262
73.1283678137219
103.361611213572
61.4325629944862
42.4674691089321
44.8877299838099
43.7743737781036
40.7350866019062
55.1781490942693
40.1834258538001
39.1621856289712
62.2788700417736
34.1118168740072
57.0479219265488
34.9317217188264
28.6123905543591
54.9037920695106
62.9120435835166
38.1398411534702
35.3697598973607
37.8890035339534
63.7897133793836
49.2633148521505
30.0956811690494
37.6727072546279
28.3250277599585
21.9579319403715
31.1310990957967
19.414024888502
25.4590053381598
54.7664259148949
23.3575342130987
23.0902489232038
29.450781393191
29.4856692841978
32.538569121151
70.7048659636944
51.1130482878177
29.1010947809751
23.3287781036168
42.3775018328446
47.6585103460258
47.0744665563141
37.9393221147972
56.6628084906525
65.2029872980053
52.0298936854686
22.3792007938508
36.4475757575758
66.419107395146
69.5484614797165
51.3831731121701
66.2108122174365
87.4425187007423
51.0906258305077
69.9773554725684
67.8436006136211
33.3654569033327
38.5036875210013
44.5147346862017
54.1900861341489
43.2648986494227
36.6165160297532
48.5292178240316
64.586269817632
65.114780058651
60.7628140941929
79.4698529810453
50.8864123499359
62.235778195259
105.151541107267
42.4504801957325
50.166320831806
40.072574192021
