0.788816555168622
0.47022238514174
0.61441986650782
0.586112756216398
0.336249150400171
0.695060751160802
0.828275665551686
1.0222482511608
1.59899254643206
2.16644393786657
1.61339011333089
1.27729701246334
1.05521444281525
0.424769281143084
0.420817057291667
0.408575717482282
0.182908380681818
0.431096031509653
1.03436885233382
0.386092222629521
0.398054884148949
0.406292117240958
0.523507902233016
0.456680861666056
0.448233891969086
0.160576124144673
0.277456279020039
0.966537288841031
0.817788367546432
1.27224336357527
1.16819555497006
0.388710126084433
0.237502281509653
0.306854685972629
0.678280247663123
0.479869104349951
0.440824846881109
0.389656914406158
0.2924915899163
0.293458539528348
0.83635240064455
0.690146283907625
0.391802908113392
0.359912290750244
0.296460920317082
0.294222262952102
0.391173010981794
0.560771770756965
0.616778470185728
1.11500484940127
1.26386058162268
0.844045049792278
0.103879511470552
0.25124690707478
0.231328812316716
0.415572219803886
0.484735115774682
0.523639876588465
1.0834982511608
1.19625281608932
0.486113290796065
1.60189232610887
3.46742851906158
3.06452306902187
5.8075808647208
6.50344570961632
2.01287755643634
1.5416506960991
1.65406368371212
0.713885697320992
0.278856266801075
0.212804863147605
0.843772872372923
0.858539681085044
0.33123743737781
0.550913587105938
0.384270594681696
0.981517862597752
1.03521939722324
0.549540414222874
0.286823069403715
0.30649704262891
0.485992628528226
0.952832317631965
1.43207229808162
1.60985337243402
0.537570717253177
0.403421157135875
0.369720147543988
0.330790223301564
1.17946813141496
1.81239024888502
2.09967603517534
1.83882148093842
2.27642663084983
1.68562668010753
0.447966764418377
0.675585049715909
0.413038703567937
0.342283380681818
0.325343648811706
0.32812277576674
0.374019953186095
0.262482893450635
0.26888875206195
0.434415780791789
0.959173387096774
0.541235910007331
1.31310468597263
1.70693921638258
0.788402026820626
0.814403065432551
1.14559306841092
2.5268703797043
1.21128971163245
0.783656820854717
1.00205018939394
0.92939298478739
0.341952437683284
1.1469501084433
1.33864154714993
0.706845435835166
0.485693884408602
0.716832233626588
0.648799629994501
0.356002327330767
0.278703835227273
0.29951627222324
0.376511753115836
1.51121639784946
0.828794666040445
0.566403796661168
1.18896012799365
1.61273581645589
2.2744485333425
3.58493660457906
2.10163702613331
0.762606830018939
0.344543459417766
0.39291112994868
0.451293950085533
0.701571349202713
0.774397060957356
0.695809964565005
0.695903248717009
1.17309184651454
0.309950169538123
0.445398605510753
0.517907502443793
0.410325902675953
0.626832691837732
0.740425439500855
0.925488214427542
0.165891592971041
0.649524978234971
1.25400261753116
0.685989650155792
0.406116040062928
0.298057032013685
0.436895772238514
0.471780150293255
0.801943884408602
0.772223240469208
0.5742702892076
0.704222262952102
0.772482549792278
0.726420368630865
0.687231030058651
0.591014088083456
0.55025322847935
0.696935779798998
1.7315397326338
0.805592151988636
0.792860421248778
0.675295842115714
0.137442532685728
0.265921309872923
0.322963929236926
0.733995286152859
0.85512646627566
0.571457989674976
0.398310871441227
0.478733189378666
4.03876724974035
6.18961384255865
2.93665924937378
1.71311690493646
1.74719222530242
0.553354325131354
1.42335592887036
0.410512852822581
0.366716611681329
0.39820090076674
0.262633177159702
0.138689516129032
0.330067271123534
0.197029837182307
0.304289123594819
0.246136363636364
0.352039192326491
0.219510286840176
0.255704881476051
0.470723429481305
0.291827804252199
0.136834333760997
0.112743730144184
0.187336533174487
0.297020367485337
4.95106326941288
4.90281676709128
0.481940591016007
0.672822427908113
0.541422354212488
0.296725584982893
0.184877810361681
0.263400909930963
0.392099208440249
0.200639662756598
0.109125265380621
0.146904468704179
0.217979355678763
0.304957300449047
0.455139592115714
0.295659213098729
0.396361030287757
0.527119140625
0.255957957218353
0.291125213831867
0.22479212487781
0.319485237964321
0.326110551075269
0.241208111864614
0.354209423494013
0.980885254383553
0.313789320243768
0.323292056146139
1.13784403065433
0.779228639723851
0.765047644412879
0.754509475424609
0.376773649422654
0.687770650048876
0.482150537634409
0.839969414406158
0.709209499862537
0.699069487719941
0.470776658342498
0.893144311690494
0.86351524315738
0.497100812179252
1.71531769305963
1.71758824382942
0.703819915383675
0.363488733733504
0.297424538352273
0.953440516556696
0.439282202697336
1.09909636944037
1.22093291788856
0.36167979250672
0.314750418117669
0.405196992607527
0.23287496945259
0.310674754093353
0.546216054191105
0.330853255972019
0.563245881827346
0.573924120234604
1.22020096377077
1.82526328048631
1.1099810224218
1.51640029325513
0.893093755727639
0.196698120952468
0.111841846514541
0.215643786656891
0.160999501695381
0.423998875473485
0.631720430107527
0.573530889158724
0.365050546416789
0.927804099462366
0.831994583562439
0.396682618142107
1.18422680687928
0.850968811094819
1.00163883033969
1.36043010752688
0.779508644916911
0.476781439012097
0.562139607389418
1.31406123991935
1.98289768908847
0.937189170561461
0.731301768313172
0.550058307368035
0.563305076979472
0.660849666651393
0.226651392961877
0.408070587426686
0.358159814500855
0.297929945243768
0.252035526637341
0.346117080584066
0.218734105800953
0.164078040994624
0.49713479617241
0.612980816226784
1.0614314516129
1.14094315127077
1.36972369868035
1.2831423738392
1.81287748006782
1.85794308062989
1.92682306940371
1.86048566562805
2.86015234565921
0.836277759958455
0.143727356732649
0.368326756094208
0.503136455278592
0.284471988025415
0.186877357878177
0.211811528210533
0.303484810300586
0.576601743875244
0.39247311827957
0.721921957096163
0.518631743340665
0.4072517927511
0.390563256048387
0.336690254994501
0.211542300525415
0.27225130590176
0.171012799364614
0.42625366568915
0.2566742653348
0.308313133858749
0.208355776133309
0.193319348347385
0.247064384393328
0.222741849569282
0.422074436400293
0.692495331973974
0.561144372785313
0.217046638257576
0.573467350546799
0.498609481915934
0.421421676441838
0.199016220674487
0.151984044706134
0.0962404443884409
0.0938480190004888
0.0948399220277371
0.261846123151882
0.228567326490714
0.137961265884653
0.0951282895741691
0.0867973713954057
0.206783815982405
0.117330767350929
0.146050487231183
0.199599743019917
0.152668459417766
0.0923536397238514
0.117918031754032
0.121882169095186
0.148410923753666
0.439979838709677
0.366180113254521
0.373694088694404
0.245750206195015
0.133551814134286
0.180415406586022
0.187495990652493
0.275816226783969
0.261538510737414
0.256744094803886
0.280820188401149
0.27426670943304
0.155656454285802
0.192521039528348
0.0727228338068182
0.121774947687561
0.0857415383675464
0.0912502672898338
0.140007904142229
0.0935544106641007
0.062067295943304
0.101107563156769
0.124678249862537
0.133884399056085
0.169262852822581
0.133890479899804
0.130221459173387
0.14212822847935
0.163523634148949
0.155028714565005
0.113678175403226
0.188669965786901
0.138990675403226
0.0858729590511975
0.149244553015029
0.126451612903226
0.220218786275049
0.108527987154814
0.0914712300678152
0.0821076185239492
0.114566675449047
0.128968566715543
0.140243004643206
0.0637912294568671
0.0523291540658602
0.0594192555596285
0.11149036992913
0.157377161229228
0.105062278531281
0.0681864671157136
0.103644220048265
0.139491538367546
0.133669574398216
0.131467869852761
0.109589710105083
0.326082208806818
0.292869079530181
0.213883453995601
0.0753578629032258
0.0964290746425953
0.0697868459035924
0.0800310724431818
0.0842750717864125
0.114811675219941
0.18573909457478
0.103360215053763
0.250108405119746
0.182144265869379
0.205175609420821
0.105188697076613
0.0814548872036901
0.101722482511608
0.102825597201857
0.103797949886975
0.0635602146719208
0.176320707707111
0.0874568422379032
0.0673923108351662
0.11002959280303
0.264963409930963
0.180486314760508
0.207409846957478
0.398723080095308
0.20486474179802
0.10740408113392
0.108136216626955
0.123292084784335
0.120942960349462
0.0848481698283235
0.141552715282869
0.163899644122678
0.165285771016618
0.248475063767717
0.541843297516496
0.292505956744868
0.0848043438416422
0.125163571832234
0.0982661194861926
0.297119980678763
0.223028460639663
0.177260508308895
0.169394922638685
0.141854294583944
0.146741040062928
0.0705547409579668
0.119445831805963
0.0833360444159335
0.118644764173998
0.146590746807796
0.0971242286779081
0.11714388402676
0.104494402187195
0.129766226402126
0.0886496517595308
0.411143456363025
0.148450482649071
0.144897122052175
0.118976623594819
0.111989925082478
0.152499847262952
0.283252220414834
0.114438758171432
0.122278521734482
0.0838992145497312
0.166714167888563
0.196837121212121
0.12275070831806
0.310241935483871
0.103123463083456
0.135948105678763
0.286329270527859
0.238328665307307
0.14735718131415
0.0842222247678397
0.113241834295577
0.0963854777614858
0.135330790261486
0.0940288883033969
0.118952682062561
0.0682703961235337
0.0939812057062561
0.276543522421799
0.158922249205767
0.130857608977884
0.159975399789223
0.122923759393328
0.127267142824413
0.137476087105938
0.176267068365103
0.130603912741325
0.0608296294599218
0.0732685346407625
0.195567408586877
0.146198642167644
0.148310336861559
0.302194287252566
0.276621418316227
0.182217732389418
0.187105470659213
0.102379633660191
0.214873495540078
0.149475415062928
0.351032492897727
0.311231060606061
0.140148527233016
0.161227853128055
0.20744623655914
0.143775621639785
0.223911968093231
0.316888097201857
0.105847299227151
0.280188019305963
0.151097635248656
0.0899679920423998
0.0925902675953079
0.121518779020039
0.131317882071725
0.143106060606061
0.146381812072336
0.178513830339687
0.122846063966276
0.0904443025262708
0.247479752795088
0.266417161152859
0.173206256109482
0.108087579423265
0.118778246807796
0.148975201231061
0.104508644916911
0.0707726108107282
0.110882581485215
0.105645380849829
0.181881682245846
0.149648618875244
0.216189124740347
0.20467038390457
0.0754752795087976
0.125196381659335
0.275974920576735
0.228368529676808
0.211290322580645
0.157032156876222
0.106229905532136
0.187594964259531
0.131928524789223
0.144510391846896
0.16545201574719
0.108664429068915
0.144542972568426
0.139596917384531
0.0702810361681329
0.191529203323558
0.159809680092253
0.180596657731549
0.10406279592803
0.0961003081469941
0.171474284808773
0.140271260997067
0.13373163336999
0.23706741049609
0.189744890945748
0.130945585517473
0.0911000790414223
0.0709028286901271
0.0974178942906891
0.102701145146017
0.146395252932551
0.141448624984726
0.174306564256476
0.296694302526271
0.186778689745235
0.163596795194892
0.31430992447153
0.207817693059629
0.153948624984726
0.108040832340543
0.214001366996579
0.0744769424334066
0.0901669320472874
0.103511873396261
0.102910519000489
0.0740078201368524
0.48174340748717
0.339584517045455
0.151864909808773
0.100713854777615
0.180191675449047
0.228598246196847
0.303019267778592
0.141429275109971
0.40336265884653
0.186144267778592
0.186558987047898
0.180291336372801
0.100680434002322
0.0813660706103373
0.128364758980938
0.114288856304985
0.0999895279661535
0.129551411290323
0.106534386837121
0.0757313718077957
0.116481310712977
0.119667940111804
0.0921772666177908
0.167079514907136
0.131718864552786
0.261872518022972
0.068498279798998
0.0871627184139785
0.125076740820503
0.0748628325849218
0.0744275033602151
0.240102028347996
0.193927547272116
0.081763769244868
0.0917866798020528
0.168649107633798
0.231019892091276
0.127477461739369
0.112608596041056
0.153224575009164
0.141397238514174
0.153906670026882
0.0937951242515885
0.114258881659335
0.104261363636364
0.121564323298509
0.0721420511821848
0.0961570976906158
0.149163449642595
0.10305083661718
0.0491122063630254
