1.41729960899316
1.58834187706195
1.72501523552053
1.06832340542522
0.763556548982771
0.726607318777493
0.816255870830279
0.964977662206745
1.02290161252138
3.21375484940127
3.19039817593781
2.02548447236987
4.33812301441838
5.45851688508065
5.97080584066471
4.39793888036107
1.13231045332356
1.51847595155181
2.00003015602089
1.2378273823161
0.772543950085533
0.812362994868035
0.825256560056207
0.972692362765762
0.878578008538001
0.752825778577102
0.659843129505743
0.4860492653348
0.468241299715909
0.695260225745357
1.03925700108443
0.854886630926197
0.593241910664101
0.419860703812317
0.558593587716887
0.952151902721774
2.08026269817632
1.80089347354594
0.699717589198436
0.721748524178275
0.866209944709189
1.23102760531219
1.59166459517045
1.64514852723302
1.57320407960655
0.80753916750672
0.877614161397238
0.896847192311217
0.703323825452102
0.683049767457845
0.527687217436461
0.653867368875244
0.840524718581989
2.81823366286351
3.36004145856244
1.46522101050831
1.03746208302786
0.847082025522361
1.16906974546371
2.12063748625367
1.93997460746579
0.60914894916911
0.839857649071359
0.710020839060973
1.34061063317143
3.84964411313233
2.61282165467681
1.58738235428886
1.00394106450086
0.670412046370968
0.84791788856305
0.746999022482893
1.13371967214993
1.12099030883431
1.14536107038123
0.985471919293744
0.988516837350318
1.30744589290078
2.18953001855755
2.21036449741874
1.60247739491691
0.663611887524438
0.87243996479411
1.71796675487231
2.18545369585472
1.27114941310789
0.970632942326491
1.20822457500916
2.81525933796127
3.38347411870723
0.539564661229228
0.664533502871457
1.49428556291239
1.47281704392718
0.868869096713099
0.622541544477028
0.88571221285435
1.38837547921249
1.0399405757423
0.508806818181818
1.26775353395345
1.56527336113148
0.805427931023949
0.570635958883187
0.677673194266251
0.439395008553275
1.1643058101173
1.80501156983138
1.57124690707478
2.20922405761241
2.69080488605816
1.28916070037573
0.84171294599218
1.88613597224768
3.61587143168072
3.55936903370907
1.78439420668377
1.83545255032686
1.20798081622678
1.48522840870907
1.28561521528287
0.705684787008187
0.509476417399805
0.508812001695381
0.661411252138319
1.66133124656342
1.54569980296921
0.795189355755132
0.943108113010142
1.53409759133675
1.98101882293194
0.995037563767717
1.50463938782991
1.13098094414406
1.32361092337182
1.67432730785679
1.75194387486254
1.5362828384653
1.53878406036168
2.02607431421065
2.53999599065249
1.57834493180291
1.42878967344819
1.26809380345797
1.08086081645589
0.733755336250611
0.787324008736559
0.660183246273216
1.12805103708456
1.06360229372862
0.836156515380621
1.99096758919844
1.12528836754643
1.10536656891496
0.95868947794477
0.893107043850807
0.786572494730572
0.545478372434018
0.749275682734604
1.15094367630437
1.57568166544477
2.26080147811278
1.87090783082845
0.897342060346408
1.09150193021444
1.04666902454484
0.697327979899805
1.12453995601173
1.39665497273644
0.877980052541544
0.534015418804985
0.774695709616325
1.55076673998045
2.13856270619501
1.72828437156342
1.15808861039834
0.923712121212121
1.75633488361437
2.45152000091642
2.78667841787329
2.64182914070137
1.89079388899071
1.27476719055474
0.647152332294721
0.630831185468597
0.624827063477517
0.615822326719819
0.399542056146139
0.391047690233993
3.21604562828385
4.30669857916361
3.74709616324536
1.32961842467009
0.688362047898338
4.86919198283236
6.10774123862109
2.04442569915384
1.1879096025782
3.0288560663337
2.95003386944037
1.6533311854686
0.987055143801931
1.3101782441349
3.96967497556207
4.54857724485276
1.84756520917339
0.558274825497923
0.516237084173387
0.560488749007209
0.486382489842986
0.476109777843964
0.671555159075635
0.969316492164589
0.954089601279936
0.735278582829301
0.835338121639785
0.881588427113881
0.984888110566349
0.836818449108016
1.06238459761425
0.749134744623656
0.61541846132698
0.711376456729594
1.50339775018328
1.02347125488759
1.01821472346957
0.530347085395284
0.641480327468231
0.985348689134286
1.0025548326002
0.847285318533113
0.930615835777126
0.852854311766862
0.941185382682673
0.6042830427511
0.943130870830279
1.50535981030059
1.20503962571786
1.83581232244318
2.00064623044966
1.77062560140213
2.4457259496426
0.634626013792155
0.851301997418744
0.746714587915445
0.693844353311339
0.858424355067815
1.03044132415384
0.57526144764174
0.586456347751711
0.669550561690494
0.851435489598607
0.39843565760936
0.69339602234543
0.712960311278104
0.581982593704179
0.610476386852395
0.954419742408969
1.52147772139235
1.75237955729167
0.805927562545821
1.24474133026332
1.72737214954484
2.22655146474829
1.2566275659824
0.645293102394917
1.68987410648827
2.45575107488697
2.67517041636119
1.14934624725073
0.612467619745846
3.84200680252627
3.7379245708089
2.95547263524866
2.10206659908052
1.07763661374328
0.613505611177297
2.10566432024377
4.95800032838465
4.11704926342559
2.15194953567937
1.07109465687622
0.49477761485826
0.643297048738392
0.366682236299487
0.456911341871334
0.349089372174365
0.371497729945626
0.441994659930963
1.28909754360643
1.34869072847935
0.870924584173387
0.748180510370846
0.578909066089321
0.513620135325024
0.519187400720919
0.469468541895772
0.310233983611315
0.340253839427542
0.702530232389418
0.981778918850806
0.463567011470552
0.516094122296554
0.775668673249633
0.669994501466276
0.372495074230205
0.541053274682307
1.32983042369257
2.38190019206684
1.09278374725073
0.735186558757942
1.02713980785679
1.69356732649071
2.00542140151515
0.404985604533236
0.404881743340665
0.260448655532136
0.172448594437317
0.757618180290811
0.554686239919355
0.715073313782991
0.558686308651026
0.3200727028348
0.646871601600684
0.840584066471163
0.540532097690616
0.416824253115836
0.528958333333333
0.456054458394428
0.340465914818548
0.295364392412023
0.636004055168622
0.494548967497556
0.27845181909824
0.224185061934873
0.494833211143695
0.772099790750244
0.662617302052786
0.631232578430474
0.572696944877199
0.234188193044355
0.653854997174365
0.741169803503788
0.386688928091398
0.326911952819526
0.343889744852761
0.364814873151882
0.421006842619746
0.524039732633798
0.392593389158724
0.295820465237048
0.287400377260508
0.463853708455523
0.683987926136364
0.460929242653348
0.35559879605022
0.647596797104106
0.784235770634775
0.572856784197825
0.380302877565982
0.294054252199414
0.370390395894428
0.330269953186095
0.245341520039101
0.290668339137341
0.355360449886975
0.404838976967253
0.427995622174365
0.579019886363636
0.34510229563783
0.856382575757576
0.99858775507087
0.705793888990714
0.84030940707478
0.789253411763807
0.658238244974951
0.581313070854717
0.392985465160679
0.357453835227273
0.264822662741325
0.421743102013074
0.361671926548754
0.343017129459922
0.279706592130987
0.356400971025782
0.27245475164956
0.312860306695992
0.514351163474462
0.256194861925709
0.384324969070748
0.339998128971163
0.205731753650415
0.396862389647483
0.471492384148949
0.723575268817204
0.664094422043011
0.521781439012097
0.447959881705156
0.420793993997434
0.551892173371823
0.691150940478372
0.482426447565371
0.428012881460777
0.317392740408113
0.388204690554741
0.450980485932918
0.379520405669599
0.267490215282869
0.173962371319037
0.315925424227151
0.519417766373412
0.688386485826002
1.02420056474523
0.422121784885142
0.300254001710655
0.495757108000367
0.483303845537023
0.223957865576124
0.309934590359238
0.580256435957356
0.575585861131476
0.497800729701246
0.771990125549853
0.681754710028715
0.443191440615836
0.423442349401271
0.308665650965298
0.31882956645589
0.300196687133431
0.278563116675831
0.399230052541544
0.366151780532136
0.280198930458822
0.327543835532747
0.489417766373412
0.39994528195259
0.368311186461388
0.537306329423265
0.443382056451613
0.402209188660802
0.385412685957356
0.351424492531158
0.259993193655303
0.323071694770283
0.213358649499022
0.331231671554252
0.859340853723729
0.66823309964565
0.678850462793255
0.637306329423265
0.426370652721774
0.599212144122678
0.695411616798021
0.779658164940738
0.341723704407991
0.240511354090298
0.483923041529203
0.588582447458456
0.347405828063905
0.382669070365958
0.604405766969086
0.714715909090909
0.348123768557551
0.231840137768817
0.229814119012708
0.270947418362048
0.443491225256598
0.53601505223607
0.377941858733504
0.413895252932551
0.331066935102028
0.212783136302542
0.172614848713954
0.167960416284824
0.17316715542522
0.211153470185728
0.468757942326491
0.4448662691685
0.313902727501833
0.807374717436461
0.45615223874328
0.418575230632942
0.415060942082111
0.504060208944281
0.630526322320992
0.599364002932551
0.45681611032197
0.436598841871334
1.06361741469636
1.19527079323986
0.992360971102151
0.805968877917278
0.31226234115347
0.244421393878299
0.190789345063539
0.178817204301075
0.241350567799976
0.398473698680352
0.468534631216398
0.464372164818548
0.220926770222385
0.465560697702835
0.263680724202713
0.349195677159702
0.399619064256476
0.434250824780059
0.54068514021261
0.374479739430596
0.214713732587977
0.344636142167644
0.438140540994624
0.509922982343597
0.697866416177908
0.619647482893451
0.599859625106916
0.332706032731549
0.726743607954546
0.607889240820503
0.359774321465665
0.283578466749145
0.208354477868402
0.230346703552664
0.255428541972141
0.321537412939883
0.357096621456501
0.272003910068426
0.180632789589443
0.272823563889907
0.388433061079545
0.36942082111437
0.458084438767717
0.605805983855694
0.47716275659824
0.477033989720797
0.520556182413856
0.535706017457845
0.702389418377322
0.599807312668011
0.261068510202835
0.188385865331745
0.153499425326857
0.276578346468719
0.387291666666667
0.172062828384653
0.170242307780425
0.18907593131415
0.236522091504765
0.305525329530181
0.268824297027737
0.171782431802908
0.299316616263441
0.383896465282869
0.392249348958333
0.567047277843964
0.453421157135875
0.664863109420821
1.06248499358504
0.359015829285802
2.06208944281525
1.66895465809812
2.04032559720186
0.83555702246762
0.54434502535435
0.375626794660313
0.313167422715054
0.298852095170455
0.24518457317632
0.223336989476417
0.219427541544477
0.262655400400171
0.265426289100684
0.280214442815249
0.341143227257454
0.418212126939761
0.321344992897727
0.338541628482405
0.32018022971652
0.3220130742913
0.259131680336632
0.496695381231672
0.279526973362659
0.444699098469575
0.516551655669599
0.726478103234971
1.0116325203904
0.927499761348363
0.447997225913368
0.486180953308284
0.511239002932551
0.311224187438905
0.269407141602517
0.271748801014174
0.37215771627566
0.550959331851784
0.568894632438294
0.40673141762891
0.326959377672898
0.29991965076674
0.36031027576674
0.442325879765396
0.295667422715054
0.197999516969086
0.23713278195259
0.459448886546921
1.80628386944037
0.737286540429497
0.341000570854717
0.401424416162634
0.324465258049242
0.338139576842009
0.368847971270161
0.680703812316716
0.782233015640274
0.591282141602517
0.402000091642229
0.240015416895772
0.244222406143084
0.351563483244746
0.524609365453935
0.370496357221408
0.604794377749267
0.794453659579668
0.786803175403226
0.429207972492058
0.290888280486315
0.438104065478372
0.394953567937439
0.847915444770283
1.47009934590359
1.78695365957967
1.14018660648827
0.717488000595675
1.04284571076185
1.04790520184201
0.476048654386608
0.301973973607038
0.433930191532258
0.371949993890518
0.37967493737781
0.304905761241447
0.315598643313172
0.423006743340665
0.472648918621701
0.850527706500489
0.271068004261364
0.50395160335716
0.656488489354228
0.524726867974096
0.582505154875367
0.984747334738514
0.689359115347019
1.1591810144031
1.09876396589382
0.78605769451063
0.938183794217375
0.618182390945748
0.313670338083456
0.251907342069892
0.201610726722874
0.226900010691593
0.335739008660191
0.62922531769306
0.617877833272239
0.592549448619257
1.14980690218719
0.979303051304374
0.439629297638685
0.367707560102028
0.322621845979961
0.413902422027737
0.271649560117302
0.245506008293622
0.360698886546921
0.450262058589932
0.471187645100196
0.329395008553275
0.591364314134286
0.291715389784946
0.204060934445259
0.138804985337243
0.440267203919233
0.622889469926075
0.51080086716459
0.449564355755132
0.347161906998412
0.234279653897849
0.206273053748167
0.383410761470552
0.266673959860704
0.243394494974951
0.238895252932551
0.270154226234115
0.387412777599585
0.485400629276637
0.288145075375733
0.26720054947153
0.172698166773583
0.445515487536657
0.353640296615347
0.376859029432429
0.420042613636364
0.407890539085411
0.500642326108871
0.449247311827957
0.841197601646505
0.237151597247678
0.199677257071725
0.274572097614247
0.332190822030792
0.324682879704301
0.239644389968231
0.367207623106061
0.276179960517473
0.280047797149927
0.223259551793133
0.289281515380621
0.302421178137219
0.363472476783969
0.419914314516129
0.278287970430108
0.270558253910068
0.407591632682674
0.597992271505376
0.487059468169599
0.414030081561584
0.611925975989736
0.607923043438416
0.656695992179863
0.44197149163001
0.744619598836144
0.548592213083456
0.331321776866447
0.378427180703201
0.367405446221285
0.339367019489247
0.341621828797043
0.324460675937805
0.300427510997067
0.433244745845552
0.329772727272727
0.337076574718964
0.404339097247678
0.483902651133309
0.840335868768328
2.46061488117058
0.612145945976906
0.483266424960288
0.280272139235093
0.295807520772238
0.869405232389418
0.853569378894795
0.86647382659763
0.27863077918805
0.182284402110826
0.232817043927175
0.164443884408602
0.272671972369868
0.353176310102028
0.384133742286779
0.303795477456012
0.380904117408969
0.353743890518084
0.271473263379765
0.261761821847507
0.321768914574169
0.63388585005804
0.52752688172043
0.423640172516496
0.568998312255621
0.422343253604594
0.374359688110948
0.925755886103983
0.46720016762891
0.668891424960288
0.917074627321603
0.839451511714932
0.820101789696359
0.306869348729228
0.284847530241935
0.265332317631965
0.23457707111437
0.292616652920332
0.833428641251222
0.489072876573192
0.494708339060973
0.404329789833822
0.61690844941349
0.753452430046432
0.324244094803886
0.334075291727762
0.27265150560545
0.289201948924731
0.269720710761852
0.262943233366935
0.225020123106061
0.392900390625
0.214152003910068
0.427267142824413
0.610236427404081
0.62715259003849
0.518918764891862
0.509914992286779
0.413052669461755
0.457089404630987
0.399718114232038
0.28513585005804
0.346926997418744
0.541684832829301
0.461319648093842
0.450243768328446
0.640628427037512
0.490359237536657
0.504143106977028
0.434855663489736
0.303211105510753
0.279208478433529
0.580937461815738
0.478629251817571
0.215950635386119
0.151690493646139
0.251464099156891
0.305945432780425
0.232280583684629
0.361544467482283
0.212603393435362
0.226863000595674
0.379103700818671
0.447094330400782
0.357941371884164
0.479568355556574
0.626351417399804
0.37320564516129
0.239743401759531
0.321373401988636
0.462746212121212
0.276615108366935
0.206913757025904
0.362805617286779
0.35835028714565
0.486861015014052
0.739431885004277
0.976762957829301
0.439581032731549
0.333731967482283
0.246812034152004
0.172354250672043
0.595109970674487
0.468436574031647
0.223726163474462
0.285893578552664
0.284039856732649
0.302826513624145
0.207391098484848
0.193572786840176
0.280595206729594
0.162853089870479
0.177885775598729
0.257013981167522
0.3147892228739
0.373256010202835
0.32126527370479
0.336403615285924
0.318171432062561
0.275188172043011
0.319801900048876
0.139706706683773
0.314723994608382
0.328533571603128
0.491323533342498
0.580394892091276
0.4930620627902
0.213855961326979
0.466487926136364
0.635123678824536
0.53034624534152
0.478680008247801
0.584605699764785
0.348131252672898
0.512443181818182
0.545688805901759
0.552463343108504
0.295908938172043
0.292602629750122
0.210151887448069
0.21459429221652
0.379906973591764
0.244607303503788
0.153880742913001
0.264027742775538
0.646813361055108
0.408110948191593
0.608130498533724
0.651089311079545
0.539299767457845
0.370832989674976
0.25401744257087
0.219233555947581
0.501725890456989
0.63926410335716
0.431612817311217
0.271887791727762
0.19797436308651
0.240935018022972
0.29264570159763
0.500669131460777
0.372897030409946
0.262789045317082
0.561857244318182
0.750887096774194
0.242199413489736
0.216527895512586
0.180471489720797
0.381683152721774
0.571584866431452
0.287863475989736
0.364061192189027
0.636830400782014
0.45672484993585
0.461247164818548
0.39741935483871
0.26813351509042
0.398913571832234
0.420628350668988
0.184375267289834
0.21983495807368
0.339169110459433
0.316467344819159
0.312658693792766
0.321381191578079
0.282001838572214
0.171185917262341
0.210114543239858
0.29077158938172
0.284828590847996
0.167385819510631
0.127212701612903
0.138123768557551
0.271510559857649
0.372526270772238
0.317074741874389
0.407342222629521
0.425857427602639
0.205553175403226
0.264034663673021
0.396392809139785
0.524547249205767
0.3958748396261
0.525735266602517
0.542723568853861
0.639079759286413
0.761148267580034
0.582783327223851
0.813782217971041
1.66119576880193
1.25492423287818
0.82962204262891
0.79319403714565
0.294619980678763
0.368112781036168
1.4152020615683
1.79795048837671
1.66726035557185
0.598494614109848
0.348227601111926
0.248028460639663
0.19143660648827
0.153150879383553
0.168855694037146
0.357172493585044
0.331539856732649
0.323216604044477
0.308783592604472
0.37964011333089
0.348198915185117
0.35544835005804
0.273804517580034
0.253112007804863
0.394236276576246
0.335327315493646
0.332991049608993
0.358294452208578
0.439612315188172
0.414972345048265
0.599792544904692
0.399839922027737
0.446646772666178
0.684393624373778
0.884934695365958
1.01368958295149
0.419306793362048
0.183641394412879
0.196500488758553
0.257003260935973
0.382540933528837
0.426134292140152
0.691512545439272
0.459098240469208
0.258688590160679
0.695521740209555
0.805560917262341
0.420125463938783
0.236605791407014
0.289325809124511
0.290912670683651
0.167283562057063
0.231143351356305
0.285395426670943
0.37745784457478
0.346291811766862
0.271724706744868
0.189558742668622
0.272153277355205
0.405012743997434
1.14804004001711
0.318586876832845
0.220487383919844
0.316566003406036
0.497539091138196
0.430532708638807
0.317107456240836
0.460182816700269
0.560309053870357
0.71934222835716
0.829702229579057
0.400184038596652
0.499704597003299
1.504566522712
0.51943524521933
0.744287013914345
0.570127984100073
0.945176630849829
0.289929397299609
0.171053236498045
0.21032196969697
0.427221674914467
0.162543835532747
0.164321503848974
0.200212294950513
0.329267310835166
0.485720766129032
0.436377649987781
0.314389013624145
0.378192729334677
0.460227110444159
0.35813224546371
0.230603454530181
0.176098752138319
0.185787779508798
0.275600476157747
0.292843572443182
0.285082478005865
0.225412962793255
0.203966724324902
0.194441555168622
0.363357618523949
0.415162168560606
0.25665532594086
0.146916534930963
0.33819509675892
0.259469229212488
0.235830039940738
0.395973460028715
0.263147261424731
0.237973943059629
0.385481694464809
0.229311757316105
0.249648093841642
0.217238580996457
0.204811589305352
0.208608107282502
0.322356999938905
0.305218709906525
2.26690459280303
3.10178716665139
1.29935224217986
1.62638898116752
0.712193065356183
0.414103805825391
0.544616085884042
0.501417313889907
0.367683246273216
0.538427075696481
0.791491467726662
0.698298967497556
0.70808390418805
0.618650864109848
0.271669253650415
0.27905737376283
0.859782034686584
0.480841733870968
0.51348912512219
0.274469353311339
0.335614604334677
0.464239980449658
0.608503787878788
0.508007306558529
0.41304831645589
0.353711577086388
0.684875328384653
1.11991630009775
0.54912893106977
0.675130733366936
0.540806718902737
0.390036723713954
0.379861305214443
0.305584973347385
0.411427174975562
0.322898185483871
0.403506985810728
0.274185262402248
0.406866055336632
0.477929763868524
0.455288968948558
0.632395136470552
0.542869279997556
0.398865469208211
0.371773725791178
0.41879359688111
0.273535394901637
0.242213684857649
0.231066562805474
0.30089640418805
0.259574312301442
0.410298410007331
0.277950727028348
0.653708293239858
0.663215420332356
0.211933307368035
0.272151749984726
0.401483372663123
0.34373839198436
0.391098933513563
0.434333751451002
0.445423348912512
0.305987129994501
0.320363733733504
0.214849668560606
0.197489146123534
0.195540078201369
0.594244715298143
0.364209423494013
0.440855470659213
0.44996055565738
0.501916506292766
0.491550347858627
0.295703879139174
0.520694638547776
1.12312216481855
0.347512514891862
0.48339591733871
0.380183045805841
0.540256254582111
0.302206744868035
0.346204637096774
0.272979813889907
0.278980785679374
0.582529010493035
0.722721736009286
0.293228097507331
0.39124129398827
0.743881926625122
0.351661779081134
0.297804824963343
0.497301441837732
83.1716495601173
189.640737414467
65.0686351321939
78.2003260935973
15.4129547650141
5.91917475218414
1.12995780639052
0.555738168606427
0.460234747296554
0.617633797653959
0.791666055718475
0.2916867420424
0.189491070610337
0.238725409335288
0.296004055168622
0.266397305336632
0.175713883415811
0.150423959860704
0.36844330400782
0.487000091642229
0.345145930703201
0.459740919782502
0.647955452330767
0.444494134897361
0.486017753772605
0.336753106289712
0.53749449192021
0.749032830828446
0.345630460349462
0.592424242424242
0.742136944037146
1.07421248778104
0.574978273154936
0.305265294706134
0.344516959539956
0.241444577452957
0.329901293682796
0.264849697198803
0.419510630498534
0.510384505972019
0.502967031708211
0.312145000916422
0.258435046661168
0.311402393389541
0.233716388303397
0.465033058024804
0.470635386119257
0.219845888318671
0.962117393695015
1.00602578201369
0.47255772505804
0.462112620662268
0.261917422715054
0.357679761959311
0.416535274621212
0.24644366103067
0.600039472980816
0.344966082829301
0.339190331363025
0.386331714320626
0.336224406998412
0.292980816226784
0.40807413856305
0.373293077575147
0.398815829667644
0.675232608977884
0.45568533113392
0.185914551258553
0.186791214183162
0.216278065432551
0.261559970292644
0.28544873190066
0.330461027233016
0.594443874862537
0.737474187438905
1.00417182154203
1.03863085555657
0.320019817631965
0.203453680581012
0.321198059857649
0.34723603219697
0.311467344819159
0.519732929725684
0.278546010126466
0.264597843352884
0.279118926793133
0.236116421905547
0.31905726875611
0.376621141480327
0.293304914696359
0.24013837021933
0.214807694510631
0.290656759759897
0.275217564378666
0.225810728250244
0.246978469803886
0.53685468597263
0.225328986055108
0.22064133331806
0.325266516602517
0.720262975012219
1.40071602173448
0.623391211128421
0.277247592482283
0.46188660801564
0.481405180840665
0.403277087915445
0.329191066410068
0.416717213083456
0.434387486253666
0.311664977013074
0.193269708806818
0.195669255559629
0.550851499495968
0.228493249022483
0.348330116309262
0.406742424242424
0.675111459860704
0.666802593093231
0.350867546432063
0.348077412863514
0.303628335395283
0.252677785923754
0.409579667644184
0.395775866019062
0.184765663184262
0.179876855755132
0.215101407853739
0.179893074520406
0.206474208440249
0.287113565722752
0.236252291055718
0.788338058635753
0.507451391434506
0.308386142167644
0.215275193976051
0.212256804435484
0.29624449192021
0.246666055718475
0.351512364064027
0.221833722812805
0.356078237643573
0.659305351906158
0.498095636302542
0.372028414818548
0.65109519145589
0.699672293117669
1.04108648544416
0.335129053259409
0.349970330828446
0.779399122907502
0.493335156631843
0.520962701612903
0.651043795439272
0.48845345147544
0.295249104579057
0.291221743646139
0.193038207172532
0.249088312561095
1.15197869890946
0.987173410007331
1.1398939623045
0.593563928091398
0.934679863147605
0.648331414574169
0.341877052404081
0.807689050281036
0.77268167117241
0.741824358122556
0.569084646871945
0.478593205874267
0.787716886608016
0.599572603555719
0.34900322847935
0.393982771260997
0.262208568166544
0.343791611299487
0.476980541300098
0.436143542277615
0.431422812423632
0.214284846957478
0.186858800326857
0.22273090023216
1.01034212144123
0.545533815982405
0.461344658785435
0.529691156143084
