0.343161924181329
0.300636569831378
0.245743982160313
0.15555625878238
0.226079545454545
0.537920857389418
0.588845155180841
0.279012707722385
0.21738948519978
0.136698283235582
0.105144632438294
0.112492935911535
0.445661007759042
0.411732486788245
0.584252800815616
0.121106885386119
0.104087004750122
0.111018106977028
0.103304007820137
0.126853225424609
0.092457147711999
0.0967851047012463
0.705774978234971
0.649440591016007
0.119470269733627
0.0630440111803519
0.0932107523063294
0.124239980449658
0.10943814722324
0.0831506216397849
0.0871944877199413
0.09108243791239
0.0987305164803275
0.144692378039467
0.161603729456867
0.720505521444281
0.97788183307368
0.210946816959922
0.210005794461755
0.160215655165567
0.249216611681329
0.847408319586999
0.50298749847263
1.62390728097507
0.843007535664101
0.398250463938783
0.136145518313172
0.420311039451979
0.381813437423631
0.236442439134286
0.229539259148949
0.303462701612903
0.257668278042522
0.338982007575758
0.268119415551686
0.379664503528226
0.683671025400171
0.997759337961266
0.293599668560606
0.551569984115347
0.424652943242913
0.934903918850806
0.463750906876222
1.00724550189394
0.856242515884653
1.48164650537634
0.417594611055108
0.181857960273094
1.11885927381171
0.937165200391007
0.865602309002322
0.653935718704179
0.17206827918805
0.161569669095186
0.284138324398216
0.223049232878177
0.145048484466642
0.16998762829912
0.658620011226173
1.07829124473057
0.461071564943793
0.383733418484238
0.162990591397849
0.193530278210533
0.126801676670943
0.551939521856672
0.330750244379277
0.234813498518451
0.269340748717009
0.295421401515152
0.519931573802542
0.268458644535068
0.491138034197825
0.543498738010142
0.524968497983871
0.394706200742302
0.33124487376283
0.245957623106061
0.284803541972141
0.289407227517107
0.385567227211632
0.243805815844941
0.194859625106916
0.237416911045943
0.138022971652004
0.280508222980816
0.237741849569282
0.256284060361681
0.351876288718842
0.345843108504399
0.47223817051564
0.410253543499511
0.25017510347935
0.275466296661168
0.159566599080523
0.208509133675464
0.20820380277065
0.176640004505743
0.177882415383675
0.155782080507698
0.313439094192937
0.329262881460777
0.183745561079545
0.275872434017595
0.550112863132331
0.348575412008187
0.736573487521383
0.588900207340542
0.682582439821603
0.32239151851173
0.233091665139296
0.761362099447092
1.54636362681757
0.59001052931024
0.577724179802053
0.230444121151026
0.197008186705767
0.355374501695381
0.359215542521994
0.346694617546432
0.329304588220919
0.319601318120723
0.277492659075635
0.310557184750733
0.215372974324902
0.280322036519428
0.303718841642229
0.240102935224218
0.45500067777065
0.312366164161779
0.635218681268328
0.295409946236559
0.193480867775538
0.425154837182307
0.406016274132454
0.51404413336999
0.272621110932918
0.645905081561584
0.35790918255132
0.509797127016129
0.231194861925709
0.375426050449047
0.376880336250611
0.498011325452102
0.47820708661718
0.411260958883187
0.272125488758553
0.253835800036657
0.580258889296188
1.6659912252566
0.879417680458822
1.26765334799609
0.261001344086022
0.339303175403226
0.802637119684751
0.221798478739003
0.190101942433407
0.23605227234543
0.217881985810728
0.188545294171554
0.134946503848974
0.166168094758065
0.228368071465665
0.508412823420699
0.544258986666056
0.339228821099096
0.146488842558651
0.160703344559506
0.226079077697336
0.18811368791239
0.144520367485337
0.110546798631476
0.114621508049242
0.178774705217498
0.224668016480327
0.232548837671065
0.326042420805841
0.450775130972019
0.309569892473118
0.238289411885997
0.151486121929985
1.4168627714901
2.07372372922776
0.438933045805841
0.275080301502933
0.242405522589809
0.881775940478372
0.629615322198803
0.295497579117791
0.374865200009164
0.281583539528348
0.318939155287757
0.367456889968231
0.415058498289345
0.320236961983749
0.229094842069892
0.17850130590176
0.142287237292278
0.107716237475562
0.109897885737414
0.225310581240836
0.442890854105572
0.405003932978983
0.373879129627933
0.165423845307918
1.04709409174914
1.00693976050831
2.41143144206684
0.592822800204668
0.196033562057063
0.444459835884042
0.654547048738392
0.192250189012097
0.275561375473485
0.243369140625
0.160567227211632
0.163458797272116
0.184379878039467
0.324241421905547
0.285302419354839
0.128682452040567
0.152993331118646
0.144364461143695
0.168674089687194
0.17656355961327
0.190177022238514
0.238484848484848
0.239637850913368
0.116962966993524
0.118041977868402
0.194392564760508
0.133193884408602
0.156284174914467
0.292678244134897
1.2258653221988
2.10049997518023
0.952142862597752
1.04729677381171
0.120751685835166
0.320978653088343
0.409566293606427
0.212695350684262
0.234539106411901
0.201504297638685
0.143115683040078
0.220668988269795
0.315151352868402
0.234377052404081
0.225002052404081
0.30190478372434
0.194310812255621
0.192236070381232
0.361436950146628
0.35425325902676
0.211915542140152
0.380838220918866
0.553881812072336
0.296258238254521
0.147748006781525
0.122503512952102
0.11638004605022
0.121548973225195
0.0960838889143451
0.168337524056085
0.187348484848485
0.42330590748717
0.543333333333333
0.539227761485826
0.296386308269184
0.13083897505804
0.242383604823436
0.194601661779081
0.157717153897849
0.126877405608504
0.129000336021505
0.0736058066807185
0.114056046859726
0.243405081561584
0.185274773949169
0.187511674838099
0.161942471590909
0.159808610932918
0.193270062011241
1.08026511333089
0.726745698542889
0.559957453186095
0.196805619195992
0.386435718704179
0.360315516556696
0.185199235932918
4.53602940951857
3.41182551319648
0.481202346041056
0.207293337228128
0.153875244379277
0.170753976890885
0.252756817799976
0.427263553503788
0.439942418132942
0.27385248655914
0.513117019489247
1.71233236154387
1.46383415811339
0.309197175891984
0.390111717604472
0.670506237399194
0.489256132392473
0.212143425815616
0.211876899667033
0.394723460028715
0.219886210899316
0.222338318288734
0.138759689256476
0.19223285335716
0.131785763379765
0.250222451964198
0.296431060224218
0.28470925548326
0.476763950620112
0.158812230800953
0.251972589427542
0.0857520772238514
0.0929114354227761
0.106584646871945
0.0882097690615836
0.0942063401148583
0.115728087961266
0.231766394412879
0.253403888303397
0.347407135874878
0.214127861910435
0.351204140701369
0.431875983244746
0.238456506216398
0.169477095170455
0.120179380116691
0.145915467680841
0.133254521016618
0.212074627321603
0.159041870952468
0.150333109955401
0.248005865102639
0.358257575757576
0.265623739919355
0.263946992607527
1.62714541139724
15.2855142656403
13.8301112593933
40.3852956989247
33.6550558635753
48.8441708573894
39.9124926304374
8.81975538207172
1.44645462945992
2.72253489086938
0.317321440844941
1.05339744470919
1.03037877833272
1.1772954755468
0.31448144817632
0.344059359344453
0.0485575131353861
0.0672847934995112
1.75983489125122
3.62301883820564
4.78599691471163
8.96177847018573
0.776594717971041
0.703388585960411
0.561453207096163
0.904415923982771
1.70927700963771
0.196180619195992
0.188644573252688
0.104182999984726
0.116142539940738
0.129721674914467
0.0995903210532747
0.0885537233473851
0.0609704530180841
0.095405669599218
0.155938254139174
0.124577185667155
0.184760193288734
0.214210654936461
0.548404203323558
0.190418957722385
0.214163755116691
0.229487872678397
0.155996446954423
0.173626960761852
0.957033082844575
0.246195157853739
0.218586113147605
0.122108219926075
0.131935483870968
0.108866834295577
0.237641587243402
0.185227874129399
0.145569470537023
0.150136699657869
0.22909334333761
0.557289060590787
0.222506720430108
0.234447664650538
0.328815972858627
0.107205370234604
0.107023307673509
0.228943355556574
0.160263280486315
0.234183773216031
0.201561039451979
0.181515151515152
0.186395625229106
0.120865169461755
0.162338556940371
0.16976890884653
0.118688284686584
0.156046239232038
0.166143084066471
0.129910648826979
0.132088135004277
0.138609014158724
0.149316807184751
0.198920912756598
0.23203734993585
0.283344702697336
0.875562645100196
4.99157406983138
8.21561567349401
3.07014903317449
2.36403210532747
1.49710356144611
0.553129114354228
0.424879299547898
0.224828934506354
0.276318388013196
1.0164035675556
1.15897967833578
0.145124547516496
0.138516579606549
0.24307153248717
0.238397015136241
0.11351301892412
0.159232944999389
0.175731142702224
0.135596886837121
0.13794506621151
0.209441049227151
0.223594475500977
0.155500977517107
0.104776965725806
0.183058015258431
0.1570157853739
0.10947149163001
0.0876612903225807
0.131270428580156
0.141408989720797
0.170248655913979
0.263966122922776
0.152680067433407
22.1532194583181
22.0080719906983
23.1839490831959
47.7025389479472
66.0752724447092
7.55804401118035
29.9202853796279
69.0209685724432
69.1747863876924
9.15233488170516
0.432862750488759
3.33081343933284
3.29252702491141
5.70839999350868
0.413911204407991
0.355300195121579
0.284860054679863
0.192150193976051
0.111769305962854
0.152649290918255
0.142237903225806
0.0985143935575513
0.249861534320015
0.726661740896872
1.05582351997801
0.851585095537024
0.32804126191349
0.112715932001466
0.592602553381598
0.387276612521383
0.444001472003299
0.102600195503421
0.334124511241447
2.80839316807185
34.6320147543988
35.9681399300464
1.45336280203751
2.43569877199413
1.19082362498473
0.237642809139785
0.339609871395406
0.188823915185117
0.279779438156769
0.69353699864064
2.61187133431085
1.39642946603128
1.28007820136852
0.265729319403715
0.198230694037146
3.48741911618707
27.457745897101
83.0555419110459
27.7460645676778
17.4962752684354
0.33644946503849
1.02342275132881
0.371597161763807
0.179324510859604
0.312427755376344
0.315450230632942
0.115450536107038
0.213286280776515
0.185835738941838
0.252156608932063
0.119489619608382
0.208814760508309
0.201993972614247
0.206275507086999
0.142321259469697
0.324523307673509
0.0891324153836755
0.122157830828446
0.599927822198803
0.500035282258064
1.47013303396872
1.68781001802297
1.92202158938172
0.885331506216398
1.54210803855083
0.394920423998045
0.20819761692021
0.583469574780059
0.35698358649499
0.18527110826002
0.222019145588954
0.15024617393695
0.117888219391496
2.06915787474035
1.99252389380193
1.35774132453568
0.189495013135386
0.230210767580034
0.0692265014051809
0.14137462388502
0.196479563782991
0.288262301059995
0.343054044095186
0.108900560544966
0.225655690600562
0.297615927419355
0.192817043927175
0.651939760508309
0.344876273445137
0.429115337472507
0.220242460517473
0.305879374007209
0.370820961632454
0.31538230083089
0.120580248044966
0.229544146734482
0.320107374144673
0.25230884003849
0.161523361131476
0.409713990331745
0.646188742897727
0.86826451574719
0.685340746807796
0.621851745784457
0.426974422272116
0.177765418804985
0.10336265884653
0.332310291040445
0.981037237292278
2.80539345063539
1.93845979006293
0.472916628482405
0.424372699398216
0.22423103578629
0.305944287252566
0.39081537718414
0.460453466749145
0.856418230312195
0.178570648521505
0.580948716626955
0.293527882148094
0.807429044095186
0.198724330629888
0.60900293255132
0.168634798081623
0.130600552526271
0.103123739919355
0.0709276866446725
0.133007764769673
0.371075116080156
0.120067815249267
0.785760620952468
10.1504748499359
28.9004712606152
32.9540384343689
31.4463793682796
46.1993542945839
29.2423413730297
18.7491561946328
2.60629054214015
6.95150681779998
8.15984228945198
3.57544904692082
1.05003845155181
1.02478368615591
0.388000051548754
0.889199419217375
1.48181435384592
3.00229028248717
12.3917250026729
51.3855173108352
65.4844858489125
23.0799112502291
1.41545317082111
1.42874816715543
3.11093061728678
4.26908953445748
1.15805557146566
1.9804201700727
1.29395870562989
0.464325045439272
2.60674227150538
0.893096132697947
0.457721459173387
23.1317616309262
25.0563239247312
4.7299134649163
3.94489597652432
13.2941191558987
14.6990900594911
3.8298939623045
1.73586448214504
0.609772727272727
1.26262890052236
2.74920908938172
2.70240292606
21.5061974584555
12.24282853739
4.04133972346957
7.6864634882087
2.03496517595308
1.65500258698375
3.3464051426564
0.595898704789834
0.154183305458822
0.243603591993524
0.297707101890885
0.222619593108504
0.176537107465787
4.75310541147361
10.015832989675
52.9838448401607
89.5409111910435
74.6093421519886
81.8816424482985
45.5651948924731
26.8643444525904
10.8470260473943
5.78134323642168
3.87655451948925
2.1537530165567
2.67805862620662
7.15357220453018
10.4494986788245
1.19401857855266
1.14539589442815
0.121452796615347
0.410020839060973
1.54240651538062
2.07985150140518
6.2525276358596
10.6198143385722
22.9126203472477
17.3336262448069
80.5698080763533
54.5635391369593
36.8023010981794
12.2325992695351
2.55552479495051
7.32524789222874
1.75663841031281
1.61041788856305
6.92285540956439
0.626199281754032
1.71457478005865
8.47865087365591
12.9443786656892
8.40664435751161
27.8407632174823
22.948536464061
12.635552564455
1.5853561827957
7.72200234451369
3.87229975218414
2.95131414956012
0.13106900659824
0.101557765151515
0.212836393801931
0.220310361681329
0.528162229655425
7.01683863903653
1.1240589870479
3.52599789795638
1.28784087090665
3.92357189905609
71.0220273933895
82.1149621116661
6.41675081523399
11.1818697687561
13.6639214377902
4.33455712938355
9.43599453774132
0.582555510370846
1.77475619348729
4.30136797982344
7.71689634500244
2.99918025071786
1.69302135836694
0.748795210166178
0.299578512570259
0.619280264846041
0.103580146856672
0.272354508415811
1.06652568082539
1.59545209211571
4.74825428236498
6.46221238659274
0.899352003528226
0.181481998029692
0.106968322336266
0.160629114354228
0.0924156032349707
0.303796279325513
0.319110984466642
2.35162111284213
3.62247593436889
41.4427098225196
69.8466251221896
5.5255693941685
6.70111665101112
1.80181680718475
2.67026598202285
0.480768257804863
0.287913755116691
0.401106885386119
0.276067011470552
