0.00217962449596774
0.00208806818181818
0.00211906425647605
0.00213914917827468
0.00188110948191593
0.00241636692021017
0.126011262448069
0.12575542789284
0.00308757942326491
0.00493637547348485
0.00698900866019062
0.010446899056085
0.00981899705217498
0.006111772971652
0.00472330729166667
0.00406509652981427
0.00415329262891007
0.00457340542521994
0.00516509920271261
0.00494528195259042
0.0048766552877566
0.00569677686644673
0.0101452529325513
0.0090649056085044
0.00365530303030303
0.00402549945014663
0.00455950635386119
0.00447458455522972
0.00338159824046921
0.00192547004826491
0.00204223752138319
0.00221872518022972
0.00169109504826491
0.00188652210105083
0.00258064516129032
0.00271856671554252
0.00797905020466765
0.00823054130009775
0.00291933001893939
0.00245355839137341
0.00191593352883675
0.00117206592130987
0.000732670072702835
0.00057596186155914
0.000486314760508309
0.00046917002688172
0.000361671783357771
0.000340517702223851
0.000488720369012708
0.00045919438844086
0.000399168728616813
0.000423654386608016
0.000547065921309873
0.000643786656891496
0.000864940356182796
0.000772228968108505
0.000613687912390029
0.000536861177297165
0.000322112887952102
0.000410519000488759
0.000469055474095797
0.000331744868035191
0.00046917002688172
0.00058635752688172
0.00228704637096774
0.00243286252138319
0.000684109237536657
0.000576649178274682
0.000478973836143695
0.000390968658357771
0.000645008553274682
0.000635147467619746
0.000459423494012708
0.000566348973607038
0.000468864552785924
0.000478515625
0.000595512203690127
0.000526904630987292
0.00043987315188172
0.00051807452040567
0.000556411519428153
0.00055297493585044
0.000536021123533724
0.000593688905180841
0.0006990679221652
0.000631176304374389
0.000701368523949169
0.00280546454973118
0.00259041078629032
0.000263920072702835
0.000400314256476051
0.000654163230083089
0.000554425937805474
0.000478744730571848
0.000507354288856305
0.00068288734115347
0.000742302052785924
0.00053548654386608
0.000477828308284458
0.000400543362047898
0.000427663734115347
0.000526904630987292
0.00036090809811828
0.000351753421309873
0.000457819755009775
0.000508156158357771
0.000674486803519062
0.000665313034579668
0.000399168728616813
0.000331744868035191
0.000459423494012708
0.0128230293102395
0.0260278821480938
0.0156109386455279
0.00237489881170577
0.00046733718230694
0.000370081867057674
0.000439644046309873
0.000645008553274682
0.000742569342619746
0.000761088709677419
0.000585555657380254
0.000742302052785924
0.000654926915322581
0.000360068044354839
0.000351753421309873
0.000341663230083089
0.000526484604105572
0.000720269733626589
0.000663757025904203
0.000414366064882698
0.558524856045332
0.57162630590176
0.12323985826002
0.179000488758553
0.185190004887586
1.52278957989675
1.42874984726295
0.0217998438263685
0.00097247678396872
0.000843175326857283
0.00055297493585044
0.000595130361070381
0.000728087961265885
0.000605716947702835
0.000487803946725318
0.000484138257575758
0.000390968658357771
0.000410557184750733
0.000527248289345064
0.000505215970185728
0.000516928992546432
0.000497760493035191
0.000429954789833822
0.000448283235581623
0.000409602578201369
0.000498065967130987
0.00113388165933529
0.00144657258064516
0.000879421737536657
0.000478210150904203
0.000465389784946237
0.000592075620112415
0.000605716947702835
0.000427663734115347
0.0193935957355816
0.0194428057032014
0.00254856083516618
0.00262790773154936
0.000497760493035191
0.000478973836143695
0.000390968658357771
0.000400696099095797
0.000601440310361681
0.000568706851783969
0.000497378650415445
0.000341892335654937
0.000330981182795699
0.000390052236070381
0.000438727624022483
0.000506934261974585
0.00037130376344086
0.000488147605083089
0.000664673448191593
0.125887469070748
0.207252222324047
0.243829270527859
0.332700686934873
0.420830889540567
0.384006741431452
0.312469061201735
0.341514454652371
0.348556396245723
0.3410799177511
0.311754605021994
0.332392234466642
0.380207254627933
0.40831741049609
0.372657471896383
0.377821626038612
0.358501258171432
0.211915780791789
0.109934389891862
0.0779369711479717
0.0578813748625367
0.0521387673356549
0.0489427446083822
0.0330577575146628
0.0438411744715298
0.0833723481030059
0.130562368264296
0.127192082111437
0.0961461006231672
0.105273007927053
0.0798554248380987
0.0605922760874878
0.0599656246181574
0.0434453564119013
0.0385958883186706
0.030693416651393
0.0266073951460166
0.0297385809964565
0.0298057089290078
0.0314490163734115
0.0285108042369257
0.0286288795210166
0.0258277488850196
0.015623434445259
0.0131471373258798
0.0121743646138807
0.0100289818548387
0.00590233229472141
0.00286297004826491
0.00462105938416422
0.00516369593108504
0.00335406738758553
0.0013195621792522
0.000527248289345064
0.000380763914345064
0.000321807413856305
0.000380993019916911
0.000498524178274682
0.000439796783357771
0.000419864598607038
0.00036090809811828
0.000292911473607038
0.000419559124511241
0.000547065921309873
0.000488758553274682
0.000429496578690127
0.00613846377077224
0.00613880742913001
0.00551319648093842
0.00543438416422287
0.000586166605571848
0.00230449657869013
0.0207036595796676
0.0202827067295943
0.00325489331317204
0.00215953957416911
0.000785822565371457
0.000740469208211144
0.000809191333699902
0.00130983473851417
0.00106334578140274
0.000898972079667644
0.000918827895894428
0.000566959921798632
0.000586472079667644
0.0011329652370479
0.00113376710654936
0.000585135630498534
0.000664100684261975
0.000632627306329423
0.000613076964198436
0.000575121807795699
0.000674019046309873
0.000615597125488759
0.000488414894916911
0.00043987315188172
0.000361595414833822
0.00100606938844086
0.000926493386485826
0.00036090809811828
0.000371418316226784
0.000527515579178886
0.000606022421798632
0.00040811339198436
0.0003515625
0.000456674227150538
0.000570768801930596
0.000507354288856305
0.000478744730571848
0.000605716947702835
0.000713577941715543
0.000703659579667644
0.000653781387463343
0.000573976279936461
0.000341892335654937
0.000361595414833822
0.000556029676808407
0.000466115285923754
0.000379083806818182
0.00037130376344086
0.000429954789833822
0.000420093704178886
0.00046917002688172
0.000820493875244379
0.000602767213465298
0.0832734222262952
0.141328812316716
0.0941561946328201
0.0564033384500244
0.103534793499511
0.102882520390396
0.336583950009164
0.436480289283969
0.157597436690494
0.074454690554741
0.0561270371303763
0.0420781307276393
0.0410315478372434
0.0426680107526882
0.0281992206592131
0.00621391587243402
0.0005153252535435
0.000448703262463343
0.000458965282869013
0.000751074886974585
0.000585555657380254
0.000312652737047898
0.00043010752688172
0.000506934261974585
0.000566005315249267
0.000429496578690127
0.000400696099095797
0.000557098836143695
0.000449046920821114
0.000420093704178886
0.000645123106060606
0.000683651026392962
0.000517310835166178
0.000537395756964809
0.000605105999511242
0.000556716993523949
0.000507697947214076
0.000493483855694037
0.000498295072702835
0.000437734833211144
0.000537548494012708
0.000605716947702835
0.000547256842619746
0.000508156158357771
0.000574587228128055
0.00054737139540567
0.000468864552785924
0.000625572763929619
0.000674248151881721
0.000546034946236559
0.000506934261974585
0.000580057123655914
0.000721491630009775
0.000615597125488759
0.000322571099095797
0.000449314210654937
0.000506934261974585
0.000243911519428153
0.000400314256476051
0.000429152920332356
0.000332317631964809
0.00045919438844086
0.000439644046309873
0.000458965282869013
0.000576496441226784
0.000683307368035191
0.000749929359115347
0.00066455889540567
0.000565088892961877
0.000556716993523949
0.000457285175342131
0.000439414940738025
0.000683918316226784
0.000703774132453568
0.000341892335654937
0.000342045072702835
0.000537624862536657
0.00071197420271261
0.000693798494012708
0.000468597262952102
0.000371418316226784
0.000410519000488759
0.000547409579667644
0.000477828308284458
0.000339983122556207
0.00026346186155914
0.00037130376344086
0.000781860948191593
0.000918866080156403
0.000703774132453568
0.000527706500488759
0.000459423494012708
0.00050830889540567
0.000508156158357771
0.000410519000488759
0.000371418316226784
0.00043987315188172
0.000468864552785924
0.000573976279936461
0.000565088892961877
0.00050830889540567
0.000429763868523949
0.000391006842619746
0.000585899315738025
0.000573976279936461
0.000350951551808407
0.000302562545821114
0.00043987315188172
0.000557175204667644
0.000537548494012708
0.000606022421798632
0.000654926915322581
0.000703659579667644
0.00054737139540567
0.00028186667583089
0.0003515625
0.000508270711143695
0.000565585288367546
0.000439796783357771
0.000441066410068426
0.000445839442815249
0.000410404447702835
0.000948105678763441
0.00101474676197458
0.000576267335654937
0.000537395756964809
0.000380458440249267
0.000429496578690127
0.000448703262463343
0.000436436568304008
0.000438269412878788
0.000331401209677419
0.000536479334677419
0.000684109237536657
0.000498295072702835
0.000322341993523949
0.000358922516495601
0.000312767289833822
0.000185718704178886
0.000331744868035191
0.000488720369012708
0.000506934261974585
0.000410404447702835
0.000312767289833822
0.000342121441226784
0.000418184491080156
0.000491574642595308
0.000439796783357771
0.000380458440249267
0.000389632209188661
0.000488758553274682
0.000662267839687195
0.000573288963220919
0.000419864598607038
0.000459347125488759
0.000430069342619746
0.000564516129032258
0.00467192082111437
0.00453472476783969
0.0196871563416422
0.0458545542369257
0.0741561946328201
0.0555690886944037
0.0119066070228495
0.00733419438844086
0.00702575146627566
0.00643206256109482
0.00811243737781036
0.147471743646139
0.301798010981794
0.219527393389541
0.10846514540567
0.0646137280058651
0.0316110321969697
0.0366113376710655
0.0347200329912023
0.0327935510599951
0.0436837025751466
0.0597395737872678
0.0482091485673265
0.0333788394275415
0.0542613636363636
0.102426065722752
0.117904819999389
0.0900873560453324
0.0818424574627322
0.0419910419721408
0.00615801411290323
0.00772204148338221
0.00295149071358749
0.00025411626344086
0.000476224569281525
0.000713501573191593
0.000654926915322581
0.000400543362047898
0.000273704789833822
0.000380993019916911
0.000410404447702835
0.000361671783357771
0.000390968658357771
0.000429496578690127
0.000602967680840665
0.000557175204667644
0.000283394046309873
0.000224590282869013
0.000371112842130987
0.000448703262463343
0.000427014601661779
0.00788511692021017
0.0213443533113392
0.260379618386486
0.627355424838099
0.549132415383676
0.168713954056696
0.000556716993523949
0.000527515579178886
0.000580057123655914
0.000666458562438905
0.000498295072702835
0.0216812912390029
0.021642190554741
0.000283394046309873
0.000312767289833822
0.000641342864125122
0.00067333172959433
0.000458659808773216
0.000498065967130987
0.000498447809750733
0.000497378650415445
0.000429763868523949
0.000371418316226784
0.000400772467619746
0.000380993019916911
0.000390663184261975
0.00053548654386608
0.000525415444770284
0.000488605816226784
0.000459347125488759
0.00030294438844086
0.000322112887952102
0.000399626939760508
0.000329262891006843
0.000273666605571848
0.000381145756964809
0.000420246441226784
0.000428732893450635
0.000544965786901271
0.000498524178274682
0.000303020756964809
0.00025277981427175
0.000400772467619746
0.000455223225195503
0.000457819755009775
0.00058635752688172
0.000683651026392962
0.000645008553274682
0.000439109466642229
0.000361442677785924
0.000380076597629521
0.000416122540933529
0.000491574642595308
0.000459347125488759
0.000390663184261975
0.000429763868523949
0.000419177281891496
0.000478897467619746
0.000507697947214076
0.000390968658357771
0.000449619684750733
0.000478744730571848
0.000458659808773216
0.000576725546798631
0.00790734016067937
0.0459231427174976
0.0390811339198436
0.0124621880345797
0.0119634347507331
0.00192455362597752
0.00262943510202835
0.00287252565982405
0.002169477028348
0.000525988208699902
0.000498524178274682
0.000361213572214076
0.000409182551319648
0.000605449657869013
0.000686008904569893
0.000524766312316716
0.000312767289833822
0.000369012707722385
0.000478210150904203
0.000427663734115347
0.000458659808773216
0.000488414894916911
0.000537166651392962
0.000517998151881721
0.000302562545821114
0.000234604105571848
0.000283470414833822
0.000439644046309873
0.000742569342619746
0.00122165773154936
0.000967274178274682
0.000351906158357771
0.000361442677785924
0.000419864598607038
0.000556716993523949
0.000643786656891496
0.000429763868523949
0.000341892335654937
0.000456674227150538
0.00109542056146139
0.0011301014173998
0.000498295072702835
0.00045919438844086
0.000498065967130987
0.000439796783357771
0.000417573542888563
0.000525415444770284
0.000410213526392962
0.000310361681329423
0.000517310835166178
0.000527515579178886
0.000469208211143695
0.00054645497311828
0.000417573542888563
0.000351867974095797
0.000350951551808407
0.000359533464687195
0.000322494730571848
0.000449619684750733
0.000596275888929619
0.000478515625
0.000513874251588465
0.000623739919354839
0.000575580018939394
0.000419177281891496
0.000400314256476051
0.000400772467619746
0.000420246441226784
0.000469055474095797
0.000419864598607038
0.000478744730571848
0.000527706500488759
0.00056661626344086
0.000557175204667644
0.000400314256476051
0.000351295210166178
0.000410519000488759
0.000526904630987292
0.000723019000488759
0.000586472079667644
