248.555782891923
240.631831918606
152.531526415872
205.778974676197
155.264557635325
122.476328812317
131.219456867058
108.202040557414
76.8083913734115
138.526959912253
148.439447550098
141.004621049838
128.633712569877
152.841886369364
143.725173117898
102.546811910053
195.902247678397
190.37534457478
108.361781668118
244.529623006782
287.896514540567
299.844559038597
209.101737756216
58.644690850669
100.940283470415
128.049068981778
76.6647433635753
228.279352614476
395.968700475012
246.148766027844
175.200529758905
190.074749196221
479.029494354457
487.887537840604
409.012778248717
321.443808498289
318.432431335151
96.9956504211724
105.260818670577
229.495817515503
336.894537808147
220.213858748778
338.960725462793
568.135894428152
576.668619257087
466.953594351402
557.258102767213
148.391277712228
238.503757942327
199.034462050571
191.652235755361
249.023452382316
419.058812584005
293.499470680214
442.075819042873
496.983712388502
241.507790114476
239.817737620662
108.20660541911
85.0054374007209
78.9838947947214
175.15717320954
225.940122456928
264.009930418729
231.565822183529
130.147567500229
167.258727967681
176.587751672471
400.280414833822
442.210496051747
100.551185459051
98.0756109481916
77.8391968990561
285.550761461006
283.108710202453
132.322607374145
117.05637570259
123.247016129032
104.745354798616
163.592244585472
203.357792863743
254.198670844025
373.357525507087
317.674604105572
127.342762469071
80.7478692799976
95.4972270493493
37.3514429068915
44.7823154841001
37.6146084490316
332.390671651622
441.213953130728
300.182151415872
131.594433918316
154.588255704729
148.022518242531
93.7806340114858
197.946934872923
127.466608893878
82.0768499511241
85.1999864064027
249.250579780288
178.442096163245
139.648948558162
106.463751365087
62.6376830458058
86.6469328873412
115.324161779081
121.677470636303
129.689486192571
215.697937438905
172.261890493264
87.4284468169599
132.954368957341
137.447111284213
122.835223673861
71.9714760508309
92.2128656143084
80.5368419228831
53.0579991351265
52.8205534808773
221.531694608
279.236470552297
135.992402773323
74.3304568365103
79.2771126206623
114.345210462106
130.105830278592
249.841497395833
255.911785333807
207.533290404677
343.439193538841
459.498469336128
152.318763288123
122.598891119486
57.3547835716031
185.101979004384
190.189972965543
137.227066446343
72.0188330507698
63.0762438523338
75.7245063538612
58.466292117241
116.475379236544
254.474429746686
203.831371034564
201.547145497312
141.911949067922
133.951453903959
233.176177297165
441.948225653715
196.619776965726
196.070458888914
69.4146345002444
129.589947067067
50.4131750595675
180.301915322581
164.853137486254
134.782224223714
236.62528069251
271.454559506354
133.179765243157
90.481497348103
103.208234970674
168.551270619501
114.411436864232
125.717131130483
155.635146694388
108.752286779081
162.085053830263
157.42887744952
112.01328505888
101.737796834907
109.4114918973
94.9150423749847
103.790074831607
103.641448243142
85.6503005865103
333.325539734543
141.377960492653
89.1437932150385
135.413819648094
106.976262133049
123.574966856061
137.363989148033
106.579213852868
88.5955635615225
111.829943754582
67.2491149556299
107.069401643069
186.089903002429
268.43864598607
430.859644571343
347.896314607771
124.243085431559
125.787726957707
216.858815829668
142.384257077453
56.5766703228098
78.3535824474585
504.300056474523
490.724563630254
169.854594177664
84.7586672833425
82.0531154921188
77.8694402091734
89.6329808162268
137.620150866019
120.666637608443
63.8410247033083
57.4685494562561
81.960475308147
151.13797515541
174.032297002917
281.319801966871
346.881915322581
243.5818633538
205.091749144673
317.506954881476
389.723007354289
348.69841595453
198.389977309002
163.250007904142
150.083591831241
99.3377651419691
268.213446960151
257.761370118142
179.899373386715
121.16247119952
63.5095379704301
61.3431127810362
72.1724545511822
97.5962816165689
328.842343597263
304.162894586617
67.679567105022
120.219310239492
158.117260355572
396.524387285786
393.645182969437
51.3403872552389
65.5667298902584
105.279756680337
105.160467833578
105.635488720369
110.613455179313
51.0898249251588
58.3605329663826
68.7434995112415
74.6260617897727
88.6873331252291
96.7945704175067
175.044818548387
209.544327718338
198.215228179603
111.366344658785
147.858575870219
110.693273374496
36.8488110089046
45.8450393966123
117.50654874412
67.3028026389143
102.142919377749
99.4505916651393
92.5640780696328
115.842880152966
100.883896159809
79.3769811427022
84.9821943636211
73.8709626920668
381.966604311767
537.216559139785
579.696436482389
375.493862328553
326.158855694037
173.101577611422
160.335666200819
121.041195386959
227.551260958883
100.105522818915
108.649257077453
78.741674876283
136.095181136593
72.4705156402737
52.5668960395284
70.9822849462366
67.9179100894275
166.887090884271
199.08974201758
213.48642927511
245.318313744807
337.105513645146
388.575697550098
45.4619871758156
204.145839280532
236.948908302404
144.726723169828
344.718141486055
309.032448947642
83.5012693976051
120.272980816227
52.4136515991569
51.8166641846896
96.2713171661168
94.7617143110795
135.755967045073
146.426629971591
55.2864827617149
78.2825977517107
78.778240736498
114.677263324398
131.44522971652
26.2384539574169
55.8065549299701
61.8524846403806
57.668975048494
75.1674681925098
83.824658928626
80.16683127902
84.7336168132942
92.7693612154814
88.0345527477395
52.46515392076
48.4644031036168
44.900998432536
138.70065967131
214.347103255972
202.136112985322
285.663406494379
264.672621540506
74.4129808162268
176.652991202346
154.665120624084
88.9666907895742
68.917287046371
85.3586402966153
75.4652063477517
95.0418477268909
121.807025436446
220.323518450635
109.940554731412
271.548129267091
197.908239314134
55.7240707478006
44.3471483897697
58.7112392988606
46.5531523399316
132.116972818533
72.105686362109
53.2339485581623
279.117108983611
63.3473547375214
77.6816638314852
67.2261485444159
52.6845900155792
79.7055760859604
403.866381038841
384.022692906892
123.58169625947
159.133833967192
276.936979319404
361.525099345904
101.48961017687
35.1837683188997
84.3961968379613
126.682969122297
292.2025
260.904679710411
34.5319745845552
85.8589613880743
77.942182831974
95.9751108775507
48.2972775289437
55.3297323665078
49.9863815734207
139.949172002917
178.640651118035
237.410009126039
449.043630626451
231.291292422715
233.187250570855
250.238253757331
87.3626640014052
72.6823243142107
81.6398288963221
85.5017551682399
39.5279068819495
58.367802877566
71.7502076364705
320.627565371457
259.434990062546
100.104977853128
137.621966174472
124.763484199352
62.4558906097263
38.4899967829759
44.220806900278
166.226777315112
341.247184139785
573.477937582096
391.995659213099
212.873223209922
56.8524550571237
33.5189259435331
112.274544299472
134.551817227212
25.7730149911413
45.5664445010844
128.51684933063
89.8736763425587
23.297392434934
46.570428952453
41.0137527110826
85.7523173933132
42.9932531368371
24.167070465237
20.6990756353861
24.6278908541056
36.9846431680718
26.7718251695381
64.7143943116905
99.7236313233138
58.8492335559476
147.641949144291
48.7482340447061
39.2392487532838
51.8644218043591
151.04657620815
104.306044940967
62.9979922619593
26.8241211414803
34.4176560113484
58.375637829912
50.5005369375458
47.6907349611284
101.751417161153
54.3188940310362
46.5229055073161
27.6848645126924
58.1747598973607
100.570091489492
55.1406818181818
41.0733137829912
36.0752601016465
42.0583139261822
72.1321700784305
91.2424011695839
49.8203459398674
42.8067715970186
45.2968077956989
67.104941263059
36.3583313382056
42.6442933525018
47.1741762891007
75.8853720579026
42.9883229472141
25.4986927904295
27.1866611681329
52.8034196202193
57.2694672436309
86.2492711006232
173.940425974081
53.0910826001955
42.3653395249114
36.4739406062897
60.7236604579057
24.706901232588
42.570848874328
34.7802475772086
42.6580177404081
71.5739579419447
32.3657425979808
45.9836185602242
45.0886769535068
33.8058565111804
33.7428903099798
42.1627549085869
30.7682199642595
30.6065521043347
23.0106579052878
34.849187123885
43.9299701303611
46.1622473347385
65.9289294660313
37.5616555836846
122.211618974523
98.2654220792858
30.4420941776637
40.6407255678
26.5048927690463
57.6256668117669
126.184124778531
58.8265937251802
45.7271626038612
59.0461423203812
77.2403521734482
33.5793174085869
416.184580545882
363.249632476478
541.920322580645
91.4317602085624
61.2505870352975
49.1110910675556
45.1625182902615
58.0006451612903
60.8786021123534
59.5180854315585
29.1838905180841
36.6607563443151
40.3097277366661
37.4415240007179
27.3988304065097
36.5699236982985
31.2744107022849
134.208259408602
181.032946822688
39.2475104529417
76.1349343898919
48.002159081363
50.6535218013044
87.5870064970522
48.3202452575147
24.7264882602487
74.975354034931
66.8497462942174
126.56928057032
155.858600890457
48.758203268191
45.1667741076338
34.4097751615194
118.511704392717
232.247624022483
312.97184933063
174.175119707661
31.3122713430932
72.6595754578293
92.3518596403806
127.886501061522
128.408845880682
191.423528836755
132.126030669599
128.681242200864
58.691871935713
104.486150988209
214.161508039696
72.4990954052878
104.692716877062
83.5098341943884
59.1111088709677
107.261880345797
204.583324083196
323.06899024583
104.474286985276
246.420430374817
694.448409663673
92.9648668037482
95.6168914574169
167.956222497785
374.488498814379
68.2730329663826
39.3465110180688
55.6908687587824
124.981002833272
56.2594119528195
30.2287168465145
50.5406975405517
85.0341412264021
20.9746795481274
20.6299629994501
72.5410807291667
54.7659251951216
42.4052803393053
49.8245536641618
48.6718377321603
58.8425218413978
38.9695348297746
29.9606401209677
21.9652009637708
25.5985987521383
25.7467638074291
42.1002864487873
71.4360982461968
33.9520619501466
29.7051417017962
35.1856304603495
55.2140470640121
29.2197165200391
43.24701695954
36.7210176869501
38.2509561243738
36.0575659824047
32.2404193300189
27.0447613865469
25.3718115282105
33.7184392946603
24.7101606411901
18.9367995383523
28.0759749205767
65.4376615862506
64.1036257388655
34.3350885015732
32.6762690825849
36.339694210884
44.6290892194373
53.6276156123992
70.272044070366
31.331416168362
90.5592613636364
55.6514263253757
61.5519258518909
68.9173403802389
36.3910589927755
27.137208491798
39.9085531123992
48.215113397712
44.0187383060698
120.270409946237
206.404826490714
127.026527666407
84.974255473714
44.8452161229228
45.0731909728586
27.0943158048479
25.2242489823894
58.7305411473607
89.0025867164589
62.3159382636852
31.5712436518664
29.4901548371823
66.0515316089321
70.5311528592375
56.3143866748381
43.9384783953446
187.93265884653
116.16185757843
29.1887371605419
36.4571194460991
56.151416750672
77.2244488388166
34.257742689623
23.7785853112781
57.6749886592742
63.4010702284946
43.6309109142076
30.039619140625
31.3170815004888
32.1529129914314
31.6866580274774
31.4575075509378
29.5241751817571
38.4500696099096
61.0846138807429
25.7418420087977
30.7855115068273
25.8711962270131
22.987340542522
50.3339259148949
52.680734321542
21.273080248045
36.4596401133309
32.7080172344666
50.4082517335655
111.637300439501
83.8553521734482
41.4963266358138
41.2486349890029
63.789085677847
56.7563526297501
59.6797915043836
63.2419426625122
63.4887679847874
44.8039622663123
39.1220182291667
24.443128054741
28.1064329407991
56.800794079912
47.214512453797
38.7100922531769
39.8351970212457
60.4854957749114
64.3475464320626
41.2462527110826
30.4738899071359
40.935125206195
43.5902769027218
45.8810201211968
42.9026859478098
39.4440046794813
35.6715574501314
41.338351509042
36.841292117241
