2.06379724310777
1.96706666666667
2.02107713032581
4.06503251879699
3.48308114035088
1.55955131578947
2.32052105263158
2.24040100250627
1.57672781954887
1.93859392230576
1.91432174185464
2.23881196741855
2.94435463659148
2.59537437343358
1.96950319548872
1.95763352130326
2.38467362155388
2.37323753132832
1.22821152882206
0.885040350877193
1.59068164160401
1.31162280701754
1.38750275689223
1.68879172932331
1.68431052631579
1.25654329573935
1.14239091478697
1.24984360902256
1.01632681704261
1.20039874686717
1.26084204260652
1.59752481203008
1.364335839599
1.39434680451128
2.77777387218045
4.18586660401002
1.72697518796992
1.12200444862155
1.60246015037594
1.93544837092732
1.54699523809524
6.14880194235589
7.92700745614035
8.55428170426065
8.6571626566416
3.08473684210526
0.92177343358396
0.842373684210526
1.36605488721805
2.18874786967419
2.48204411027569
4.28765507518797
2.89203452380952
2.34768696741855
1.76635031328321
1.65690169172932
1.4009884085213
1.35095733082707
1.36700526315789
2.69499843358396
4.30884987468672
5.48559893483709
6.36533828320802
4.68667067669173
1.51658389724311
0.893533834586466
1.20588815789474
4.03471779448622
7.31089323308271
6.4220328320802
5.35952656641604
3.33537437343358
1.08887819548872
1.71979323308271
2.09470870927318
2.22231679197995
1.86786710526316
2.14919799498747
2.17803408521303
1.56122299498747
2.58330200501253
1.98081979949875
1.72734235588972
2.61731102756892
3.14275463659148
1.76615281954887
2.49390977443609
1.99016134085213
2.62690219298246
3.4202600877193
3.03227011278195
3.10428847117795
2.69406209273183
5.00026810776942
3.58847117794486
1.2243686716792
3.54358295739348
7.23100494987469
5.74238370927318
8.29383903508772
13.80488320802
17.7953694235589
8.20551071428571
4.66622957393484
4.5702694235589
3.68475162907268
3.35316484962406
2.70566660401003
4.79384204260652
8.55394461152882
8.77176384711779
4.0852280075188
5.01304354636591
3.21083903508772
1.8574373433584
1.51194730576441
1.83915563909774
1.67634780701754
3.21729298245614
3.7774921679198
2.58527562656642
2.35030520050125
2.06963652882206
1.97383953634085
1.39597236842105
1.37092675438596
2.21872625313283
3.24088195488722
2.71368822055138
1.8735884085213
2.74141754385965
2.24972431077694
2.75100526315789
2.82114661654135
1.53986911027569
1.01392456140351
0.981724248120301
1.37764404761905
1.64212506265664
3.96230419799499
4.1738219924812
2.28029818295739
1.74768020050125
0.969658145363409
1.02185864661654
0.970603446115288
1.10978220551378
1.45281798245614
1.58873276942356
2.88115187969925
2.97026666666667
1.37373408521303
0.88016134085213
1.11498847117794
1.22640977443609
1.12561848370927
0.916826065162907
1.37411629072682
2.2534634085213
3.15348214285714
2.41664404761905
1.41589949874687
2.592771679198
3.00059091478697
3.20570018796992
4.0338343358396
1.76429768170426
2.53385964912281
2.40517387218045
2.12149147869674
2.23425338345865
1.89811723057644
1.85501447368421
3.23077136591479
2.72968114035088
1.56991221804511
2.28448364661654
1.65704003759398
2.10773032581454
3.81522781954887
6.68157086466165
5.80840877192982
3.05787243107769
1.8441380952381
1.29810018796992
2.01844711779449
2.70397393483709
2.20167518796992
2.06449724310777
3.32860927318296
3.3409022556391
1.82056040100251
0.838052067669173
1.20580350877193
1.58589248120301
1.4875686716792
1.27366860902256
3.59865263157895
3.8219037593985
3.32372330827068
2.71390419799499
2.6093671679198
2.48504755639098
3.16340952380952
2.59025162907268
1.80019492481203
1.73717067669173
1.24818489974937
1.08069949874687
1.47416785714286
2.95726090225564
5.08343834586466
5.59137218045113
4.28388314536341
1.35651121553885
1.92714761904762
2.13320244360902
1.25898521303258
1.53952857142857
1.60457587719298
0.924761904761905
0.869498182957394
2.41933233082707
2.7856265037594
2.50965012531328
2.27604987468672
1.86380394736842
1.16736817042607
1.99494680451128
2.69634530075188
2.54370119047619
1.68666040100251
1.91336284461153
1.17856616541353
1.19827468671679
1.98681447368421
1.72977343358396
1.38641378446115
1.31706209273183
1.17043101503759
1.59115563909774
10.9503135338346
10.71958339599
4.17635532581454
4.16808796992481
3.371935839599
1.94580551378446
2.65474780701754
3.95534931077694
3.09615231829574
5.63873878446115
5.16438339598997
2.18798095238095
4.46699091478697
3.16645808270677
2.53243107769424
3.19367662907268
4.94003602756892
6.34432481203007
3.25551779448622
2.50370701754386
3.17607794486216
2.79679097744361
2.15632825814536
3.92966015037594
4.82357794486216
5.00033577694236
4.00016015037594
3.0329320802005
2.25113978696742
2.30162180451128
2.47736585213033
1.63394730576441
2.31359342105263
2.52073928571429
1.80214530075188
4.11415733082707
4.37559799498747
3.22247393483709
3.64650870927318
2.50870576441103
1.75709116541353
4.25632775689223
8.44296735588972
9.38720394736842
7.22129097744361
3.07635864661654
3.75032355889724
5.6775015037594
4.39278439849624
3.67231271929825
5.03032355889724
5.02539749373434
4.09717888471178
8.46680695488722
6.76099147869674
1.97659147869674
2.12550570175439
3.22718395989975
2.9288295112782
2.21753759398496
