1.55403690699841
1.65459439722324
2.92613742324963
5.2839634882087
5.55061854685973
4.1663764280914
4.38970029172776
5.85020733099646
4.81170171027309
3.23754517198192
5.50054706592131
1.95213156005621
1.25647692906892
0.900084072198803
3.11656638524866
2.65154301648033
1.7902313870815
1.67392213465298
1.32799880101417
1.70031821809323
1.68015117149316
1.10419506621151
0.725863107511608
7.75560544965787
4.41635535037879
1.05836868241386
1.14835073581073
3.36729417728189
3.51612502291056
4.65748621548143
1.44014597843353
0.616654447702835
0.729227150537634
1.08361769153226
0.658719414406158
1.45523146345002
1.73607675800342
0.86091642228739
0.676226545317082
0.75562557276393
1.15603646406097
1.68973881010203
4.3987817311217
4.80831867057674
1.40348086777554
0.528885477761486
3.45727294683223
3.59650228341887
1.29514601661779
0.745632598668133
1.80005128146383
3.26498346621457
3.75999899766312
2.61640226929069
1.2948063198772
3.62620019817632
4.8920130742913
7.67193562706195
5.56214958302786
3.39411136630926
2.24625061094819
3.56058101173021
3.84735626489186
2.04156765487537
1.57028652515579
2.66989121303763
4.57303479922715
4.93076611948619
6.14608892923693
4.90053441738453
2.93638798837671
1.98361158205034
1.24918254177358
1.46832015976295
1.95390761508737
1.6466376084433
1.22329652370479
0.685454545454545
0.946547751328812
2.37475527706501
1.17428541017534
1.04536854495051
0.78256594422043
1.08853372434018
0.944191371884164
0.935684109237537
2.47563076582356
5.8220662172379
4.46171965687622
2.70456928152493
1.59773120570626
0.886003243753055
3.81594082203079
2.57718306107955
1.41506705156403
2.05230800953079
1.76218413978495
1.51357064852151
0.55671004398827
0.711266953812317
0.593266424960288
0.4706111677511
1.35997006353861
1.00920725653715
0.886315829667644
2.77070927266618
3.13058066807185
1.52351943388013
0.637417054236926
0.764259187133431
1.18467360092864
1.63348567899255
0.777483647589809
1.11142656402737
1.28795812522911
0.660564516129032
1.1255021134989
2.37434288703568
2.27016373411535
1.3620993611773
0.794014378283847
0.707785771016618
0.615095832951491
2.44086983748778
2.94484519145589
3.7866568914956
6.67168850806452
9.16133538000978
8.82232278684018
6.59134557520772
5.85491758881659
5.16265823558162
7.27130543400232
6.8614461143695
3.93590771627566
2.85176804588221
1.53515151515152
1.54331407891923
3.2202834799609
4.17843704178886
3.46729685018023
2.09417059964565
4.38921713671493
3.32637887188416
2.29501221896383
3.75074073649804
6.70476352486559
3.92368611772972
6.88146196083822
5.28072854617241
3.13187804519489
3.52903210532747
3.53061872823497
5.89270222385142
6.62031546882637
4.95357370326246
3.58675613239247
3.81420683651026
5.10644168499511
4.13265494218903
1.2247555825391
0.635311430840665
0.865276215405059
1.2616715542522
2.80325145672959
2.95093191555169
2.58561697175892
3.01442677785924
3.20192333172959
2.10751640968658
2.62438614025843
2.09558298776576
2.02335273093842
3.34429309475806
2.9170627042858
0.57958683673937
2.05482767442571
2.03864765663184
1.42559612315188
1.94432901660252
2.63378848019
3.94738941837732
3.78212117393695
6.11950601020283
7.84615414795638
8.11980190004888
5.34318514021261
4.72875793278043
3.66398811705767
2.93382521345002
3.72040642373839
4.66250968925648
5.60743011325452
2.45912451124145
4.70377077223851
5.10525918522422
3.15182734604106
0.872954392717498
1.01527213923509
1.02668422188111
0.821053274682307
0.814282594086022
1.59167841787329
1.39374601929069
2.41897956378299
7.10134771352639
5.00428373006782
3.36093257423021
1.80329567410496
3.88106288757026
3.20945120624084
1.92497784358199
1.9695591626955
2.51600546798631
1.13332813072764
1.05344387677175
0.6204839377902
0.530266220674487
1.77907623678825
1.41411663573741
2.23787274521933
1.19714958302786
1.13512398429863
0.929745301426564
0.787401016846896
1.74501404226234
5.04475180229717
4.42647497212549
1.15477737620662
1.44377725401698
1.95352501832845
1.91188931909824
2.48212631926625
2.90200417735826
2.71174731182796
2.07996330492424
1.23064054099462
1.05342664612353
0.803295721835288
1.53872730900232
1.63019106450086
0.557929410664101
0.705948716626955
2.22825939905609
3.2675968257423
2.56432791880499
2.34580095307918
1.51463343108504
0.937199375305474
0.821485740087366
1.89801410335716
2.90302293346774
2.30561213190371
2.38733243791239
4.40346514540567
4.90561964465726
3.94909998739919
3.23851566318426
1.98354959944709
2.55801059040506
3.33759002894367
3.01915604189577
0.661899896138807
1.09696052320076
1.84967298043438
1.87297638685239
2.66249205767351
2.36532982610887
3.86844998625367
8.86830147811278
21.8994757969055
23.4928937179252
16.2259574990072
6.47809227608749
3.13623486948619
2.38940856396628
2.87301499114125
3.65468405387036
2.0663915872434
1.85348603219697
2.31112838312561
2.23080874266862
1.68772329201796
1.09967763891435
1.09856586594269
0.98193533113392
1.09456308612842
1.44298322183529
1.51299210922226
1.50400918522422
1.22050432818609
1.08645756964809
0.653465899544844
0.910015846468719
1.39803220269734
1.25015850287146
0.844078957416911
0.814837335043988
0.874425555962854
0.679966159197825
0.615630345796676
0.894172432490225
1.51548566562805
1.63577575146628
1.72443941684995
1.06158170668377
0.917556885004277
0.595386997495112
1.02859665200391
1.56820075757576
1.88739915536413
1.9602546794813
2.9063837594697
1.300870744364
1.46637123503177
1.55995707134348
1.39406062897116
0.76964602234543
0.510862009714076
0.69622303236498
0.679887117775538
0.652902452575147
0.860463709677419
1.15850833180596
0.873237681757087
0.831801829407991
1.04777071687133
0.982424815188172
0.696657492897727
0.485126733565494
1.05240605716948
1.50978715137769
1.0397420271261
0.557425311583578
0.613174486803519
0.62476890884653
0.41448909457478
0.271125891602517
0.442308009530792
0.831419690860215
0.771727064623045
0.851699925158847
0.906975462793255
0.667909707584922
0.823660763379765
0.636606936934873
0.523732855266373
1.35290619463282
0.934147030409946
1.09994711479717
1.53136604197214
0.945598576490714
0.628030446221285
0.606639851768695
0.764602234543011
1.18632392473118
1.90187422676869
2.19967971041056
1.98727177266618
1.14813346736009
0.759939812057063
0.490341176380743
0.641213915872434
0.555878533953446
0.944599179802053
0.876868852333822
0.499902849691471
0.707434695365958
0.842781914406158
0.82998212021933
0.693606341260386
0.97245562034152
1.94006039795638
2.47921247823497
1.24287159969147
1.30037282158785
1.36807272574536
1.39989793346774
1.06333706584494
0.469776688889907
0.602219412496945
0.659427990209555
0.597252556436339
0.469268962304497
0.557957562011241
0.313109573558162
0.284977853128055
0.849229250672043
0.8769083634989
0.773450482649071
1.03241381812072
0.949090756353861
0.656939760508309
0.669784707584922
0.431632720857771
0.443939393939394
0.413688752443793
0.376855669217375
0.680626183712121
0.656162901698436
0.340753442311217
0.566946442754154
1.24752870501894
0.410492414696359
0.460180143801931
0.422055449276026
0.395418413596652
0.542073930458822
0.319685352135264
0.644020487765762
0.576851774422654
0.465151811079545
0.424809040505865
0.802166269550342
1.08406276728983
1.07086372800587
0.998430474095797
0.542948703262463
0.523801233733504
3.53709875022911
1.14586570404142
0.69165695831806
0.675468205874267
1.10258030150293
0.46540551686217
0.334543010752688
0.657628910068426
0.446758070243768
0.706097110215054
0.538318937866569
0.45459795790567
0.314383009148949
0.308513219391496
0.349965242775538
0.282886081072825
0.273754648933895
0.999815942311217
0.856330492424242
0.795626680107527
0.664237068899682
1.75986069426625
1.02326822916667
1.05572443181818
0.654057574230205
0.320654898277126
0.620656301548754
0.628485726722874
1.30321935331134
1.97318669622129
1.13592848851417
1.16052128199841
3.10311427022239
3.02789817593781
1.65675348813233
3.7361213858596
2.20387856641007
0.616104432047287
0.797515264158724
0.970254908586877
1.00829774560117
0.604823426426564
0.405116958394428
0.677535654554619
0.98143632965237
0.687113880742913
0.330835433467742
0.727037426304374
0.634036534701857
0.764113972385142
0.635030996074658
0.829012096774194
0.839031914406158
0.786752046676442
0.561300088205645
0.904618300571237
1.17258010103556
1.00306343742363
0.688218131414956
0.790354311766862
1.23821221285435
1.3761124507423
1.42005192105022
0.843048698298509
1.10322424089687
0.728770734054252
0.404785213526393
0.488188758171432
0.544464771199902
0.323742659075635
0.329114736070381
0.508422674960288
0.394481763196481
0.27068272505804
0.329268761837121
0.389057574230205
0.611267097003299
0.345463366019062
0.554230205278592
1.07832294721408
0.283269708806818
0.229229556146139
0.509978760004277
1.36841167789284
0.599029470613392
0.72238514173998
0.525711363254521
0.554164977013074
0.584305571465665
1.01224766885081
0.673420660740469
0.45379853219697
0.332585064989614
0.32494528195259
0.307555252627077
0.639009567066838
0.563158869440371
0.542859810300586
0.987387432795699
0.716366958394428
1.07332290902981
0.968514746761975
1.07537050189394
0.919324902248289
0.251911723713954
0.325021220903592
0.480871355312195
0.266690636837121
0.295448426426564
0.596653827208578
0.536581964427542
0.53308604250672
0.577089433269184
0.364626061522483
0.476084433040078
0.893636363636364
0.754652742775538
0.566123801014174
0.515332203079179
0.560572114797165
0.291841665139296
0.493601539589443
1.09080369279998
0.461255565356183
0.368261203262463
1.32671721308346
0.735264989232038
0.648581034640762
0.822571929603495
1.2456749354686
1.40480048723118
2.12098179374389
1.12089133522727
0.38498762829912
1.0739135813783
1.68000266335227
0.50036103219697
0.559985938645528
0.756173163718842
1.28352746212121
1.16631864575696
2.79021612292278
1.40568119768756
0.682547004826491
0.742159701857283
1.48052273300037
0.723796088404203
1.34095368058101
1.27722140762463
0.414612926136364
0.525519601890885
0.780489894535068
0.962377657624633
0.573112160541911
0.707717411641618
0.585849065249267
1.00434044324291
0.599576374251588
0.499070814623045
0.465337692066838
0.528147824642595
1.18519943640029
0.269288617653348
0.314135422394306
0.408426197458456
0.300341978250244
0.305995692815249
0.492989207218353
0.530486276576246
0.670612924227151
0.42577940760936
1.02856534090909
1.21423352730938
1.42376340267595
0.53835028714565
0.583824831607405
0.394960889769673
0.411113978112781
0.823401759530792
1.03649709035924
0.465184773643695
0.434570570243768
0.549871233122556
0.361062400720919
0.32242420423998
0.620029287328934
0.685995072320992
0.679747210639663
0.506262973103006
0.537729019657258
0.492505412619135
0.370508308895406
0.487521984588832
0.8862163596652
1.02592375366569
0.761188752443793
1.04226026965726
1.52542732007576
1.17820510103556
0.30995475164956
0.440739514601662
0.79085376191349
0.418972346957478
0.379881542873289
1.16636103983382
0.691377688172043
0.588788174715909
0.55663588060545
0.459558045805841
0.267963852868402
0.483597530241935
0.323647627993646
0.299328835227273
0.417386019978006
0.486010355571848
0.780203741675831
1.31164463434751
3.06666605571847
1.47042994524377
2.81503631323314
1.33791785037879
1.57826298837671
0.780127344513685
0.386019061583578
0.8136509882087
0.415173957951491
0.294780889158724
0.502660669828324
0.73991935483871
0.970666076719819
0.473659646490103
0.791045628283847
0.716465015579179
0.572556579530181
0.659376183712121
0.807927510997067
0.891290771245723
0.732666244730572
1.01909112865042
0.508286901270772
1.36273704789834
1.25242255277065
0.514802931023949
0.378574877428519
0.489187200253544
0.586451612903226
0.503441537985704
0.394608344024927
0.391771281998412
0.803163251084433
1.94860481388991
0.641918978723729
0.674417766373412
0.658956462304497
0.764737359100073
0.563705362597752
0.668742659075635
0.664026673616202
1.72479822481366
1.06163474462366
0.363575268817204
0.348921208684629
1.06868508675464
1.07608617997006
1.54213430932307
0.541549211876833
1.44612135722141
1.69963441432979
1.53819586999022
0.913972996089932
0.797096736009286
0.452813378238025
