1.91083684210526
0.170947305764411
0.349259085213033
0.487455576441103
0.369290977443609
0.240126315789474
0.376777882205514
0.40284454887218
0.299979385964912
0.218922305764411
0.343920739348371
0.447217042606516
0.339155325814536
0.338471177944862
0.448158145363409
0.275443546365915
6.06811723057644
10.3525432957393
2.22142756892231
1.36567913533835
1.14921904761905
1.04880795739348
0.527537844611529
0.664771679197995
0.313543295739348
0.511510714285714
0.475263157894737
0.214772932330827
0.182567355889724
0.195167355889724
0.416635588972431
0.382905701754386
0.287865664160401
0.310888157894737
0.239885651629073
0.208446115288221
0.482255639097744
0.542626503759398
0.658540100250627
0.860069611528822
1.25757794486216
1.18288220551378
0.412630576441103
0.421812280701754
0.997666102756892
2.72593984962406
2.87476666666667
0.872827005012531
1.78403408521303
1.70631578947368
0.591110213032581
0.192932330827068
0.192366854636592
0.122178884711779
0.346240601503759
0.426839536340852
0.67250469924812
0.346876190476191
0.273233082706767
0.454622556390977
0.424218295739348
0.270172368421053
0.405766353383459
1.10108715538847
1.10059523809524
0.512671428571429
0.431508521303258
1.05774931077694
1.09980695488722
0.26965313283208
0.45712380952381
0.366443546365915
0.440961842105263
0.399688220551378
8.3900570802005
9.78017543859649
0.981771365914787
0.612119736842105
0.512746303258145
0.420612531328321
0.450319799498747
0.377988721804511
0.25734179197995
2.05305006265664
2.05781697994987
0.243590914786967
0.263808521303258
0.323125563909774
0.430999937343358
0.516809461152882
0.445148872180451
0.345825563909774
0.233294172932331
0.240014035087719
0.168701691729323
0.27033984962406
0.156724248120301
0.720186403508772
0.892379949874687
0.308151378446115
0.206622556390977
0.145357142857143
0.265554887218045
0.450289724310777
0.605673621553885
0.602656390977444
0.450505263157895
0.367036591478697
0.559589974937343
0.530262593984962
0.283307268170426
0.224647556390977
0.243838596491228
4.84583402255639
10.7952721804511
5.43542456140351
2.52494010025063
2.80329317042607
0.712881203007519
1.10260645363409
0.792273120300752
5.84724411027569
7.58498145363408
2.40807512531328
1.64781954887218
0.380016979949875
0.392595488721805
1.15222299498747
1.15122781954887
0.318339598997494
0.376589912280702
0.38350119047619
0.572516228070175
1.48423302005013
0.847736779448622
0.235299185463659
0.243939786967419
0.493792230576441
0.474453884711779
0.39018320802005
0.460923308270677
0.38762149122807
0.197930764411028
0.215736278195489
0.415506203007519
0.588818045112782
0.350337781954887
0.339027506265664
0.314809461152882
1.63131729323308
3.19068364661654
2.04440545112782
0.855262593984962
0.230554135338346
0.607052067669173
1.19530426065163
0.885391228070175
0.23840701754386
0.974436027568922
2.76272926065163
2.73724154135338
0.931433521303258
0.304801754385965
0.305889724310777
0.278315538847118
0.287917230576441
2.7081578320802
4.56927293233083
2.14731672932331
0.334616290726817
0.184579197994987
0.516258082706767
0.561269172932331
0.502813032581454
0.659558834586466
0.653120551378446
0.566321804511278
0.670371929824561
1.14992174185464
10.6314864661654
11.1621531328321
0.413889661654135
0.577362844611529
0.36909373433584
0.254176441102757
0.501611779448622
0.374931766917293
0.635980952380952
0.295613032581454
0.247839348370927
0.244475626566416
0.227643546365915
0.148076190476191
0.260420802005012
0.311572681704261
0.451769360902256
0.705483458646617
2.22553728070175
4.284560839599
2.32491228070175
0.460521052631579
0.345948872180451
0.251675187969925
0.494880952380952
0.554082142857143
0.813111779448621
0.867045363408521
0.473152631578947
0.276961403508772
0.445132769423559
0.283686967418546
0.363235839598997
0.362215288220551
0.223348308270677
0.201426002506266
0.568565852130326
0.621551629072682
0.176691729323308
0.236496177944862
0.276236591478697
0.249092669172932
0.526024498746867
0.916491228070176
14.6001614035088
30.1371823934837
9.08082149122807
2.29057042606516
0.488330764411028
0.266420050125313
0.364954824561403
0.654765914786967
0.311751817042607
0.382740852130326
0.314560401002506
0.234431015037594
0.16548865914787
0.4943335839599
0.282403446115288
0.371865601503759
0.792248370927318
0.565822305764411
0.829973370927318
1.46354830827068
0.900481140350877
4.64040545112782
8.01512756892231
6.84707368421053
4.10713276942356
3.39897719298246
0.277705200501253
0.381601754385965
0.519299248120301
0.599309210526316
0.617335275689223
0.915719047619048
0.811578696741855
5.14083151629073
6.75930802005012
0.823038596491228
1.47202781954887
2.01082550125313
0.855788909774436
1.13884454887218
1.76395989974937
0.99170701754386
0.429874686716792
0.618740601503759
0.610622556390978
0.383488157894737
0.322199248120301
0.52706365914787
1.13393677944862
0.735573370927318
0.307438345864662
0.549459586466165
0.465133834586466
0.260683646616541
0.21246015037594
0.646468107769424
1.00602280701754
0.370448558897243
0.404739285714286
0.348250563909774
0.299158897243108
0.240010964912281
0.198181453634085
0.396390914786967
0.446921741854637
0.248839035087719
0.287563847117794
0.482998496240601
0.565950814536341
0.362167857142857
0.296208270676692
0.414528759398496
0.760127255639098
0.625714035087719
0.35971873433584
0.342839035087719
0.206072932330827
0.207049561403509
