0.52838278195259
0.534537474034702
0.526839020879154
0.554217747663123
0.584267931329423
0.461147503894795
0.386461149422654
0.546357059124511
0.840775751466276
0.979274193548387
1.37794660312805
1.10482832355816
1.06364926037085
0.786976379215543
0.773733953063905
0.925313683712121
0.48875319793194
0.614415160297532
0.519353464076246
0.601009124129399
0.667171882636852
1.28987436423204
1.9255778042522
1.04100454201796
1.11801621303763
0.981920200620112
1.40788547012463
0.855008209616325
1.305009765625
0.476639164451979
0.482916886226173
0.527113842558651
0.639775438355327
0.703494012707722
0.488507911779081
0.760381222125489
0.374979189577224
0.483734993585044
0.894165101111926
0.555332269901637
0.525818632392473
0.590554091825513
0.801965382148094
0.715502810361681
0.562132056451613
0.694120377795088
0.96155485360154
0.962277223469575
1.07792406486742
2.07869874717436
2.03834897933468
0.800155858611315
0.902283943899682
0.605705253772605
0.570266822076613
1.09293648429863
0.584283319586999
0.711484823665078
0.666360342971041
0.518440163352273
0.477834866431452
0.572915969803886
0.825919935239492
1.07219192937439
0.57667765418805
0.528053204041422
0.747481051059995
1.12682626733565
1.46335501244807
1.01853799143145
1.53015640273705
1.05884771352639
0.591040902981427
1.02833172004826
1.11110649399743
0.956968160053153
2.2299956851784
2.18053747212549
0.628111625962243
0.776591892335655
0.906434420439272
0.527033836983749
0.52801014173998
0.498680800571237
0.496620081867058
0.48385354617241
0.711924754093353
0.634348691043499
0.604193233366936
0.608832936217009
0.622443640029326
0.670593688905181
0.70856667735826
0.707681365698314
1.90540929710411
0.760614146123534
1.04998044965787
1.03437007423021
0.722210257820137
0.681672002917278
0.796380742913001
0.852136944037146
0.900642707951491
0.637566049227151
1.21961898788795
1.3695350684262
0.919979676426564
0.478531242363148
0.962926289100684
2.19917123923204
2.14213174143145
0.707260470124633
0.481356142702224
0.779833783907625
1.25521741164162
0.908771841397849
0.820741958394428
1.58312465634164
1.3937906948772
0.951524000717864
0.938802531998412
1.29705010347935
1.89975889502383
1.44485276148583
0.639914839549731
1.41479040658602
1.16522451391435
0.374699260752688
2.17088968375794
3.37307291666667
2.72576242515885
1.33778130345797
0.61373529905914
0.759309848103006
0.674240200009164
1.64190087938355
1.40338525438355
1.15252145000916
0.934104617240958
1.04047698825452
1.3145537691685
1.92499511241447
1.51127378879521
1.01789096865836
1.18821808368463
1.00523200757576
1.06972857671982
0.822656402737048
0.8085419339565
0.904359115347019
1.66156294866508
1.29127592711388
0.753147290062928
0.68472162718414
0.581631756705156
0.50948068449108
0.421252510615225
0.487768779020039
0.84509117447153
0.951023796432063
0.957009475424609
1.03933635752688
0.344886277721774
0.650332623106061
0.499456399300464
0.594500855327468
0.550093933284457
1.37282310567876
1.06708757178641
0.729820228494624
0.832296621074658
0.636356830018939
0.917254160175342
0.510163734115347
0.672088364109849
0.645258803381598
4.22074642595308
5.92344665467681
14.6668536072672
18.1958482633798
7.36324626366997
0.761242324963343
2.35690149033175
1.31992725898094
1.48968810140213
1.38655531181268
1.47179725684262
4.68483213243829
5.39420317082111
3.31098720636303
1.56281707256537
0.772975928641251
0.856439393939394
0.55703686308651
0.735239100302419
0.544066432978983
0.529302564455034
0.595436665673876
0.43129853219697
0.367130949108016
0.323464687194526
0.329981280165567
0.313073518068793
0.551793047027737
0.824817288306452
0.487994829850929
0.485354349951124
0.56741308307368
0.567755987292278
0.758528521734482
1.3548507759042
1.21851576819098
0.911519886363636
0.858397473347385
0.722971308345552
0.880068998961388
0.511208751451002
0.72541846132698
0.689172155654325
0.658792613636364
0.57655370807368
0.643666596025782
0.602027698863636
0.800633820564516
0.803107654798998
0.515967130987292
0.537570325864492
0.534875366568915
0.573033815982405
0.653115835777126
0.644606234344453
0.660123258797654
0.713512302969208
0.761573764357283
1.30909021222813
1.0575475012219
0.91976340076674
1.22044437889479
1.04580995501894
0.527856249618157
0.455658210761852
0.439275682734604
0.566636720659213
0.428943584662146
0.425217344819159
0.582308009530792
0.532618285297532
0.449818548387097
0.826607061033724
0.477852478922287
0.377193829041422
0.833155814699413
0.900831796416789
2.47493629910496
2.0959912252566
3.37081950108443
2.76487795355266
0.26167108649499
0.749144061583578
1.78137570259042
1.1571793953904
1.14009393328446
1.32543526240225
1.41317936484299
0.720362282731549
1.79011730205279
1.86270893473546
1.680660272712
1.17600134408602
1.46642580034213
1.35157807917889
1.10676793132942
1.01776847354594
0.64356667735826
0.527398429863148
0.898762896734482
0.960823472247678
1.15864426777859
1.0563924177511
0.50690554740958
1.14400277981427
2.10338639991141
2.22329849974035
0.564012850913368
0.806546300326857
0.509453659579668
0.422999516969086
1.95763638463771
1.87236952437683
1.25341092375367
2.83112864086938
2.13968329018512
1.91236947664651
1.12759743669049
0.921524583027859
1.82230082134348
1.14699664551259
0.747784663673021
0.501965382148094
0.412845481656281
0.736173469192937
0.744929196832234
0.436068615209555
0.562647687179252
1.05921886455279
0.700329291529203
1.19492232366508
2.8609402110826
3.16050827071114
2.7604220792858
2.18477013074291
0.409028439638319
0.463029988010142
1.28189095147544
1.60268839160252
1.68779508797654
1.03527865919782
1.02527705545882
3.44885400438355
8.18408052297165
3.77281531608932
1.80551793132942
0.768486366309262
0.797006315676931
0.460933213816593
0.95388837021933
0.776727828308284
0.800140174425709
0.940537023460411
0.646290771245723
0.836942471590909
1.69934506353861
1.72396245723363
1.14738876924487
0.910429716138196
1.58612532838465
1.11463278195259
1.46198068449108
0.883123434445259
0.586020808513563
0.672097757438294
0.648063131949536
0.400915878161657
0.20679725684262
0.430357862903226
0.73171294599218
0.377134337961266
0.391789686812683
0.579235694266251
0.454244323909457
0.528541055718475
0.436715504337732
0.274357272956378
0.322452956989247
0.484035771016618
0.756716611681329
0.183840382148094
0.202621034564394
0.359636142167644
0.332492057673509
0.423564119012708
0.518001120708089
0.399306841092375
0.293526459784335
0.296876221896383
0.286220941776637
0.464747897956378
0.789980449657869
0.691651392961877
1.09998285526637
0.814685819892473
0.994817784701857
0.966206622678397
1.11511084891251
0.661041198909457
0.675933290185117
0.559811675219941
0.307438561522483
0.409470269733627
0.367673471102151
0.218043734344453
0.602917277614858
0.758720970414834
0.793409090909091
0.554218740453934
0.425134255865103
0.428427638914345
1.06077726929069
1.36401010164651
0.948833661717986
0.825116528821481
0.616600980190005
0.663625939332845
5.09256001611376
4.20100102906586
0.666860795454545
0.249006865530303
0.364092121441227
2.43777644451063
1.4629220792858
0.372844574780059
0.427249959906525
2.1388842558651
3.36453797043011
2.92726653187622
1.02788672065921
0.414281524926686
0.395623844926075
0.33905485360154
0.550672109833211
0.488023114842986
0.785929777233016
1.06766754299548
0.676685262402248
0.983440822030792
0.547184970292644
0.715630718093231
0.505950482649071
1.1007489365683
0.609436553030303
0.661384255865103
0.562351501405181
0.57564927564455
0.480684261974585
0.529149321465665
0.661229676426564
0.964051197458456
1.66137280058651
0.896432969437317
0.399639989232038
0.366711638181207
0.558740826231061
0.571948151499878
2.42370627902004
0.566802822198803
0.383971993753055
0.436133222980816
1.02304052686645
0.941993523949169
1.08772901965726
1.16044217375367
1.65398765884653
2.34855755131965
2.20831607404692
3.04715869952041
3.60365347018573
2.63788045844025
2.13625546034946
1.70185968811095
0.767971308345552
0.791629236543866
0.759345941776637
0.99971582317632
1.58937301441838
0.982978057413856
1.13646153126527
1.1629239884989
1.32995016953812
0.904579056695992
1.38756258400538
1.67384164222874
1.77070808895406
1.38012551166911
1.75729590511975
0.853005712365591
0.956904926915323
0.768068792766373
1.36125717864125
1.07684074871701
0.81116045790567
0.872272994562561
0.822896963587488
0.709060581240836
1.04910339534457
1.2531985333425
1.80333874595247
0.410336852013074
0.65397605083089
1.40848267198192
2.01696954423265
0.798600775904203
1.40730204323986
1.58822825024438
1.55952276354778
3.55817631964809
4.16640440760936
1.46474438500428
2.10045695106305
1.08026621112842
1.08350378787879
0.823380443166544
0.612730928870357
1.00567433406647
0.92646871945259
0.490208934735459
0.534188049853372
0.785498190065982
0.835657676182185
0.345575885493035
0.282642875962243
1.06286503199841
0.849789136959311
1.23857189905609
1.39762638036107
0.680235740087366
0.488317744608382
0.574618911519428
0.699427503360215
0.552034524300464
0.223757169095186
0.311381191578079
0.367162603861193
0.29098690088893
0.355004849401271
0.240354617240958
0.26604212487781
0.332306548982771
0.489750799960288
0.433401110398338
0.569544843597263
0.575032647543988
0.527789885370846
1.6555816226784
1.81197075658297
0.61131960990958
0.964618119195992
0.731872928503788
0.442945648521505
0.818615658220308
1.10826619585472
0.623891883171432
0.504143135615225
0.553880590175953
0.585502046676442
1.32790685331134
1.69792490492119
0.865596247250733
0.978091770146017
1.12241229075024
0.955791932047287
0.745359084799609
0.421728057413856
0.85495271833761
0.883048545561461
0.420674486803519
0.50348912512219
0.480903592375367
0.585543094758065
0.599877161229228
0.759306106045332
0.488084028286901
0.690878457584922
0.645223454301075
0.493586790918255
0.654859443731672
0.63998472629521
0.4598898670424
0.976771434735459
1.15933284457478
0.775115736498045
1.1734453564119
0.955455729166667
0.681029905913978
1.09937689966703
1.972720819587
1.15765258431085
0.768992613254521
0.814365797592864
0.787145650048876
0.486988015869379
0.667272727272727
0.422666168362048
0.719993499129399
0.636003024193548
0.728678977272727
0.495200047348485
0.606224941578079
0.967916275277981
0.608748167155425
0.497529898277126
0.399814720414834
0.5238880742913
0.585082478005865
0.892223078186095
0.931330941089321
0.639691127504888
1.06187415040017
0.623567326490714
0.493385330752077
0.43019870135325
0.493076085960411
0.518571746319037
0.685261323542888
0.551853884103128
0.588658319586999
0.594845955141129
0.530207569648094
0.216661435422776
0.26482614705523
0.568240469208211
0.516618315844941
0.355703115453935
0.477282111055108
0.777064661229228
0.694380870830279
0.62199962388502
0.468650482267229
0.650135477761486
0.791761506827346
0.522805159075635
0.807426686217009
0.77881014021261
0.839623799104961
0.505675555962854
0.386229075024438
0.262892839687195
0.357819487719941
0.616113758553275
1.1312323493249
0.494754246089932
0.36470915047654
0.394815340909091
0.65820564516129
0.567192988987659
0.751707972492058
0.600513034197825
0.244698764357282
0.304832208806818
0.869833211143695
1.9860834307032
1.3732473328293
0.640649437927664
0.822553448420699
1.38856087335044
1.30592482282502
2.50444960250183
1.72160036924181
1.11817811430841
0.607500878238025
0.611385086372801
0.53456499534152
0.464591848423754
0.362507092726662
0.718459761424731
0.623352034075635
0.704246004016984
0.453721896383187
0.83228486032197
0.924350247052175
1.5343058101173
1.43404630987292
0.75959806291239
0.756905203751222
1.03060877168866
0.921082562011241
0.871640663184262
0.821335599569281
0.720980409564394
0.511532830828446
1.05643679740958
0.939968077956989
1.39033174486804
1.54046286007759
1.24467008797654
1.06059001366997
1.03433830492424
1.22463770772239
1.11496043155853
0.836056854456867
0.702554899422654
1.74609955400782
1.27630558673937
1.66439145741691
2.83656215634164
1.54552281891496
1.22773092887036
1.85228799143145
1.20039921645894
1.00491102112353
0.494757062179252
1.30216771100623
0.80764173998045
0.887504238453079
1.52094039245784
1.66922057329851
0.989527422027737
0.885828512570259
0.721094208211144
0.683875769412879
0.762530919706134
0.902903073069404
1.2417295943304
0.984211724095797
1.13600805497006
1.15202406181268
1.02255586357527
0.915468597262952
0.718235848912512
0.520609993585044
0.523024413107893
0.404197825024438
0.444797155654326
0.499686545393451
0.49734152576674
0.393769311690494
0.563309038596652
0.637477614476417
0.707454637096774
0.702503427037512
0.65493386485826
0.716447555825391
0.431276728983382
0.611969964259531
0.918360587350318
0.588930687927664
0.508610551075269
0.580372945686706
0.92649617393695
1.71826918377322
3.53863856877749
2.14535571503849
0.641624473057185
1.44877679580584
0.539816553259409
0.672840870906647
0.4615776877902
0.864880826918377
2.7194013375947
1.77905608504399
1.17315722751711
0.923704789833822
1.20408709066471
0.711071975424609
0.656784236009286
0.435854172394306
0.349818548387097
0.293396260997067
0.328104065478372
0.641392923692571
0.88932405264846
1.11672729372862
0.615003427037512
0.489068294461755
0.379508644916911
0.367846063966276
0.546648939623045
0.383840267595308
0.337445892900782
0.866693233366935
1.27814056963282
0.990432083562439
0.572271113987659
0.610113474080523
0.638684848103006
0.839933368462854
1.23332199260753
0.953676294828324
1.39401223996518
0.626075106534091
0.596813256048387
1.04394672531769
0.748245347247678
0.607040414222874
0.541161173860582
0.588205635615225
0.420977364369501
0.412870301426564
0.865920049792278
0.510984848484848
0.631765401622067
0.69522558307368
0.249374684979839
1.14915092520467
5.18615453934506
4.66801926777859
0.734414558895406
0.894047674960288
1.51556802908113
0.734123279798998
0.939085983321114
1.0850974080523
0.793230073542889
0.555609688110948
0.575954826108871
0.629272885737414
0.476322387814638
0.397348332111437
0.430586500717864
0.217353639723851
0.288551585028715
0.30803266090848
0.985115927419355
1.74837331225562
0.679087233855694
0.767140905654326
0.784487557658236
0.997290893435362
1.43902041139724
1.41163549876283
0.549625250106916
0.459761491553641
0.348026627795088
0.516774193548387
0.615160335716031
0.515866897299609
0.738797615774682
0.91399560117302
0.693586113147605
0.488362506109482
0.490762377428519
0.20740408113392
0.307452956989247
0.206753383125611
0.317736809246701
0.456144983733504
0.378129725302419
0.295146007071725
0.410084158113392
0.479424754093353
0.648797043010753
1.2140663184262
2.34875717864125
0.867361381582967
1.99860695220858
0.740904470613392
0.826376733565494
0.990986671783358
1.35235031769306
0.504729645879154
0.575199130926197
2.55904871548143
2.75785541911046
1.06488865469208
0.851436339198436
0.486136363636364
0.774598139280914
0.807706347751711
0.633234970674487
0.584466098103006
0.894993546859726
0.699239130849829
0.581207195442326
0.503430770023827
0.800313683712121
0.647484382636852
0.652472726890885
0.804141455507698
0.643464649010264
0.404055464549731
0.538759622434018
0.593935575513196
0.999015905654326
1.28500441982832
0.686664366064883
0.858475369241813
0.809827168484238
0.76605816226784
1.29438626435728
0.707322433635753
0.714569281524927
3.30951108870968
2.2710826001955
0.462810428503788
0.369566140869379
1.4484415379857
1.73770676777859
1.64986253665689
1.83255131010203
1.38349977853128
0.779261363636364
1.13563523338221
1.88277553763441
1.87848572672287
1.36830354006293
1.04622639258003
0.70916024216459
1.25368568815677
0.714398216031281
0.478378763059018
0.723041567387586
0.69471709280303
0.493112781036168
0.715903506460777
0.976209667873289
0.810769794721408
0.480815224447092
0.344789681085044
0.817027737047898
0.199490230556574
0.512913000977517
0.482690835395283
0.37412389074719
0.391746462228128
0.251403185712977
0.236708659808773
0.38769908319587
0.39420928030303
0.360287212472507
0.549444103968108
0.390717549104961
0.309833478433529
0.405403750840054
0.680671422516496
0.609841754872312
0.484761873396261
0.66424330248045
1.41915868615591
0.783348292017962
0.461918291407014
0.280179275109971
0.263828048631476
0.322246905165567
0.510686553030303
0.750763828430474
0.753555565738025
0.631444424715909
0.640278735566349
0.798406303457967
0.619224668560606
0.373651627795088
0.633058979411046
0.90205590748717
0.424348080095308
0.402750450574291
0.41612353372434
0.341333155776515
0.319367582707111
0.369372699398216
0.227732160312805
0.391186308651026
0.50851416445198
