2.50833298967498
9.50977630704729
6.47842482282502
5.63946843688905
3.24671392923693
2.83231258209616
3.69358687683284
1.77961333661718
2.11455292911474
2.58953062950574
1.63189745234604
1.83184864331317
2.18956011730205
3.63533353952835
4.67742957867485
4.44269271597019
2.97334065516557
3.6287527397208
2.60842504238453
1.02794689905609
1.34703605167094
2.54476474676197
2.18885080645161
1.78283761569831
2.12923332684201
6.58902835372373
9.6428512570259
6.52816577124572
2.02938767717498
3.80055618241386
4.97609420821114
7.0956181936553
4.28516777210105
9.72314634500244
8.13398181665445
2.0677970640121
1.36310388410313
0.96954285801564
1.81512210372373
2.56935872395833
2.42240536985276
2.74047619593108
2.94527690272177
2.87968894145589
2.01491141251222
2.69645100195503
3.59176930596285
4.05223114461144
5.41912541811767
3.87629994501466
4.21543284724768
2.47624327002383
4.51101810697703
2.19237399193548
3.59543648429863
4.76295786748534
5.19831252291056
2.04158323405425
1.98898207439822
2.35411480289284
1.69279126000428
2.36719570961632
5.15563995868463
4.96713670538551
3.01571221285435
3.1661086323161
2.96772754001711
6.28601271345002
6.94334439722324
2.55026755712366
1.61572271352639
1.87196480938416
2.07423169446481
2.55819234749206
1.30783379727212
2.46046881682246
2.52954345941777
1.5850219941349
1.90557305985765
2.81300852845491
3.85060811301014
3.88308250091642
8.63642702223851
4.82138768290261
3.69355816226784
1.10189577223851
2.65698340511975
3.46097507331378
2.77920317082111
4.16778117935912
4.49518538459189
2.67547248251161
2.82169843597263
5.11424684407075
4.43488265976295
1.96621623556635
2.41357771260997
3.93980598576491
3.99489674975562
2.75778943670577
2.04444418033663
5.11483626588465
4.26800460502199
1.74850843681268
1.23874563744807
1.88716027462121
1.46442149888502
1.23270371303763
1.87707415956439
2.22184352662207
3.07367420423998
5.38849401270772
6.28256192532686
2.50687423631476
1.73662741324536
1.44202575146628
2.26984755888013
4.41153637241874
2.86674635722141
6.04915838068182
7.13697515731916
3.59629459921799
4.17083706584494
2.98330629887586
2.19990949375305
3.30822546279326
3.52047100287146
1.87270310208944
1.33700871173937
1.3837608443304
1.65368629910496
1.47980570892901
2.24169992515885
2.20291871907075
4.16594906983138
3.17139170179619
2.58568911137586
5.08454484359726
5.99402957562011
4.96015117149316
4.20826001000428
5.24555809162695
2.0547843257423
5.88373922249206
5.88899071358749
3.08245627902004
9.91558146994135
5.77420271260997
9.01400782013685
1.6723112170088
3.06368214656647
3.68293261814211
3.81868753054741
3.12253325849218
3.06777400071786
1.38440310361681
3.2136512936828
3.34637744952041
1.52760137921554
2.11044461754643
1.94220823405425
1.64874212449597
2.46880100462793
4.56770358893878
5.5115065886944
4.1952688172043
4.27893843933284
0.820351295210166
3.30028270672959
3.28240903554191
2.18316852051259
3.87348812278531
4.26958944281525
2.36155714465726
3.05876442410496
1.79399556298876
2.09939359573558
1.97194999389052
1.84126625694954
2.12874984726295
2.0074625698772
3.8350458115683
3.58832423593292
1.9007077452957
3.30383854930352
3.88538302633187
2.72278821480938
3.25676957325269
3.16914891098485
3.50494283815982
6.23632139502383
5.91405767923693
1.89126610421249
2.36672026782441
1.88264577796615
1.31036958547165
3.96330507697947
7.46043312408358
9.69592901354778
5.67073187774927
2.88544063683712
1.98588357427603
2.31091699505132
1.716127418973
2.55462731205706
5.90984175487231
6.14975347285863
4.36575076941288
1.42862108993157
1.26312057062561
0.994984640380621
2.74386852394917
3.43124143717925
4.98018874480694
5.40844437316716
2.36510301159274
0.505413268267351
1.71313721896383
3.41807985665628
2.33378081469941
2.03038394275415
3.35342951948925
4.93462929763869
6.66771122579118
12.5124825497923
5.95475385470125
5.35454155020467
5.05153038703568
13.49765625
10.2138654596621
3.29323709944709
6.41831866103067
6.18841702368952
3.11844192937439
2.74696785457906
2.69645310208944
3.42388821748228
1.76166818449108
3.00461323161046
4.27614872579118
1.87716885653409
5.10879704301075
3.35395833333333
2.70435590786901
3.31939378665689
2.40609569739736
2.0827549849554
1.50437912390029
2.27618889563478
3.49407134920271
2.1044227207814
1.84439787237292
1.71019901637341
12.5199180947581
16.8443950085533
7.43322362994868
4.4549926686217
10.4880362597752
11.2345050937805
3.92530668644611
3.7554030730694
3.18554187286168
2.68854135164651
1.83479593375794
3.62359152576674
4.53160907525354
4.20846834333761
2.28842463190371
2.81821189783419
7.83014478517534
8.68994447053702
13.545135697321
11.9317974764021
10.8316378661871
8.40629825536107
5.36080270000916
5.32874983771689
2.45455430374817
3.53867721125061
4.92929236925709
2.92649505704729
1.60471536496518
3.06425219941349
1.63739518420088
6.24063591115286
8.10824886974584
6.65470474974035
4.5029568269642
10.3627717860307
14.314082317632
5.72887492935912
4.60090527248289
2.51644213366019
3.45471269206684
4.00328124045393
1.86467971041056
3.54137286740897
3.41389089038062
2.40464748289345
2.48448763402676
3.37237459333761
1.65457973446664
3.11071793094758
1.76218115186645
2.89875637677175
2.70077162756598
5.28887164551259
14.9946186155914
13.3631680623014
3.23284300922532
2.136258161886
1.25135630498534
2.56111952437683
1.8755596285435
1.24143679740958
2.92105410519
5.28867255277065
2.2155894790903
2.04808795171982
4.49871470819587
4.45825183857221
3.38810658563966
4.01749904539345
4.69648008881659
1.58718475073314
2.33507663581378
7.86305592467009
3.38192677785924
19.8990416895772
4.96410278439638
6.37990698313783
2.72712700658297
0.698435972629521
5.8974185816074
3.11822091886608
2.19015608771689
1.4162776358596
0.796039184689638
1.70734115347019
0.877992271505376
0.55519831951063
0.974302258980938
1.24504154447703
0.81063156769306
6.28570280997984
3.82463343108504
5.02268538459189
1.83924941196237
2.35727501832845
7.89393752291056
2.9515578797043
7.69664557940799
3.09270572725745
0.907139072809751
3.4210779798998
2.72309533082845
1.25659579667644
0.902301441837732
0.532959433040078
0.507332208806818
1.18011652882148
0.575274773949169
0.495501655287757
0.534076513624145
1.40697687561095
1.7252761485826
1.4865443242913
0.933539681085044
1.72401254543927
1.48678259408602
0.592780081561584
0.56701964198436
1.06876282991202
1.37140701368524
1.98951092642656
2.60396626611376
1.72100874228678
1.35196538214809
2.94451489758981
5.39591397849462
1.57745688996823
1.04578690127077
1.28290838068182
1.49049165101112
0.707674568899682
0.583672247296554
0.884181472614247
0.708699253115836
0.373004490469208
0.399780936889052
0.493797501221896
0.513412899789223
0.526538214809384
0.697681594803886
0.720323458883187
0.82334795790567
0.451397076231061
0.668241910664101
0.838108113010142
3.97199908930535
3.34188660801564
1.48211571358749
1.12698157227517
0.536485673264907
2.20083210189088
1.20843962877261
0.718652095552297
0.71441126550281
0.693835380009775
0.36074276026393
1.90500244379277
2.56080124900721
2.83464076246334
0.789086594269306
0.494164518801931
2.94346128879521
2.20286840175953
2.14579774560117
4.63173810942082
2.47579606549365
0.912727119990225
0.468989176670943
0.34911190088893
0.413745685178397
0.846175311583578
0.509448581072825
1.21936446114369
1.3879679481305
1.31770860062317
0.876777821053275
1.20354712701613
1.14831485215054
0.678904636714932
0.965942225302419
1.00422394305963
0.838778981854839
0.371251135981794
0.493005254154448
0.32437423631476
4.42489548967498
3.22380635042461
1.27512428977273
2.35833194915384
1.50740010042461
2.74048057757515
0.517194525904203
0.347178908541056
1.56241010470125
2.44627184139785
1.05131380590176
0.974465563523338
1.09714320625611
1.41969696969697
1.21546667850379
1.88075264998778
1.23559597041483
1.59031378871884
1.16493599363087
1.89324134744624
2.45219604372862
0.850774978234971
0.77911045943304
0.611448472247678
1.34684154104044
1.88216183062989
1.53429083234054
1.06336475898094
2.1489241202346
2.99207443640029
1.26958543346774
0.34972289681085
0.853689172470674
1.63317353219697
1.64106105472568
1.80154168957722
1.26954979800525
2.93260687774927
3.05721067784702
1.41409670355266
1.86304449802969
3.53080499106488
3.60131949535679
1.6481469941349
2.81146959769062
4.09543801166911
2.15841106694465
0.899740184735459
0.689970521749756
0.865843939012097
1.04283140120968
0.967881451231061
1.08888742515885
0.571374929359115
0.551796865453934
0.38751160801564
0.969683290185117
1.82125122189638
1.41227485604533
0.590736717604472
2.35277827735521
3.31639628390762
1.7928957416911
1.16942149888502
2.43382785771017
0.787285853112781
1.56512398429863
1.55627012310606
2.25358786007759
0.462944426625122
1.8491962594697
2.77702433864858
1.350809964565
0.515167848469575
3.7406950203904
4.17527798142717
3.43022138280486
4.18532590267595
6.05142815822031
3.75280256254582
0.909186217008798
3.33740414795638
1.01255605449658
4.2410199398216
0.808854080752077
0.550184773643695
1.06754374961816
3.47145405669599
5.70179312339626
1.97489946083822
1.70733243791239
1.40324898429863
1.1540581851784
1.10980690218719
0.95205300548326
1.01341791147361
1.05143762791728
1.5809258538001
1.09683245318609
1.32308268229167
1.23069112559567
0.68303518106977
0.673997892228739
0.95113357618524
0.688874776622067
0.867312505727639
1.4653268572825
1.05416112994868
1.21402187194526
1.03202892076002
0.606905385126466
1.39034686583578
3.28731021467192
1.90197443181818
2.96171538023888
0.74373839198436
1.57061330606977
0.854886019978006
1.30179846919294
3.21480349424181
3.39376771749756
2.32005703774132
3.44504894267779
1.28325497922776
1.58120463709677
1.12203186094819
0.613021892946603
0.536683534564394
0.422500219559506
1.05734694793194
1.70739933673937
0.999453955507698
0.673112742851906
0.87618744463282
0.651849865209555
0.576191310789345
1.20704694373167
1.45982487742852
3.71978600584983
3.40678748167155
2.51042689050281
1.90481861520956
1.06830712938355
0.837267906509653
0.751916811766862
1.37086524583028
0.942649061812683
1.25629058987048
1.73121348629949
1.26668521467192
0.623615352746212
1.00893778065433
0.826235604533236
0.82551438019306
0.582380826918377
0.601829140701369
0.616454810835166
0.450338455752077
2.29233897696725
1.34297393351356
0.969483128283847
1.19540043835533
2.39026633522727
1.44601744829851
1.93761241446725
2.39407593131415
1.26075753757331
1.19988902698864
0.583674853372434
0.765380620723363
1.23200550426136
2.32532853739003
2.10964495318609
1.90779535526637
0.812589265258431
0.502930107526882
0.570704881476051
0.737041855678763
0.998832162985704
0.604144061583578
0.833757942326491
0.922570259042033
1.60347895856244
1.08506719475501
0.743061728677908
0.458861039833822
0.777869003161657
1.19881933307368
1.16619833669355
0.561414335517473
1.80632872640213
1.9017941925556
0.890731982755987
0.677126366996579
0.589773252306329
0.857521450009164
0.643809872922776
0.986588465298143
1.3753458634989
1.02608225653715
3.65465312461816
2.71291510111193
1.34248716054191
1.85673494012708
1.32322179710411
0.586663573741447
0.353429548127444
0.535783607878177
0.840376716382576
1.52986891342864
0.316690455461877
4.0550181757087
2.15938355327468
3.43365576124145
1.39435788390457
0.944091586861559
2.64128947298082
0.834267310835166
1.12738872151454
0.550555418728617
0.574320014662757
3.04107938317143
