0.997420488721805
0.778289473684211
0.933840601503759
0.876936090225564
0.500261654135338
0.71894179197995
1.27848020050125
1.21398897243108
0.711728759398496
0.696015037593985
0.553626503759398
0.603154824561403
0.874505701754386
2.03304160401002
0.741848370927318
0.653367857142857
2.09696015037594
1.63705256892231
1.65491422305764
0.816158145363408
0.749774436090226
0.705162656641604
1.1643929197995
1.2023959273183
1.39152882205514
0.889169862155389
0.621447368421053
1.25598370927318
1.48859091478697
1.06200476190476
0.534967167919799
1.14284486215539
1.36711679197995
1.01684110275689
1.08425463659148
0.867876629072682
0.620377882205514
0.553230827067669
0.772611466165414
0.914902192982456
1.12403352130326
0.947310213032581
1.33461152882206
1.0147869047619
1.02422750626566
1.35627468671679
1.65866766917293
0.881527819548872
1.69090827067669
0.408645614035088
0.723715288220551
1.05088120300752
1.25486409774436
2.20387662907268
1.55493728070175
0.895080137844611
0.958780952380952
0.569409461152882
0.853438533834586
2.15140595238095
1.38855332080201
1.02383652882206
0.613032518796992
1.19162882205514
1.27471077694236
0.843037343358396
0.718453571428571
0.899461090225564
0.92624962406015
0.697725313283208
1.29108865914787
1.91360394736842
1.5478634085213
1.03599241854637
1.13934812030075
2.05630269423559
1.6078335839599
1.15115131578947
0.653327067669173
0.882449874686717
3.66860144110276
3.6537984962406
0.978004949874687
0.894463909774436
0.54813126566416
0.459175689223058
0.946036090225564
0.989230012531328
0.679988972431078
1.15618489974937
1.18082305764411
1.02611723057644
1.33749147869674
1.10623333333333
0.777493671679198
1.96606516290727
1.48589166666667
0.656297681704261
1.08655833333333
1.43209467418546
2.6025
2.43545639097744
2.77917286967419
2.1081313283208
0.621161904761905
0.693542857142857
1.58582857142857
2.54903953634085
5.08256885964912
1.65581898496241
0.837498182957394
1.37394461152882
1.56443609022556
1.38745457393484
0.747045363408521
0.567037343358396
2.15058389724311
2.82285087719298
2.06805112781955
0.579474686716792
0.686187406015038
1.13954830827068
0.604636528822055
0.533180388471178
1.67618038847118
1.04701748120301
1.29568295739348
1.84474931077694
0.949968922305764
2.02940946115288
0.90231679197995
1.02441102756892
0.890961842105263
0.934480639097744
0.971047055137845
0.89570119047619
0.811640037593985
1.4193343358396
1.90460996240602
1.52543333333333
0.950813032581454
0.855478634085213
1.29955983709273
1.2575649122807
1.10678295739348
0.662730263157895
1.94975037593985
2.01038997493734
0.960916729323308
2.87440845864662
3.68331228070175
0.954653571428571
0.532454573934837
1.4168280075188
3.65711378446115
2.8585373433584
9.85354329573935
3.5394555764411
0.629936779448622
0.895588972431078
0.60180194235589
1.20247719298246
1.11634530075188
0.475118796992481
0.561730325814536
0.604857080200501
0.60117694235589
1.64042600250627
1.31393383458647
1.06695714285714
0.915037593984962
1.37820294486216
0.687447619047619
0.90984805764411
1.03462255639098
1.46964185463659
0.793362844611529
0.965776879699248
1.78761679197995
1.23936835839599
1.45705162907268
1.97810620300752
1.14447863408521
1.45636434837093
2.77006290726817
1.22366892230576
2.47672374686717
2.24391954887218
1.49052005012531
0.444893233082707
1.08682305764411
1.24003909774436
1.21322299498747
0.897397932330827
1.19601196741855
0.811548621553885
0.833148872180451
1.00496685463659
0.737391917293233
0.818707706766917
0.807665162907268
1.56440043859649
1.25496434837093
0.845032330827068
0.593698684210526
0.751119736842105
0.822742794486215
1.53487312030075
1.15377036340852
0.999924812030075
1.56238038847118
1.49200494987469
1.74917537593985
1.12209298245614
0.980537280701754
0.818179448621554
1.15260050125313
1.45053076441103
0.860236528822055
1.14640977443609
0.766067606516291
0.806760651629073
0.951445551378446
1.38834830827068
1.14274661654135
1.34295432330827
1.23301027568922
0.847024498746867
0.817177882205514
0.647370864661654
1.09903001253133
0.685414536340852
0.920440538847118
0.890595488721804
1.28916666666667
1.51761002506266
0.855245864661654
0.753157894736842
1.5187593358396
0.909022556390978
1.28858339598997
1.22176685463659
1.19381397243108
1.07294931077694
1.2508969924812
1.26290570175439
1.66503001253133
0.646064912280702
0.92893477443609
1.18988446115288
0.823057581453634
0.840261591478697
0.991109711779449
0.523788909774436
1.08285689223058
1.18114661654135
0.693883145363409
0.774051127819549
1.69115983709273
2.19642882205514
10.1373282581454
3.51930570175439
2.86910250626566
17.7868645989975
10.6991498120301
1.03026058897243
2.35027261904762
7.08397738095238
13.6278786967419
9.68956766917293
5.17650526315789
