0.596077244852761
0.606016274132454
0.863003268572825
0.53492420423998
0.376667239430596
0.361882398200758
0.668116131705156
0.496477263181207
0.422581781143084
0.441127466703324
0.426861559139785
0.359544499938905
0.528098948787268
0.538302165429497
0.333645986070381
0.476088671493157
0.425691440615836
0.293436574031647
0.369996601600684
0.402446608855694
0.400402987154814
0.347911540429497
0.331892707951491
1.11723270062011
0.455980533663245
0.432270130742913
0.508748167155425
0.467154117408969
0.501026154310239
0.366147809368891
0.284202092115714
0.365951208150049
0.49996837388502
0.521404560346408
0.63968074138563
0.529051808406647
0.426154959371945
0.497508400537634
0.405649962961266
0.502882415383675
0.563967869852761
0.530216342482282
0.55718237376283
0.670191188599707
0.661465731534091
0.469321694770283
0.817112506109482
0.885833295149071
0.532853500351295
0.768327834799609
1.11207779661535
0.678733953063905
0.6700751370815
1.0874482125947
1.62067004788306
0.754349951124145
1.28038123167155
0.812763280486315
0.735246126206623
0.815564363391984
0.597693059628543
0.484652828690127
0.830520212839076
1.24242179863148
1.00082507598668
0.543700427281891
0.552617149315738
0.559951496441227
0.756244644657258
0.962614247311828
1.16323065585288
0.943683702575147
0.828982608977884
0.545913663474462
0.672067362765762
1.00191348973607
1.45846067784702
1.15142953285374
1.628004022712
0.89985023177847
0.681553297592864
0.532459333760997
0.361804397299609
0.693508360444159
0.702374516969086
0.90908463732588
0.799131145756965
0.702793255131965
1.73748868791239
1.3537817311217
0.562985360153959
0.548363260248656
1.19784148185484
1.62798081622678
2.34676869501466
2.03262065272177
0.742519550342131
0.467736809246701
1.44324291300098
1.61665031425648
0.958005244608382
1.11677293346774
1.33765914245784
1.46189079873839
0.903826368523949
0.509245316700269
0.50893052564455
0.867497088450024
0.928806121319037
1.11619332500916
0.91254649888502
0.6571039528348
1.26052281891496
0.612738031143084
0.428815591016007
0.64976301892412
1.10667583088954
0.937963671493157
0.6629323985826
0.761416788856305
0.878086882560484
0.805291689577224
0.663600689989614
0.691489253039467
0.550451022956378
0.990161357145039
1.20147168827896
0.651874350867546
0.528577101661779
0.640970453018084
0.720445343047409
0.59496722835716
0.668865688767717
0.643877344513685
0.420975340603617
0.506311314378666
0.852082073252688
1.08669644084494
0.875300347858627
0.760233229472141
0.851840624618157
1.55738785282258
2.91140265113331
2.52856624778531
1.76864612926136
1.2197734814119
0.649988964748289
0.826157584539956
0.631534701857283
0.512122281280547
0.749471520268206
0.832978591993524
0.687825702208578
0.7461216913337
0.679720147543988
0.463208995830279
1.06748717008798
1.23956026049304
0.635860062316716
0.802974926304374
2.90502710127994
1.26510657227517
0.71254853219697
0.597772330156403
0.574230272101051
1.29751045294172
2.78995016953812
0.639802052785924
2.59449710372373
1.74540505865103
0.634586378528226
1.06762891006843
1.61238514173998
2.25551211777554
2.20676479067388
1.65500637677175
1.88921339465726
0.904540939256476
0.824759897360704
0.744406607022849
0.625859900033602
0.65745600218414
0.712672965160679
0.704246968169599
1.06762088182735
0.662434590359238
0.567489909808773
0.693995601173021
0.879672598591764
0.643528225806452
0.67809261019978
0.899656943044355
0.728832936217009
0.679137178870357
0.780923104533236
0.591033562057063
0.486584484588832
0.577640174425709
1.09405668644611
1.61682272574536
1.15774300464321
4.02031096308346
4.46212854349951
4.61224614148033
3.01133675464321
2.11960233954973
2.78917284297104
2.39617328781769
1.03107633797654
1.41810108710594
2.11663424822825
3.38588441432979
1.78566410068426
0.735669599217986
0.939616544095186
1.46607889632209
1.09060346407625
0.619212144122678
0.57902759003849
0.409552929114736
0.58013623190066
0.552307818609482
0.501610984466642
0.620018290261486
2.09456721002871
1.41156032349707
0.921286504154448
0.531405448130499
0.618478500351295
0.657744226539589
2.60086555130437
1.67886568876772
0.816667850378788
1.00577892076002
0.916333232145039
0.680054899422654
0.935209316578079
2.06289122640213
1.55694632820137
0.660414136959311
0.801326941287879
1.03579636142168
0.626666428015029
0.935513492408969
0.726773267580034
0.805293522421799
0.402454637096774
0.388685812255621
0.498016213037634
0.449720099813661
0.610251557917889
0.534029117408969
1.30741137432796
2.32415502046676
4.54300036656891
6.35760657227517
3.55043544377749
1.34406539245784
0.840898704789834
1.39187423631476
1.69913137486254
1.17228967153898
1.14717145306391
0.622265462716887
0.560558062988759
2.06437545821114
1.88217008797654
2.0169140625
2.33448961960838
2.40016480327468
1.13520955522972
1.85475913367546
2.40639134859176
2.25557917888563
0.991077063477517
1.14436804091826
1.16453803725257
1.13433269183773
1.23642580034213
0.976930443548387
0.514769023399316
0.821580207951491
0.70135229563783
0.527781790307307
0.567562307169477
1.55982380826918
2.11164863414895
2.74371692288306
0.946699724691471
0.414820371685606
0.409952918804985
0.515043520512586
0.828796651622067
2.03008763288123
0.893727356732649
0.974979800525415
1.11918117668622
1.02915551686217
1.27654875366569
0.985358282930108
1.312876487277
2.20214663329362
1.55183830492424
1.26971098332111
2.70087830484787
2.46927418400232
2.30305195350684
2.58324276026393
2.06112306596713
1.53076246334311
0.496320717253177
0.502102845491202
0.529366055336632
0.722409493753055
0.562534785862659
0.690641457416911
0.603352540017106
0.630909157731549
1.09266430687928
0.628428097125489
1.67470659213099
2.57736382537573
1.3030338159824
0.443757904142229
0.465983464305352
0.958518450635386
1.15845856816654
1.11745203102089
0.886354233489125
0.9239341913337
0.9202077892076
1.25970635347935
0.70308651026393
0.772329812744379
1.43143327491141
1.18165715878543
0.671974575009164
0.788044965786901
1.36490713587488
0.519618157380254
0.67782487170088
0.572157869012708
0.661920210166178
0.587963776499878
0.607296554252199
0.686772656631843
0.831932572320992
0.634385223836144
0.719102125717864
0.517914184689638
0.682441196236559
1.8476513528684
1.47146104441593
0.968445747800586
0.711640768190982
0.59229579056696
0.501209333760997
0.581553326231061
0.594433001893939
0.54891186308651
0.941726148200758
1.68648826979472
1.2527932455859
0.706934328797043
0.762367386058162
1.95874251588465
0.882446608855694
0.825281255727639
2.95918220766129
2.89601034602578
3.88011446687133
4.86481136019978
2.1358938172043
0.880686553030303
0.979119623655914
1.09099691471163
1.20450814852151
2.15312668010753
0.960372592482282
1.00699902248289
0.500257734222263
0.418423104533236
0.711512707722385
2.63412725096224
3.70342152943243
8.01264707623106
3.30910553366325
5.37036653073069
2.57935239491691
1.46917070465237
0.811213028088343
0.437127999373778
0.457901841626955
0.683761292995479
0.517371548142717
0.522239573787268
0.610887096774194
0.618238244974951
0.523983229472141
0.484125084005376
0.486006231671554
0.607689661229228
0.81611830248045
1.03515380620723
0.600031301548754
0.697909020268206
0.844010025277981
1.09552281891496
0.652040834249756
0.652593389158724
0.647621110932918
0.369285257438294
0.549931421065494
0.703684008049242
0.767822542460899
0.764836332707111
0.497620729090298
0.338127443792766
0.707745973469575
0.789349340175953
0.798638654692082
0.661359817937439
0.752253167384531
0.753642320381232
0.662129832218353
1.1144658785435
1.21945259042033
0.683022351157747
0.873952682062561
1.0868351356305
1.00251931169049
0.973334517045454
0.670527248289345
0.531901118035191
0.581404483977884
0.666234115347019
1.89049776049304
1.28040688194954
1.03755268473546
1.28359481915934
0.703621767702224
1.09960088854778
0.567844536595797
0.714253688599707
0.627430342360093
0.402513288123167
0.403371823069404
0.882802877565982
0.860295307536046
0.876829092971041
6.59662630590176
131.954699260753
236.455482486788
201.884888339672
30.9482584539956
21.8260947809751
65.4932972492058
62.7990423291636
80.1641726234115
52.5855810117302
43.2409826719819
34.5328306661626
25.8699833421157
18.4854337350318
15.9388439237384
7.84207779661535
2.53335716031281
1.15126075841581
1.60331832691838
7.57638803610704
8.3069574684598
5.39873731327896
4.45148032746823
2.45619608382209
2.42775075604839
1.43689623044966
0.750732794171554
1.87465862315188
1.29073213549304
0.855897626084433
0.585781975500978
0.428966953430474
0.697529287328934
1.4641015911382
47.4703399831226
103.396530186568
41.4745839347355
2.09267335654936
11.5748668801167
42.7938123167155
58.0666054191105
57.0993182486406
20.3802461739369
2.33798616202346
0.737287304114736
3.03876243852334
4.13286168132942
2.71029851501405
1.35762974057612
1.69952108344025
2.28525697053702
0.384353578629032
0.633935184124511
0.937249578063905
0.680523878528226
0.598162267839687
0.425668224584555
0.586890120967742
0.727994018435362
0.536769601890885
0.357488917017962
0.51236183979411
0.612627077223851
0.78336043461327
0.472118119195992
0.527504734848485
0.466572952941716
1.10731319304435
0.392660669828324
0.484607618523949
0.404265477990591
0.387544971514541
0.445148727700391
0.638812584005376
1.02282150193976
1.91685841848424
1.41045079385081
1.13697976806879
0.506623203430474
0.291344916529203
0.381122913230083
2.11040665284396
1.99651712755071
1.44235267557124
0.64128054740958
0.819851224569282
0.581217686568304
0.611529165139296
0.515623128971163
0.716887791727762
0.426909671309873
0.883628564500855
1.33059818510203
0.330506695610337
0.327126395634775
0.674317561323925
0.527408319586999
0.428340578797043
0.380485923371823
0.314079444266251
1.26251221896383
0.599626099706745
0.552236070381232
0.433382123274071
0.6006711170424
0.44719436362109
1.1321516736162
1.6530042995479
0.343926220369013
0.587339692922165
1.22284097591337
0.857254542017962
0.558733504398827
0.631510483489125
1.43361524773949
0.648606952208578
0.339073258415811
0.332882138547776
0.609189338572214
1.60435693884409
0.405316738453079
0.397666445197947
0.61472452918805
0.827577504505743
0.663578161275049
0.350100462793255
0.203557847247678
0.367271954041422
0.602240003360215
0.62185449505132
1.11557145611865
1.14114506010203
0.729625021001344
0.497473566944648
1.64027781914406
0.878199192021017
1.05290440951857
1.54769274460838
1.25471673959861
0.63577468230694
0.45537630590176
0.615383054970064
0.555469351402126
0.537246112842131
0.56343826368524
0.417009628161657
0.316665292033236
0.640494934857649
0.729118859970674
0.879215389784946
0.582690272177419
0.435593297516496
0.577813989186217
0.619809756460777
0.751878016556696
1.58598591764418
0.676567683513563
0.544920233076735
0.806656729212488
0.508340120585899
0.644442204301075
0.756097530241935
0.977113728005865
0.875995836006232
0.835423606656281
0.84647295790567
0.743731671554252
0.708721963205645
0.63612353372434
1.09298142717498
1.05888882843047
0.702250036275049
0.72893999534152
0.984855778042522
1.35250319793194
0.829192937438905
0.591344611055107
0.459894296416789
0.5070884882087
1.08848354067388
1.38545695106305
1.42036885997067
1.85768905028104
40.8038490404295
50.030067051564
3.3626855755132
27.027567194755
79.4106949153837
50.2532838465298
7.16323358649499
25.8115444770283
46.0570900155792
68.2556530177022
50.3979337350318
49.3488268267351
36.204142228739
61.1757874740347
16.266143456363
4.19907315340909
8.79842726661779
5.38216190699841
7.92795389632209
8.25511920171982
2.25275903248717
2.20710467833578
3.13704789833822
0.532416596025782
1.68968817777065
3.29687622189638
3.68686704812744
6.96889661801992
15.8717057578049
47.7995969173845
36.4334497094178
21.776824864064
1.71248396260997
9.3641972808987
47.1503246330492
25.4161876451002
12.0755446507667
10.1767443239095
2.77785247892229
0.476794039818548
0.404709188660802
0.913555680290811
3.66348835189088
2.96601813561522
0.682847925449047
0.404129007438294
0.823368147834189
1.39605232007576
0.56950051166911
0.632436308651026
0.609528032975929
0.39851049876283
0.5960308127902
0.449788879215543
0.573377770268206
0.978570381231672
2.28247410152432
1.47647345430108
3.60145924020956
5.15973132598668
32.0618025930932
12.7254453430474
6.80268144206684
4.80481708783908
23.6369829850929
12.5234793499511
1.56547165200391
0.430597115942693
0.699232038123167
1.61612650255071
0.777422867790811
3.68769274460838
3.08757261692021
4.92611688011669
2.69801555435912
1.59660645008553
4.71405238117058
1.44315759981366
0.932189399667033
0.941649856045332
1.56039100684262
0.785464893389541
0.277674950742302
0.25145450536107
0.643890365347019
0.416150329530181
0.554315127077224
0.3584011485826
0.826060453323558
0.870546798631476
2.69040726379216
3.84314329026149
0.908693640029326
2.17438401148583
1.98061610306696
0.996991376084433
0.84786075536107
0.568673087350318
0.436297338938783
0.216526520879154
0.677981570365958
0.731129299547898
0.474933062988759
2.11899422653959
2.83696599309629
1.26366507820137
0.582673652477395
1.8040671489339
2.98976133881659
3.82861313805902
15.8760483870968
9.72872922776149
2.46465220819587
0.520249333684629
0.471727761485826
0.598229319403715
0.531064033098118
0.980541911045943
0.337749114125122
0.714815484100073
0.500153958944281
0.362712877260508
0.240460798127444
0.45910204934934
0.4884011485826
0.656677014601662
0.882307159930963
0.991529117408969
0.323063141495601
0.417966153470186
0.701811069999389
0.920687765380621
0.531427165429497
1.11731785152432
0.565452101661779
0.632172493585044
0.264847835716031
1.53688782036596
1.69767510347935
1.81902644451063
0.678173837671066
1.58486253665689
2.25711571358749
0.548199993890518
0.811065149987781
0.535855928870357
0.642617874816716
0.339911412512219
