1.60094611528822
1.41790469924812
1.90851572681704
1.68916484962406
0.975153884711779
1.47337719298246
1.17390469924812
2.45669016290727
1.46703533834586
0.851728320802005
0.925011967418546
0.679573934837093
0.856202443609023
2.20571328320802
2.8197287593985
0.847759335839599
3.0635563283208
3.05409467418546
2.90076635338346
0.668746303258145
0.59647813283208
0.678495989974937
0.868467167919799
0.939365350877193
2.14581553884712
0.796961842105263
1.08183233082707
0.595064598997494
1.76426510025063
0.811447619047619
0.907472681704261
1.13453609022556
1.76367612781955
1.1959593358396
1.82885908521303
0.938624310776942
0.995878696741855
0.65671522556391
0.731327318295739
0.621962656641604
1.9337212406015
1.21669667919799
3.68072681704261
2.50439197994987
0.983557330827068
0.743084649122807
3.77383452380952
2.77013026315789
0.968490977443609
0.908909711779449
1.85937186716792
0.594878195488722
1.02719398496241
2.31902155388471
1.99677969924812
0.949170676691729
0.871865664160401
0.445107706766917
0.945573684210526
2.01654830827068
0.814300689223058
0.979696992481203
1.50084611528822
1.26082700501253
1.245264160401
1.05776785714286
0.735001503759398
0.642016979949875
1.26181146616541
0.705362406015038
2.19891829573935
4.41134329573935
2.52383859649123
1.49997687969925
1.95612005012531
1.21478389724311
1.07124912280702
1.56290626566416
0.401581390977444
2.01408364661654
3.68491422305764
2.66371829573935
0.477771365914787
0.931779448621554
1.22666911027569
1.02367011278195
0.817889160401002
1.43003483709273
0.795895739348371
1.47236535087719
1.06040344611529
0.78843201754386
1.71400444862155
1.69731021303258
0.652366917293233
1.04380726817043
1.28934110275689
0.847525751879699
1.01364505012531
1.284296679198
3.01648615288221
3.16151071428571
3.72431021303258
3.83251322055138
1.45839197994987
0.866004010025063
1.42089166666667
2.58354129072682
3.48530820802005
2.26881578947368
0.921334335839599
1.29084686716792
3.49074630325815
2.50350852130326
0.721581704260652
1.33824053884712
0.983503696741855
1.33966892230576
0.899410964912281
0.773367857142857
0.699892167919799
1.3936951754386
0.909593421052632
0.962295488721804
1.58651472431078
1.86004855889724
2.41046992481203
2.03485689223058
1.14799692982456
1.70269417293233
1.24922305764411
1.24772030075188
1.38944335839599
0.813438533834586
1.23631572681704
1.30370369674185
1.2618022556391
1.53780444862155
2.0957634085213
1.19944705513784
0.661151315789474
0.876508709273183
0.848380701754386
1.71572525062657
0.819748370927318
0.887611466165414
1.94315388471178
2.09074661654135
1.20128515037594
1.93419147869674
2.97741597744361
1.14125714285714
0.848571428571429
0.525372869674186
9.95214530075188
15.7907167293233
19.1746535714286
3.42127011278195
2.29831177944862
0.548260087719298
0.573012280701754
1.06447813283208
0.672926065162907
0.80483709273183
1.12371528822055
0.431473120300752
0.40874179197995
0.61186365914787
0.924485213032581
1.42895733082707
1.34004110275689
1.71982299498747
3.43669172932331
1.49634780701754
1.80809016290727
0.654335588972431
0.598069611528822
0.900046115288221
2.28389072681704
1.09699241854637
0.795285651629073
1.03477186716792
1.78653878446115
1.8212007518797
2.59655112781955
2.00838590225564
1.76400776942356
2.92831679197995
2.9154555764411
1.13642700501253
1.61361898496241
0.605972681704261
1.07870651629073
2.50331823308271
1.27827011278195
1.68394429824561
1.44455983709273
1.04337944862155
1.30201697994987
1.43006961152882
0.93171328320802
2.40619323308271
1.29146359649123
1.06043082706767
0.481994423558897
1.36170200501253
1.34430476190476
1.31466409774436
0.524456077694236
0.796857080200501
2.14528314536341
2.01505006265664
0.583849373433584
0.673770363408521
0.607446365914787
0.874185463659148
0.592982456140351
2.24014411027569
0.753473621553885
0.538582393483709
0.483001253132832
1.00683703007519
0.938092669172932
0.953978696741855
0.837537844611529
0.931215789473684
0.926502192982456
0.887538596491228
1.18395964912281
0.88113477443609
1.69845588972431
1.13677969924812
1.07121779448622
0.805288220551378
1.00507362155388
1.21016535087719
1.17884085213033
1.41695983709273
2.56909768170426
2.42877192982456
1.54739949874687
1.10426065162907
1.17989718045113
1.31038997493734
1.51472656641604
1.32934110275689
1.17607794486216
0.654433834586466
0.725125250626566
1.0741212406015
0.8504585839599
1.22531322055138
0.538972431077694
1.04903233082707
1.5033343358396
2.90186911027569
1.0705884085213
1.08105106516291
1.33514761904762
6.76933107769424
5.39920401002506
4.19144837092732
1.38827969924812
7.13946560150376
21.7955387844612
3.90251604010025
8.98348771929825
2.88644104010025
1.85008496240601
15.3255713659148
3.56199241854637
