0.739124473057185
0.795664100684262
0.45028775659824
0.199812095246823
0.359549082050342
0.654565004887586
1.88906891495601
2.46906730167094
3.23309491080156
3.19362749534152
1.04284075635386
0.815038938401149
0.635121540505865
0.199799570808895
0.457177381170577
0.360059529264418
0.253134307413856
0.438244889036535
0.686081034640762
0.257663734115347
0.335585660664101
0.538567622418744
0.344662670683651
0.254838709677419
0.380653017702224
0.424661983366936
0.212284793499511
0.421186117729717
0.816267068365103
0.873768929847874
0.628221825742302
0.503802388807429
0.670513463770772
0.30220181909824
0.191708430703201
0.227912848240469
0.521494990224829
1.00139478517534
0.337091275659824
0.265576420072703
0.359168957722385
0.746976073741447
0.563890518084066
0.510928402599585
0.203169360566349
0.389628543499511
0.645548478739003
1.33674539306879
1.45583950963771
0.583658205034213
0.316203787496945
0.433526354777615
0.291524382560484
0.170146016617791
0.291763263303397
0.448863092237903
0.730518656830401
0.815519267778592
1.43603582447458
1.75544461754643
0.824029661534702
0.609354523689516
1.30392517984787
2.55548111215481
1.17955507697947
2.74239704568365
3.74853600584983
1.56064634500244
0.237316476890885
0.17396107305413
0.132824633049242
0.332115713587488
0.705024437927664
0.759114115576124
0.401166443288734
0.536607977456012
0.219814271749756
0.423765340527248
0.465799034320015
0.235679641678886
0.282332867485337
0.331177745830279
0.375822183528837
0.839693294461755
1.47214076246334
1.38401216359665
0.705501197076613
0.406465044217375
0.26248036374328
0.15126595147544
0.683806961372801
0.741017295561461
0.473030293484238
1.27236986803519
1.79184467214993
1.93298627657625
1.63347391823986
1.10186223691043
0.294260361299487
0.262379643206256
0.468736473225196
0.314506201124145
0.357729716520039
0.392912351845064
0.240527859237537
0.629012707722385
0.912537945610337
0.653487254093353
0.602367080584067
0.97944460990958
0.625356182795699
1.62867897727273
2.48438323825452
1.80840905272483
0.440281943044355
0.371399290918255
0.656418278042522
0.518371479411046
0.685307306940371
1.17452086388074
1.81747174364614
2.90121974851845
3.54675704881476
1.6009773643695
0.822328695854716
0.339349340175953
0.30482082989675
0.287933687301442
0.302226295210166
0.355174692998534
0.439796516067937
0.987513125840054
2.94991781792217
3.0151513528684
1.71978020184201
2.64124930313722
0.781432893068793
0.710768840114858
0.658123434445259
0.113917399804497
0.32402682635325
0.53428545790567
0.469212144122678
0.306023605510753
0.298301707218353
0.798409358198925
0.257002344513685
0.31290261485826
0.396563330507698
0.804210922226295
0.756147971652004
0.521325108443304
0.542494721025782
0.605275804924242
1.17736917117241
1.20231851020283
0.717475562072336
0.972399107633798
0.616307696419844
0.820834698420699
0.84205628932979
0.247267371929985
0.240237496563416
0.244720032991202
0.403886461006232
0.601294255559629
0.552123617729717
0.527043077575147
0.603977119990225
0.215829629459922
0.709984411275049
0.929745845552297
0.978631323313783
0.896518731289712
0.607763690967131
0.233757178641251
0.297752588892962
0.41144241049609
0.332326099324902
0.379589127795088
0.390046432062561
0.263949235932918
0.871458906097263
1.50562415040017
2.68660908479961
1.93505158693793
0.786516220674487
1.64745811186461
1.1792190554741
0.305726560590787
0.437694854288856
0.313401759530792
0.400096443899682
0.277671896001344
0.100530064378666
0.102307818609482
0.209390540994624
0.328328970781403
0.230542483809873
0.177891760981794
0.124420047883065
0.150224208440249
0.446351264662757
0.410073151499878
0.192630886103983
0.220374167583089
0.144310535419721
0.439402635859604
2.02420812522911
1.80884476379216
0.342363596270161
0.573170506094208
0.240717864125122
0.182949037374756
0.0900377260508309
0.0954904291147361
0.200311430840665
0.159036448787268
0.0810518905028104
0.210754482832356
0.201315132804863
0.167050714427542
0.379308979411046
0.234066308880132
0.596259078308284
0.645643624373778
0.602710003894795
0.7711873396261
0.157080736803519
0.193676533479961
0.195002100134409
0.170362206363025
0.166710263547776
0.61637570259042
0.33762936827957
0.285796676441838
0.373860266602517
0.308438263685239
0.759098240469208
0.950130399254643
0.301714893389541
0.630683651026393
0.599119003161657
0.639613269794721
0.205730541300098
0.265282830828446
0.390187780654326
0.434671920821114
0.735454545454545
0.469632199642595
0.990942043927175
0.609654346514541
0.311504765395894
0.224724729655425
0.263642434934018
0.55201375206195
0.672218352883675
1.84376493004643
1.6844558647208
0.291033686155914
0.274149168728617
0.321202107389418
0.183538449642595
0.19423616202346
0.147782706729594
0.357145306390518
0.532168245585899
0.676499715527248
0.666856671554252
0.929227761485826
0.78761485826002
0.669550303946725
0.246361183024804
0.429875328384653
0.169604019657258
0.091897566898827
0.136756619241813
0.212545200620112
0.572325879765396
0.977650512814638
0.363313782991202
0.305439539039589
0.276913146077713
0.255957317631965
0.874881924715909
0.969427531998411
1.31081415528776
1.90056142320381
1.45606977028348
0.365104691700269
0.394128701964198
0.454331842237903
0.356978393435362
0.615322427908113
1.30349736337671
1.01529188049853
0.816016885080645
2.00625373251161
2.64151297501222
0.292054685590787
0.454325360459433
0.148079780287757
0.408337877260508
0.740614527966153
0.596061054725684
0.381217304725684
0.721441494073803
1.42984862803947
1.35152672134653
2.78208935690066
4.66867653347996
3.29636302541544
0.709791428015029
1.17074557635325
1.39402336113148
0.578621548142717
0.4616669339565
0.52223613720369
0.113365169461755
0.136221247250733
0.201455192677786
0.169671758538001
0.26493019916911
0.26930867393695
0.345268779020039
0.158406036168133
0.176807795698925
0.237797188110948
0.158737084173387
0.377604472140762
0.316955864720797
0.454054395390396
0.169984487643573
0.190136852394917
0.0908644916911046
0.146823336693548
0.219146190356183
0.172031164085411
0.213495807368035
0.278101173020528
0.185381078934506
0.143033959173387
0.380891029753177
0.723726745784458
0.855974118707234
0.17728612994868
0.629813660801564
0.473322183528837
0.175910303259409
0.174955467604472
0.278828726402126
0.150111793972996
0.11863948519978
0.068437461815738
0.0497922776148583
0.335968877917278
0.184743315844941
0.0685491412359482
0.107391823985826
0.105379971590909
0.0773750515487537
0.0668304676044721
0.175806107954545
0.14471514540567
0.039245011226173
0.091435565967131
0.0931281215634164
0.14822091886608
0.312123188156769
0.358278615285924
0.36871422134653
0.199334667873289
0.144471749373778
0.125178358687683
0.144220430107527
0.173386247174365
0.718709515136241
0.233135223836144
0.578750878238025
0.394378503406036
0.939801900048876
0.0569294412115103
0.0439711536992913
0.0367289451979472
0.316057818609482
0.0667228739002932
0.0978036030669599
0.0441607003757331
0.135026232587977
0.0623649422653959
0.0785688156769306
0.123252039039589
0.116629360642717
0.109613489354228
0.0818412451124145
0.102010544583944
0.115660501817571
0.141484871395406
0.0850885015731916
0.206970880681818
0.102120362521383
0.259030692509775
0.317159701857282
0.157214649010264
0.104191553259409
0.0561421580981183
0.0693743890518084
0.176193325009164
0.0513269412878788
0.0724575009164223
0.0645292262341153
0.0596438076582356
0.0931994974951124
0.0635871441226784
0.0756194919202102
0.0494800449046921
0.09211536992913
0.0753205091489492
0.0924113265976295
0.0788687912390029
0.0943926315829668
0.15092803030303
0.109143746563416
0.168425548326002
0.08675249534152
0.123257795317082
0.176261292995479
0.171142158098118
0.474632820136852
0.0928301793132942
0.0564393939393939
0.140847843352884
0.141255498533724
0.0520606423356549
0.0639822271352639
0.0881153680199169
0.0334994730571848
0.0635350894275415
0.113592222629521
0.0903979945625611
0.0802772845643939
0.0591649006445504
0.0562073004490469
0.052281347369868
0.0595966214565005
0.0692874816715543
0.0448111788245357
0.0520103918468964
0.12414894916911
0.140873035419721
0.185488901744257
0.0933815123258798
0.0662083696083822
0.0722899006445503
0.0569153225806452
0.147346002871456
0.0979654566074047
0.268150115698314
0.190524460838221
0.0924852513288123
0.200333424975562
0.308326001955034
0.0728928015029326
0.0623567994715298
0.0982438962457234
0.220726875610948
0.200305540918255
0.157534213098729
0.0753060754979228
0.0700112643572825
0.0765029993737781
0.12187819793194
0.0466409209280303
0.339165406586022
0.145721988025415
0.11611878932979
0.0596352543835533
0.0526766308498289
0.218684618997434
0.51702525507087
0.215902895512586
0.371857244318182
0.205251472003299
0.0764346495448436
0.13934445259042
0.103986093291789
0.0804399495204057
0.37612749534152
0.476747760493035
0.0777159320014663
0.116431909824047
0.0944812954392718
0.0617735826001955
0.090644512157869
0.0904352624022483
0.0854808066807185
0.0872672287390029
0.167458598713954
0.179799876282991
0.253654042949658
0.145972018572825
0.0474168251313539
0.0878312007423021
0.103597530241935
0.192291351646505
0.235659432658236
0.0712087228128055
0.103979067387586
0.0707395432398583
0.248319195610337
0.191563406876222
0.0602487991049609
0.108118804603495
0.0823753665689149
0.119528185712977
0.124149216458944
0.107048165628055
0.0832457290902981
0.045958539528348
0.0557847247678397
0.172572664650538
0.0867741935483871
0.127387585532747
0.138275866019062
0.140843862643573
0.0745654535526637
0.0674087300678153
0.15645740736498
0.234252161229228
0.151752648078568
0.21925791750672
0.484381252672898
0.234580545882209
0.153407706729594
0.126394250595674
0.057048499740347
0.216768379994501
0.383799945014663
0.241134521245723
0.122889135813783
0.0602015747189638
0.0626280604685973
0.037827468230694
0.0841416082447458
0.153216709051197
0.151070142580034
0.258171432062561
0.183506069388441
0.104678402599585
0.177427755376344
0.1140443242913
0.0526581973973607
0.0473875855327468
0.048717008797654
0.0555313626435728
0.0657423688752444
0.0681930348087732
0.0519232649071359
0.0348173169446481
0.0464264017442571
0.212236070381232
0.0984747296554252
0.28637570259042
0.19800868119196
0.159438996823069
0.087231784197825
0.273316446343475
0.206273216031281
0.162975164956012
0.0738204022330156
0.0840052236070381
0.314876884393328
0.119231493997434
0.121230211006232
0.0981084948527615
0.0603057413856305
0.0771043728616813
0.0969705752077224
0.0735758415811339
0.0628512856641007
0.0617859447550098
0.246394326964198
0.0971990221010508
0.0735943514021261
0.0720669045546188
0.105024437927664
0.09025322847935
0.173484810300587
0.155866171798631
0.111540658602151
0.055869837487781
0.0693230598576491
0.076886292995479
0.0880569460990958
0.11460348507759
0.103355289283969
0.118193998961388
0.0744397223240469
0.126188752443793
0.123171880727639
0.158350888547776
0.125528928396872
0.15391853578629
0.128644267778592
0.163783821710044
0.0474095796676442
0.0736241351264663
0.0653405654325513
0.0805231912115103
0.104279653897849
0.119469544232649
0.683685201307429
0.231866714015152
0.430036924181329
0.134245851279936
0.233016213037634
0.212476631231672
0.160480730312195
0.392328781769306
0.178049242424242
0.215660349080523
0.131758919843597
0.0557862044079912
0.104064027370479
0.15976505223607
0.0884630739094575
0.128974743019917
0.0557618523949169
0.0771186155913978
0.0750158751069159
0.0879710410557185
0.130139143450635
0.0771254505742913
0.0906567311217009
0.172555510370846
0.297749114125122
0.137253176930596
0.146827794706134
0.117572053702346
0.0660630403073069
0.0818416937774927
0.207022849462366
0.157221407624633
0.119803885630499
0.0652037416758309
0.112984940127077
0.183241070610337
0.107011461006232
0.102042361620235
0.0688126126435728
0.438706154921188
0.12279500206195
0.0411142167644184
0.076379969681696
0.249177501451002
0.353976270390396
0.108304886058162
0.157292344437317
0.0984176059995112
0.124470880681818
0.117612261730205
