0.925803845537023
0.331264729579057
0.849895986070381
2.49316485482344
1.69460590023216
0.926222774621212
0.451959835884042
0.517612414467253
0.464139441287879
0.289649153454912
0.592093939012097
0.833663923127444
0.390532594086021
0.477886949764785
0.329995179236926
0.464003533953446
1.67871483229472
1.33092482282502
1.74854777614858
1.42771855716948
1.735584333761
1.72643202437683
0.834820906265274
0.680173423371823
0.882408500962243
1.16829266709433
0.788453040994624
0.544280913978495
0.445387302969208
0.24699053603067
0.403423896856672
0.41741713060545
0.482673041529203
0.359426777859238
0.345401354777615
0.38105720766129
2.28305053114308
3.10292216520039
0.879446442754154
0.580086601906158
0.817161219681696
1.46966129605022
1.14078849546371
1.0554641583425
3.3432109814119
2.4961468929466
2.09552082378727
2.76658112437378
1.38794873190066
0.869893761837121
0.567484411275049
1.9985709826338
2.05246310445687
0.378262377428519
0.814117781265274
0.604241498274071
0.491386308269184
4.67598300609421
1.39058176586938
0.412825024437928
1.25513142068365
0.653977263181207
3.28057673509286
2.11524627894367
0.539198961006232
0.820644550342131
4.36211143695015
2.59617492019489
3.69543617882454
2.87660915162207
0.975389775400171
0.452145306390518
0.488411801991691
1.61546580981183
8.11958298967498
7.42167062828385
1.13667314844514
0.300984838938783
0.600525176793133
0.452978983382209
1.26047003871884
0.685337510691593
13.3849194216612
31.5836720659213
4.40610638899071
12.183144817632
7.26565790528776
1.9105381594422
0.666272290062928
0.951815881216398
2.03850141090848
9.88741504001711
2.42715813630254
4.01085884042033
12.4145262001314
6.68531429466031
7.30583217825941
0.389782769733627
3.2986309319251
8.52884954637097
14.4102026820626
22.4790518084066
8.79939385347935
1.20382358107283
0.986874455874267
1.21552354441593
1.16926196503849
0.673999486421677
1.51230678763441
2.09272222285863
1.46774789222874
1.37691714587915
0.766016579606549
0.501052577819526
0.479271406097263
0.80880433620479
0.50335386692021
0.216787624862537
0.258394428152493
0.362482855266373
0.930866171798632
31.262593131415
25.0306837178489
12.7772406143084
20.6939100302419
3.0480156402737
0.727457300449047
15.6273258797654
20.1192903741294
14.9976665502047
25.1539091138196
15.2115022356885
3.12155043377322
0.461158195488148
1.07612838312561
2.10170155753605
0.53679920423998
0.354736671783358
0.380867393695015
2.23936521528287
2.88211570404142
1.63371422134653
1.14507582439822
0.897975928641251
0.280405058651026
0.19449886019978
0.620119593108504
0.206309720185728
0.310676615576124
0.569094870708089
2.70678270863881
0.50782991202346
24.5451489854442
14.5138123167155
18.0191775109971
19.1168705706256
4.07173719299853
0.993461899743402
0.740196572580645
0.429097390869379
0.524044477028348
36.7019278088343
72.6755699287482
19.7891524525751
46.2521988025415
16.9042314939974
3.14063278958944
0.6114607771261
0.384341617408969
0.845779837182307
0.651995118142107
9.86936976875611
4.69626462457234
7.42902850646078
83.6835578472477
12.9190127077224
54.327393303626
21.7472898338221
2.15145717825941
2.70337525010692
6.06517560942082
15.8798020527859
35.3473453441929
9.42229287901698
16.3934526114217
5.60604533235582
145.836830400782
37.8468569388441
44.6294599217986
57.655394128406
24.7423558162268
2.59806925097752
0.391646505376344
0.882813989186217
1.07080598385569
1.96406032349707
5.40382796271689
3.33729227761486
2.81565982404692
1.37707988720369
0.434874287863514
0.781267173371823
0.652426953506843
0.428244096713099
0.860149644122678
0.779821603128055
0.302307513135386
0.508451208150049
0.348499167583089
0.419900176793133
0.722966373029692
0.365566348973607
0.447888524865591
1.18488514173998
1.07250862009714
3.59622582936217
0.772367032853739
1.15721872518023
1.6279074165292
1.11737135722141
0.876758222980816
0.605885483489125
0.811902712228128
0.350457972492058
1.50869589290078
1.7481201028684
3.1628128054741
1.06779413336999
1.80633366171799
0.368785960028715
0.561095038718842
0.245405736421676
0.244969595781403
0.417123923203812
0.613730058269184
0.868013196480938
0.427177266617791
0.248875769412879
0.439854556146139
0.370564353845919
0.151963577941716
0.229882535664101
0.345468597262952
0.511807795698925
0.460670782930108
0.458753016556696
0.584374150400171
0.513534908052297
0.481857129765396
0.595318294461755
0.298355165185117
0.413293583516618
0.399644876817571
0.701696870417889
0.441407471896383
0.78594330400782
0.512077443410924
0.35897848507759
0.762465443242913
0.641233160740469
0.229870478983382
0.454770197565371
0.689931230144184
0.716307085471652
0.738649184002322
0.315718923738392
0.218398666605572
0.685688299960288
0.659410501817571
0.52612353372434
0.28528263036107
0.410201460166178
0.483100170683651
0.476088012814638
0.328251991309262
0.843609138257576
0.656178977272727
0.530350445610337
0.332959433040078
0.392674874373778
0.299584851157747
0.255926875229106
0.257783327223851
0.299070356411901
0.249417766373412
0.382347100668988
0.848064363391984
0.525386997495112
0.4318248163337
0.248571669950513
0.348663999495968
1.27885382300831
1.08446175464321
1.13358122556207
0.417281652843964
0.71522634675892
0.6013544339565
0.401309710639663
0.344603494623656
0.686182757514663
0.675377250962243
0.310981793743891
0.77692692105022
0.321998411534702
0.472685728250244
0.318643227257454
0.24932153248717
0.644272122052175
0.422126090160679
0.161036540429497
0.28518660648827
0.334224057612414
0.340949069831378
0.374373778103617
0.399760775598729
0.235244446099096
0.38606977028348
0.79372051220369
0.477790658602151
0.298439628772605
0.355107488697458
0.542701460166178
0.861385286840176
0.755615797592864
0.414424754093353
0.205786968093231
0.363214188889907
0.762244461372801
0.778890584906525
0.398123004872312
0.953298509286412
0.870321349202713
0.797708400155792
0.493779468704179
0.430169223103006
0.723728884103128
0.632404606167522
1.35456064233565
0.859611398765885
0.348885897788368
0.399405509225318
0.342423698298509
0.560327735520528
0.403095941776637
0.273828039085411
0.263494470918866
0.368503778332722
0.510222833806818
0.415822555825391
0.487184101600684
1.28020015235521
1.07714225164956
0.566429618768328
1.04269943640029
1.21243611772972
0.236366299715909
0.278332636470552
0.23621151026393
0.310443309735459
4.90607954545455
28.9542442189027
2.08973514441288
8.45059245746273
9.16763745379704
3.88054191104594
1.25647345430108
0.837823649804497
0.827270283479961
2.07424593719453
1.1173988021597
0.26911045943304
1.40247769084494
4.28369195037573
2.76042670912757
0.281678847446237
0.178372500840054
0.502593771001344
0.459530094926075
0.671762194144062
0.271821379750122
0.577292239430596
0.438331490942693
0.477820738254521
0.642761142167644
0.458811705767351
0.208535519000489
0.197711913107893
0.226285434995112
0.430493178381598
0.295770863880743
0.792106998029692
0.540796943731672
0.301432969437317
1.06292751099707
0.802019632438294
0.321569821832234
0.2480522971652
0.668853823008309
0.739713379383553
0.333156301548754
0.658655303030303
0.501133767106549
0.490753136837121
0.50130115736498
0.71802541544477
0.393882260737414
0.445947580645161
0.366002632804863
0.388907538718842
1.10512570259042
0.841250878238025
0.248900054603495
0.397783327223851
0.401998554725684
0.353322947214076
0.3622935663337
0.323595496929985
0.343633070243768
0.295197326719819
0.903719137570259
0.433825595292644
0.323650873655914
0.991139790673876
0.639967839305352
0.655521281998412
0.859747821587854
0.49036190088893
0.78002542117241
2.66163633881659
0.476666055718475
0.159812582096163
0.520737414467253
0.274175821343475
0.176106188523338
0.176893786656892
0.18445632293194
0.220535639280914
0.236326635813783
0.343372434017595
0.28587716886608
0.172045301808407
0.218212737887952
0.251969229212488
0.532833539528348
0.527610266602517
0.763245356793744
0.270789259148949
0.565921605800953
1.32662008186706
0.587121049838099
0.477916628482405
0.899359334906525
0.622238475989736
1.02414970330828
1.26179676044721
0.196936314378666
0.231683152721774
0.800928860810728
0.576906912496945
0.203289030043377
0.286704507270283
0.218271283907625
0.654086021505376
0.318805663107893
0.330167247067449
0.546363932291667
0.479742093948558
0.425024581118646
0.426081826964198
0.770593192509775
0.500829810835166
0.439235092864125
0.178841861788245
1.27690752344514
1.34224010836694
0.357883064516129
0.223190027798143
0.190978700818671
0.339575152355205
0.199306230144184
0.525422079285802
0.98914458661718
0.519027055458822
0.343226379215543
0.273490795683651
0.394047827697336
0.566876746929985
0.658350707172532
0.890931457340543
0.404437001695381
0.258380949108016
1.49603112781036
1.69740984695748
1.11340381193487
1.62349522505804
0.503907624633431
0.44148670423998
0.447609359726295
0.557218352883675
0.323938009759897
0.448489268313172
0.671091602135264
0.691400207340543
0.728533571603128
0.337788367546432
0.634310077208578
0.344730638669966
0.46252755949108
0.345227234543011
0.364117447152981
0.261277149010264
0.217304458394428
0.267308534564394
0.6077788596652
0.501955177404081
0.248350707172532
0.226066562805474
0.308795171981916
0.453988269794721
0.457879666116813
0.385586777553763
0.483604813889907
0.302415536412512
0.608951460166178
0.289850308146994
0.741625799960288
0.309383238254521
0.299034549120235
0.575521597018573
0.778965655165567
0.323026484604106
0.500580248044966
0.944650757193915
0.547442408586877
0.291821809323069
0.199472742164589
0.225719000106916
0.538711968475073
0.780931657807918
0.393379068533113
0.353941064500855
0.433861459860704
0.806499877810362
0.52408173532197
0.268859016067937
0.280864949902248
0.388624411962366
0.574199877428519
0.464169377749267
0.341731694464809
0.389265487536657
0.433353332340543
0.440048102624022
0.415422776148583
0.720073151499878
0.630428723347385
0.53500319793194
1.21639872770039
0.752743300571237
0.345167084784335
1.49018996670332
0.908501181802908
0.711504001710655
0.650249114125122
1.21403568510203
0.968674309246701
0.542424089687195
0.275191684995112
1.3599780058651
1.68953808498289
1.35566333699902
0.466478332340543
1.16718776728983
0.353929007820137
2.82127993646139
1.74873868791239
0.519333751451002
0.350586357526882
0.221678847446237
0.517474483366935
1.15330018939394
0.79023757293194
0.311848948787268
0.293802197886119
0.786384322687561
1.07544735726723
0.453878365942693
0.325972476783969
1.0862600424609
0.522405570320137
0.460324174838099
0.363977721392351
0.64953192777065
0.551131323313783
0.575823825452102
0.726368180290811
1.55270503994074
0.840933901133309
0.353461594269306
0.380825391006843
0.38161075536107
1.10289283968719
0.353757942326491
0.15929068914956
0.221298713572214
0.226020894428152
0.51377165047654
0.292677852746212
0.539759897360704
0.646862170087977
0.542318156998412
0.533144540796066
1.3905479823436
0.588316599080523
0.543976270390396
0.404602234543011
0.330424446710044
0.287521068166544
0.330068951231061
0.428402284564394
0.733699864064027
0.486986030287757
0.384381987719941
0.337660946664223
0.564478622540934
0.926103983382209
0.440883087426686
0.499084455950635
0.642634399056085
0.355529653897849
1.04141487009714
1.28647570717253
1.19003702918805
0.621827956989247
0.392386210899316
0.724915345491202
0.77594359993585
0.439175821343475
0.819139746761975
0.623637547348485
0.864618615591398
0.737762669538123
0.652826093597263
0.527837615698314
0.936173593291789
1.53068850042766
1.36423874900721
1.68251587510692
0.34677812652737
0.451080605067815
0.281300097751711
1.11609694793194
0.563058167995479
0.518670538550831
0.426608015640274
0.308700475012219
0.555726255116691
1.55733611314761
1.29262448069404
0.426110999740347
0.344119623655914
0.401025782013685
0.344421088404203
0.473331872785313
0.836244463282014
0.568095283098118
1.79999373778104
2.02416361192571
1.05191089320626
0.553350124862537
0.677691446343475
0.479922400033602
0.552060690065982
0.389273802159702
0.677805846392351
0.361011577468231
0.409281209906525
0.544277620585899
0.46501431909824
0.380043377321603
0.575630498533724
1.68702036748534
0.456242019489247
0.341036082218353
0.265938683712121
0.602306548982771
0.984289123594819
0.719100073313783
0.522075658296676
0.465280721147972
1.21293606427175
0.850130656998412
0.259927287619135
0.234442805703201
0.423225185957356
0.830219244486193
0.946145518313172
0.694470680214443
0.324933091626955
0.263385101646505
0.346962737887952
0.523663092619746
0.185177022238514
0.167202993264296
0.222895856243891
0.190397030409946
0.368236650782014
0.96285522818915
1.11783952491141
0.482858626588465
0.182636814210655
0.503801281463832
0.324688865087366
0.165477112353372
0.439457926670943
0.970292644183773
0.208091397849462
0.293727662206745
0.377890080874267
0.269331307658236
0.337122729945626
0.277711235337243
0.317913373274071
0.272319684368891
0.233189369119624
0.788971688278959
1.4901825875947
0.745372821587854
0.452536045943304
0.490450727028348
0.862938193044355
1.08332996357221
1.00860199780059
0.697194793194037
0.717128992164589
0.569068762218964
0.374281744486193
0.716413581378299
0.772538146077713
0.871697662741325
0.462090731534091
1.49209088427114
1.24148338220919
0.316813513792155
0.277636699657869
0.358184176059995
0.694943095903592
0.717078818044355
0.637440193899682
0.14818272505804
0.255267814867424
1.08852439783419
0.3886089377902
0.16847781303458
0.297321822687561
0.923345390014052
0.991360342971041
2.30043170171982
0.267261997495112
0.303851417399804
0.421158930535191
0.729217976768695
0.482503512952102
0.258588929236926
0.363540712060117
0.407135407120601
1.36246685606061
0.789827979899804
1.93442333172959
1.03897100096224
0.609560117302053
0.319872770039101
0.296807795698925
0.511902759958456
0.280884185224218
0.547937811201735
0.783451007682674
0.654639454652371
0.558296676441838
0.623932969437317
1.64539588488209
0.820095575207722
0.211954079606549
0.197092764846041
0.341162901698436
0.745032036595797
2.62772631812072
1.83575203903959
0.424026902721774
0.708391440233993
0.952397017045455
2.17883139930046
1.06617537840604
0.3244574684598
0.450874639158724
0.490839404630987
0.662050342130987
1.28339861887524
0.387905049104961
0.231972894901637
0.304766465053763
0.605190615835777
0.621979997174365
0.205082697565371
0.20488357618524
0.217954812744379
0.42594330400782
0.502406362643573
0.668968098958333
0.246910434995112
0.295299507804863
0.523917008415811
0.756246782975929
0.731651392961877
0.728688131949536
0.512020625229106
0.496552868019917
0.681016465053763
0.764220496929985
0.382367643801931
0.385258431085044
0.825272702452957
0.487470330828446
0.306944103968109
0.388982427602639
0.73707340542522
0.806987939500855
0.678245624083578
0.515551142091276
0.599123279798998
0.485135592314272
0.316543866080156
0.358282280975073
0.431079545454545
0.706700268817204
0.663686308651026
0.779404774178275
0.856433122174365
0.251617141678886
0.295629725302419
0.445061094819159
0.255300433773216
0.267831429847874
0.284480760859604
0.472159463205645
0.438846529814272
0.354012096774194
0.319641134759897
0.166736887524438
0.443740444388441
0.601353212060117
0.619650146245723
0.494171554252199
0.438139271367913
0.505675546416789
0.404670460273094
1.06922863972385
0.938117668621701
2.24825940860215
2.38733595086449
2.30984893351356
3.3920339897208
0.582645252932551
0.361416788856305
1.43343176281464
2.46163516465054
2.77293277087915
1.36151389143451
0.471770365576124
0.584465028943671
0.563611772971652
0.510472864354228
0.687705125855328
0.893718803457967
0.956563989186217
1.00644648666606
0.466782708638807
0.47118947794477
0.961181841092375
0.462022849462366
0.184123556634897
0.384217375366569
0.463818951231061
0.581195234222263
0.475210996685606
0.273891730434384
0.212628260935973
0.233536769535068
0.254569042873289
0.767485337243402
0.898826979472141
0.804404315967131
1.08879181176686
0.789064294660313
1.36044636447642
0.463229615331745
0.273555861666056
2.43133641098485
0.720156469559506
0.398635284930963
0.307982486788245
0.26074256934262
0.239059359344453
0.979803121945259
0.855798967497556
0.331351866064883
0.179699862154814
0.544963343108504
0.676670943304008
0.386976255116691
0.369929130009775
0.230916183635753
0.339651415872434
0.556525193976051
0.324041870952468
0.345200352822581
0.295269876817571
0.239675042384531
0.529042940111804
0.720476386852395
0.253278958944282
0.252389418377322
0.324369339183162
0.561202346041056
1.39533174486804
0.897138165933529
0.68149704262891
0.443316494073803
1.62695097713526
1.12964396039528
0.707591298570381
0.510135239109848
0.695004887585533
0.991438467971041
0.470277217741935
0.256382537573314
0.228363231610459
0.536815652110826
0.721851783968719
0.746344916529203
0.611946328201369
0.579210874495968
0.406888813156769
0.405831156830401
0.412944732099218
0.323321114369501
1.19897234695748
1.50958394428152
1.16593501802297
0.618831781143084
0.25034808773216
0.237516495601173
0.359060972629521
0.631703170821114
0.431346797104106
0.68954633278348
0.84093459799609
0.848262148322947
0.402617263868524
0.826198288963221
0.42360275193976
0.619843444525904
0.418904569892473
0.224358494852761
0.234731030058651
0.896482733076735
1.46158079026149
1.68465136814211
0.785365194281525
0.462679456485215
0.534311117729717
0.185686705767351
0.225223292017962
0.293224956851784
0.438795477456012
0.37704633278348
0.735685751160802
1.58046202002383
0.886891342864125
0.355483870967742
0.296315056436339
0.279700014891862
0.382281891495601
0.731353250244379
0.25389570159763
0.295296453063905
0.415886753115836
0.452568426197458
1.05220100768267
1.01730525071786
0.235003045194892
0.295606127428519
0.406528888303397
0.942470053992546
0.574073869364003
0.602533563966276
0.422734604105572
0.440879765395894
0.924877810361681
1.20387065272177
0.33380067051564
0.288534631216398
0.41565825849218
0.80837242447153
1.12129120081867
1.19546214412268
0.247682673509286
0.270886476279936
0.465080101035557
1.48897116324536
0.395241314989614
0.459204306802908
1.1569365530303
0.534130305703201
0.813759736986803
0.612602629750122
0.47995638402676
0.734664856732649
1.02749495013135
0.397420567189027
1.1338251370815
1.26171244959677
0.965406547837243
0.660219702697336
0.490984848484848
0.48704999847263
0.266986650782014
0.378337609970675
0.563946792140152
0.4203586170424
0.653309964565005
1.32018385722141
0.630090382148094
1.03208225462793
0.261860604533236
0.269864942265396
0.323910898933895
0.222314119012708
0.142457806390518
0.215299211876833
0.296074657869013
0.482804863147605
0.486808368462854
0.475672310300587
0.413297554679863
0.587980816226784
0.296478494623656
0.240051233733504
0.221411968093231
0.241708736177297
0.205752535434995
0.225464158342498
0.273989711250611
0.47760026232588
0.547273786885997
0.391702674425709
0.325621601600684
0.323974055703201
0.376307877795088
0.455050240942693
0.314557520772239
0.328900560544966
0.256324382942327
0.150317530776515
1.39853890785374
0.815683336006232
0.959474431818182
4.36724071931513
9.66009529837182
5.39358836601906
9.34277048776576
5.03545171027309
3.75856724057612
2.94453162229655
1.82093410160068
23.1710323497067
13.3092601321939
17.8007841424578
6.88743629910496
9.51671667850379
1.7028528894031
1.33856670599646
1.11338369837488
5.26420317082111
3.83452467276088
0.935624914085411
1.50906760714504
1.29604559964565
0.69627165047654
1.72041390785374
0.734972115942693
1.22087426686217
0.297873747556207
0.803840181680718
0.465669360566349
0.363655675326857
0.272953466749145
0.313255351524316
0.584159908052297
0.511302761103983
0.365532746823069
0.463630826918377
0.285024122907502
0.247141363865469
0.621704507270283
0.400056579530181
0.21131719475501
0.543145161290323
0.533662701231061
0.775193937866569
0.458492475791178
0.302992691532258
0.290353500351295
0.360888929618768
1.76184368890518
0.374627159320015
0.247529898277126
0.804993575497923
2.08325290773155
0.898762486253666
0.730971674914467
0.49828105907869
0.183148664696359
0.367180741385631
0.397948397788368
0.253116714015152
0.376989247311828
0.53435102028348
1.04272234695748
0.359250051548754
0.640945890991569
1.38259697847935
1.3897919339565
1.05592618791239
2.11587784663673
0.53462793255132
0.475971369440371
0.310339066700269
0.362324190111804
0.376782966382576
0.351074314210655
0.347996051747312
0.433647198420699
0.224217375366569
0.289551220369013
0.335150054603495
0.342406181268328
1.49506350042766
0.647276240224829
0.299817288306452
0.617571624129399
0.764076093597263
1.36914451979472
1.88469871662696
0.82588113048326
0.442717497556207
0.303764347736437
0.352528676380743
0.226295047883065
0.268010208562439
1.08139353464076
1.11113849240897
0.575338684857649
0.227711235337243
0.191895734054252
0.235266946175464
0.255573336693548
0.34308651026393
0.273604441593353
0.531669110459433
0.391888965893817
0.347270283479961
0.715879612658846
0.836976866064883
0.569172919339565
1.17920847843353
0.549451635813783
0.674446471392351
0.431389563477517
0.284136873396261
1.10152000091642
2.09815599607466
1.34422986162023
0.352292879016984
0.309699260752688
0.547574144290689
0.315540956439394
0.208240469208211
0.129266862170088
0.165528928396872
0.446843526622067
0.530322112887952
0.247085433467742
0.199511814210655
0.433244745845552
0.363596260615225
0.276855907869013
0.396340563523338
0.390624045393451
0.158076391434506
0.240283088572214
0.680276291773583
0.82706683773216
0.280563141495601
0.235450536107038
0.174325360459433
0.168241070610337
0.233509286412512
0.350407645634775
1.65805526599157
1.38168620746273
0.442100124862537
0.314077458684629
0.328579688645528
0.532302043239858
1.04196968742363
0.990761508736559
0.453397931558529
0.657804863147605
0.400850439882698
0.447315455461877
0.604779209051197
0.855365614308407
0.92208211143695
0.441982794171554
0.167054761959311
0.154975781631843
0.302270732145039
0.298052516724707
0.194074986253666
0.171754939134286
0.274421804359115
0.35197458455523
0.273870118142107
0.442546279325513
0.301129786397239
0.157614619608382
0.148238932291667
0.493668581607405
0.738250616675831
0.929297676869501
1.12337636699658
0.491994402187195
0.441898177847019
0.477176044721408
0.324581958699902
0.370403493096285
0.517071725317693
0.619878688599707
0.423536168132942
0.369569501084433
0.25636119257087
0.245563866996579
0.362893441089321
0.240339219437317
0.236959148567326
0.414123585273094
0.430962692066838
0.389601423127444
0.536886522101051
0.409578713037634
0.382862511837121
0.7846248396261
0.658261088709677
0.329009948909458
0.279085410557185
0.488777950879765
1.40073523796432
0.975708690356183
0.24470597163673
0.401168705706256
0.256315829667644
0.276653598103006
0.672463180825391
0.20424910648827
0.395713854777615
0.997963976967253
1.09468226875611
0.555028676380743
0.53802723874328
0.990183246273216
0.490346063966276
0.522245692815249
0.377429960517473
0.321906005620723
0.40219601509042
0.3636509882087
0.428391373411535
0.299248190065982
1.205633161886
0.824905761241447
0.969874058757942
0.623853708455523
0.6021845120815
1.18543307635325
0.979988229701246
1.54793170171982
0.496467459371945
0.360512585532747
0.347869890945748
0.337242781265274
0.390649581118646
0.165448961006232
0.176851745784457
0.160878992164589
0.238637241874389
0.783091245112414
0.569069984115347
0.59578105907869
0.779631560056207
0.496314750962243
0.228460859222263
0.280111459860704
0.344490316471163
0.368583659808773
0.798260897788368
0.963627037130376
0.458069060056207
0.610577565600562
0.319103882193915
1.71394923593292
0.598140646001344
0.729535946664223
0.684897580263319
1.12263837021933
0.92804340023216
0.388381598240469
0.904513685239492
0.282062522910557
0.517225445610337
0.294438996823069
0.290819271978861
0.239427761103983
0.420229936079545
0.850219788611926
0.729652971881109
0.801561803137219
0.824083234054252
0.849520978433529
0.385329759286412
0.432141029753177
0.567714404630987
0.6197238514174
1.57023151118035
0.672268059246701
0.297937286168133
0.308437041788856
0.741246782975929
0.313845832951491
0.534130888013197
0.553103301793133
0.711631680336632
0.346299486803519
0.492975766358138
0.875854716520039
0.503611314760508
0.761398727700391
0.566540649056085
0.36870261333089
0.546879276637341
0.910225707172532
0.927893135615225
0.385609869486193
0.369795551915323
0.322242447152981
0.271041628482405
0.361627403699291
0.371147274789223
0.571043795439272
0.667047888792155
0.491885997067449
0.266806106045332
1.43676869501466
0.623112007804863
0.27064308979411
0.230930770023827
0.402693021444282
0.465974424181329
0.56975064722324
0.312599804114736
0.235359609833211
0.311131313767718
0.417878091016007
0.479025757193915
0.369082499007209
0.420264149178275
0.631889118630865
0.635592839305352
0.591859411275049
0.408040068655303
0.374371296126588
0.334308406647116
0.548698899911413
0.330183504016984
0.48717493737781
0.933381359588832
0.906586546538979
0.535771283907625
0.420751313538612
0.460947036519428
0.210296768084066
0.72365679221652
0.588949016373412
0.648622770039101
0.590250756048387
0.266537670683651
0.580761852394917
0.726654104044477
0.981277950879765
0.742039182780425
0.510283479960899
0.505891831622678
0.568179641678886
0.508373264525293
0.314500922149927
0.327807679236926
0.615806298875855
0.560027712228128
0.764179954789834
0.771974851845064
0.816576847736437
0.686135103555718
0.414233718230694
0.725879154447703
0.412323894183773
0.324688101402126
0.897671065493646
0.439224057612414
0.530751122617302
0.363704140701369
0.259337493508675
0.350375189012097
0.553699205385508
0.780712737887952
0.378686308651026
0.373654911641618
0.831463516846896
1.06408953445748
0.358751365087366
0.355404819999389
0.522569304435484
0.420567561323925
0.499266251221896
0.461794039818548
0.465155753604594
0.458246235031769
0.573259246319037
0.597088135004277
0.661841541040445
0.53013284304741
0.725118180290811
0.633907462350318
0.409271597018573
0.458554716138196
0.411873014418377
0.822507178641251
0.694922705507698
0.395713854777615
0.248360358244746
0.63964011333089
0.863678977272727
0.521852538107893
0.707331597858627
0.883168902355205
0.268529896367913
0.195142799593719
0.344767686950147
0.697841176380743
0.544121828797043
0.711365431023949
0.740629887585533
0.565368926793133
0.585814966703324
0.251837798982771
0.521760514036535
0.227414429068915
0.395199999618157
0.58544292789284
0.892820814623045
1.16743856152248
2.37924348385569
2.06942852478922
0.578743117286779
0.565827290673876
1.50415214710105
1.69296214412268
0.294259597614247
0.581473454301075
0.394907135874878
0.4241823985826
0.403223362658847
0.56037312706195
1.58695194128788
0.79450138036107
0.427648727700391
0.344459835884042
0.4945174177511
0.364661801991691
0.294228210150904
0.339755277065005
0.301342854579057
18.151339198436
21.2803622540934
13.1305278592375
26.5925355781861
20.0043094758065
12.5963239247312
0.361050219941349
1.39566622945687
1.55773933895406
1.33648731518817
2.11150124289773
6.12109755888013
11.5161034392565
3.35968367202774
6.33694746418316
2.8103368997434
2.0786007759042
0.775233372663123
0.60140972476784
0.563796699352395
0.231465655165567
0.29393389540567
0.2481401877902
0.18981388036107
0.234092703751222
0.286822458455523
0.282765762463343
0.423962600424609
0.327823153409091
0.852546279325513
0.635058336006232
1.13819369348729
1.05532502443793
0.410675546416789
0.474913159442204
0.352844574780059
0.774732013303397
0.390641104212488
0.43183922134653
1.29789696358749
0.607915587961266
0.247262866187072
0.237890854105572
0.412169477028348
0.624915526866447
0.55619905264846
0.857134003848974
0.412008864476417
0.361804044095186
0.345253152110826
0.458559527355205
0.770487383919844
1.72740576124145
0.930297531769306
0.8877859142076
0.778644267778592
3.01746692288306
1.49673322183529
1.4983094681696
1.40730556573803
0.521411051670943
0.371017686950147
0.340231511180352
0.42980227234543
1.19176686217009
1.03672833424976
0.309943449108016
0.143489392412023
0.189530180840665
0.696016379139174
0.493296743264296
0.732421454973118
0.519403103616813
0.435643786656892
0.328142173371823
0.374748136608016
1.01720749900721
0.964732776988636
0.317316171416789
0.842649071358749
0.666248768557551
0.330012973103006
0.430447204530181
0.325258431085044
0.250043673249633
0.282734604105572
0.34574276026393
0.48154413336999
0.472661586250611
0.954030387035679
0.718195869990225
0.273479960899316
0.2995046642076
0.322366660557185
1.02015380620723
2.90512416567388
1.50126493004643
0.414716787328935
0.52923016709433
0.820478057413856
0.304516501328812
0.33064423532197
0.44407516762891
0.351035824474585
0.477066188599707
0.308358601768695
0.214478097507331
0.407116162252566
0.615513568777493
0.349498067876344
0.170172048738392
0.132766640701369
0.180715028943671
0.220312805474096
0.223396833760997
0.724749358504399
0.725121187301442
0.381629236543866
0.641093664085411
0.983467426915323
0.76679920423998
0.415343419706134
0.782230839137341
1.48563107129765
0.59552037512219
0.618691196236559
0.379064294660313
0.231038984222263
0.299846002871457
0.655681961372801
1.41502623258798
1.52150319984115
0.677322662741325
0.397291666666667
0.344147259515518
0.907475523888074
0.606447173982771
0.199835616752199
0.496578651942815
1.82467519512158
1.42232404692082
0.682436299104961
0.431150682734604
0.443708598713954
0.786440463098729
0.38052541544477
0.247769647711999
0.279319470537023
0.339244629383553
0.655154226234115
0.39699962388502
0.830772152599585
1.28084417766373
0.921459211571359
0.952192301670943
0.69692073519978
2.19772695770711
1.0087383538001
0.723137829912023
0.384114736070381
0.642718557169477
0.817646694388441
0.963757780043377
0.719737254093353
0.412339692922165
0.397946822687561
0.327723568853861
1.13177700963771
0.827669499938905
0.202315178625978
0.459749358504399
1.01192628146383
0.867275438355327
0.312842130987292
0.341230411473607
0.341725890456989
0.214000336021505
0.753445595063539
0.470671890273705
0.291320325864492
0.326585706485215
0.519967839305352
0.586281731121701
0.180049706363025
0.218484237536657
0.28411732305413
0.933470147543988
0.207075963770772
0.175387178870357
0.273775316165689
0.527327559872923
0.797815850668988
0.951059345979961
0.339530142656403
0.292477996319037
0.742534661763807
0.531514998778104
0.246416550204668
0.389642595307918
1.17602207814027
1.05316131323314
0.58304706592131
0.467374755620723
0.533505993019917
0.470491164161779
0.464116530730694
0.857455362597752
1.24409899460838
0.969874411962366
0.529355907869013
0.582658197397361
1.46233611314761
1.63561742997006
2.12689134286413
1.13349336357527
0.658043963450024
0.197438666529203
0.224393290261486
1.28091725279509
0.61034914734543
0.403772824642595
0.30386390365347
0.690422308391373
0.54866674876283
1.1404660675556
0.627450809124511
0.337677785923754
0.285232838083456
0.547366345537023
0.642404348423754
1.02780299211877
0.326844910801564
0.362328466749145
0.621973209921799
1.08124083577713
0.647390325253543
1.12416291506293
1.19013821748228
0.784753024193548
0.728129572565371
0.833052516724707
0.519440438278959
0.784841067555596
0.568405692509775
0.325817973713954
0.985677999755621
0.501672432490225
0.515163571832234
0.406031041895772
0.631112192998534
0.603101440310362
0.514846002871457
0.479970521749756
0.359662603861193
0.851381621151026
0.415269389968231
0.225607807536046
0.167507904142229
0.254723698680352
1.28855708356244
0.616574069831378
0.784760508308895
1.02752745448436
0.608764042262341
0.83163878260936
0.538319730190005
0.260806518435362
0.385141129032258
0.512894662985704
0.297057329850929
1.52911744715298
1.03794992515885
1.41810207989675
0.976195310590787
0.916241714015152
0.52321782594086
0.497835401011119
0.291909174914467
0.294056085043988
0.370947418362048
0.356819165062928
0.796197067066838
0.795954597003299
0.451017371929985
0.749103653088343
0.518508284075635
0.459907890014052
0.30798616202346
0.387171834906525
0.555663785664101
0.912142557123656
0.342045215893817
0.414146467192082
0.261904545072703
0.903368615591398
0.908745561079546
0.495871584417766
0.835452092115714
0.614191066410068
0.528567011470552
0.444729569510631
0.421864461143695
0.424921187683284
0.687118615591398
0.429772183146994
0.870059720185728
0.431690149987781
0.372276383415811
0.192805474095797
0.423032508171432
0.39592803030303
0.309761081072825
0.220562979212488
0.506216397849462
0.658206103372434
0.420137921554252
0.271302197886119
0.423948472247678
0.480500280654326
0.380610337243402
0.919991360810728
0.401384551793133
0.46715405058651
0.539564852150538
0.652417483809873
1.00738025415445
0.808731327895894
0.5706401877902
0.654664732633798
0.658731967482282
0.905145243386486
0.595214901026393
1.257300897712
0.65312423631476
0.712424242424242
0.695992447152981
0.974550609420821
1.08115735543438
0.301189812057063
0.327454627550709
0.458551709127566
0.677561973057185
0.662556503161657
0.382303417873289
0.359718037863514
0.272431573802542
0.943653689745235
0.530389393557551
0.586725842726662
0.513277269290689
0.454878640869379
0.37912350890457
0.490080941089321
0.237557390945748
0.284622281280547
0.644016029753177
0.590927257071725
0.503506689882698
0.454659663673021
0.346621418316227
0.637319426625122
0.602974468093231
0.294703040994624
0.27408995448436
0.629248142335655
1.01930653561828
1.29362597751711
1.49441742271505
1.48520039100684
0.95444257659763
0.244377663352273
0.249993040918255
0.337630198787268
0.33813137677175
0.596445350684262
1.14629520062011
1.47683311186461
1.2864851768695
1.21713082500916
0.64890625
0.513971736009286
0.325373585273094
1.42331980655853
2.59406226134836
2.02945992179863
1.20423998044966
0.7770355934598
0.772631315676931
1.75083562438905
0.671363483626588
0.733650482267229
1.53440630154875
0.458521037619135
1.96954163611926
1.62044972469147
0.739575849217986
0.710641715160679
0.803650635004277
1.03228195831806
0.560461724095797
0.656068691578079
0.660547247296554
0.680681808635753
0.756037227746212
0.467746670332356
0.595507697947214
0.511168963450024
0.549948680351906
0.503895978433529
0.635266373411535
0.454446471392351
0.318003421309873
0.257114148032747
0.306979233489125
1.16541937774927
0.517679532853739
1.00269602845491
1.42227409236009
0.880398185483871
0.427324571954423
1.33625595674487
1.21020524040811
1.45630586357527
2.79848987926136
2.26135901606794
0.817237970048265
2.18712479189577
0.604561186461388
0.348914870097141
0.203624516969086
0.415496051747312
1.34615285923754
1.07625480167094
0.248017931329423
0.348013196480938
0.556501548371823
0.526664184689638
1.08830430374817
1.21618397941105
0.609082575375733
0.943230961326979
0.698792909564394
1.01354823435973
0.992811574031647
0.296894846270161
0.302121278943671
0.297574067922165
0.434875280654326
0.429165129750122
0.461976073741447
0.346598460028715
0.887179710410557
0.546841617408969
0.210770625229106
0.212405761241447
0.191864613880743
0.166874961815738
0.177421760447214
0.199205223225196
0.186178175403226
0.358924731182796
0.646823136226173
0.581571043728617
0.5583021367913
0.379686421294599
0.268304580584066
0.46207660335716
0.524318029081134
0.649480989965176
1.26100913367546
0.898891577697336
0.416901270772239
0.370479966626955
1.44100981144611
1.55963770772239
1.45683635752688
0.456795338083456
0.204626548371823
0.414067378039467
0.510400619730572
0.311940438278959
0.597239573787268
0.54077892076002
0.196610831729594
0.37815478372434
1.23206683773216
0.462364894535068
0.184711622907502
0.266490704041422
0.572636814210655
0.477188263685239
1.1616379425556
1.55002688172043
0.907238580996456
0.331206279020039
0.274285037878788
0.336283869440371
0.240243835150904
0.103138354945626
0.448404203323558
0.483409234100073
0.644361520955523
0.690573642167644
0.253572214076246
0.277363443533113
0.568434101600684
0.458765875106916
0.356281377917278
0.247888563049853
0.297166947320992
0.4961509882087
0.551332134347507
0.315612084173387
0.34086952246762
0.36739151851173
0.33681572847935
0.639098994608382
0.865800609420821
0.424386455278592
0.412276536152859
0.566851783968719
0.547134500244379
0.545441324153837
0.727848383660191
0.426410135248656
0.451289778454912
0.411862771490103
1.30401988636364
1.53366412359482
0.763172186201735
0.776019023399316
0.351449130926197
0.412016701796188
0.498780394672532
0.55335028714565
0.677442255849829
0.525846993753055
0.449147116324536
0.475884003848974
0.743117668621701
0.55914738361437
0.665331048005254
0.533253671416789
0.36304435483871
0.513983649499023
0.522061950146628
0.432285089427542
0.755214710105083
0.658540740698314
0.544230959417766
0.664460800036657
0.391357488697458
0.648682709784335
0.768235648445137
0.379663825757576
0.31886843803458
0.382160312805474
0.494162848240469
0.471125815233993
0.951821694770283
1.01751710654936
0.38278553236498
1.0414461143695
0.901343475073314
0.760986748151882
0.654270823787268
0.898313630254154
0.783915223301564
0.477302014601662
0.332451391434506
0.343110709539956
0.504748289345064
1.15834791017534
0.662331225562072
0.48592803030303
0.707243401759531
0.654399962961266
1.06595735581623
0.906073703262463
0.218740520756965
0.260637677174976
0.301229227761486
0.713188758171432
0.387474301991691
0.346996578690127
0.353348874327957
0.582109059979839
1.13742653347996
0.578941293606427
0.290005956744868
0.536472041483382
0.837196349202713
1.00259985184506
0.720218070320137
0.636382031631843
0.775592304725684
0.597896772666178
1.50142041636119
1.4781060224218
1.12882148093842
3.33068807085472
0.578410379627933
0.305561728677908
1.85705201269245
0.557780997983871
0.494779743630865
0.494367735444159
0.736162290750244
0.471846963205645
0.994043016480327
0.570505521444281
0.663423715481427
0.308284371563416
0.74218565760936
0.642708600623167
0.306294561033724
0.224045546187683
0.286133604823436
1.12572419316654
0.586999394779448
0.566503839427542
0.599956279020039
0.938875244379277
0.393443676304374
0.463848047638685
0.395645609955401
0.655732059124511
0.661796034946237
0.44393080248045
0.217919988697458
0.41817149888502
0.487122281280547
0.707684468169599
0.715139868951613
0.883478089870479
1.07783220307918
1.71060957355816
0.914190636837121
0.679983962609971
1.01112414467253
1.56245310018023
2.66881319495357
7.85406806535618
1.17385438622617
0.775951819098241
0.747520457218353
0.861582012157869
1.55479180985765
1.39110444159335
0.334066003406036
0.538523634148949
0.561799232878177
0.513539681085044
0.456405753604594
0.290118485764907
0.71901744257087
1.40212410457906
0.81002503932979
0.364748661641618
0.622442418132942
0.844012850913368
1.02705629887586
0.447950727028348
0.329474240896872
0.520869990224829
0.61199886019978
0.591763110566349
0.338579994119624
0.499425088205645
0.518952137936828
0.752876945488148
0.826913146077713
0.718132904142229
0.60726871792522
0.465884652981427
0.41240766090848
0.516768074520406
0.992775193976051
0.556269512157869
0.489675853800098
0.295761088709677
0.472421645894428
0.560878381216398
1.34096774193548
0.664506353861193
0.863782905287757
1.31345872090359
1.34582415956439
1.09198615438661
1.36097839534457
1.09113612498473
0.81595915047654
0.547936827956989
0.450862506109482
0.446205085761852
0.676739331317204
0.754545674104961
0.86939298478739
0.395555571465665
0.454161626344086
0.60784914734543
1.27053625977517
1.76465771627566
1.31691202918805
0.598403200986681
0.420662105556574
0.366782708638807
0.38914894916911
0.296384064943793
0.280323640258431
0.600736650782014
0.955952840527248
0.462703903958944
0.377858464305352
0.239632352379643
0.358557236299487
0.482375586128421
0.411653216260386
0.297409570121579
0.853284457478006
0.890761088709677
0.498581989247312
0.136489940356183
0.419308397101051
0.98505848874328
0.781917002688172
0.599116253894795
0.223130154875367
0.215261858122556
0.293712999450147
0.878873258797654
0.343871416407014
0.448850806451613
0.297589570732527
0.545602967680841
0.624977853128055
1.1699660541911
1.17756803480877
0.698586227700391
1.85012570259042
9.34155088243829
8.14574450719392
1.2468571297654
1.14525659824047
1.01875105961327
0.542997989598607
0.749151459784335
0.525691583806818
1.6797393446817
1.61459184842375
0.386612282731549
0.539959896978861
0.534167344437317
0.265315010615225
0.309259750351295
0.476939760508309
0.570300347858626
0.815188467971041
0.764387973103006
1.33719391495601
2.25003406036168
1.12052354441593
0.718901352868402
0.848846529814272
0.803734688110948
1.39291703896322
0.885308442922165
0.493206017457845
0.59261390365347
0.778519815722752
0.620981755559629
0.310377527798143
0.537634408602151
0.683853622540934
1.24339670966215
1.11004826490714
0.627286435422776
0.377701460166178
0.960805840664712
0.610933366553641
0.462001303992546
0.469346352257454
0.904429030730694
0.90192363720369
0.723946944877199
0.875011903943671
0.857927806925098
0.330965594070748
0.382130672272116
0.422061950146628
0.583346688278959
0.648811161641618
0.264625173738392
0.36744034663673
0.811567072565371
0.545984199352395
0.630261485826002
0.580272330156403
0.649144815722752
0.361369583562439
0.357135263929619
0.569674975562072
0.887546346147972
0.97435131621151
0.86474397452346
0.776172409579668
0.527897727272727
0.493159480388563
0.465314094192937
0.786444195610337
0.974174876282991
0.92623288390457
1.11614640609726
1.19579652370479
0.733998617729717
0.228425653332722
0.265982318777493
0.929154104044477
0.454854432047287
0.429460990957967
0.357762554985337
0.476313758171432
0.598725705263319
0.628548234359726
0.952040786519428
1.24652721774194
0.459761577468231
1.30689240247739
1.33526820625611
0.69967493737781
0.440747638303397
0.550145062011241
0.707681594803886
1.41575336594269
0.862467619745846
0.761314149560117
0.925824627321603
1.82889111948619
0.707719597690616
0.474083339060973
0.438989482145039
0.552475218413979
1.24419751000428
2.10300525415445
3.72646153126527
3.45355494524377
1.29542751099707
0.781495601173021
0.616126588465298
0.282246981534091
0.267480411473607
0.407088516846896
0.55639455606977
0.605693426197458
0.399231264891862
0.436548591382576
0.453239085028715
0.987289442433407
1.13657348752138
0.86189298478739
0.590444302526271
0.633675531143084
1.02997296554252
0.951802058513563
0.569583180596285
0.646562652737048
0.638753016556696
0.904850842726662
1.1387014200727
0.728447112887952
0.329036983366935
0.60314385347935
0.736575091260386
0.687998676915323
0.396661158586877
0.649230424838099
0.896454199886975
0.626480938416422
1.02166326826735
0.573804059368891
0.685043988269795
0.616526444510631
1.01779271100623
1.00989247311828
1.46082932398583
0.560916078629032
0.50013042789284
0.937325717482283
0.626961134148949
1.23013363537085
1.09116819976478
1.19950146627566
1.43102379643206
0.76486183979411
0.964129857038123
0.941213190371456
0.498623447809751
0.695954138792155
0.510130399254643
0.398157227517107
0.333356396627566
0.710681169049365
0.592223383660191
0.631802908113392
0.573325228723729
0.701763043743891
0.898111015014052
0.441600531524927
0.595083690356183
1.15933880131965
0.855678066578079
0.320795416361193
0.358553417873289
0.413215382148094
0.702033607878177
0.338502174593719
0.337166269550342
0.579519145588954
0.659949749511241
0.716048234359726
0.647486406402737
1.04939637364064
3.80486555321359
2.60805144756537
0.929553310957356
0.832013685239492
1.19991361765335
1.3741457416911
1.12588998923204
0.832906738758553
1.65294689905609
1.156744257087
0.669216602135264
0.544139135813783
4.23631414956012
3.71332652698864
1.92519000488759
1.48249782349707
0.733993004643206
0.431231671554252
0.567868544950513
0.578940300815616
0.851405753604594
0.615089188889907
0.893061728677908
0.733926220369013
0.428252984100073
0.220506008293622
0.401717833577713
0.981268328445748
1.16912534174914
1.10974041384103
1.08631635470125
0.967657471896383
2.05464041880499
1.83795942349401
0.923071990698314
0.395543428870357
0.341670781020894
0.276918033663245
0.315546760447214
0.516764074718964
0.798316064500855
1.07572633148522
0.376184590359238
0.244482059124511
0.588409463205645
0.566403004337732
1.2063053576338
1.75749251588465
1.41983457623106
0.999197786840176
0.867123417262341
0.549602950497923
0.548703329285802
0.625537472125489
2.31012958783908
2.56780317349401
1.10399586846285
0.670343266969086
1.16822663695931
0.471628549227151
0.241942471590909
1.45391602517107
1.54179359115347
1.07989941310789
2.22681618669049
1.30089916300098
0.496343847369868
1.43901389143451
1.31460394328873
0.761492202773705
0.660623014418377
0.64713587487781
0.471845063538612
1.14968855961327
0.836123982389418
0.357855409564394
1.64003489086938
3.98437071381659
3.78781852356733
0.338416269550342
0.934999914085411
0.852042924838099
0.489970674486804
0.827658808345552
1.32594436362109
1.1193522326338
0.924510010004277
0.60098179374389
0.633322555825391
1.03642586716459
0.87437790200391
0.299211533174487
0.384286861177297
0.383644830996457
0.512357715893817
0.387450350913368
0.571605839137341
0.651517280287757
0.943139013624145
0.880488758553275
1.06587570831806
1.12657009866813
0.969340023216031
1.33497975279509
1.00885493035191
0.54915918255132
0.499298392824414
0.681169202101662
0.734200727028348
0.863665078201369
0.47051747311828
0.726756542873289
0.687434237154814
0.418398847980816
0.757727119990225
1.14134797127016
1.34848781731122
0.67586903561828
0.636321318655303
0.405393517457845
0.366218297516496
1.17352501832845
2.33435972629521
0.710251013792155
0.465344488865469
0.737538757025904
0.833351012646628
0.471688317143206
0.52688224546371
0.475973689134286
0.705467824031647
1.01439484627016
0.515733510126466
0.519227417827468
0.711576084051197
0.620081093826369
1.1727422314119
1.20402018229167
2.50237062217436
1.66714365492119
0.268803610703812
0.504364881170577
0.58734355907869
0.585002443792766
0.415682085471652
0.710078774132454
0.930478372434018
0.508550439500855
0.556879123900293
0.65002175548326
0.59367786992913
0.921068615209555
2.44569356938844
3.87737475562072
1.9005956744868
2.27481533136303
3.79557184750733
1.48837120257515
1.15372097041483
2.72573419744318
0.971577430046432
0.317644031036168
0.537970420561461
1.00962105938416
1.01219161435423
0.477278684017595
0.82207950536107
0.631347436690494
0.865351257025904
1.03884010531219
1.35409579667644
0.692979861620235
0.623917247067449
0.667083295149071
0.977083705629888
1.00869966359665
0.940938406876222
0.962608433757942
1.4249896807032
4.89554359115347
3.35959784335288
1.09841289978922
0.568387058589932
0.531986650782014
0.397595680214443
0.507187032242791
0.662218352883675
0.483633070243768
0.436035547638685
0.429959333760997
0.685215015579179
0.95017433979411
2.41031218497984
1.76603357160313
2.09826028684018
1.64468306107955
1.78515422623412
2.74880681818182
0.632314720414834
0.473027391480327
0.749835616752199
0.817391623518451
0.76592279905914
2.64869332500916
2.39156402737048
1.29523811705767
0.866744524376833
0.731160801564027
0.665738015869379
0.852345430107527
0.837399184002322
1.71211475898094
1.89605876366997
0.470148727700391
0.636085311278104
0.726684298249633
1.24636837121212
3.43065561423204
3.00945732526882
0.65179793461327
0.467175500595674
0.689138830339687
1.05692440088893
0.56450176220369
0.975547323665078
0.812938727624023
1.92508308895406
0.971459774789223
0.539520978433529
0.644847110215054
0.864451893557551
0.691967520466764
2.02862170087977
2.06321542033236
0.729207867485337
0.557503121563416
0.413750219559506
0.357678845537023
1.16475072359176
1.57660297531769
1.61117331645589
0.879331469941349
1.57611864613881
1.19350283327224
1.02874403370907
1.30521749755621
1.87987643572825
5.42187384492608
3.74956069006598
0.866762728723729
0.734805861666056
0.677299876282991
0.502919072275171
0.860964983122556
0.542590945365958
1.31235337243402
1.00426987872678
0.600840807902615
0.46230845819587
0.802860068044355
2.71717436461388
3.73476967253177
10.8338196480938
3.13901358596041
12.0728697668469
6.32034983466215
0.884045918484238
0.71799630949108
0.603340664711633
4.41694953567937
1.86913230083089
0.650692423860582
0.566710950864492
0.800095307917889
1.26670332355816
1.41660105655853
0.523404575620112
0.707127588892962
1.27217986314761
0.584182923616202
1.00630926197458
0.897668230312195
0.442258513181207
0.837839076246334
0.860133559002322
0.719635531219453
0.627627984100073
0.722458675082478
0.634067607145039
0.671545546187683
1.5147048738392
1.0314607771261
1.52911113720369
1.25256842619746
0.45279248190066
0.754681963282014
0.544512148322947
1.03799753138746
0.606403309811828
0.86647509622434
0.924803885630499
0.880739820075758
0.835229563782991
2.56758521772666
3.87789952193304
2.13039771772666
4.35249242997006
2.25819463854778
1.35184642862598
1.03013340626527
1.76398352540017
1.63896001344086
0.648204260981794
0.869656102990591
0.847773007927053
1.3242008797654
0.34312190707478
1.08427110062317
1.84140422623412
2.77094199619685
1.7849262184598
4.1149427904295
7.36867359329179
2.57720369012708
0.574217375366569
1.07040818021444
0.307619134897361
0.504506267946603
0.787463610398338
0.646384628161657
0.988197540551686
0.923156005620723
0.908025558635753
0.886429618768328
0.789348261470552
1.155948869364
1.5284109142076
2.00074837335044
0.470932917888563
0.427022849462366
0.350367246685606
0.35085134675892
0.861306044950513
0.612371548142718
0.680174082050342
1.30454652370479
1.07555168621701
0.811182642961877
0.666160763379765
0.480227645023827
0.37394075902676
0.882116162252566
1.16987176770222
0.732959394855816
0.598862328552664
0.463204948298509
1.27477761485826
0.65069761692021
0.556106493997434
0.453445709616325
0.621066400522361
0.573629175449047
0.486534997785313
0.556609227990591
0.69972704934934
0.571705614613881
0.762822542460899
0.94560449505132
0.717564369119624
0.637209761424731
0.889315127077224
0.721820587426686
0.498070692433407
0.450474620830279
0.696008207707111
0.860468597262952
0.63579468131415
1.84125122189638
1.55902331340115
1.65569877199413
1.77397570717253
1.30667487628299
1.09474523460411
0.437489909808773
0.847814552404081
0.840980104090298
2.0029348328293
3.78882826819098
3.76642457844575
1.58317821931513
0.363544482755987
1.68804442166117
1.45224140663184
1.30658659426931
0.673755154875367
0.769143297898338
1.06741002833272
1.06250006682246
0.855448426426564
1.46460620570626
2.54906582203079
3.12928281364553
2.92218902737048
1.7370375026729
1.2555596285435
0.539403981854839
1.20117919683223
0.790873923203812
0.707074130926197
1.05396440463099
0.819564393939394
0.531507199642595
0.407521383186706
0.694615675403226
1.23497311827957
1.16034357244318
0.431000084005376
0.387658502871457
1.16192021016618
1.46892900782014
1.03961837693976
1.44210899315738
0.402223230923143
0.282061301014174
0.456746462228128
0.332333822091887
0.446667735826002
0.864347345048265
0.841216856060606
1.09235015540995
2.07348908693793
1.34442017198192
0.588924731182796
1.30204205614614
1.97011669110459
1.74034640762463
0.726997332829301
0.621972140762463
1.09312893297898
1.17496971988025
1.47106976073741
0.660909997785313
1.8371644271597
1.12450742302053
0.360916641846896
0.53643080248045
0.641414803274682
0.605362129994501
0.626703323558162
0.425872090359238
0.589543993997434
1.16448557207661
1.30483286748534
0.546552877565982
1.30160251710655
1.2431030058651
2.23268205301503
2.87659708539528
2.10818822359176
0.884007199642595
1.14448228823008
1.56621852662207
1.23905210433468
0.969225079041422
0.273314966703324
0.40140654592803
0.799737893679741
0.719566980923143
0.437592864125122
0.586136363636364
0.641947769657258
1.13284685628971
0.533461852013074
0.77187025560545
0.783326269244868
0.982521068166544
2.99030241935484
2.81934716367302
1.10573916139724
1.1771395023827
1.65508330851356
1.67286732305413
1.8686800082478
1.09800949260753
0.910324480312194
1.62001892984787
3.40707351997801
2.30066333699902
0.738878566410068
0.625083690356183
1.32532440394367
1.51199764784946
0.41631643106977
0.610704385080645
0.81581374480694
0.664022750183284
0.730191684995112
1.00921050219941
0.658752405608504
1.15206802144428
1.89392224920577
0.960807520772239
0.200748554725684
0.468341953430474
0.624702764158724
0.472498463083455
0.493665078201369
0.961646963587488
0.832564416849951
0.332438294232649
1.41658356816654
2.28092524285191
1.06406065760936
2.35901537107466
2.39759636753116
1.8300073313783
1.93476851745784
4.41648222713526
6.32922935567876
2.58889394512158
0.445163877306329
1.14413718841642
0.769426310102028
0.972552531998412
0.922950946587854
0.445197784930963
0.441667544904692
0.701430067433407
0.949347726890885
1.18658602150538
1.43316700268817
1.51319448581073
1.57930289856733
4.597276994364
1.2973732950727
1.78556142320381
1.16861138158297
1.76081629360643
3.02188660801564
2.38672394305963
1.36730632942326
0.87663424822825
1.91063477517107
2.86118240431024
1.32618293888991
1.09284792544905
1.44829949253116
1.44279413336999
1.17105800953079
0.875082773933895
1.05322030791789
0.765172554679863
0.340891029753177
0.790193632392473
1.31984526782441
0.81388864705523
0.593971010508309
2.22041418468964
3.51920805840665
1.70996661740897
1.73133796699352
1.01897016090848
1.61454498678825
1.07203472476784
0.71150574864064
0.278198924731183
0.742466856060606
1.76240865369929
1.84714556413429
1.45657869012708
0.95010752688172
0.75657487170088
0.652480411473607
0.929676646123534
1.66795317082111
1.77474519641984
1.27196832233627
2.61874609565921
0.5949552384989
0.445406118264296
0.666297109833211
1.24199779104044
1.22154382789589
0.948258940844941
0.970713587487781
0.747850035129521
1.73238207745296
1.14727272727273
0.595857122128543
2.3929896367913
1.17214011333089
1.70363811056635
1.28850538207173
0.946180313721896
1.05776453102089
0.802411985276149
0.608719290307307
2.53977974363087
0.582366164161779
1.22140310934445
0.552293260859604
0.556891715160679
0.941287878787879
1.58118973568854
1.62702711655364
3.71824473629949
13.7120780543591
30.574443798494
48.404369463282
66.1499326429619
33.2965663184262
20.9523622980053
7.55059497762402
19.6845536641618
38.822614848714
4.53040043835533
4.82310224217986
5.82253039467253
10.362822418362
9.81246180619196
5.53237054580584
18.2246279325513
148.132451124145
109.927584921799
4.32501206622678
16.6683437099065
136.320857914452
94.7291921737537
26.7444020249114
110.736646963587
237.892940951857
64.3379850069495
89.576285425449
411.765276415872
286.238463684858
145.219373081241
141.202554336205
178.057219231122
37.805483326842
17.2264487013533
463.211838333562
254.896676441838
224.621358099646
120.328415878162
5.20120638402676
202.177008148522
121.044768717925
96.4097915807521
403.605076635814
186.934205757805
200.541021352639
166.283062521001
16.1324578063905
150.265321969697
173.970736183025
117.94394885409
49.7251609466642
68.3389292273796
51.6026001859574
135.765682343215
133.008868180291
71.4157500916422
28.5856085043988
4.55566279287329
5.00065092711388
7.52430977173448
92.9351124144673
35.213037548494
36.7065086983749
34.9584761424731
14.6456596713099
9.42091343436889
1.83185658563966
0.577422781876222
0.673379612658846
0.649927516724707
0.432116467726662
0.292832575375733
1.53888103884103
0.777296554252199
0.464977662206745
0.649289152233016
0.810871889891862
1.43643946076185
4.11369608382209
1.01294778684018
0.85579285801564
1.4492515884653
0.520707162985704
0.512566736543866
1.39119119623656
1.90795236895161
5.07047348484848
2.72134557520772
2.01481289711632
2.94892560942082
29.4042206973974
10.2149837716887
32.819746828797
29.5629585070717
4.02940843986742
16.5866284442204
11.4101090160679
1.13655879612659
3.8762461815738
6.66553484695748
27.9534255865103
7.81207340542522
10.023722163673
6.23004481877749
44.4874621880346
36.934637364064
0.938606427174976
3.02025101379216
13.6879448371059
119.578759154677
21.4129634710258
59.9296288394275
18.5979665257667
38.3253899281372
11.3815404676808
48.0401522692907
9.58135626680107
43.6611314378666
8.19146409915689
6.05238070281953
5.82641868852334
40.5965685235673
13.7912889479472
8.47632663581378
7.28975958234054
36.9247178851265
16.5386826429619
4.99638409358199
3.52750892557124
0.733018761837121
5.48974336357527
10.4107736799701
4.13946660404448
3.0547265625
81.8049492531158
114.391439613499
22.7764243875244
20.0091164161779
3.35442172799059
36.4631647116325
15.3010722045302
82.8890883125611
41.0885297149927
2.79116163207173
4.18883431085044
10.0932010248656
18.7378076792369
4.45948401606794
25.0900689989614
205.254287013914
34.2733597472966
163.776964265258
72.7729895126924
11.5795360516709
25.6992921783358
7.18300277217742
12.9345147448528
3.50589041880499
0.551527513669966
1.02284396383187
2.37577769886364
6.58077250580401
2.76639089038062
16.1354310907716
7.03161763807429
3.73138669965787
1.83570732526882
13.6586904230053
15.3949879242272
11.2032071343475
26.2048935327315
10.8070310113484
31.1407791021353
47.2262357859085
20.4045323859818
107.368763202209
30.4868845365194
1.93390310934445
0.793341418850806
1.90963369837488
1.51570866171799
0.533133009148949
1.03240674448619
1.50853551900049
3.99582840756354
0.602209188660802
12.7418273460411
9.02091382575758
4.2012454083425
8.35923322183529
2.38159759133675
0.263681640625
0.696864461143695
3.53673322183529
19.1789546580981
4.55505158693793
11.7761399434109
4.26786358099646
0.373284906143084
0.388785282258065
0.240808857221408
0.713245204056696
2.44565095575208
5.18034117638074
0.87822091886608
0.529523450864492
1.35685307268756
7.09458553847446
12.0882816700269
7.27806879276637
4.93455827491141
1.55036989094575
0.817261577468231
3.82560559284885
3.29850161137586
1.41078620440799
0.603503625595674
0.323691196236559
0.501109243264296
0.283572786840176
0.273809834738514
11.7170751523552
18.5017533353953
4.26457168713343
17.2584122124725
6.01902003910068
1.15487283686156
0.556131743340665
1.16221956523399
0.704822280898705
5.63690184353617
4.05782516762891
1.15171919866508
0.75261970766129
0.420627100134409
0.567511292995479
0.698150803015029
1.46076100279509
1.26017958058407
0.325349309628543
0.274848752138319
0.359872607755987
0.3708539528348
0.328404203323558
0.573275560544966
0.50844968077957
0.39206954881476
0.939306869730572
9.53321647994563
2.9268204728739
12.6713940978586
25.9428376156983
15.0010229945626
21.3330598958333
16.3177507846866
3.20060418957722
0.625951208150049
0.829974951124145
1.40745035091337
0.27519075902676
0.725280262936828
0.525690820121579
0.574330849447092
0.253143290261486
0.838490805229717
3.42143633919844
0.566495057047287
0.277233626588465
0.327267686950147
0.575902332294721
3.44512646627566
1.76858037596224
1.66238581951063
0.932839534457478
1.4000320365958
0.852447372540934
1.57825784304741
0.803305983855694
0.430695020390396
0.38965220819587
0.35232953590848
0.409238443533113
0.477688086128421
0.998297354212488
2.08590175953079
2.5665939256476
17.1957202697336
26.2060208944282
16.1999802969208
13.4201948924731
2.76495383522727
0.213926019901637
0.263938133858749
0.230825610566349
0.221474208440249
0.246651392961877
0.368485917644184
0.565430680290811
0.666116813294233
0.461057818609482
0.191534663673021
0.343489697886119
0.6522208634989
0.711344353311339
0.397573161045943
0.609370990652493
0.399505704728739
0.491923112170088
0.432923835761852
0.444753472858627
0.340042613636364
0.720290467680841
1.19267479800525
0.82173470147544
1.07823404470613
0.352215565432551
0.27486222163673
0.303761569831378
0.639357349324902
0.739995990652493
1.6881030058651
2.44984111528592
1.18315530875794
0.601485510981794
0.423099301991691
0.60998906975501
0.642749534152004
0.839254939134286
1.05787328934506
0.438662901698436
0.422263553503788
0.25848980289284
0.444479615331745
0.349349798387097
0.985533014112903
0.464865553213587
0.538605653943671
0.457252403699291
0.441300240942693
0.290927333440249
0.34765334799609
0.411002174593719
0.644974187438905
0.787856402355205
0.679537579041422
0.431837693976051
0.348226875610948
0.453238779554619
0.322572005972019
0.342810733977884
0.257462732160313
1.2833759469697
1.76544095185728
0.353986045561461
0.592129450375733
0.21755433620479
0.253994751573192
0.639725684261975
1.36996180619196
0.999438996823069
0.738190361910435
0.549712510691593
0.406035557184751
0.423090548249633
0.676649550571237
0.44887570259042
0.313087035297532
0.468745484711022
0.640420905119746
0.441967100439883
0.496570098668133
0.413751365087366
0.983129123900293
0.413624144672532
0.554882545210166
1.491962890625
0.807528399544844
0.37493820831806
0.449177014601662
0.437118300571237
0.307748923203812
0.275136241446725
0.303965578797043
0.326324220659213
0.59456789734543
0.641824558589932
0.737896467192082
0.422801722492058
0.549013891434506
0.644103118508676
0.406589534457478
0.42877542117241
0.494503910068426
0.831782594086022
0.992340609344453
0.605536985276149
1.02128161656891
0.46337532647544
0.458182037741325
0.962076574718964
0.830729768068793
0.390960095537023
0.329064294660313
0.337448680351906
0.509198283235582
1.35513196480938
0.58431572847935
0.419739583333333
0.600927992118768
0.711175760248656
0.354768441089321
0.364251588465298
0.462783317677786
0.666968742363148
0.364163296905547
1.01973651904631
1.15589305351906
0.379877657624633
1.05728002046676
0.483107893450635
0.279039245784457
0.261934872922776
0.492198153409091
0.660158684246701
0.306288174715909
0.586790297760875
0.377247057902615
0.480476386852395
0.944865591397849
0.575946816959922
0.848299950742302
0.795085828674853
0.727162412939883
0.878786189134286
0.814577214305352
0.658553274682307
0.298624898811706
0.702441348973607
0.882139760126466
0.401748600546799
0.826338587487781
0.820123020146017
0.863134154676808
0.690697664650538
0.694857305413001
0.953737007804863
0.853328741675831
1.17826993791239
1.44281073397788
1.8111412512219
0.9222026877902
0.459246156754032
0.475470277370479
0.36462117393695
0.381431413428641
0.392893412451124
0.501164915918255
0.337391623518451
0.522824413489736
0.751693462472507
0.771500173738392
0.77712861032197
0.314533531509653
0.510016638792155
0.278943813767717
0.479693218093231
0.598769512157869
0.71154199505132
0.482484105800953
0.427095924593719
0.650664320243768
0.574955400782014
0.899507423020528
2.00266998678825
1.07047744646566
1.00204407991202
0.91220857771261
1.04701150873656
0.491447298081623
0.72818166544477
0.689566494073803
0.382389332462732
0.71906859993585
0.322234695747801
0.314141274132454
0.363224546370968
0.428085135630499
0.378778103616813
0.365769326964198
0.286228301793133
0.472674416162634
0.430944974569282
1.12124373778104
3.06430717520467
3.69196099095797
2.81220292644184
3.0246685224218
1.17929304702774
0.287369868035191
0.29451955606977
0.26437190707478
0.276217008797654
0.609613183880132
2.08225248006782
2.08135293522422
0.671569516358138
0.633826368523949
0.720971092604472
0.426536992913001
0.348580605067815
0.364390120967742
0.307718566715543
0.423583354334677
1.61266853578629
1.2456532468078
1.09443361284213
1.06997333783908
0.834740031998412
1.6646376218078
0.688108723958333
1.08115102639296
0.346304641678886
0.805840053763441
0.492167558269184
0.372576969926075
0.174012554985337
0.679697723836144
0.523933198542889
0.55459371945259
0.867408625061095
0.42217008797654
1.46782348752138
0.426070648521505
0.345780753604594
0.555845819586999
0.701100460884042
1.14322821206012
0.876934328797043
0.891284480388563
0.323996355312195
0.289882697947214
0.719491538367546
1.01846468719453
1.04328384652981
0.903800975989736
0.82914130277065
1.66483816555169
1.6063321629857
0.451515065600562
0.237628910068426
0.254271434735459
0.608285517091276
0.784650499450147
0.484077315493646
0.423613720369013
0.462290053381598
1.64203961235337
1.71573035037879
0.842935061934873
0.539822586372801
0.730698304236926
0.396042239430596
0.722049387524438
0.495818584662146
0.384505399254643
1.61093932329851
1.50638172615775
0.54931814363392
0.346851774422654
0.3646554920424
0.393500580400782
0.65072149163001
0.578117935911535
0.652307847247678
0.542651476967253
0.519396230449658
1.51803015029326
0.831446725317693
0.990022213694404
0.276690713205645
0.495693111177297
0.390109817937439
0.428369952040567
0.599326582355816
0.963420966214565
1.11734466642229
0.57396725890457
0.612008559002322
0.574188574886975
0.985786051670943
0.453838196099096
0.271706645588954
0.725180602013074
0.67019241049609
0.547702834799609
0.985462783709066
0.790492271505376
0.453343108504399
0.203501563645528
0.328202580874267
0.539990224828935
0.617009866813294
0.722111436950147
0.47640701368524
0.348686308651026
0.467739491691105
1.00328284419294
1.68733565493646
1.17953995601173
0.470466611681329
0.832820356411901
1.45502923959861
0.285234451368524
0.259559114965176
0.312029837182307
0.258186553030303
0.526634353234971
0.820818632392473
0.426358137829912
0.45935750206195
0.451505032685728
0.35922561362109
0.89185750206195
0.601417361620235
0.229105027721774
0.259111671783358
0.3485381441685
0.407261577468231
1.21802404081134
0.591219299853372
0.452033808345552
0.493463923509286
2.8178957416911
0.58849889074719
0.879716892335655
0.62995475164956
0.73661103219697
0.585259614797165
0.821775787741325
0.855393211983749
0.405776782441349
1.22898338220919
0.884212630972019
0.798068792766373
0.493343328063905
0.338514699031647
0.783372090359237
0.749985862277004
1.05773643695015
0.843586876832845
1.10259430558101
1.44236672737964
1.22948045538551
1.06634618615591
0.604662670683651
1.67090172134653
1.80495078048631
1.47802159701857
0.783743422760875
1.57251573191593
2.88030447175892
2.17091427442265
1.02209123747556
0.741820768801931
0.316182557047287
0.393655761241447
0.431612750488759
0.320880977746212
0.340338990331745
0.294742752627077
0.415720269733627
0.180991406631843
0.236221743646139
0.381737383919844
1.21787752779814
1.32041604617241
1.0220234222263
1.42337845758492
0.489021871945259
0.545446669950513
0.682029417155425
1.11314171516068
0.546142692677786
0.379156891495601
0.705229563782991
2.27334154294966
2.5377626218078
0.401620530532136
0.645704996028837
0.612822580645161
0.377819592726662
0.818972041483382
0.575697540551686
0.379714906754032
0.669062652737048
0.250227845491202
1.66109442777065
1.13037172379032
0.502425912985704
1.18842061301014
1.25451237742852
1.232863514174
2.45074366714015
3.72122189638319
0.415620112414467
0.767067362765762
0.337885956973974
0.240674754093353
0.23519656303458
0.354525293255132
0.791050210395283
0.556702244852762
0.676723169828324
0.231984206989247
0.34605816226784
0.441698435972629
0.504691738453079
0.988142106549365
1.39815217764846
0.684459072198803
0.595361643145161
0.855898361131476
0.585721988025415
0.269321685224218
0.40896367913001
0.523684848103006
0.884613269794721
0.656216006460777
1.12988536129949
1.7062315188172
1.08568269641984
0.686684842375367
0.935813782991202
0.353468620173509
0.460641791529203
0.516400293255132
0.665380763914345
0.777315340909091
1.2609838938783
1.41878722965543
0.740564516129032
0.703671941822459
0.482925974080523
0.496413390456989
0.430264807856794
1.21881918033663
0.725782891923265
0.661520487765762
0.895643548005254
0.911284060361681
2.0746720640121
1.32808642434934
0.750451022956378
0.59423470147544
0.563339891480327
0.788170658831256
0.327641701796188
0.417016195854716
0.26344398177847
0.562454551182185
1.32240576124145
1.46009285457906
0.517858464305352
0.743181169049365
0.696196809323069
0.929614949902248
0.298772901011119
0.526861520955523
0.428716006460777
0.330804380116691
0.27893080248045
0.515749471147972
0.487876344086021
0.586333843093231
0.537267524667033
0.51684627588893
0.714361091382576
0.834687719559506
0.752942326490714
1.64153438683712
0.636328048631476
0.440786748533724
1.2812166651393
0.601866819021872
1.04720467337182
1.291993791239
1.12538424822825
0.599269983733504
1.04206873739919
0.508712035297532
0.302999602883675
0.482387881460777
0.459749348958333
0.761066324153837
0.760317148933895
0.518264296187683
0.536965181680718
0.441000189012097
0.867916504383553
0.408696379750122
0.445152040185117
0.367059162695503
0.601609199352395
1.00056985237964
0.462801646123534
0.280134628161657
0.884837401866447
1.15899078040995
0.71849522505804
0.4080802384989
0.487316371884164
0.673096285434995
1.13016861215481
0.707367643801931
0.475639624572336
0.462133192433407
0.58131903714565
0.842807574230205
0.290611549593719
0.287098568853861
0.739234014158724
0.721910893206256
1.08814675548326
1.83819410396811
0.7277498396261
0.892412023460411
0.491218077956989
0.751105272101051
0.260638736788245
0.46502137364064
0.535405201842009
0.236945106304985
1.25055236398766
0.423400680825391
0.533661250229106
0.772614247311828
1.33422087877261
2.49479773796432
0.990965670439272
0.57310788390457
0.325320356411901
0.598357733076735
0.809475949642595
0.398026293682796
0.669821211739369
0.614440209173387
0.425493178381598
0.78072091886608
0.834779438156769
0.279811789772727
0.378225653714565
0.650329262891007
1.26817047745601
0.804316310789345
0.353567593780547
0.307727874129399
0.269767190554741
0.233453680581012
1.45272326337977
1.58793526240225
1.02144404287329
1.72982511608016
0.860438574886975
0.633157599813661
1.12577948397788
0.864921178137219
0.868956949153837
0.437789436705767
0.643958333333333
1.00766425914895
0.53668345819587
0.250514561568304
0.260590748717009
0.614046920821114
0.374584555229717
0.297130376344086
0.309583180596285
0.387536952819526
0.606578079178886
0.691769878726784
0.658678786351417
0.328398361131476
0.504178274682307
0.571240749862537
0.562025971025782
0.970145243386486
0.907589771199902
1.18085020123106
2.4706718902737
2.43448187774927
2.12546370967742
0.774422653958944
0.339317532685728
0.456333461250611
1.06357492515885
0.388856304985337
0.259674966016007
0.230089045698925
0.821622678396872
0.553894794721408
0.752362994868035
0.370961317433407
0.996746968169599
1.37121295171982
1.40569295844025
0.771602975317693
0.350398910984848
0.695333491798021
3.68764043216948
3.22081007911779
1.5601269244868
0.568013196480938
0.530026728983382
1.63366682513135
0.858296027309384
0.992550699153837
1.17432001466276
0.954258528454912
0.975488109420821
1.18484534419294
0.889814539039589
0.625061094819159
0.706320173127444
1.07360687584005
0.475441553259409
0.426234487643573
0.779435445686706
0.629220277370479
0.469186217008798
0.509917483809873
0.662526538062072
0.30166604617241
0.811003549227151
0.76769075902676
0.490566959921799
0.670202901622067
0.61337784663673
0.713237786763807
0.735502724447092
2.16516914673448
1.0352546794813
0.480048875855327
0.521609084799609
0.541757382927053
0.743589845659213
0.742696076185239
0.614485953919233
1.19833996784885
0.936449016373411
0.772693431925098
0.373133543728617
0.284865591397849
0.663027315111804
0.399192937438905
0.753795782930108
0.642923835761852
1.28623285526637
1.46126228578629
0.753702193304008
0.740433124083578
0.846161708440249
0.71507299876283
0.531677014601662
0.376294131460777
0.35397605083089
0.510107183223363
0.55332774888502
0.728620240331745
0.795639624572336
0.448935184124511
0.689948680351906
0.605623739919355
0.708698670805841
0.793385483489125
0.634863825375733
0.80259958455523
0.636212493508675
0.495302419354839
4.81054481304985
8.80995928603067
2.27450986681329
0.925590624618157
0.911918224584555
0.512266465053763
0.467467381094208
1.45626388952529
0.555842764846041
0.563916702941716
1.54233855694037
3.16349934895833
1.67077892076002
0.829550914894917
0.412389876588465
0.489443884408602
0.364380412619135
0.668279331240836
0.527401398689516
0.365666534930963
0.414289152233016
0.468256010202835
1.77489965175953
0.950258431085044
0.481133576185239
0.530080559246701
0.424480350378788
0.262838455752077
0.364140663184262
0.550606060606061
0.544263416040445
0.380060942082111
1.28000793278043
1.9398581072825
0.318836143695015
0.209235159686584
0.514451740820503
0.473796279325513
0.642296821542033
0.653199993890518
1.56393098385569
0.733501611375855
0.614412878787879
1.28908799754093
1.46795970032991
1.32808199497495
0.890576878283847
1.303514021261
1.42693745990652
0.722280020466764
0.646724706744868
0.678324617775538
0.367360971102151
0.689251588465298
0.588063131949536
0.787178249862537
0.583542038963221
0.399552012692449
0.503606427174976
0.919272017045455
1.15601798287818
0.949013280486315
1.22978845918866
0.44015730961327
0.861852242179863
0.959914686812683
0.991408455141129
0.496040902981427
0.874319165062928
0.718927318166545
0.50235321969697
0.486372036901271
0.975332203079179
0.965666200818671
0.76482343597263
0.82907101509042
1.02218535213526
0.602863514173998
0.512149163000978
0.900543810712977
0.777132171004399
0.375366568914956
0.405566005315249
1.80237765762463
1.32525904203324
1.71856869157808
0.777494797394306
0.445906332096163
0.626275659824047
0.507651811079545
0.550595283098118
0.422807574230205
0.376487315188172
0.415866009515518
0.597359090527248
0.627692105021994
0.990786662619135
0.407613483626588
0.369998081240836
1.04565118485765
0.598208843093231
0.942313928091398
2.05764414558895
1.59422715053763
2.60266644519795
0.514132453567937
0.572633148521505
0.467999602883675
0.668582600195503
0.616569182245846
0.562388654692082
0.724524672760875
1.35544040773155
0.726082256537146
0.319451979472141
0.528229319403715
0.524363353800098
0.806645741691105
1.09505169194465
0.786312163978495
1.18060544965787
0.760341520039101
1.17991553641251
0.855019206683773
0.438708722812805
0.470392801502933
0.358233405119746
0.327546088404203
0.284822357267229
1.61558092581562
1.79498402943243
2.0862036347599
1.52177159701857
0.573844658785435
0.830967130987292
0.628530736421676
0.273508331805963
0.350285074153837
0.474236276576246
0.550164001405181
0.714115872052175
0.880547400033602
1.24308436239919
1.08247124725073
0.8649970120815
1.24652920332356
1.05513119157808
0.44147605083089
0.493077002382698
1.18064851195931
1.1824956851784
0.81674959333761
0.427633797653959
0.691677425082478
1.0505260168469
1.5336672833425
0.76454285801564
0.743829385080645
0.545465809811828
1.21354777614858
1.21585956592131
1.34640585861131
1.05654310239492
0.769461668728617
0.526362261730205
1.16883182887341
0.992391098484849
0.539058977501833
0.63831374480694
0.256661082218353
0.283387087228128
1.21469192937439
1.93983488170516
3.44971403806207
3.31920323764357
1.3125827452957
0.761075268817204
0.727645252932551
0.937755987292278
0.629631588694404
1.02759958455523
1.00964617508248
0.747729983809873
1.53434589404631
1.14476478494624
0.873076496441227
0.95977905631415
1.63674294927603
4.51429523307674
2.63917182154203
1.95270879154448
0.678997434017595
1.86736498044966
1.04283020795149
1.56805954262891
3.76259190951857
3.19592157716276
1.18227897994563
2.36903041567388
0.653994216993524
0.420463012814638
0.452887952101662
0.83210105083089
0.78985718131415
0.430392982878177
0.716045905119746
0.484540251939761
0.739208277966154
0.393580528699291
0.355966787328934
0.492729783342498
0.564270518313172
1.42087209035924
2.32783563011669
1.67516644519795
1.49350293827896
1.79419132415384
0.735385966520039
0.747613703186095
0.376191959921799
0.390247118997434
0.461386308269184
0.429069821832234
1.08935632789589
0.712600796905547
0.798406647116325
0.638743852333822
0.416858494852761
0.239650069877199
0.287504887585533
0.285317082111437
0.386659936690494
0.527704428992546
0.281940027798143
0.296745316700269
0.405111803519062
0.391496670332356
1.78029264418377
2.11860909052725
2.89406814172471
0.567683656754032
0.588719901255499
0.481581277110826
1.36305801525843
1.42774056085044
0.621116775109971
0.390721797104106
0.28592618791239
0.553090023216031
0.895131964809384
0.767776979090298
0.558120723362659
1.39429312339626
2.56002488659274
1.04359962083028
0.406757659762952
0.422410648826979
0.480798967497556
0.486384064943793
0.544623312255621
0.816538978494624
0.791362023078568
0.771585372372923
0.958181350424609
0.860029315967131
3.21089897207967
3.57825145672959
1.35326184284885
0.61480845819587
0.874860665628055
0.598200108443304
0.54898253260936
0.412132056451613
0.558707195442326
0.794141579606549
1.04914207600195
0.694016946175464
2.35244406005621
2.45839418950086
1.30763737742852
1.64782356388991
0.929957758660191
0.96647886692021
0.538303396871945
1.02710913634836
0.635182434857649
0.869442815249267
0.834570264769673
1.72359060934445
0.73287264021261
0.654339402721774
0.521411968093231
0.559567448680352
0.988037853968109
1.42623594819159
1.55279676808407
1.61862344780975
1.73701597629521
1.30248396260997
0.797261997495112
2.18818700169538
0.696992263868524
0.897963700131354
0.916768695014663
0.822779193777493
0.70876014746762
1.07724519641984
1.67122949505132
2.2013723328293
2.21304981518817
1.39009812400721
0.76537496945259
0.884625756048387
1.02239491691105
1.10945805076979
3.84866140296615
3.57667701460166
2.79596758919844
2.89574313256048
1.00840420332356
0.701824253115836
1.00520954568365
0.352390401622067
0.405624236314761
1.5157584539956
1.5061485826002
1.08131288947947
0.95521367913001
0.859465334417766
0.593888141113759
0.970174387524438
1.20842626428091
0.61354066432979
0.462802562545821
0.929655081561584
0.968207745295699
0.992530079652371
1.58771199902248
1.01256258400538
0.359379648933895
0.629999990453935
3.4120317750336
1.89188137677175
0.506407767824414
0.800794452208578
0.633210800036657
1.0303309811828
0.686890646001344
0.985435672883065
0.414718314699414
0.769675882438294
1.17322900438355
1.4904397299609
2.37438071809323
1.56867145497312
0.649746914711632
0.716780293484238
1.55346862017351
2.23584982893451
1.56048691616263
0.738885630498534
1.55757315149988
0.453526049303519
1.68211598087732
2.02086524583028
1.72310238537085
2.9861520955523
4.08041265731916
4.57004313866997
0.604225537252566
1.38248717008798
0.96934445259042
0.944993737781036
0.644482183223363
1.08820807940799
0.950364344681696
0.918921027309384
0.866956475668988
0.371405247663123
0.381927761103983
0.616771749755621
0.684528004337732
0.515691278332722
1.45312812156342
1.32347018572825
0.643799553625978
0.537131560056207
1.15608932062561
0.987379251817571
1.32054126191349
1.12790321626039
1.53430745204057
1.93370859871395
2.09736947664651
1.32072760111193
1.08588074864064
1.52736520000916
0.879371296126588
1.6836436568304
1.14745341520039
1.48775598729228
8.01794961968475
0.987425311583578
1.31577494959677
2.82204032830828
0.812276240224829
0.689799217604472
0.528389387829912
0.65514173998045
0.32023176892412
0.548880131964809
0.8067702892076
0.703456592130987
1.04115911191044
3.00478753322031
1.36190642564761
0.922276049303519
1.65771123533724
0.568483473851417
0.353217214992669
0.548834272666178
1.21811278103617
0.891759492607527
0.666637255238881
3.6316666284824
2.25883567593781
0.801296699352395
1.92707889441288
0.520541519657258
1.22282345888319
1.38311323924731
0.999387486253666
3.63975660396811
6.01718230694037
7.57547619593108
1.11019546523705
0.714203924960288
0.813128054740958
0.825548287817693
1.93584062652737
1.70811918644611
0.763360587350318
0.862062857022849
0.888261203262463
0.946078161275049
0.593346077330767
0.455903592375367
0.503521037619135
0.684815760935973
2.0903385321206
2.55890300433773
3.07204865247739
1.4530376344086
0.52579847110215
0.420321578308284
0.418601300937805
0.717797598591764
0.90422222476784
1.14050043339137
1.54468581034641
1.32162141831623
1.43488650682735
0.360911381964809
0.271028979945626
0.721867057673509
2.14140880834555
1.29768144206684
0.744308015258431
0.504677686644672
0.861795796294599
1.55299838098729
1.0054245708089
0.781202412863514
0.508481755559628
0.526807032013685
5.53876588465298
6.04080354006293
1.39527262608443
0.622909602578201
1.60815722751711
1.50100981144611
1.61974061430841
0.592472268679741
0.831351484222263
0.759859854212488
0.383112007804863
1.36154875366569
1.29527545171982
1.10091882789589
1.94431386699658
5.01319949749511
6.40502428519062
6.3723065967131
1.19336999022483
0.533841479945626
0.52343093230694
1.28551682398583
2.90113907471896
5.51303973454301
4.89248708417339
1.55601813561522
0.813512407975929
1.05011604197214
0.538392585761852
0.759807770879154
0.802305565738025
0.423685239491691
0.710792361620235
1.17850378787879
1.11149902821053
1.45833760997067
0.693014265640274
0.724307146566471
1.01136301586938
0.893649651759531
0.399564393939394
0.811984197443182
0.652270808513563
0.309591542949658
1.09074990072092
0.796368743508675
0.767014210273094
0.718289001405181
1.44007803908541
1.27778194304435
2.46240002405608
2.14023216031281
1.58930596285435
2.56831805962854
1.64554014502383
1.83391662657319
1.53174592764846
1.05327407135875
1.05065921309873
1.18089687194526
0.738447036519428
1.12716519084494
0.64287863514174
0.502681060224218
0.361671821542033
0.370414060590787
0.906037151377688
0.43994894764174
0.237363749007209
0.304674822825024
1.56528186667583
1.27265150560545
1.7326749507423
1.34419950513196
0.855478362887952
0.640951160419721
1.13193208547165
1.0586583482252
1.0363984222263
1.06935483870968
0.368912120830279
0.685323649804497
1.87117653347996
1.34277091733871
1.46910419721408
0.67423103578629
0.730412848240469
1.31355578529753
1.4926459307032
1.15393006743341
3.57670317082111
3.736857654799
3.62873900293255
1.45668071847507
0.632045721835288
0.472407126328812
0.878274672760875
0.753343681268329
0.698608221835288
0.821313681802908
1.15024667033236
0.959777462121212
1.6705984142076
2.13191333699902
1.61557612414467
2.56662610543438
4.73216260386119
5.4977129058987
1.34926254734848
0.703771220903592
0.314914457707111
0.385072005972019
0.820671699352395
1.39381215443243
0.624097591336755
1.55476492813722
0.896501557917889
0.888525018328446
1.00569250022911
1.04048767984787
0.875865933146994
2.33560368363575
2.1878388375947
4.35654064905609
0.931979997174365
1.09282028004338
1.32551468566716
0.935299211876833
0.924190951857283
0.958386018068793
0.848937551548754
0.842664106411901
5.71221849607466
5.36475283327224
1.6972849080523
1.62680107526882
1.51003661870723
1.53221246296127
3.04000473484848
2.44792823649804
0.516476318120723
0.847361992531158
1.25753325849218
2.53338693449108
1.94146959769062
0.283112771490103
1.08395580362598
2.18507742813722
3.23728982427603
0.665925271490103
0.933103301793133
0.699125112643573
0.536704201796188
0.816012302969208
3.63830641342864
3.09241198527615
1.04536011577468
0.690247577208578
0.544702764158724
0.389408134393328
2.19530806107955
2.22024620257515
0.833759736986804
0.674676646123534
0.522357868630865
1.28718749045393
1.23730067815249
1.34955767350929
0.739448771994135
0.78389968230694
1.1313327452957
1.23779188049853
1.34539664856733
1.07157562584005
1.14603020184201
0.867172369486193
1.88288549876283
1.56854212487781
0.791938376328812
0.585528928396872
0.890097751710655
0.752888410312806
0.396784417384531
0.790246670332356
0.870835166177908
1.0693554401118
0.548533075207722
0.630828713037634
0.463208356243891
1.08682413856305
1.55421041628482
2.38352546699352
1.2565725424609
0.743125448665078
0.757644183773216
1.56972870081867
0.965677913841031
1.27857339778837
1.17677616958394
0.446199558589932
1.0438257193915
1.01837822847935
0.611428234588832
0.312558565111804
0.631319256705156
0.814202674425709
1.2434708634989
1.86045053610704
1.37833665536413
1.41890593497984
1.43301402698864
1.00081867057674
2.16171820587427
1.79433489697886
3.56581343933284
2.92291162634409
2.36768266396322
1.83901083669355
1.00225924822825
0.466393257804863
0.504722314500855
0.389653353723729
0.413917972568426
0.30523757293194
0.785717472736437
0.707320992179863
0.638105974691471
0.838062597369868
0.881385773689516
0.877155272482893
2.22604341359665
3.39013742515885
1.75218623991935
0.890060942082112
2.17977635477761
1.68147611765335
0.491425408953446
2.84158113391984
2.28074129971591
0.735335372372923
0.471925975989736
1.8951188198772
2.01086814783419
1.76225924822825
2.41823829270528
2.37975232733077
4.61329850928641
1.17780287756598
2.97980598576491
3.71297898338221
4.14460273093842
9.56524922867791
3.87087270130743
3.25400101379216
2.00883675464321
4.06250510714504
5.25748166200819
2.61060056207234
1.62072442227212
1.7238880742913
4.43300326857282
0.634692960349462
0.944919039818548
3.69647321564944
1.35550417544905
2.77250473484848
2.37052792605999
0.771509490698314
0.701446076185239
2.03163608107283
1.83897741591826
3.14778637241874
2.73956191196237
0.841720086449169
0.718075274544844
0.860053295683651
2.61794477028348
1.7708694460991
0.446436339198436
0.835725157319159
0.928000204285802
2.65164860551075
4.25186231327896
2.228033319587
0.613666977868402
0.89342985360154
2.13714220391923
0.890990261103983
1.6130422833425
1.73104254490469
1.4558357771261
1.30352177266618
0.561357059124511
1.32364391457417
0.948529209051197
0.714571381659335
0.983014408831256
2.54743889563478
1.74348206103372
1.86695189355755
0.989661906998412
3.22245708088954
2.23144030081562
2.32364780936889
0.889733082462732
0.398087579423265
0.549664551258553
2.03771710616752
4.35326298837671
2.85399560117302
0.798997434017595
0.592397503894795
0.516514301915323
0.823829270527859
1.24648609329179
1.67123106060606
2.57345612437378
1.35374984726295
2.70264846041056
5.52635004276637
2.29784273238942
0.650698686079546
1.11975874228678
3.40250854372862
3.48469482183223
1.73755741958394
1.88336570404142
0.772374411962366
1.4221060816074
0.95549592764846
0.798913419095186
0.649803236498045
0.364263043743891
0.414064781509653
0.864348872418744
1.90279569892473
0.632538480190005
0.647116391358138
1.2786699657869
0.648500494486193
0.646516822076613
0.854962569877199
1.22359878077652
1.03478826826735
0.583642845414834
1.09537228700819
2.2086564390121
2.28219894573253
2.7061650686553
6.23265884652981
2.30212667247067
0.956002861910435
0.420683651026393
0.890974223713954
1.13717436461388
1.10092921401515
1.53299783686156
0.964913207172532
0.386878350668988
0.669623617729717
0.962110176869502
0.698549570808895
0.601311973057185
0.742857862903226
0.899420782930108
0.871938376328812
2.24695442326491
1.50627917277615
0.685979960899316
1.24119803121945
0.88111260347935
1.02281065760936
0.684656494379277
1.15312912390029
2.01681558528837
1.37072824069831
1.2169696969697
2.17230934597996
1.44058708302786
1.87843665040017
4.87080712938355
2.11853234970674
1.44182394764174
1.35607235726723
0.971513538230083
2.6420423998045
5.84624976134836
1.30294217375367
0.881468022589809
4.58521444281525
7.42551346377077
2.84242003260936
1.82316615308834
1.58306259736987
2.72947565371457
2.90733228517534
3.05152774277554
1.04318880590176
1.18094601509042
3.12817017198192
3.14496971988025
1.98994271406097
1.41247287962793
1.11642197236987
1.43351867019489
0.878275866019062
1.95980379971591
1.41379726257026
0.825339983122556
1.72623655913979
2.16382942326491
1.24387520619501
1.10130525262708
0.874428677526271
0.735941127504888
0.348533409320015
1.18931386699658
1.2707158785435
3.97417528676381
5.65659575849218
1.01623051648033
0.743735480434384
0.656383033968719
1.01631574375305
0.608267350928641
0.604610482343597
0.556991958394428
0.860677808834311
0.627285089427542
1.3184553702346
1.3630116309262
0.980284386837121
1.45127016129032
3.99488174334066
6.65150193021444
1.32502320648521
0.47413230083089
0.835649122907502
1.26751493004643
0.848620135325024
0.657750173738392
0.954790101111926
0.711116498274071
2.24652331340115
1.98152774277554
0.697950488376711
1.04536266457417
1.39787641090848
1.19196629857038
0.835084454041422
0.808424507804863
0.50940825849218
0.533462081118646
0.420600399789223
1.04368264296188
0.468033815982405
1.46402590993096
1.18821110551075
4.5143736158205
12.6230345796676
5.10748346621456
0.849408668972996
0.411448166773583
0.679831216016007
0.756163207172532
0.644586989476417
2.76649994463282
3.55151988636364
2.72381948581073
2.00110779226234
1.16677812652737
1.68255054641679
0.871582957218353
1.97820713434751
0.597671065493646
0.415870057047287
1.17808924998473
1.08389322916667
0.859317408586877
0.844932098836144
1.89156126855755
2.18679481304985
5.2015663184262
7.0896267774774
2.92205896222813
3.86753142564761
6.00140891335227
1.54415685331134
0.827237903225806
1.01142438752444
1.36582461777554
0.713243982160313
0.592653567555596
1.3792176426564
0.818497897956378
0.632943395650049
1.07558039123595
1.72950864491691
2.73983037596224
3.23000831462305
1.91978211105511
0.338023802159702
0.365569623274071
0.797189781509653
2.62174707317632
3.3676709127566
2.20244729617241
1.46304553855083
6.75468093230694
3.16159335288368
0.543247180092253
1.48040811339198
0.797964998396261
0.497296544706134
0.820498190065982
0.806238964748289
1.30775961479717
1.85374166628482
1.15734900988209
1.49985183551747
1.69065249266862
1.35436705767351
0.529505122418744
0.850107440967131
0.481059995112414
0.45417979250672
1.88540318762219
1.8867838159824
0.678451208150049
0.672723215649438
1.32048494012708
1.05733565493646
0.913619104349951
1.94372540933529
1.86447687561095
3.25469604372862
1.81614212945992
0.808369837487781
5.07870424570809
2.84487688439333
0.64496432635325
0.616608006094208
0.734971743646139
0.596127037130376
0.466557765151515
0.795716031280547
1.11908445595064
0.472689078919233
1.03953136455279
0.72096253932979
0.8709038596652
0.443359212716887
0.616504068533113
0.768025864109849
0.789583295149071
1.09036762852823
0.884946074276026
1.52910339534457
0.885087585150904
1.31870505712366
1.46331985428886
1.38979967581562
1.57177937706195
1.08348102051259
0.546812673738392
0.587563070854716
2.01072275171065
1.67850820770711
2.17787396711571
2.24453319739736
1.53072701880193
2.78708024040811
1.59728799143145
2.71257819182246
4.09067967031708
0.881684145512586
0.804059741187072
0.963039925464321
1.76846673959861
0.656928152492669
2.39451703590848
2.08469601509042
1.37273780203751
1.28327819525904
1.2551415872434
2.42840961594269
2.72694616591826
3.8653678576338
3.02610122456928
0.80653832936217
0.567507178641251
0.511420597736437
0.943577712609971
0.864992630437439
0.841169727135264
0.799521999862537
1.35076242515885
1.42541449016373
2.56830980228189
2.45615789001405
0.576897452346041
0.434623646367913
0.278903309811828
1.10748494585472
2.82934380345797
0.665229105571847
2.9363620708089
1.11947159663673
1.9549718104686
2.45524831225562
1.28135896833761
1.45206446076185
0.974955400782014
0.443284457478006
0.380004734848485
0.598102003528226
0.584363153332722
0.391970451108871
0.203533943899682
0.199442958440249
0.182222085395283
0.206017371929985
0.197570707707111
0.391524077086388
0.478479617240958
0.361011997495112
0.386753869974951
0.41451597629521
0.452734518190982
0.413115186644673
0.246040444770283
0.336188819266251
0.263832773933895
0.147407813645528
0.161275621639785
0.144465028943671
0.583508942754154
0.65936976875611
0.497116171798631
0.388091245112414
0.533915557413856
0.823816593352884
0.686989247311828
0.568222665796066
0.421739741798021
0.577192349401271
0.530000754139174
0.457920628283847
0.541239881170577
0.524838098729228
0.679564050281036
0.801674876282991
0.883852935224218
0.861844443044355
1.97128870929558
1.35748468811095
2.75977287046371
2.00700267862598
2.38191348973607
0.581627098225196
3.21857767442571
1.39851646505376
0.420082697565371
0.759687194525904
0.76551448519978
1.08832919988697
2.03333538573741
1.63365007178641
0.670655156020894
0.555996914711632
0.220398185483871
0.547433702575147
0.280141806802908
0.275645123106061
0.328343022589809
0.392511569831378
0.466512975012219
0.386111076108871
0.415996905165567
1.66181305558101
2.41802140609726
1.13723225195503
0.775088348836144
0.572969055474096
0.77243947794477
0.617207957218353
0.32561406975501
0.54355816226784
0.594210502199414
0.290311115820503
0.253491530730694
0.528218436889052
0.578171699352395
0.654211714549731
0.552778811934873
0.256109329178886
0.310834517045455
0.832637835639663
1.1532804481305
0.476884126038612
0.500439185835166
0.930085675937805
0.858633767106549
1.22457233626588
0.833000977517107
0.772910404447703
1.19518511730205
0.911953659579668
0.573837432413856
0.56398215076674
0.7897572149163
1.36075295546188
0.462777666407014
0.349263158296676
0.378457346270161
0.361906683391373
0.49355593803458
0.739194617546432
0.630032647543988
0.443474462365591
0.433894031036168
0.32179725684262
0.268033271856672
1.94840420332356
1.91119680932307
0.91921798631476
0.408520130742913
0.324467253176931
0.24698542888563
0.24968459799609
0.29297165200391
0.26296110360154
0.29398670423998
0.279590511974585
0.338123004872312
0.199094794339565
0.430226117653348
0.688702641969086
1.75875595674487
3.00212961265885
0.8565958634989
0.452203346468719
0.465686056634897
1.08400727601112
1.91428091397849
1.61928044622129
1.73163450597202
6.26452208577713
2.54786840175953
1.8855778042522
2.50090564477945
1.62976478494624
0.764567668239858
0.287858626588465
0.406435995540078
0.41471582317632
0.697207575375733
1.73198373923204
0.389043092848851
0.498212327407136
0.388771526377688
0.340420551915323
0.445094229212488
0.348289793728617
0.270290572687561
0.597174049593719
0.396958843093231
0.332558498289345
0.664081888059018
0.907521984588832
0.623074510859604
0.649940738025415
0.558918278042522
0.544971504994501
0.811335380009775
1.00119012707722
0.965382520390396
0.993737847858627
0.404894573252688
0.529531775033602
0.822457529554619
0.798201368523949
0.256665969803886
0.274398206485215
0.304552747739492
2.08970528432001
1.65516675067204
0.753562438905181
0.5586846285435
0.727555596285435
1.88728677908113
4.11247356694465
4.79081950108443
2.42762463343109
1.29083057452041
0.426965639891862
0.655848750229106
0.594734609833211
0.335643290261486
0.199734686201735
0.643732855266373
2.0816322149163
2.09523689516129
0.71144579934934
0.594115347018573
0.64465182635325
0.420780753604594
0.591088060544966
0.346444730190005
0.241012713450024
0.342198458883187
0.995727553381598
1.10815622518023
0.987627067677786
1.16950937041789
0.948818416651393
0.740056207233627
0.463090137768817
1.20326490713587
1.13029309284885
0.477795546187683
0.564009872540933
0.536185239491691
0.227441950375733
0.360359762570259
0.342226362032625
1.16048875855327
2.63676059040506
1.64231698283236
1.17703238598179
0.506001334539956
1.29735199780059
0.927953314012097
0.947489575696481
0.875035349080523
0.804144815722752
0.842175118753055
0.483556778088343
0.36787863514174
0.313245499984726
0.389652026820626
0.440500662496945
0.297262952101662
0.348743279569892
0.643118422760875
0.43737643572825
0.710473446664223
0.571519494974951
1.57393174754093
1.404152576674
0.731625189012097
0.534073802541544
0.215535257438294
0.218078863865469
0.259279606167522
0.399972268679741
0.447889632209189
0.551672737964321
0.616341938156769
0.640307306940371
0.489677419354839
1.19520065829668
1.22716183062989
0.708042178335777
1.3376929068915
1.02427815516557
0.4000751370815
0.619715364965176
0.809212449596774
1.3239100684262
1.22950375733138
0.428321687133431
0.192412166651393
0.187009628161657
0.256578079178886
0.309424324520406
0.377022505804008
0.275737414467253
0.335109970674487
0.542519550342131
0.37121945259042
0.439969901255499
0.372099361177297
1.64819906792217
1.87296530387036
1.21003295301808
0.602279438156769
0.675921577162757
1.3135636226173
0.584088732587977
0.271741956485215
1.27820280997984
1.25674592764846
1.80132024949597
1.75234844666422
0.523534297104106
0.936793743890518
0.872297165200391
0.387344885981794
0.505040589870479
0.436235184506354
0.25217279905914
0.296319304435484
0.379428114308407
0.384006254582111
0.419033136302542
0.682116391358138
0.699903307902615
0.867221980388563
1.61314614453507
0.3643429920424
0.286152095552297
0.394511508736559
0.621006842619746
0.888568004261364
0.56790405631415
0.729966665139296
0.926920821114369
1.18740949375305
0.580091021734482
0.313250817143206
0.640158531509653
1.14755383026332
0.561292298616202
1.07400651232588
2.65616231938844
0.51063156769306
0.277492429970064
0.404553616431452
0.27172222476784
0.263086357526882
0.437011814210655
0.647105928870357
0.281098332111437
0.268697305718475
0.369058519290689
0.382773704789834
0.316390584906525
5.67309628543499
2.7196758538001
5.68376205668072
2.99265869379277
0.756530997983871
0.777345267824413
0.420374348958333
0.183667980205279
0.263526994364003
1.01552090015579
0.519707928580156
0.724188049853372
0.465775751466276
0.477394143679741
0.741779682536046
0.376188752443793
0.335541443288734
0.338362267457845
0.283408164940738
0.840564353845919
2.07406180313722
1.05027477394917
0.904260599951124
1.00323419744318
1.17115648674242
0.605564783418866
1.02842004979228
0.495844177663734
0.52750637677175
0.588792613636364
0.826823899911412
0.270808246273216
0.353730287374756
0.297658836983749
0.30576123190066
0.411952437683284
0.59857248136608
0.559615980877322
0.448609166895772
0.526136659564394
0.269662145650049
0.432280125473485
0.598950534197825
0.370615597125489
0.3102495627902
0.78788230083089
2.0963685144031
0.705139563477517
0.518688752443793
0.219549692998534
0.383239514601662
0.423955116309262
0.989656494379277
0.952521831851784
0.848366591825513
0.745689149560117
0.755957957218353
1.52585004849401
1.87344315127077
0.771314445488148
0.258772595537023
0.437425426136364
1.54918220766129
0.627794438844086
0.397942899254643
0.239723698680352
0.298863636363636
0.34699015418805
1.37871563416422
1.5236360486162
1.09497158136303
0.280937156341642
0.290087661519428
0.420106219070748
0.363126680107527
0.354045307536046
0.570906561201735
0.347014439378666
0.268782905287757
0.547847619974951
0.594078346468719
0.659951085960411
1.99537282158785
0.289741635737414
1.40076914558895
0.526476652233016
0.377907960654936
0.810077590420332
0.515760926426564
0.271372151454057
0.324797384759897
0.302788434368891
0.274286632071725
0.284837335043988
0.432345430107527
0.364988850195503
0.295235510981794
0.203439857878177
0.442569027599585
0.724205757804863
0.667921621074658
0.903710507927053
0.525531668117669
0.24370562034152
0.542276307047287
1.2910782853739
0.806098141190127
0.747023307673509
0.577452956989247
0.524754771123534
1.04448037901698
1.21149098087732
1.13831438439333
0.986399901866447
0.664272017045455
0.299975409335288
0.469860236055108
0.430893053519062
0.194355058269184
0.266792436079545
0.29931901232588
0.874242271505376
0.454980669217375
0.812116591825513
0.340800408953446
0.29351890884653
0.236824663596652
0.758573894183773
0.350884500244379
0.483533571603128
0.586074657869013
