24
25
242
243
244
245
246
247
248
249
250
251
252
253
254
255
256
257
258
418
419
420
421
422
423
424
425
426
427
428
429
430
435
436
437
438
439
440
441
442
443
444
445
446
447
448
449
450
451
452
453
454
455
456
604
605
606
607
608
609
610
611
612
613
614
615
616
617
618
619
621
622
623
624
625
626
627
628
629
630
631
632
633
634
635
636
637
638
643
644
656
657
658
659
660
661
662
941
942
943
944
947
948
949
950
1952
1953
1960
1961
1962
1963
1964
1965
1966
1968
1969
1970
1971
1972
1993
1994
1995
1996
1997