0.219861072896242
0.319659427110167
0.291715236721362
0.355748223622759
0.343357433425556
0.349027516846621
0.265783845508588
0.367142645960811
0.413165866165836
0.41682554609441
0.452648668144986
0.424152382493499
0.431663022092609
0.444809705309739
0.224233141431966
0.404995767552084
0.470263813082829
0.455506582767965
0.421567246591361
0.416575583887663
0.436392722543976
0.45054453905897
0.444030463495419
0.407992617503657
0.461988015217167
0.457377578327863
0.459362162074815
0.421569868510787
0.465403385381513
0.461598281381458
0.44391497930654
0.453572332860342
0.460349755845793
0.472481816798094
0.477276872263069
0.494316833533107
0.470995246430388
0.48670839287567
0.477813495531822
0.482020667794618
0.465473966532234
0.475976349475983
0.477920438449027
0.467529362389305
0.462249158886505
0.460253279955875
0.469959097367596
0.495140025401094
0.479328415038643
0.481019367268111
0.471419699237254
0.497401868637167
0.495454841677063
0.479058394074308
0.492895798414395
0.50640623316645
0.479562430214757
0.506597923632335
0.465555655662711
0.498000674490411
0.492111484357655
0.421474577835293
0.427010778586871
0.369297648007613
0.362680595984618
0.397563660892871
0.376875726670372
0.425444311288561
0.412858925567016
0.397505197282454
0.392939405422863
0.387704144539682
0.406121038970765
0.418877872927352
0.40421847049384
0.373820916697045
0.409709436992853
0.396154776222379
0.412991618123146
0.406437368906447
0.423324767459748
0.404718311680117
0.410985028299242
0.411830764135793
0.435783159813528
0.447248459600799
0.422998389454523
0.395513168399299
0.434466631562801
0.422842681346594
0.418017114828957
0.419790359794249
0.422597234829078
0.386381953900407
0.367163583771251
0.422618362375822
0.389781180167603
0.368770051816487
0.392957558352022
0.402040458320035
0.34118180336079
0.30115945712171
0.401958145619551
0.175906203117924
0.212637545151739
0.269463413906865
0.37471629229088
0.370627490442307
0.422957775326734
0.407709657228672
0.394483726996051
0.402343501453994
0.418155251682849
0.402072980009004
0.412043216304218
0.498541879088726
0.445261976447075
0.442455081674376
0.441536932953285
0
