0.338586316930606
0.338517928386797
0.3688938921597
0.369612060335238
0.379176344692289
0.156472228729898
0.204476603128289
0.283012097691638
0.344765894395066
0.359633356655756
0.358812285112839
0.41929708173333
0.383894248982699
0.380262986289535
0.425337787828067
0.413151806987806
0.391718606664526
0.428506797015999
0.423477805855926
0.470665613124907
0.456064086095814
0.437736201743787
0.47113205421856
0.503539901331428
0.454142652596261
0.469102336381216
0.422048765725308
0.450115915813787
0.453303849437203
0.46005933934584
0.461528546731076
0.478675536323145
0.482231456491726
0.460133552950388
0.50881253904412
0.472157905104237
0.472793359731527
0.489218200941339
0.469330496507294
0.459925100601109
0.465582031418004
0.439204289611598
0.46059837760876
0.42354968765259
0.366366551250575
0.365842785795519
0.387054298990869
0.355464924005479
0.357927429225237
0.373622914553508
0.364435975393338
0.354163775892373
0.342483318809709
0.383693963962595
0.333185732942563
0.342617977493136
0.370425384584517
0.358229270115034
0.379357862149222
0.355123409661185
0.391279636175445
0.377971009184551
0.300707611387732
0.396134410090977
0.289313588050999
0.390938242270272
0.281807014203321
0.384149156410418
0.342598798894159
0.388150109557998
0.405527675100438
0.350255956754932
0.3789401334735
0.329475618725296
0.363350588606066
0.382861741348681
0.391726027310932
0.417696947756084
0.346368471547186
0.374772344014927
0.405126906889017
0.380624670124794
0.360936881710286
0.37511512274172
0.436456506894466
0.314237344905652
0.34116145533322
0.341213470639503
0.362470645179128
0.377833083101987
0.37242204847953
0.401207979400358
0.391868674782105
0.382816629851417
0.370686827388894
0.415504228806387
0.372770001730036
0.415429317723994
0.386107354714018
0.40941870634936
0.384429027433275
0.366905361309038
0.373527433535051
0.371267351689044
0.414131781785288
0.395366506231639
0.377198110835062
0.403150113141908
0.418932291868346
0.389300849284026
0.415486693394004
0.405225621670831
0.405534489560287
0.401603182042615
0.419716176965913
0.445331904077442
0.415866305823194
0.423719018213831
0.414469737703722
0
