0.542003169609525
0.508034872348405
0.466767320484217
0.451521001752678
0.486469745251233
0.450053203730626
0.458145128156575
0.466420704404431
0.46057129191194
0.456635859049139
0.502737285667495
0.486593660042833
0.463943730551945
0.478773909393103
0.772997549775047
0.471237806932568
0.466537372388034
0.474287276671677
0.466564169404296
0.47295858673071
0.474501163505089
0.485467272046235
0.488553176320421
0.492798502642488
0.49624671796048
0.492669819652555
0.483131949464537
0.510017445905927
0.499653999897328
0.50868798602052
0.50291690793014
0.494225316997475
0.504428326530726
0.501387924131443
0.506245548207759
0.498928784520705
0.519053493589326
0.516945009992869
0.525481988460732
0.525561549252707
0.549087959484659
0.505921383267954
0.543739111036123
0.552519219486322
0.511237764717984
0.52146698718709
0.518196521831069
0.565220155268679
0.536535814783817
0.55363096268129
0.530534645164739
0.526526200865481
0.550145478060056
0.555682551654518
0.530424468216003
0.544714560523472
0.524659114666873
0.564329160687961
0.530350846786905
0.552619939803079
0.571262677080317
0.689437907964587
0.726038517491394
0.512518255199063
0.405193356470191
0.435846279021993
0.436116007933409
0.444433426654041
0.630752776313556
0.62151298997003
0.618895096421858
0.410955593247871
0.523256139947212
0.709058508149563
0.53532193065319
0.41844178903586
0.430780709130127
0.552359022096011
0.596269225163613
0.574429279146612
0.483834936856654
0.486325603965829
0.456675946887115
0.433172000722152
0.427641373729686
0.432860105208576
0.43241177498833
0.510488353871724
0.512270201280453
0.451297187888288
0.462552851150311
0.395485473359839
0.566009173592531
0.516001327698455
0.487131704280073
0.419654074715097
0.461337472107804
0.461527719882815
0.4304180822256
0.437702326949529
0.804493328254164
0.551030652513078
0.462763159646306
0.499516073022214
0.479425461429866
0.461408309906895
0.495896799905739
0.429208170471202
0.50269228887345
0.462991898952923
0.467725790290933
0.4605299801671
0.459527047921742
0.430397950588108
0.46534512092468
0.513929127705442
0.49934580276425
0.475808352130922
0.466314272589967
0
