0.11632321048964
0.225303799043134
0.187665101491714
0.276808263037867
0.268406705088421
0.310682511137084
0.213401756609991
0.334451679995505
0.422991587350188
0.42327748215302
0.451670910997985
0.435666226754453
0.439472155690578
0.460467439516123
0.170103582494303
0.404871561675764
0.471455175255708
0.464154453330511
0.460902143644575
0.471917498462218
0.489309772312426
0.47714369683052
0.470839161998033
0.443881897081844
0.48497098935599
0.478279356406595
0.477689878873793
0.464802291976681
0.498697897607464
0.499516475965523
0.488605575414441
0.492891724073917
0.479898832028841
0.51407563931885
0.511845211974355
0.513511165977071
0.502989750033721
0.523867499791304
0.510285484062298
0.519523269219204
0.523232959867799
0.504394185887342
0.520154870038976
0.490905684116554
0.472534450540094
0.483494489817005
0.502952057021953
0.504739565604591
0.489164608411699
0.503765739773019
0.504253920551361
0.525195402268355
0.52409430911698
0.519162564031303
0.519405323980818
0.529501935234235
0.511934511867199
0.538627620989365
0.519837036330693
0.543135444180422
0.54336830254844
0.487223898074299
0.49284739009342
0.410457512960992
0.342738215842808
0.414148746574104
0.394707377458708
0.43063139667349
0.430707828330845
0.427282976946652
0.41186133237479
0.411626809072408
0.433839299523047
0.512566763179407
0.441506525225959
0.381699753580586
0.411680359854177
0.439893326292208
0.435625094269027
0.439630897479697
0.428856075251055
0.43038558973462
0.428884604432135
0.412238051622911
0.423123765737359
0.453366426532617
0.438429265005367
0.392345836574248
0.450535733634169
0.435854933428759
0.427788877767485
0.426561644126242
0.455681412604259
0.412058333548771
0.374157727977691
0.434178210854446
0.397334031947651
0.439639415668043
0.407133611262364
0.418549709401517
0.327150317313484
0.244650204615229
0.380953546655961
0.11757385090099
0.131568668838818
0.20159736058812
0.295626808625322
0.295371383456848
0.436184625816159
0.427804208389028
0.42342777358049
0.437132520381006
0.410846169462852
0.42800205841655
0.446389484107925
0.5456269793024
0.465498405754988
0.472026955763236
0.460566674729443
0
