0.399882651377734
0.3438583319339
0.42097352857669
0.395011644691218
0.40076021197784
0.157585726974398
0.257395214889356
0.329884958973988
0.409981265831263
0.390455572362906
0.37687684604879
0.464616918126048
0.418756010271521
0.432829587747784
0.468818120397325
0.465037654620696
0.427348703547586
0.459990424366138
0.482462166026843
0.512374833296935
0.482996278722581
0.499815894071249
0.479269003259763
0.520446159715876
0.513830717645429
0.480715082250397
0.433049136160205
0.49407101976468
0.486288647845556
0.49085764250851
0.502446829131464
0.519496352897292
0.514396018113056
0.502597959000351
0.549223600818046
0.515122281761396
0.495731688114476
0.52681582246052
0.47967676977403
0.493673901582644
0.519478803230369
0.46667327551969
0.500929522308753
0.467029283558368
0.448132214221671
0.461562971285188
0.530044320777205
0.38083357303266
0.392874947680167
0.43539579155483
0.459620132029617
0.461412699049863
0.371865146893311
0.433173660283209
0.41072114805199
0.385220503011773
0.447002919907059
0.401782754192344
0.48597005665769
0.392436678137382
0.428976677889408
0.441091186869417
0.358112732398264
0.330594859244198
0.289037685715934
0.395634913360271
0.346223222598359
0.364946076609258
0.383027074318184
0.418001554784726
0.473970358364807
0.37553174129647
0.412124118138893
0.373202543404743
0.383148196303541
0.406249175170728
0.431986723679878
0.451527503342204
0.325984809235349
0.374513538725048
0.439536124706192
0.406904123600566
0.372377705549736
0.388361469972214
0.364514378334263
0.313391008105261
0.355354963725981
0.38804949690393
0.377815380314882
0.414917933101508
0.397714063602683
0.448517033375774
0.430020552222268
0.429172465820621
0.399386198214347
0.447693961191358
0.378023977423133
0.446903174605066
0.411186973450676
0.465196042541462
0.357023869560209
0.356568083673611
0.411708581265423
0.396966947508539
0.441256848490024
0.394069143899378
0.403447802366039
0.430646268991256
0.449870932131059
0.402444627197015
0.441855751561885
0.431420725153433
0.423659185646613
0.431813124193934
0.428016692446571
0.468029278803033
0.442236788361897
0.452094414505843
0.474547219909559
0
