0.15116349042434
0.302438277060413
0.303320878645279
0.360638717451295
0.363134997112512
0.38050862496817
0.331127321610948
0.378490613493859
0.431886408900173
0.434846120205457
0.472716519280395
0.461669918102518
0.446390889732274
0.458696128597272
0.223215617231194
0.420877749514376
0.475120406083051
0.469912914528952
0.461070226069444
0.461952606011298
0.486815148019135
0.478971986033655
0.480103114278387
0.422267305732405
0.479959522101908
0.487127102614926
0.483981775508478
0.450067767239524
0.496222945920712
0.490082707438398
0.464965456836509
0.477432622622485
0.481035795726663
0.507055193228916
0.499397880185039
0.505236440117204
0.501715006002957
0.515872973938342
0.505253632102396
0.506343755733408
0.504578116621545
0.504035180210779
0.50755340247788
0.489430151890517
0.487695473261471
0.500829516995469
0.504860721134018
0.518877763211513
0.504027462081491
0.527372484980954
0.495901663402129
0.516412477603364
0.512914956572332
0.5153417503441
0.525048834621103
0.513203563577493
0.507133081742641
0.543038350254639
0.517148799629457
0.550650796415063
0.530666632533403
0.415740254580382
0.44890865783534
0.381063952262258
0.366047227607432
0.429049941852531
0.376561463298871
0.446091820675724
0.430643436006349
0.428991834449275
0.406955899944192
0.409536723629877
0.449053529492215
0.4466084341383
0.422629796972301
0.387919471048262
0.390613010069962
0.422851596800238
0.442796775679005
0.424972805679029
0.428984826007478
0.453456169755392
0.440232247948606
0.396475807614825
0.400820399183364
0.442243965640754
0.422728173323672
0.357461540383361
0.451755060152355
0.452089550114153
0.421925319752467
0.396784681452466
0.466130756610634
0.415044960639943
0.357240961521689
0.42236375690593
0.392532081439644
0.412967193920203
0.385526813281087
0.424522026456975
0.307057057181372
0.348301263402883
0.402387893401315
0.233825739066333
0.251320650792565
0.331048228597858
0.384376832109657
0.382403410694446
0.436828117766628
0.436836682137491
0.389564305214644
0.434621013746202
0.42217531926527
0.418586867772132
0.423752628682243
0.506015847622227
0.463390971783046
0.486513688865129
0.458189012557138
0
