36.5
36.6
36.6
35.5
34.8
34.1
34.8
35.1
34.3
33.5
34.3
34.8
34.9
34.4
35.2
34.4
34.1
34.6
33.8
33.2
32.9
32.7
33.2
32.7
32.4
32.3
32.6
31.8
31.3
31.3
31
31.2
31
31.5
31.8
32.1
31.8
31.2
31.5
31
30.1
29.5
29
29.3
29.8
30
30
30.9
31.5
32.1
32.1
31
30.1
30.1
30.4
31.5
31.7
31
29.6
28.9
29
27.9
27
26.5
26.8
27.2
26.1
26.2
26.7
27.2
27.6
27
26.8
26.5
26.8
26.8
26.8
26.7
27.3
27
26.2
25.1
24.1
23.7
23.7
23
22
21.6
20.6
21
20.3
20.3
20.2
20
20.3
19.9
20.3
20
19.9
20.2
20.2
20.6
20.5
20.5
20.3
19.6
19.6
19.9
19.9
19.4
18.5
18.9
19.1
19.1
18.5
18
18.5
18.5
19.1
20.2
20.2
20.2
19.6
20.2
20.2
20
18.9
17.1
15.8
15.4
15.2
14.8
13.7
14
14.3
14.3
13.4
12.9
13.1
13.5
14.8
15.7
15.7
14.9
14.8
15.5
15.7
14.9
13.1
11.7
11.2
10.9
11
11
11.3
11.8
13.1
13.5
14.1
14.6
14.3
14.1
14.8
14.3
13.5
13.4
13.4
13.1
12.3
12
11.7
11.2
11.3
11
11.7
12.1
12.4
12.4
12.7
13.5
13.8
14.1
13.5
12.7
12.6
12.7
12.7
11.5
11
10.1
10.3
10
10.4
10.1
10.4
11
12.1
12.9
13.8
14.1
14.3
13.4
12.9
12.1
12.1
11.2
10
9.5
9.2
9.2
9.8
10.1
10.1
9.6
9
9
8.6
8.6
8.1
7.6
6.8
6.1
5.9
6.2
6.4
5.9
5.6
5.3
5.5
5.6
5.6
5.8
6.5
6.1
5.1
5.5
5.5
6.2
5.9
5.5
4.5
3.4
3.3
3.9
4.5
4.5
3.9
3.6
3.9
3.4
3
3.1
3.7
4.1
3
2
2.4
3.3
3.1
2.7
2.4
2.7
2.5
2.5
2.4
3
2.8
2.5
2.2
2.8
2.8
2.4
1.1
1.3
2
2.5
3
2
0.8
0
0.2
-0.8
-1
0.2
0.2
0.2
0.6
1.6
2
1
1
1
1
-0.5
-2.4
-2.5
-2
-1.6
-1.4
-1.9
-1.1
-0.3
-0.2
0
0.6
1
0.5
0.5
0
0
-0.6
-1
-0.6
-1.1
-1.4
-1.1
-0.2
-0.6
-1.6
-1.7
-2.2
-2.8
-3.4
-3.4
-3.6
-4.1
-4.8
-5.6
-5.5
-4.7
-4.1
-3.9
-3.7
-4.1
-3.9
-4.5
-4.7
-5
-5.3
-5.8
-6.4
-6.8
-6.5
-7.2
-8.2
-8.2
-7.5
-7.5
-7.5
-7.9
-7.6
-7.8
-7.3
-6.2
-5.5
-5.5
-5.6
-6.4
-6.1
-5.3
-4.7
-5.6
-6.2
-6.1
-5.8
-5.6
-6.1
-7.3
-7.6
-7.9
-9
-9
-8.4
-8.6
-10.4
-10.6
-11.3
-11.8
-13.1
-13.2
-12.7
-13.4
-14.8
-16.8
-16.6
-16.8
-16.9
-17.9
-18.9
-20
-22.2
-23.4
-24.1
-25
-25.3
-26.1
-25.5
-25.6
-24.8
-24.4
-23.9
-23.3
-23.1
-23
-23.7
-24.5
-25.5
-26.7
-27.5
-28.4
-29
-29.5
-30
-30.6
-30.7
-30.7
-30.3
-30.6
-30.9
-31
-31.7
-31.7
-32
-31.5
-32.1
-32.1
-31.8
-31.3
-30.7
-31
-30.6
-30.9
-30.6
-30.4
-29.6
-29.2
-29.8
-32.1
-33.5
-33.5
-31.5
-31
-31.5
-32.7
-33.4
-32
-30.9
-31
-31.8
-32.3
-32.3
-33.2
-33.1
-31.7
-30.4
-30.3
-30.3
-29.6
-29.5
-29.2
-28.2
-28.2
-28.9
-29.3
-29.2
-28.2
-28.4
-27.8
-28.1
-27.5
-26.8
-26.5
-26.5
-26.2
-26.5
-27.2
-28.4
-29.5
-30
-30
-29.8
-30.1
-30.3
-30.9
-31.5
-32.1
-31.3
-30
-29.5
-30
-30.1
-29.6
-29
-29.2
-28.9
-29.3
-29.8
-30.6
-30.7
-30.9
-31
-31.2
-31
-30.4
-30.3
-29.5
-29.2
-29.8
-30.1
-30.7
-30.4
-30.1
-30
-30.7
-32.1
-32.6
-33.5
-34.6
-35.4
-36.5
-37.4
-37.5
-37.7
-37.7
-37.5
-37.1
-36.9
-36
-35.4
-35.1
-34.6
-34.9
-35.1
-34.1
-32.9
-33.1
-33.5
-33.8
-34.4
-35.5
-36.5
-36.5
-35.7
-35.5
-35.4
-35.4
-35.4
-34.8
-34.8
-34.4
-34.8
-34.4
-34.6
-35.2
-36
-37.2
-36.8
-35.4
-34.3
-34.3
-35.4
-36.3
-37.5
-38.5
-39.4
-39.7
-41.1
-43.1
-44.5
-45.1
-44.7
-43.7
-43.3
-42.4
-42.5
-42
-41.3
-40.3
-39.7
-39.9
-39.9
-40.6
-41.9
-42.8
-43.9
-45
-46.4
-48.1
-48.6
-48.6
-48.7
-49.5
-49.3
-49
-48.6
-48.4
-48.6
-48.7
-48.4
-48.1
-47.2
-46.1
-45.8
-44.8
-44.2
-43.6
-43
-42.7
-42.2
-41.3
-40.8
-41.9
-42.4
-42.7
-43
-43.3
-44.2
-45.1
-45.9
-45.6
-45.8
-46.5
-47
-46.1
-45
-45.9
-46.7
-47.5
-48.6
-49
-49.3
-47.8
-46.5
-45.9
-46.2
-46.1
-45.1
-45
-45.1
-43.9
-41.9
-40.5
-40
-40.6
-40
-39.7
-39.9
-40.8
-41.9
-42.8
-42.7
-41.6
-40.6
-39.7
-38.6
-37.5
-37.2
-36.8
-37.1
-37.7
-38.3
-37.9
-38
-38.8
-39.1
-38
-37.7
-37.1
-36.5
-35.7
-35.4
-35.5
-35.4
-35.4
-35.7
-34.9
-34.4
-34.3
-33.7
-32.7
-32.6
-33.1
-32.9
-32.9
-33.5
-34.1
-34
-34.3
-33.8
-33.5
-33.2
-33.1
-32.6
-32
-32.3
-32.1
-32.3
-31.8
-31.7
-32.3
-32.7
-32.6
-31.7
-31.5
-30.7
-29.8
-29.3
-29
-30.1
-31.8
-33.4
-33.1
-32
-32
-31.8
-32
-31.2
-30.9
-31.5
-31.8
-31.8
-31.3
-30.7
-30.3
-29.5
-28.6
-26.7
-25.8
-25
-25.8
-26.1
-26.4
-25.9
-25.6
-26.1
-25.9
-25.6
-24.7
-24.5
-25.3
-26.1
-27
-27.6
-28.2
-29.2
-29.5
-28.6
-27.9
-28.6
-28.4
-27.6
-26.4
-25.9
-26.7
-26.7
-26.1
-25.6
-24.7
-24.5
-24.2
-23.4
-23.4
-23.3
-23.3
-23.6
-23.9
-25
-25.5
-25.8
-25.8
-25.9
-25.6
-25.1
-24.2
-23.1
-22.7
-22
-21.6
-22.2
-23.1
-23.7
-24.5
-25.6
-26.8
-27
-27
-26.8
-26.7
-27
-26.7
-26.5
-26.4
-25.5
-25.6
-24.7
-25
-24.5
-23.4
-23
-22.4
-23
-23.7
-24.5
-25.3
-26.4
-27.2
-27.6
-27.8
-27.5
-26.7
-26.1
-25.5
-24.2
-24.1
-23.7
-23.6
-23.3
-23.4
-23.9
-24.2
-24.7
-24.7
-24.5
-24.4
-24.2
-24.2
-24.1
-23.6
-24.2
-24.5
-25
-25.6
-24.4
-23.4
-22.8
-22.5
-21.6
-20.5
-19.9
-18.8
-18.6
-19.7
-20.3
-21.3
-21.9
-22.5
-22.5
-22.7
-23
-22.8
-23
-23.6
-23.1
-22.5
-21.6
-21.7
-21.7
-21.9
-23
-23.9
-25.6
-25.8
-25.3
-24.8
-24.5
-25.1
-25.8
-27
-27.9
-27
-25.8
-24.5
-25.6
-26.5
-25.9
-24.8
-24.5
-25.1
-25.5
-24.7
-23.9
-23.9
-23.4
-22.7
-22.2
-23.1
-24.1
-24.7
-24.4
-24.2
-25.1
-26.2
-25.6
-24.7
-23.4
-22.7
-22.2
-22.7
-22.5
-20.2
-17.5
-15.5
-14.4
-13.5
-12.1
-10.4
-10.7
-10.3
-10.1
-9.6
-10.1
-10.3
-10.4
-9.6
-8.2
-7.5
-6.7
-5.3
-4.8
-4.8
-5.1
-5.8
-6.8
-7.8
-8.1
-7.8
-8.1
-8.7
-9.3
-9.2
-9.3
-10.1
-11.7
-11.8
-12
-11.3
-10.7
-9.3
-8.7
-8.1
-7.6
-6.7
-6.4
-6.5
-7
-7.6
-8.4
-9.5
-9.5
-9.8
-11
-12.3
-13.7
-14
-13.8
-12.4
-11.5
-11
-10
-8.6
-7.5
-6.8
-7.2
-6.7
-6.4
-6.8
-7.6
-8.4
-7.9
-7.3
-7.2
-7.2
-8.1
-9.2
-9.8
-9.5
-9.5
-9.6
-9.8
-9.5
-10
-9.8
-9
-8.2
-8.6
-9.3
-10.3
-9.2
-9.3
-9.5
-10.1
-11.8
-12
-11.3
-9.5
-9
-9.6
-8.2
-7.6
-7.2
-7.9
-8.4
-8.1
-7.8
-7.2
-6.5
-6.4
-4.7
-3.6
-4.4
-5.3
-5.1
-4.2
-5.1
-7
-7.9
-8.2
-7.6
-6.5
-5.5
-5.6
-6.2
-6.1
-5.3
-4.8
-4.4
-4.2
-3.9
-3.6
-3.7
-5
-5.6
-6.1
-5.1
-5
-4.7
-5.3
-6.4
-7.3
-6.5
-4.5
-4.1
-5.6
-6.4
-6.1
-5.1
-4.2
-4.2
-5.3
-6.1
-5.3
-4.7
-5
-5.5
-6.5
-6.4
-5.1
-3.3
-3
-4.2
-4.1
-2.5
-2.4
-3.7
-3.6
-0.6
0
-2.5
-3.6
-2.8
-2
-3
-2.7
-1.3
0.2
0
-0.6
-0.8
-0.5
0
1.3
2.2
2.5
2.4
2.5
3.1
4.8
6.4
6.4
5.5
4.2
3.4
3
2.5
2.2
3
2.7
1
0
-0.6
-1.1
-1.1
-0.8
-1.4
-1.1
-0.6
0.2
0.5
2.2
3
2.4
1.7
1.4
1.9
1.3
0
-1
-1.3
-0.6
-0.6
1
3.3
5.1
6.5
7.5
9
10.4
9.3
8.4
7.8
7.2
6.5
6.7
7.3
6.5
7.3
9
10.6
11.8
10.6
7.8
6.1
6.7
8.6
10.1
10.9
10.3
8.7
7.5
7.3
7.5
7.6
7.8
8.6
8.7
8.7
9
10
9.8
9.5
9.3
9.2
9
9.6
10.4
11.2
12.4
13.1
12.6
11.2
10.1
9.6
9.2
9.3
8.9
9.3
10.4
10.6
10.6
9.8
9.6
10
9.6
9
8.1
8.4
9.3
9.3
10.3
10.6
12
12.1
11.7
10.9
10
8.7
7.5
7.3
7.6
7.8
8.1
8.2
7.6
6.7
6.4
5.9
6.5
6.8
7.6
7.8
7.8
7.6
8.1
8.2
7.8
7.2
6.2
5.8
6.2
7.9
10.6
10.9
9.8
9.6
10.9
11.2
10.4
9.3
8.7
7.5
7
6.2
6.8
7.9
9.2
10.1
10.9
11.5
10.9
9.5
7.6
6.1
5.3
4.8
5.1
5.6
6.1
5.9
5.6
5.3
4.7
3.9
3.1
2.5
2.4
2
1.4
1.6
2
2
1.7
0.8
0.3
0.3
0
-0.2
0.3
1.1
2.8
3.3
2.5
2.5
2.8
3.6
4.2
3.9
2.7
2
1.6
1.9
3.3
3.6
3.4
3.9
4.1
3.3
4.1
5
5.8
5.3
5.5
4.5
4.2
4.8
5.3
5
4.1
3.1
2.2
2.5
4.5
6.1
5.9
4.5
4.2
4.8
5.3
6.8
7.9
7.5
5.9
5
5
5.8
6.4
6.2
6.2
6.2
6.2
5.9
5.8
5.9
6.8
6.8
7.5
7.9
8.7
8.6
8.7
8.9
8.7
8.4
7.8
7.5
7.6
8.1
8.7
8.7
9.2
8.9
8.6
8.9
8.9
8.9
8.4
8.7
8.2
8.4
8.4
7.9
7.8
8.4
8.4
8.1
6.8
7.2
7.2
6.5
5.6
5
5.3
5
5.3
5.6
6.4
7
7.2
7
7
7.3
7.8
7.8
7.6
7
6.1
4.8
4.7
5.3
5.9
5.8
5.1
5.5
5.8
7.5
9
9.6
9.8
10.1
10.6
10.9
11.8
11.5
10.3
9.2
9.6
9.6
8.9
8.7
7.9
7.3
6.8
8.1
8.4
8.4
8.9
8.7
7.8
7.8
9
9.8
9
8.9
8.9
8.2
8.4
7.8
7.9
7.2
6.5
6.1
5.9
5.6
5.3
5
5.3
6.1
6.7
7
7.6
7.3
7.3
8.1
8.9
8.9
8.1
7.2
6.7
6.2
5.9
6.5
6.8
6.1
4.7
3.9
3.3
3
3.4
4.1
3.3
4.2
6.4
8.1
9
10.1
10.4
9.6
8.4
7.8
7
6.7
5.8
5
5.6
6.4
6.8
6.8
6.5
7.8
8.6
8.9
8.4
10
12.1
12
11.5
10.6
10.7
10
9.2
9.2
9.2
9.3
9
8.7
8.6
8.6
9.3
10.1
8.9
8.4
9.2
11.2
12
12.6
12.6
12.7
14.1
14.4
14.1
13.1
12.6
11.8
10.7
9.6
9
8.4
8.4
8.9
10.1
10.1
10.9
12
13.1
13.7
14
13.2
12.9
12.6
12.9
13.1
13.1
12.7
11.8
11.7
12.6
13.1
12.9
11.7
11.3
12
12.3
12
12.1
11.2
11
11.8
11.8
11.3
10.7
11
10.7
10.6
10.6
9.8
9.3
9
9.5
9.6
8.2
8.1
8.7
9.6
10.9
12.1
12.4
10.6
9.5
8.9
8.2
9
9.5
9.6
8.9
8.1
9
10.7
10.9
10
8.6
8.2
8.2
8.2
8.4
8.4
7.9
7.2
6.2
6.5
8.1
8.9
9.8
10.4
10.6
11.8
12.4
12.9
13.5
14.4
15.2
14.6
14
13.8
14.1
14.3
13.5
12.4
12.1
13.4
14
13.4
12.3
12.1
12
11.5
11
9.8
10
10.7
12.3
12.9
12.6
12.1
12.7
12.4
12
11.8
11.5
11.8
11.8
12
12.1
11.3
10.9
10.3
10.4
10.1
9.8
10
9.6
8.9
8.7
9.8
11.3
11.3
10.9
10.3
12.1
14
14.6
14.1
13.8
14.6
14.9
14.4
12.7
12
12.3
12.9
14
14.9
15.4
14.8
13.4
13.2
14.4
15.4
14.9
13.7
13.7
13.8
13.4
13.5
13.2
12.7
12.7
14.4
16.3
16.5
16
15.4
15.2
15.2
15.7
15.4
14.9
13.7
12.9
12.6
13.1
12.9
12.3
11.7
11.3
11.2
11.2
12.7
13.5
14.8
15.7
15.8
16
15.7
17.2
16.9
16.9
15.8
14.3
13.5
12.7
11.8
11
10.6
10.3
10.3
11.2
11
10.6
10.7
11.2
12.1
12.3
12.9
14.1
15.7
16.8
16.6
16.6
16.5
16
14.8
14
13.2
13.1
12.4
12.3
12.6
13.1
12.6
12.7
12.6
12.7
12.4
11.8
12.6
13.5
14.3
15.7
16.9
18
18.5
18.6
18
17.1
16.8
16.2
15.8
15.1
15.2
15.2
15.1
14
14.3
15.4
15.4
14.3
14
13.4
13.1
12.1
11.8
12
11.8
11.5
11.3
11.3
11.7
11.7
12.3
12.4
12.3
11.8
11.8
12
12.6
12.9
13.2
12.9
13.5
13.4
14
14.1
14.9
16
15.8
15.2
14.4
13.8
12
11
11.8
12.6
12.6
12
12.3
13.7
15.1
15.7
14.9
14.9
14.3
13.7
12.9
12.3
12.4
11.5
10.1
9.2
8.4
8.7
7.6
7.8
7
6.7
6.8
7
7.3
7.9
7.6
6.8
6.8
7
6.7
6.2
5.8
5.5
4.8
5
7.2
8.7
8.7
8.4
8.2
8.6
9.5
10.1
10.3
9.6
9.6
9.6
10.1
10.6
11.3
12.1
12.3
12.4
13.4
14.8
15.1
15.1
14.8
14.6
15.2
14.4
12.7
11.5
10.4
10.9
10.6
11.8
12.4
12.9
13.4
13.5
13.4
12.9
12.1
11.3
10.7
11.2
12.6
14
14.8
13.5
12
10.4
8.9
8.2
7.9
7.5
7.2
6.8
7
7.3
8.6
9.2
9.3
8.7
7
6.4
6.1
6.8
7.5
7.6
7.2
6.7
7.3
9
10.7
11.3
12.4
13.5
13.5
12.4
12.1
11.8
10.7
10.1
10.1
10.1
9.5
9
8.7
8.9
8.4
8.4
7.9
7.6
7.8
8.2
8.2
7.8
8.6
9
8.9
8.2
8.4
8.9
8.7
8.1
7.8
8.2
8.9
7.6
8.1
8.2
8.1
7.8
7.3
7.5
7.5
8.2
8.2
7.5
6.8
6.7
6.4
6.5
6.2
5.3
4.5
4.4
4.7
4.5
4.2
4.8
5
5.6
5.3
4.8
5
5.6
6.7
6.5
6.2
5.5
5.3
5.1
4.5
4.8
4.8
5.5
5.5
6.1
7.8
8.9
9.5
8.7
7.9
7.5
6.5
5.9
5.5
5.5
5.3
5.3
5.3
5
5.3
4.7
3.4
3
2.5
3.3
4.1
4.4
4.8
5
5.6
5.9
6.1
6.5
6.2
5.8
5.5
5.3
5.3
6.1
6.7
7.3
8.1
8.1
9.2
10.6
10.7
10.3
10
9.8
9
7.8
7.6
7.2
7
5.6
4.5
4.4
4.8
5.1
5
5.3
5.5
5.6
5.1
5.3
5.8
5.3
5.6
5.6
5.3
5.6
5.6
5.1
5.1
5.6
5.5
5.3
5.8
6.5
6.7
6.7
5.9
6.1
6.1
6.5
6.2
5.9
5.9
5.3
4.8
4.4
4.1
4.4
4.4
4.5
3.1
2.2
1.6
1.1
1.1
1.4
1.1
0.8
1.4
3.3
3.6
4.8
6.4
7.5
7.8
6.7
5.8
6.2
7.2
7.8
8.4
9
9.6
9.8
10.1
10.4
11.3
12.4
12.9
13.4
13.7
13.2
12.7
13.4
13.4
12.7
12.6
12.7
13.1
12.9
13.1
13.1
12.7
12.4
12.6
12.4
11.5
11.3
11.8
11.8
12
13.2
13.8
13.5
13.2
13.2
11.8
11
10.1
10
9.8
10
10.1
9.8
10.1
9.5
8.7
8.6
8.7
9
8.7
9.2
11.2
13.7
14.4
13.8
13.1
12.9
12.6
12.1
12.3
12.3
11.5
10.3
9.6
9.6
10
9.8
9.3
8.7
7.8
7.2
7
6.1
6.7
6.2
6.1
5.8
6.4
7
7.6
8.2
8.6
8.7
8.2
7.6
7
6.2
5.8
5.1
4.2
3.4
2.4
2.2
1.7
0.8
0.5
0.5
1.1
1.7
2.7
2.4
2.4
2.5
1.9
2
1.9
2.5
3
2.7
1.9
2
2.8
3
2.7
2.8
2.8
2.8
2.4
1.9
1.7
1
1.3
1.7
2.8
3.3
2.5
2
1.3
1.1
0.8
0.3
-0.3
-1.7
-2.4
-2.4
-1.6
-1.9
-2.4
-3.1
-3.7
-3.9
-3.7
-4.7
-5.1
-5.8
-5.8
-6.1
-6.5
-7.3
-8.2
-8.9
-10
-10.1
-9.8
-9.5
-9.8
-9.8
-9.5
-9.3
-8.9
-9.2
-9
-8.7
-9.6
-10
-10.6
-11
-10.6
-11
-11.3
-11.8
-12.4
-12.9
-13.8
-14
-14.1
-14
-14.1
-14.9
-14.3
-14.1
-13.8
-14
-13.4
-13.2
-13.2
-12.4
-12.9
-13.4
-14.3
-14.8
-15.7
-16.3
-16.8
-17.4
-18.2
-18.6
-18.2
-17.5
-16.6
-17.2
-17.2
-17.5
-16.3
-15.2
-14.1
-13.8
-13.7
-13.5
-13.7
-14.6
-15.1
-15.7
-16.2
-17.2
-17.5
-17.7
-17.4
-16.8
-16.9
-15.5
-15.4
-16
-16.5
-17.1
-17.2
-18.2
-19.1
-19.4
-19.9
-19.7
-20.3
-20.6
-20
-19.6
-18.6
-18.6
-18.2
-17.4
-17.2
-16.5
-16.3
-16.3
-16.5
-18
-19.6
-21.3
-21.4
-21.7
-22.4
-23.3
-24.7
-24.7
-24.4
-24.1
-23.7
-23.4
-23.3
-23.3
-22.2
-21.7
-20.5
-18.6
-17.9
-18.3
-18.6
-18.2
-18.3
-18.9
-18.6
-18.6
-19.7
-20.6
-21.6
-22.5
-23.9
-24.7
-25.5
-25.9
-26.5
-27.2
-26.7
-26.1
-24.7
-22.8
-21.6
-20.6
-20
-19.7
-20
-20.6
-21.9
-22.5
-23.1
-23
-23.4
-23.9
-24.5
-24.2
-24.7
-25.1
-26.2
-27
-28.2
-29.5
-29.6
-30
-29.5
-29.2
-29.2
-29
-29
-28.4
-28.4
-28.6
-28.2
-28.6
-28.7
-29.2
-29.6
-30
-30.1
-29.6
-28.4
-27.2
-25.8
-25
-23.4
-21.9
-21
-21.4
-22
-22.2
-23.3
-23.7
-24.8
-26.1
-27.3
-27.9
-27.6
-27.9
-27.9
-27.9
-28.1
-28.2
-28.1
-28.4
-28.4
-27.6
-27
-27.2
-27.5
-27.5
-28.2
-28.2
-28.6
-29
-30.1
-31
-31.3
-32.7
-33.8
-34.4
-34
-33.4
-32.9
-32
-32.6
-33.1
-33.1
-32.3
-31.5
-32.7
-32.9
-32.6
-32.3
-32.9
-33.1
-31.7
-29.2
-28.1
-27.8
-27.3
-27.5
-27.8
-28.4
-28.6
-28.9
-28.9
-28.9
-29.2
-28.9
-27.8
-27
-26.2
-26.1
-27.2
-26.4
-24.8
-23.1
-22.8
-22.8
-22.7
-21.7
-20.6
-19.9
-19.4
-19.3
-18.5
-18.3
-18.5
-19.3
-19.6
-21.4
-22.4
-22.7
-21.1
-20.3
-20.8
-20.3
-19.7
-19.3
-18.9
-19.3
-20.5
-23.3
-24.5
-22.8
-20.3
-19.7
-20.5
-20.2
-20.3
-20.6
-19.9
-19.6
-19.7
-19.6
-19.3
-19.6
-19.6
-18.5
-18.9
-20.6
-21.9
-22
-20.5
-19.9
-20.6
-21
-20.8
-20.2
-19.9
-19.1
-18.6
-18
-18
-17.9
-16.9
-17.1
-17.1
-17.1
-16
-15.2
-15.2
-16
-17.2
-16.8
-15.8
-14.3
-14.1
-14.8
-15.7
-14.8
-13.5
-13.5
-13.4
-13.7
-14.1
-13.5
-12.6
-12.7
-13.2
-12.6
-11.5
-9.5
-9.5
-12
-14
-13.2
-11.3
-12.1
-14
-15.5
-16
-16
-16.3
-16.8
-17.2
-17.4
-15.8
-13.2
-12
-12.3
-13.4
-13.5
-11.7
-10.1
-10.4
-11.5
-12.7
-12.9
-12.7
-11.8
-11.7
-11.8
-12.9
-14.6
-14.9
-14.4
-14.4
-14.1
-12.6
-11.7
-11.3
-12.3
-12.1
-9.3
-6.2
-5.8
-6.7
-7.2
-7
-7.6
-8.6
-10.3
-10.7
-9.6
-8.7
-9.3
-10.4
-10.4
-8.7
-7.9
-8.4
-9.6
-11
-11.3
-11.3
-11.3
-10.7
-9.6
-8.6
-8.4
-8.4
-7.9
-8.4
-8.2
-7.3
-6.5
-6.8
-7.5
-7.2
-6.1
-3.1
-1.1
-0.2
-1.1
-2.4
-1.3
-0.2
1
-0.2
-1
-1.6
-1.7
-1.1
-1
-0.8
-0.5
0.2
0.5
0.3
0.2
0.5
0.6
1.4
2.5
2.8
2.8
2.8
3.7
4.5
4.8
4.7
4.2
4.4
4.1
3.6
2.5
1.4
0.8
1.9
3.7
4.4
3.6
2.2
2.4
3.9
4.7
3.9
2.5
2.4
4.2
6.1
6.7
6.5
5.8
5.8
6.7
7.2
6.8
6.2
6.4
6.4
7
7.5
7.8
7
6.5
6.4
5.6
4.8
5.1
6.2
7.3
7.6
7.8
7.3
6.7
6.1
5.5
6.8
7.6
7
5.3
5.1
5.9
6.2
6.8
7.8
8.9
9.6
9
8.1
8.6
9.5
9.3
8.4
8.9
10.1
10.4
9.5
9.6
9
8.7
7.6
6.5
6.8
7.6
7.9
8.4
9.2
10.7
10.7
10.6
8.9
7.8
7.8
8.7
8.9
9
9.3
9.5
8.9
7.5
7.2
7.2
7.2
7.3
7.8
7.8
8.1
8.9
9.3
9.2
9.5
10.9
10.9
10
8.4
7.5
7.5
6.7
6.2
6.2
4.8
3.1
2.5
3.7
5.3
5
3.3
3.1
4.5
6.5
8.2
7.8
7.3
8.4
10
10.6
10
9.6
9.6
9.5
12
13.4
12.7
12.4
12.4
13.1
14.1
14.3
13.8
14
14.6
14.4
13.7
13.1
13.7
14.1
14.6
16.3
17.5
18
17.4
16.3
16.9
17.2
15.7
14.4
13.7
14.3
13.7
13.1
12.3
12.3
13.1
13.1
13.4
13.7
15.1
16.3
16.3
16.6
17.7
18.8
19.7
19.1
17.9
16.6
16.3
15.8
14.1
13.8
15.2
14.9
13.2
13.7
15.1
16.8
17.9
17.9
16.3
16
17.4
18
19.1
20.8
22.7
24.2
25
23.9
23.1
24.7
26.5
26.4
24.2
23.1
23.4
24.1
22
19.3
18.9
19.4
18.9
17.9
18
18.8
18.9
19.4
19.4
20
19.9
19.6
20
21
21.6
20.8
20
20.6
20.5
20.6
19.6
19.1
19.1
19.6
20
19.6
18.8
17.9
17.5
17.7
17.9
18.3
18.3
18.3
18
17.5
17.1
16.2
15.5
14.9
14
13.7
13.5
13.4
12.9
13.1
13.2
13.5
14.3
14.6
13.8
13.5
13.8
14.6
14.3
13.5
13.1
12.3
12
11.8
12.1
12
11.5
11
10.6
10
10.1
9.8
10.9
11
11.2
11.8
12.9
14.1
14.8
14.3
13.5
12.9
13.5
13.4
13.7
13.4
13.4
11.8
11
12
13.2
13.7
12.3
11
10.7
10.3
10.6
10
10.4
11.3
11
9.6
9.5
10.1
10.3
10.6
9.8
9.3
9.3
9.6
10.7
10.7
9.6
8.7
8.1
7
6.8
7
7.5
7.9
8.6
10
10.9
10.3
9.8
9.5
9.2
8.7
7.9
7.6
7.6
6.5
7
6.2
5.8
4.8
4.1
4.4
4.4
4.5
4.8
4.7
4.7
4.7
4.4
4.7
4.7
4.5
4.4
3.4
2.8
1.3
0.5
0.8
1.7
2.2
2.4
3.3
4.2
4.7
4.4
4.5
5
5.5
5.5
6.1
6.7
7.9
8.9
9.2
9.2
9.3
9.2
9.2
10
10.4
11.5
11.2
12.3
13.5
14.3
14.1
13.8
14.1
14.4
14.1
14.4
14.4
15.8
16.3
16.6
16.5
17.1
17.9
18
17.9
17.9
17.9
16.6
16
15.7
15.5
16
16.2
16.2
15.5
15.2
15.1
14.4
14.3
14
13.4
13.1
12.7
12.6
12.9
12.9
13.5
14.4
14.9
14.3
14
15.2
15.5
15.1
15.2
13.8
12.4
11.7
11.8
11.7
11
10.3
9.2
9.2
9.8
10.3
10.4
10
10.1
11.2
11.5
10.9
11.3
11.5
11.2
10.1
9.5
8.6
7.2
6.2
6.2
5.9
5.9
5.8
5.6
6.2
6.1
5
4.8
5.5
5.9
5.8
5.3
6.1
6.1
7
7.5
8.4
9.2
9.5
8.7
9.2
10.3
9.6
8.2
5.5
4.5
6.2
8.4
9.8
9
7
5
4.2
6.5
7.3
6.7
6.1
6.4
7.8
8.6
9.6
10.6
10.6
10.7
10.6
10.7
11.5
12.3
12.3
12.3
12.3
11.3
10.4
8.9
8.2
8.1
8.9
9.3
8.4
8.4
8.9
8.7
8.4
8.1
8.6
8.9
9.8
10.1
9.6
8.4
6.8
6.2
7.5
8.1
7.5
6.1
6.4
6.7
7.3
7.2
6.7
6.7
6.8
7.5
9
9.5
10
11.5
13.4
13.2
11.7
10.1
8.6
7.8
6.7
5.5
4.8
5.6
6.7
8.1
9.5
9.8
8.9
8.4
7.9
7.2
5.3
4.5
5
5.9
7.2
7.5
6.4
5.5
6.5
7.9
7
5.3
4.1
3
2.5
1.9
1.9
1.6
0.2
-0.8
-1.7
-1.4
-1
-1
-0.8
-1.3
-1.6
-1.4
-0.6
-0.2
0
0
0
0
1.1
1.3
1.6
1.3
1.9
2.4
3
2.5
2.4
3.6
3.3
2.8
1.4
1.7
2.5
1.7
1.3
0.5
0.3
0.2
0
0.8
0.6
0.6
0
-0.3
0.6
1
1.1
2.8
4.7
6.4
6.1
4.5
4.1
4.7
4.8
3.9
3.1
2.7
2.5
2.4
2.8
2.5
2
1.9
1.1
1
1
0.8
1.6
2.4
2.8
2.2
1.1
1.1
0.3
0
0.2
0.3
0.8
0.6
0.8
0.5
1.3
2
1.7
1.1
1
1.7
0
-1
-1
-0.3
-0.2
-0.5
-0.8
-1.6
-1.4
-0.2
0.2
0.3
0
-1.4
-2.7
-3.1
-3.3
-3.6
-3.9
-4.5
-6.7
-6.5
-5.9
-5.8
-5.5
-5.8
-5.8
-5.1
-4.5
-3.3
-3.3
-3.3
-3.7
-4.7
-4.7
-5.6
-7
-8.1
-9.3
-11
-12.6
-13.8
-15.1
-16.6
-18
-18.9
-19.1
-19.6
-19.7
-19.4
-18
-17.7
-17.9
-17.9
-17.5
-17.4
-18.2
-18.6
-19.4
-19.4
-19.9
-20.5
-21.4
-22.2
-23.1
-23.3
-22.8
-22.4
-22.7
-23.6
-23.6
-23.3
-22.2
-21.6
-21
-20.2
-19.9
-19.3
-19.6
-19.9
-20.3
-20.6
-22.5
-22.5
-23
-23.4
-24.2
-24.8
-25.3
-25.5
-25.6
-25.1
-25
-25.3
-25.1
-24.8
-25
-26.4
-27.5
-27.8
-28.4
-29
-29.8
-30.9
-31.3
-32.3
-33.2
-34
-33.8
-34.1
-34.8
-35.7
-35.5
-34.4
-33.4
-32.4
-32.7
-34
-35.1
-34.9
-34
-33.7
-33.7
-34.4
-35.5
-35.8
-36.5
-36.3
-37.1
-38
-37.5
-38.5
-39.3
-41
-41.3
-40.6
-39.4
-38.8
-40.5
-42.7
-43.1
-42.8
-42.2
-41.4
-41.6
-43.1
-44.8
-44.2
-43.7
-43.9
-45
-45.5
-44.2
-44.4
-45.8
-47
-47.6
-46.8
-47.3
-48.7
-50.6
-52.1
-53.2
-52.1
-52.1
-53.2
-54.6
-56.2
-56.6
-55.8
-56.3
-58.3
-61
-62
-62.7
-63.1
-63.3
-64.5
-65.8
-66.1
-66.2
-66.1
-66.8
-66.1
-65.8
-66.4
-66.7
-68.2
-69.2
-70.4
-71.3
-71.7
-72.1
-72.7
-74
-74.6
-73.8
-73.1
-72.9
-74
-75.4
-76
-74.3
-73.5
-74.8
-76.2
-77.2
-76.2
-75.1
-75.7
-75.7
-75.8
-77.5
-79.9
-80.6
-79.6
-78.8
-79.4
-81.1
-83.6
-83.7
-83.7
-83.3
-83.6
-84.5
-85.9
-86.8
-86.5
-86.4
-86.1
-86.4
-87.3
-88.2
-88.4
-87.8
-87.2
-87
-87.6
-87.2
-86.5
-87
-88.6
-89.2
-89.3
-89.5
-89.8
-90.7
-92.1
-92.3
-91.5
-91.5
-92.6
-93.5
-92.7
-91.5
-91.8
-91.3
-91.7
-91.7
-91.8
-92.7
-93.1
-93.1
-92.4
-92
-92.6
-93.5
-94.1
-93.5
-92.7
-92.6
-92.6
-93.2
-94.1
-93.8
-93.1
-93.4
-95.1
-96.5
-97.7
-98
-98.6
-98.8
-99.1
-99.9
-99.4
-98
-96.6
-96.5
-97.4
-98
-98.8
-99.1
-98.9
-99.1
-99.7
-101.3
-101.4
-99.9
-97.4
-97.1
-98.6
-99.6
-101.1
-101.3
-100.8
-99.7
-99.7
-99.9
-99.3
-98.6
-98
-97.9
-99.4
-100
-100
-100.3
-100.3
-101.4
-101.9
-101
-99.6
-100
-101.6
-103.3
-104.2
-104.1
-103.1
-103
-103.4
-103.4
-102.7
-103
-103.4
-103.7
-103.6
-103.3
-104.4
-105.5
-105.8
-105.6
-105
-104.5
-104.5
-104.4
-105.1
-106.2
-107.2
-107.6
-108.6
-109.5
-110
-110.6
-110.9
-111
-109.8
-107.6
-107.8
-109.6
-111.7
-111.3
-110.4
-110
-111.3
-112.7
-112.4
-110.9
-110
-110.3
-110.9
-110.7
-111.3
-111.8
-111.7
-110.6
-109.5
-109.5
-110
-110.4
-109
-108.2
-107.8
-108.9
-110.4
-110.9
-109.5
-108.2
-108.1
-110
-110.9
-109.8
-108.2
-107.9
-109.5
-110.7
-110.9
-110
-110.3
-110.9
-111.3
-110.7
-110
-109
-108.4
-107.8
-107
-105.5
-104.8
-104.2
-105
-105.9
-106.4
-106.4
-106.1
-106.5
-107.3
-107.8
-108.2
-108.6
-108.1
-107.2
-105.9
-105.3
-105.8
-105.6
-105.5
-105.6
-105.9
-105.9
-105.9
-106.7
-106.5
-105.9
-105.3
-105.9
-105.9
-105.9
-106.1
-106.4
-106.4
-106.4
-106.7
-106.8
-107
-106.2
-104.7
-103.6
-103
-103
-102.4
-101.7
-101.7
-101.4
-102.4
-103.4
-104.7
-105.5
-105.6
-106.1
-106.4
-106.4
-106.7
-106.1
-105.8
-105.6
-105.5
-104.8
-104.8
-105.6
-106.1
-105.5
-105.9
-106.1
-106.8
-107
-107.6
-107.2
-106.8
-106.7
-107
-107.8
-108.6
-109
-109
-108.9
-110.4
-111.5
-111.3
-110.4
-110.1
-111
-110.9
-110.9
-109.8
-108.7
-108.6
-108.6
-109.3
-110
-110.7
-110.1
-110
-111
-111.5
-112.4
-112.9
-113.1
-113.2
-113.4
-113.7
-114.1
-114.6
-114.9
-114.6
-114.6
-114
-114
-113.7
-114
-114.3
-114.3
-113.8
-112.7
-112.4
-112.6
-112.4
-111.8
-111.7
-111.8
-112.1
-112
-112.6
-112.4
-112.3
-112.1
-111.3
-111.3
-112
-112.3
-112.3
-112.4
-112
-111.5
-110.6
-110.4
-110.1
-110
-110.1
-110
-109.5
-109.6
-109
-109.5
-110.6
-111.3
-110.7
-110.3
-110.7
-112
-113.1
-113.4
-112.7
-112.1
-111.3
-111.5
-111.3
-111.5
-110.9
-110
-108.9
-108.2
-108.2
-107.8
-107.5
-106.8
-106.7
-107.3
-108.1
-107.8
-107.2
-107
-106.8
-106.7
-107.2
-107.6
-108.7
-109.5
-109.8
-108.6
-107.9
-107.9
-107.8
-107.5
-106.8
-105.6
-105
-105.5
-106.2
-106.8
-108.4
-109.2
-110.1
-109.5
-109
-109.8
-110.1
-111.2
-111
-110.9
-110.4
-109.6
-110
-109.6
-110
-110.9
-110.6
-109.6
-109
-109.5
-109.5
-110.3
-110.6
-110.7
-111
-111.5
-111.3
-110.6
-110.3
-109.8
-108.7
-108.7
-107.8
-107.2
-106.1
-105.6
-105.9
-106.2
-106.7
-105.9
-105.5
-106.2
-106.4
-107.2
-107.8
-108.6
-109.3
-109.5
-110.4
-110
-109.8
-109.6
-109.5
-109
-107.9
-106.8
-106.8
-107
-106.5
-105.1
-104.5
-104.2
-104.8
-104.7
-104.7
-105.1
-105.8
-106.1
-105.9
-106.1
-106.4
-106.8
-107
-107.2
-107.3
-107
-106.7
-106.5
-106.2
-105.9
-105.9
-105.1
-105.6
-105.6
-105.5
-104.8
-104.5
-104.5
-104.5
-104.8
-105.6
-106.4
-107.9
-108.4
-108.2
-107.9
-108.9
-109.3
-108.6
-108.1
-108.1
-108.6
-109.2
-109.2
-109.6
-109.2
-109
-108.7
-109
-108.7
-108.6
-107.8
-107.2
-106.4
-105.6
-104.7
-104.4
-103.7
-103.6
-103.6
-103.7
-104.4
-105.8
-106.4
-105.9
-106.2
-107.2
-108.1
-108.1
-107.5
-106.5
-106.1
-106.1
-106.1
-106.1
-106.5
-106.2
-106.1
-105.6
-105.6
-106.2
-106.2
-105.6
-104.5
-104.1
-104.8
-105.3
-105.5
-103.6
-101.7
-101.7
-102.5
-103
-102.8
-103.1
-103.6
-103.6
-103.3
-103.1
-103.3
-104.2
-104.8
-105.6
-105.3
-105.6
-105.6
-105.5
-105.3
-104.2
-103.6
-102.5
-101.6
-101.4
-102
-103.3
-104.2
-105
-105
-105.5
-106.5
-106.5
-106.7
-105.3
-105.1
-105.3
-105.9
-105.9
-105
-104.4
-103.7
-103.3
-103.1
-102.5
-102.7
-102.7
-102.5
-102.7
-103.4
-105.1
-105.9
-106.2
-107
-107.2
-105.8
-104.5
-104.5
-105
-104.8
-104.8
-104.5
-104.1
-104.2
-103.9
-103.7
-103.6
-103.7
-103.3
-102.5
-101.3
-100.6
-100.5
-100.8
-100.5
-100.6
-100.3
-99.9
-99.7
-100.6
-101
-101.3
-101.4
-101
-100.3
-99.9
-100.2
-101.4
-101.4
-101.1
-101.1
-101.3
-101.6
-101.4
-101.1
-101.3
-101
-101.6
-101.6
-101.6
-101.3
-101.1
-101.1
-101
-100.6
-99.6
-98.9
-98
-98.3
-97.7
-97.9
-97.9
-97.5
-98.2
-98.5
-98.6
-99.1
-99.1
-99.9
-99.7
-100
-100.6
-100.5
-100.6
-99.7
-99.6
-99.1
-99.7
-99.9
-99.6
-98.2
-97.9
-98.9
-99.3
-99.3
-99.6
-101.4
-102.2
-101.7
-101.7
-102.2
-102.5
-101.9
-101.9
-102.7
-102.8
-102
-101.4
-101.7
-101.7
-101.4
-100.8
-100.6
-101
-101.1
-101.9
-101.1
-100.5
-100.3
-101
-101.1
-101.3
-101.1
-101.3
-102
-102
-102.2
-101.4
-100.6
-100.2
-98.9
-97.7
-96.5
-96.8
-97.5
-97.7
-97.7
-96.5
-96.9
-96.6
-97.2
-97.1
-96.9
-97.2
-97.5
-97.2
-97.1
-96.6
-96.5
-96.3
-96.6
-96.2
-95.1
-93.7
-92.7
-92.9
-92
-90.7
-90.6
-90.9
-91.5
-91.8
-92.6
-93.2
-94
-94.9
-94.8
-94
-93.7
-93.2
-92.9
-92.9
-93.5
-94.1
-94.1
-94.8
-95.1
-94.9
-94.8
-94.8
-94.9
-94.8
-94.6
-94.8
-95.2
-95.8
-95.2
-95.1
-95.5
-96.5
-96.8
-97.2
-96.9
-97.4
-98.2
-98.2
-97.7
-98
-98
-97.5
-97.4
-96.9
-96.3
-96
-96
-95.7
-95.7
-95.5
-94.9
-95.1
-94.8
-95.1
-94.6
-95.4
-95.5
-95.8
-95.1
-94.1
-94.6
-95.1
-95.4
-96.2
-96.6
-96.6
-96.2
-95.5
-95.5
-95.5
-95.7
-94.3
-93.4
-92.7
-91.8
-90.9
-90.9
-92
-92.3
-92.3
-93.8
-94.3
-95.4
-96.2
-96.5
-96.8
-97.1
-97.7
-97.2
-96.8
-97.2
-97.9
-97.9
-97.5
-98
-98.6
-98.5
-97.5
-96.9
-95.8
-94.9
-94.3
-94
-93.8
-93.7
-92.9
-93.4
-94.1
-93.7
-92.6
-92.1
-93.5
-94.4
-94.3
-94.8
-95.7
-96.5
-96.6
-96.8
-96.5
-96
-96.3
-95.8
-95.4
-94.9
-94.8
-94.1
-93.8
-93.2
-92.4
-91.8
-90.4
-88.6
-87.6
-87.2
-86.1
-84.8
-83.7
-82.7
-81.7
-81.4
-81.1
-81.6
-81.9
-82.5
-83.6
-83.3
-83.1
-82.8
-82.4
-83
-83.6
-84.1
-83.4
-84.2
-84.7
-84.7
-84.7
-83.9
-83.7
-83.1
-82.5
-82.2
-82.8
-83.6
-83.7
-83.4
-84.1
-84.4
-84.4
-83.9
-83.7
-83.9
-83.1
-83.1
-83.3
-83.4
-83.9
-83.6
-84.2
-83.4
-83.1
-83
-83.3
-83.6
-83.6
-84.2
-85.1
-85.9
-86.8
-87.3
-87.6
-87.8
-86.8
-85.8
-84.8
-84.2
-83.3
-83.6
-83.4
-82.2
-81.1
-79.7
-78.9
-78.6
-78.2
-77.9
-78
-78
-78.2
-78.9
-80.2
-80
-79.3
-79.7
-80.6
-80
-79.6
-80
-80.2
-79.7
-78.3
-78.6
-78
-77.2
-76.9
-76.6
-77.2
-76.9
-76.3
-76.6
-76.5
-75.5
-74.8
-74.4
-74.4
-74.3
-74.6
-75.2
-75.8
-77.2
-78.3
-79.7
-80.5
-81.4
-81.1
-81.9
-82
-81.9
-82.2
-82.7
-82.7
-82.8
-82
-81.4
-80.8
-82
-82.5
-82.2
-81.4
-81.3
-82.5
-83.1
-83.1
-83.1
-83.3
-83.6
-83.1
-83.9
-84.4
-84.5
-85.3
-85.5
-85.6
-85.9
-86.5
-86.8
-87
-88.1
-88.4
-87.9
-87.8
-87
-87.2
-87.3
-87.2
-86.8
-87
-86.7
-86.5
-86.7
-87
-87
-88.2
-88.4
-89.2
-89.6
-89.3
-89.2
-88.9
-89.3
-89.5
-89.2
-89.6
-89.2
-90
-90
-90.3
-90.3
-90.4
-90.9
-91.5
-91.8
-92.1
-92.6
-93.1
-94.3
-94.8
-94.3
-93.8
-93.5
-92.7
-92.3
-91.7
-92
-91.8
-92.4
-93.2
-93.8
-94.8
-94.9
-94.6
-94.1
-93.4
-92.3
-92
-91.5
-91.5
-90.3
-89.8
-89
-89.6
-90.3
-90.4
-90.4
-90.3
-90.9
-90.4
-90.4
-89.6
-88.7
-87.9
-86.5
-86.7
-86.2
-86.8
-87.8
-88.7
-90.3
-91
-90.7
-90
-89.3
-89
-88.7
-88.2
-88.1
-88.9
-89.3
-89
-89.2
-89.3
-90
-89.5
-88.9
-89.2
-88.7
-87.9
-87.3
-86.7
-87.6
-86.8
-86.8
-85.6
-85.5
-85.5
-86.2
-86.8
-86.8
-86.1
-86.1
-86.8
-87.2
-87.3
-87.8
-88.2
-88.1
-88.2
-87.9
-88.1
-88.6
-88.4
-88.4
-88.2
-87.9
-88.1
-87.9
-87.3
-87
-86.8
-86.5
-86.2
-86.4
-86.5
-87
-87
-87.8
-87.5
-87.3
-86.5
-85.6
-84.4
-83.9
-83.7
-84.4
-84.4
-85.1
-85.6
-85.9
-86.7
-87.2
-86.8
-85.5
-85.3
-85.5
-86.1
-85.5
-85.5
-85.6
-84.8
-84.5
-84.7
-84.1
-84.1
-83.4
-83.3
-83.1
-83.4
-83.9
-83.6
-83.4
-83
-83.3
-84.1
-83.7
-84.2
-84.8
-85.9
-84.8
-84.4
-85
-85.6
-85.8
-85.9
-85.8
-85.8
-85.6
-85.8
-86.2
-86.7
-87.6
-87.8
-87.5
-86.8
-87.2
-88.2
-88.2
-87.6
-87.6
-87.5
-87
-86.1
-85.3
-84.5
-84.2
-83.3
-82.4
-81.6
-81.1
-81.4
-81.4
-81.9
-82.5
-83
-83.4
-82.7
-81.6
-81.3
-81
-80.6
-81.1
-81
-80.8
-81.1
-81.4
-81.6
-81.7
-82.4
-82
-81.1
-80.3
-80.5
-80.3
-80.5
-79.6
-79.1
-78.9
-78.9
-79.6
-79.7
-80.3
-80.5
-81.4
-81.9
-82.4
-82.8
-82.5
-81.9
-81.1
-80.5
-80.2
-78.8
-78.3
-77.4
-77.2
-76.8
-77.1
-77.2
-77.2
-76.9
-77.4
-76.8
-75.8
-74.4
-73.5
-73.4
-73.5
-73.2
-72.7
-72.4
-72.3
-73.2
-73.2
-72.9
-72.6
-72.4
-72.6
-72.7
-72.4
-72.1
-72
-72.9
-73.1
-73.1
-73.2
-73.4
-72.6
-71.8
-71.2
-71.7
-71.3
-71.7
-71.7
-71.8
-73.1
-74.6
-75.2
-74.4
-74.4
-73.5
-72.6
-72.3
-71.7
-71.3
-71.5
-71.3
-71.5
-71.3
-72
-72.1
-72.1
-72.6
-72.3
-72.9
-72.7
-72.3
-71.8
-72.3
-73.1
-73.5
-72.6
-71.3
-71
-70.4
-69.3
-69.2
-69.5
-69.6
-69.6
-70.9
-71.2
-70.4
-70.7
-71.3
-72
-72
-70.9
-70.4
-70.6
-71.7
-72
-71.7
-71
-70.6
-70.1
-69.6
-68.2
-68.4
-68.4
-67.9
-68.9
-70
-70
-69.5
-70.1
-70.7
-71
-71.2
-70.4
-70.7
-70.1
-70.4
-70.7
-70.7
-71
-70.6
-70.6
-70
-69.3
-69.5
-69.6
-70
-69.6
-69.3
-69.5
-70.1
-71.3
-71.5
-71.8
-72.3
-73.2
-73.5
-73.8
-73.4
-72.9
-73.1
-72.6
-71.8
-70.9
-70.9
-71.3
-71.7
-72
-72.9
-73.4
-73.8
-74
-74.1
-74.8
-74
-73.1
-72.1
-70.7
-69.8
-68.7
-68.6
-68.4
-68.7
-68.9
-69.2
-69.5
-70
-71.2
-71.7
-72.1
-71.3
-71.3
-71.7
-71.3
-71.7
-71.5
-71.5
-70.9
-70.3
-70.4
-70.1
-69.5
-70.4
-70.9
-71.2
-70.7
-70.1
-70.9
-71.5
-72.7
-71.2
-71
-70.9
-71
-71.5
-70.9
-70.9
-70.3
-69.8
-69.6
-69.3
-69.6
-69.3
-68.9
-69
-69.2
-68.9
-68.9
-69.6
-69.2
-69.5
-70
-70.6
-70.6
-70.7
-71.2
-71
-71.2
-71.5
-71
-69.8
-68.9
-69
-69.2
-68.7
-68.4
-68.6
-68.7
-68.7
-68.7
-69.3
-69
-69.3
-69.3
-69
-68.7
-68.7
-69
-69.5
-69.8
-69.6
-69.5
-69.8
-70.1
-70.3
-70.1
-69.2
-68.9
-69.2
-69.3
-69
-68.9
-68.6
-68.6
-68.9
-69.8
-70.3
-70.3
-70
-68.7
-67.8
-67.3
-67.2
-66.4
-65.1
-63.7
-62.4
-61.7
-62.2
-62.4
-62.7
-62.8
-63.4
-63.4
-64.4
-64.5
-65.5
-66.5
-67.3
-68.6
-68.9
-69.6
-69.6
-70.3
-70.3
-70.1
-70.4
-70.3
-70.4
-70.3
-70.4
-69.8
-69.8
-69.6
-69
-68.7
-67.6
-66.2
-65.8
-65.3
-65.1
-65
-64.8
-64.7
-64.5
-64.5
-65
-65.5
-65.9
-66.1
-66.4
-66.1
-66.1
-65.9
-65.9
-66.4
-66.1
-65.1
-64.2
-64.2
-63.9
-63.3
-62.8
-62
-62.5
-62
-62.5
-62.8
-63.1
-63.1
-62.4
-62
-61.3
-60.6
-59.6
-59.1
-59.3
-59.9
-59.9
-60.3
-60.2
-60.2
-59.3
-57.9
-56.9
-55.7
-55.1
-54.1
-53.8
-53.8
-54.1
-53.5
-53.7
-54.8
-55.4
-55.2
-55.2
-55.1
-56.2
-57.1
-58.3
-59.1
-59.3
-59.1
-59.3
-59.6
-59.9
-59.3
-59.4
-60
-60.8
-61.1
-60.2
-59.9
-59.9
-59.7
-59.7
-59.3
-58.9
-58.6
-59.1
-59.6
-60.6
-61
-61.1
-60.6
-60.2
-59.9
-59.7
-58.8
-58.9
-58.5
-58.3
-58
-57.5
-58
-58.6
-58.9
-58.2
-57.4
-56.9
-56.6
-55.8
-54.6
-53.8
-53.5
-53.2
-52.9
-52.9
-52.9
-52.7
-52.4
-52.4
-53.1
-53.7
-54.3
-54.6
-55.8
-55.8
-55.5
-55.7
-56
-56
-55.8
-56
-56
-55.7
-55.4
-54
-54.1
-54
-53.7
-53.4
-52.4
-52.4
-51.8
-51.7
-51.3
-51.7
-50.6
-49.3
-48.7
-48.4
-47.8
-47.2
-47.2
-47
-46.2
-46.5
-46.1
-46.5
-47
-47.5
-47.3
-46.8
-46.7
-46.8
-47.5
-47.6
-46.8
-46.4
-46.5
-46.2
-46.4
-45.9
-45.8
-45.8
-45.5
-45.1
-45.5
-46.1
-46.4
-47
-46.5
-46.1
-45.3
-44.7
-45.6
-45.6
-45.9
-45.8
-45.9
-46.5
-47.2
-47.6
-47.2
-46.8
-46.7
-46.5
-46.4
-47.5
-48.2
-48.4
-47.9
-48.1
-48.4
-48.4
-48.2
-47.8
-48.1
-48.1
-48.4
-49.2
-50.4
-50.6
-50.1
-49.8
-50.1
-50.9
-51.5
-51.8
-52.6
-53.8
-54.6
-55.2
-55.7
-55.8
-56.6
-57.2
-57.5
-58.3
-59.3
-59.6
-59.3
-58.6
-58.3
-58.3
-57.5
-56.9
-56.3
-56.3
-56.5
-56.8
-57.7
-58
-58.2
-57.9
-57.7
-57.2
-56.9
-56.9
-57.7
-58.2
-57.9
-57.1
-57.4
-57.1
-56.6
-56.3
-56.2
-56.2
-56.2
-56
-55.4
-54.9
-54.6
-54.1
-55.2
-55.7
-56.3
-56.3
-56.2
-56.5
-56.6
-57.1
-57.1
-56.6
-55.7
-54.8
-53.8
-53.8
-53.8
-53.5
-52.9
-52.3
-52.1
-52.1
-52.1
-51.5
-52
-52.3
-52.9
-53.4
-54
-54.3
-54.3
-54.4
-54.6
-53.7
-53.2
-52.7
-52.3
-51.7
-51.3
-51.3
-50.9
-51.5
-51.8
-52
-52.6
-53.7
-54.3
-54.4
-54.6
-54.8
-55.1
-55.2
-54.4
-53.7
-52.9
-52.7
-52.9
-53.4
-54.4
-54.8
-54.3
-53.2
-52.4
-52.6
-52.6
-51.3
-50.6
-49.8
-49.2
-49.6
-50.3
-50.7
-50.4
-49.8
-48.6
-48.1
-48.1
-48.4
-48.2
-49
-49.5
-49.8
-50.6
-50.4
-50.4
-50.7
-51
-51.2
-50.9
-50.9
-49.8
-49.5
-49.6
-50.4
-50.9
-50.7
-50.7
-50.9
-51.2
-52.1
-53.1
-54.6
-55.8
-55.4
-54.6
-54.3
-54.6
-55.1
-55.1
-54.9
-54.3
-53.8
-53.4
-53.2
-53.1
-52.7
-51.8
-51.5
-51.5
-51.3
-51.5
-51.5
-51.8
-52.9
-53.2
-52.4
-52.1
-51.8
-52.6
-52.3
-52
-52
-51.8
-52.1
-51.2
-50.7
-51.3
-50.6
-50.3
-49.8
-49.6
-49.2
-48.4
-47.6
-47.5
-46.7
-45.8
-45.8
-45.1
-44.7
-44.4
-44.4
-44.4
-44.1
-43.6
-43.4
-43.6
-44.1
-44.1
-43.9
-44.8
-46.1
-47.5
-47.8
-48.9
-49.6
-50.4
-50.1
-49.5
-49.2
-49
-48.6
-48.2
-47.9
-48.4
-48.9
-48.6
-49.3
-50.3
-50.1
-49.6
-49.3
-49.6
-50.3
-50.3
-50.6
-50.1
-50
-49.8
-49.2
-48.7
-49
-48.7
-48.6
-48.2
-48.2
-48.6
-48.6
-49.2
-49
-48.9
-49.2
-49.3
-49.5
-48.6
-47.9
-47.5
-47.3
-47.5
-47.3
-46.5
-45.9
-46.1
-46.7
-47.5
-48.1
-49.3
-50
-51.2
-51.8
-52.4
-52.3
-51.3
-50.3
-49.5
-49.5
-49.2
-47.9
-47.3
-46.8
-47.5
-47.2
-47.3
-46.5
-45.9
-44.7
-43.3
-43.3
-42.8
-42.7
-42.4
-42.4
-42.7
-42.2
-43.1
-43.3
-44.8
-45.3
-45.5
-46.1
-46.8
-46.8
-47.2
-47
-47.3
-46.4
-45.3
-45
-44.7
-44.2
-43.9
-43.7
-44.5
-45
-44.8
-45
-46.2
-47
-47.3
-47.2
-47.5
-47.2
-46.5
-45.6
-44.8
-44.2
-44.1
-43.9
-43.6
-44.1
-44.4
-44.7
-44.7
-45.8
-46.4
-46.2
-45.1
-45.1
-45.9
-45.6
-44.7
-43.6
-44.4
-45.3
-45.3
-45.3
-45.9
-46.5
-47
-47.2
-48.2
-49
-49.6
-50
-49.2
-49
-49
-49.5
-48.6
-48.4
-47.6
-47.2
-47.8
-47.6
-47.5
-47.5
-46.7
-46.2
-45.6
-45.6
-45
-43.9
-43.4
-42.8
-42.8
-42.7
-43
-42.5
-42.7
-43
-43.9
-45.1
-46.1
-44.7
-43
-41
-39.4
-39.7
-41
-41.6
-42
-42.2
-43.1
-44.2
-45.5
-45.8
-44.8
-44.1
-44.1
-43.6
-43
-43.7
-44.4
-45.3
-44.4
-43.7
-43.4
-43.1
-43.1
-43
-43.3
-43
-42.5
-41.7
-41.3
-41.6
-41.6
-40.8
-40.3
-40
-40.2
-39.9
-39.3
-38.9
-38.8
-39.1
-39.1
-39.3
-39.7
-39.7
-39.9
-39.3
-38.6
-38.2
-37.1
-36.8
-36.5
-36.9
-36.9
-36.9
-36.9
-36.2
-36.5
-35.7
-36
-36.5
-36.6
-37.2
-36.9
-37.2
-37.7
-38.3
-38.8
-39.1
-39.4
-39.7
-39.3
-38.8
-38.6
-39.1
-39.3
-38.8
-38.8
-38.9
-39.3
-39.6
-40.2
-39.4
-38.9
-39.4
-39.7
-39.9
-39.7
-39.7
-39.6
-39.7
-40.5
-41.4
-42.4
-43.1
-43.3
-44.2
-44.7
-44.8
-43.6
-42.5
-42.2
-42
-41.3
-40.8
-40
-40.2
-41.1
-41.4
-40.3
-40.2
-39.4
-38.6
-38.2
-37.7
-37.5
-37.2
-37.5
-38
-38
-38.8
-39.4
-40.6
-41.4
-41.9
-41.6
-40.6
-40.3
-39.7
-38.9
-38.3
-38.3
-39.4
-39.6
-40.2
-40.6
-41
-41.6
-41.6
-41.7
-41.9
-41.7
-42.2
-42.5
-43.6
-43.6
-44.2
-44.7
-44.1
-44.1
-43.4
-43.1
-42.5
-42
-42.2
-42.2
-42.7
-42.8
-43
-42.8
-42.7
-42.8
-43.4
-42.8
-42.5
-41.3
-41
-40.6
-40.3
-39.9
-40
-40.5
-40.8
-40.8
-40.3
-40.2
-40.3
-40.2
-40.5
-40.3
-40.3
-41
-41.6
-42.5
-43.4
-43.7
-43.4
-43.9
-44.1
-43.7
-43.4
-42.8
-42.4
-41.9
-40.8
-40.6
-40.3
-39.7
-38.8
-38
-38.2
-37.9
-38
-37.7
-37.5
-37.2
-37.5
-36.9
-37.4
-38.3
-38.9
-38.5
-38.5
-38.2
-38.9
-38.3
-38.2
-38.2
-38.3
-38.8
-38.8
-39.7
-39.7
-38.5
-37.7
-37.9
-38.6
-39.1
-38.3
-38.6
-39.1
-40.6
-41.7
-42.7
-42.8
-42.2
-41.9
-41.4
-42
-41.9
-41.9
-41.7
-42.4
-43.1
-43.6
-43.4
-43
-42
-40.8
-39.1
-37.4
-36.2
-35.2
-34
-32.7
-32
-32.1
-32.3
-32
-31.3
-31.7
-31.3
-30.9
-31.2
-31.5
-32
-32
-32
-31.3
-30.9
-30.4
-30.1
-30
-30.1
-30
-29.8
-29.8
-30.1
-30.1
-30.9
-31.5
-31.3
-31.5
-30.9
-30.9
-31.5
-32.1
-32.4
-32.4
-32
-32.1
-31.8
-32.4
-32.4
-32.3
-32.3
-32.3
-32.9
-33.4
-33.7
-33.4
-32.9
-32.3
-31.7
-30.9
-30.7
-31
-31.5
-32
-31.7
-32
-32.3
-31.7
-30.9
-31.2
-31.2
-30.7
-30.7
-29.3
-28.9
-28.7
-29.6
-29.6
-29.6
-29.6
-28.6
-27.9
-27.5
-27.5
-26.7
-26.1
-24.8
-24.2
-23.3
-23.7
-24.5
-25.6
-26.7
-26.7
-26.7
-26.8
-27
-27.8
-28.9
-29
-29
-28.7
-28.9
-29.5
-29.8
-30.4
-30.1
-30.4
-30.3
-30.7
-30.7
-30.7
-30.7
-30.6
-30.3
-29.5
-29.2
-28.7
-28.6
-28.6
-28.6
-28.4
-28.2
-28.9
-29.5
-29.3
-29.5
-29
-28.1
-27.2
-26.4
-25.6
-26.1
-27
-27
-26.4
-26.5
-26.7
-27.9
-28.4
-28.1
-27.8
-26.4
-25.6
-25.1
-24.5
-24.5
-24.1
-25
-25.3
-26.1
-27.3
-27.5
-28.1
-28.9
-29.6
-29.8
-28.7
-27.9
-27.6
-27.9
-28.4
-28.7
-29.5
-29.8
-30
-30.1
-30.9
-30.7
-30.4
-30.3
-30
-29.6
-28.9
-28.4
-28.4
-28.2
-29.2
-29
-29
-29.5
-29.2
-30
-30.1
-30.6
-30.6
-30.7
-30.6
-30.6
-30.7
-31.3
-31.8
-32.4
-32.3
-32.6
-32.9
-33.1
-32.6
-31.8
-31
-30.6
-30
-29.2
-27.9
-27.9
-27.3
-27.5
-27.2
-27.6
-27.9
-28.4
-29
-28.9
-27.8
-27.8
-27.9
-28.4
-28.7
-28.7
-28.2
-27
-26.5
-26.2
-25.6
-25.5
-25.1
-25.1
-25.1
-26.4
-27.8
-29
-30.3
-30
-28.9
-27.6
-27.2
-27.6
-27.9
-27.9
-27.2
-26.8
-27.5
-27.3
-28.2
-28.7
-29.5
-28.9
-27.8
-27.5
-26.8
-27.5
-27.3
-27.3
-27
-27
-26.8
-26.7
-26.2
-26.2
-25.5
-24.8
-24.2
-23.3
-22.7
-22.7
-22.4
-21.7
-21.6
-21.4
-20.5
-19.7
-20
-19.9
-20.2
-21.3
-21.7
-21.7
-21.6
-21
-21.1
-20.6
-20.8
-21
-21.3
-21.3
-21.3
-20.8
-21.1
-21.1
-21.1
-19.7
-19.3
-19.3
-19.7
-19.4
-19.1
-19.1
-19.1
-18.9
-19.4
-20.2
-20.5
-20
-20
-19.7
-19.4
-19.6
-19.4
-20.2
-20.5
-20.6
-20.5
-20.5
-20.6
-21
-21.3
-21
-21
-21.3
-21.6
-21.7
-21.7
-21.4
-21.6
-21.4
-22
-21.9
-22.2
-22.7
-22.8
-23.3
-23
-22
-21.4
-21.4
-21.7
-21.1
-20.2
-20.5
-21
-20.5
-20.2
-19.7
-19.7
-19.7
-19.7
-19.9
-21.4
-22.4
-22.4
-22
-22.2
-22.4
-21.9
-20.8
-20
-20.2
-19.6
-19.3
-19.4
-20.8
-21.3
-21.7
-22
-22.7
-23.4
-23.4
-23.6
-24.7
-25.6
-25.5
-24.8
-24.5
-24.1
-23.1
-22.4
-21.7
-20.8
-20.2
-19.7
-20.5
-19.9
-19.6
-19.6
-19.3
-19.7
-20.2
-21
-21.4
-21.3
-21.6
-22
-22
-21.7
-21.1
-21
-21
-21
-21.4
-22
-22.4
-22
-21.4
-21.6
-21.1
-20.6
-19.9
-19.7
-19.7
-19.7
-20.3
-20.3
-20.8
-20.8
-19.7
-19.9
-19.9
-20
-19.7
-19.9
-21
-21.7
-22.7
-23.3
-24.8
-25.9
-25.5
-25.1
-25
-25.5
-24.8
-24.1
-23.7
-23.1
-23.4
-23.3
-24.2
-24.4
-24.1
-23.1
-22.7
-22.5
-22
-21.7
-22
-22
-22.2
-22.4
-22.7
-23.4
-25
-26.4
-27.3
-27.9
-28.1
-28.1
-29.2
-29.3
-29.6
-29.6
-28.7
-27.9
-27
-26.7
-26.5
-26.2
-25.9
-25.6
-25.1
-25
-25.1
-25.3
-25.5
-25.9
-25.8
-25.5
-25
-25.6
-26.1
-26.5
-26.8
-26.5
-26.8
-26.8
-26.7
-26.5
-26.2
-26.2
-25.9
-25.1
-24.2
-24.4
-25.3
-25.3
-25.8
-26.7
-27.6
-28.6
-28.9
-28.9
-28.2
-28.1
-27.9
-27.9
-27.8
-27.8
-28.6
-29.3
-29.2
-29.5
-29.2
-27.8
-27.5
-27.2
-27
-26.4
-25.9
-25.9
-26.1
-26.1
-25.3
-24.5
-24.7
-24.4
-24.1
-24.1
-23.9
-24.1
-24.1
-24.4
-24.5
-25
-24.7
-24.2
-23.7
-23.6
-23.1
-22.7
-22.2
-22.8
-23.3
-23.9
-24.7
-25.8
-26.8
-27.5
-28.4
-28.9
-28.9
-27.9
-27.9
-27.2
-26.2
-25.6
-25.3
-25.3
-24.8
-25.9
-25.6
-25.9
-27.3
-27.9
-27.8
-27.9
-28.4
-28.9
-28.6
-29
-28.9
-28.6
-28.2
-27.9
-27.8
-27
-25.6
-26.2
-26.4
-27.2
-26.8
-26.1
-26.2
-26.5
-26.1
-25.5
-25.5
-25.1
-24.8
-25.3
-26.1
-26.7
-27
-27
-27.3
-27
-27.3
-27.3
-28.1
-28.4
-28.2
-28.4
-28.9
-30
-32.1
-33.4
-34.3
-33.5
-33.1
-33.1
-33.2
-31.5
-30.4
-29.6
-30
-30.9
-32
-32.4
-31.8
-32.1
-33.1
-32.6
-32.6
-32.4
-32.7
-33.1
-33.5
-33.4
-33.7
-34
-34.4
-34.1
-33.4
-32.9
-33.5
-33.8
-33.7
-34
-34.8
-35.7
-36.6
-36.9
-37.2
-36.8
-37.1
-38
-37.5
-36.2
-33.5
-32.3
-32.6
-33.5
-34.3
-34.9
-34.3
-34.6
-35.7
-36.6
-36.2
-35.8
-35.5
-34.8
-34
-33.2
-33.7
-33.1
-32.3
-30.9
-30.3
-30
-30
-30
-30.1
-30.6
-31.3
-32.3
-33.8
-35.1
-36.3
-36.8
-37.2
-37.2
-36.9
-36.2
-35.1
-35.1
-35.7
-35.7
-36
-36.9
-37.9
-38.6
-38.9
-39.3
-39.4
-39.7
-40.3
-40.8
-42
-41.7
-42
-42.8
-44.2
-43.9
-44.1
-44.4
-44.1
-43.6
-43
-42
-42
-43
-43.9
-44.7
-45
-46.1
-46.5
-46.5
-46.8
-47.2
-47.3
-47.2
-47.2
-46.5
-46.2
-46.5
-46.7
-46.8
-46.4
-45.1
-44.5
-43.9
-43.6
-44.2
-45
-44.5
-44.5
-45.5
-46.7
-47.8
-47.9
-48.1
-48.7
-48.9
-48.7
-48.7
-49
-48.4
-47.8
-47.5
-47.2
-46.7
-45.5
-45.1
-44.8
-45.3
-44.2
-43.9
-45
-45.6
-45.8
-46.8
-47.2
-47.3
-47.5
-48.1
-48.6
-48.7
-49
-48.4
-48.2
-48.1
-48.9
-48.4
-47.3
-46.7
-45.9
-46.4
-46.5
-46.8
-46.7
-45.6
-45
-45
-45.5
-45.9
-45.6
-45.1
-45.8
-46.4
-48.1
-49.5
-50.3
-51
-51
-50.9
-50.6
-50.4
-50.4
-49.8
-49.3
-48.4
-48.7
-47.9
-47.8
-46.8
-46.2
-45.5
-44.1
-44.4
-44.2
-44.2
-43.4
-43.4
-44.5
-45.1
-44.8
-44.4
-45
-45.6
-45.3
-45.9
-46.5
-47.2
-47.2
-47.6
-48.6
-48.6
-48.1
-47.6
-47.5
-48.2
-48.6
-48.7
-48.4
-48.2
-48.6
-48.1
-48.2
-48.1
-47.6
-45.9
-45.3
-45.3
-45
-44.5
-43.7
-43.4
-44.1
-44.8
-45.9
-46.4
-46.8
-47.3
-47.5
-47.8
-47.3
-47.8
-47.6
-47.3
-47.5
-47.9
-47.3
-46.2
-45.9
-46.8
-47.5
-46.5
-45.5
-44.5
-45.6
-45.9
-45.9
-45.8
-45.1
-45.5
-45.9
-46.4
-46.5
-46.1
-45
-44.8
-45.1
-44.8
-43.6
-43.1
-43.7
-43.9
-43.7
-43.4
-43.4
-44.2
-44.8
-45.3
-45.8
-45.3
-45.5
-45.5
-46.1
-46.1
-45.1
-44.2
-43.4
-43
-42.4
-42
-42.2
-41.7
-41.6
-41.1
-41.1
-41.1
-41.4
-41.3
-40.8
-40.6
-40.6
-41.4
-42.7
-43.1
-42.8
-42.5
-42.4
-42.4
-42.5
-42
-41.7
-41.3
-41.1
-40.8
-41.6
-42.2
-43.7
-44.4
-44.5
-44.7
-44.5
-45.5
-44.7
-43.4
-42.4
-41.7
-40.6
-39.6
-38.9
-40
-39.6
-39.4
-38.9
-39.7
-39.7
-38.2
-38.2
-38.2
-38
-37.5
-37.5
-38.2
-38.2
-38.6
-38.3
-38.2
-38
-37.4
-37.2
-36.8
-36.6
-36.3
-36.2
-36.8
-36.8
-37.1
-37.1
-37.1
-37.1
-37.1
-38.6
-39.1
-38.5
-37.9
-37.9
-38.5
-38.3
-38.6
-38.6
-39.3
-38.5
-38.5
-38.8
-39.7
-39.9
-39.4
-38.8
-38.6
-37.7
-36.8
-36.5
-36.9
-36.8
-35.5
-35.2
-35.4
-35.5
-35.5
-34.9
-35.1
-34.8
-34.4
-34.4
-34.9
-35.2
-35.7
-36.6
-36.6
-36.5
-36
-35.1
-35.8
-36
-35.8
-35.1
-34.6
-35.1
-35.7
-36.8
-37.2
-37.1
-36.5
-37.1
-38
-39.3
-39.4
-39.1
-38.6
-38.5
-37.7
-37.5
-37.4
-36
-35.7
-34.8
-34.4
-34.1
-34
-34.1
-34.3
-35.2
-35.4
-35.1
-35.2
-36.2
-37.1
-38.3
-38.5
-37.9
-37.4
-37.5
-38.2
-38.5
-39.1
-39.6
-40
-40.5
-41.3
-41.7
-42.4
-42.8
-42.4
-41.9
-41.3
-40.5
-39.7
-39.7
-40.3
-40
-39.3
-38.3
-38.8
-39.6
-39.6
-40.5
-40.5
-40.2
-40
-39.9
-40.5
-41.3
-41.6
-42
-42
-42.5
-42.5
-42.4
-41.7
-41.7
-41.3
-41
-41
-40.6
-41.4
-41.9
-41.7
-42
-42
-42
-41.9
-41
-40
-39.3
-39.1
-39.7
-39.7
-40.2
-40.2
-40
-40.8
-41
-40.6
-40.3
-39.9
-39.7
-39.9
-39.7
-39.6
-39.4
-39.9
-41.1
-41.9
-42.5
-43
-42.7
-41.6
-40.5
-40.5
-40.5
-40
-40
-40.5
-41.4
-41
-40.3
-40.5
-40.5
-39.9
-38.6
-37.7
-37.9
-38
-38.6
-39.3
-40.3
-39.7
-38.9
-38.6
-38.9
-39.3
-39.4
-39.7
-40.5
-41.1
-41.6
-41.9
-42.8
-42
-40.6
-39.6
-39.7
-40.3
-39.7
-38.8
-38.6
-38.8
-38.9
-39.3
-38.9
-38.2
-37.4
-37.2
-36.9
-36.5
-36.3
-36
-35.7
-36.2
-36.9
-37.4
-37.5
-38.3
-38.2
-36.9
-36.2
-36.2
-36
-36
-35.4
-34.8
-35.4
-36
-35.7
-35.8
-35.7
-36.6
-36.3
-36.6
-36.5
-37.4
-37.4
-36.5
-35.8
-35.7
-35.1
-34.8
-34.3
-34.8
-34.3
-35.2
-34.6
-34
-35.1
-35.5
-35.7
-35.4
-35.5
-36.3
-36.9
-37.2
-37.7
-38.3
-39.1
-39.1
-39.3
-39.6
-39.1
-39.6
-39.3
-39.3
-38.3
-38.2
-36.9
-36.9
-37.1
-37.2
-37.5
-37.4
-37.1
-36.5
-36.3
-36.2
-36
-35.1
-34.4
-34
-34.3
-33.5
-32.4
-32.6
-33.1
-33.4
-33.7
-34.3
-35.1
-35.2
-35.2
-35.1
-35.4
-35.2
-35.2
-34.3
-33.2
-32.7
-32.3
-32.7
-33.4
-33.5
-33.5
-33.1
-32.7
-32.6
-32.7
-33.4
-32
-31.3
-30.6
-30.6
-30.4
-30.6
-31.2
-31.8
-32.1
-32.1
-32.4
-32.7
-33.5
-35.2
-35.8
-36.3
-36.5
-36.5
-36.3
-35.8
-35.5
-34.8
-33.5
-32.9
-32
-32.3
-32
-31.2
-31.8
-31.7
-31.8
-31.8
-32.1
-31.8
-30.9
-30.9
-31.5
-31.3
-32
-31.5
-32
-32
-32
-31
-31.5
-31.8
-32.1
-32
-31.7
-32
-32.4
-32.4
-32.6
-32.7
-32.6
-32.1
-31.3
-32.4
-33.4
-33.4
-32.9
-32.6
-32
-32.1
-31.3
-30.7
-31.2
-32
-32.4
-32.6
-32.1
-32.9
-32.9
-31.5
-30.4
-29.6
-29.8
-29
-27.9
-28.1
-28.1
-28.2
-28.9
-28.6
-27.9
-26.5
-26.4
-26.4
-26.7
-27
-27.5
-27
-26.8
-27.6
-28.9
-30.6
-30.9
-30.7
-30.7
-30.7
-30.9
-30.4
-29.8
-29.6
-29.5
-28.7
-28.6
-29.2
-30.1
-30.7
-31.7
-31.7
-32.1
-33.2
-34.1
-33.8
-33.2
-33.8
-33.5
-32.6
-32.3
-32.6
-32.7
-31.8
-31
-31.3
-32.9
-34.9
-36.5
-38.6
-38.5
-34.6
-29.8
-27.6
-28.2
-27.6
-26.2
-25
-25
-25.9
-26.5
-26.2
-25
-25.1
-24.7
-23.1
-21.4
-20.2
-20.5
-21.4
-21.9
-21.4
-19.3
-17.5
-16.9
-17.4
-18.3
-18.6
-18.3
-18.3
-17.9
-17.4
-16.6
-17.1
-17.9
-18.6
-19.1
-18.9
-19.6
-19.3
-18.6
-18.6
-18.3
-18.3
-17.2
-16.9
-16.6
-16.8
-16.9
-16.2
-14.9
-14
-12.6
-11.8
-11.5
-12
-11.2
-9.6
-9.3
-8.7
-8.6
-7.8
-7.8
-7.9
-7.6
-7.9
-7.9
-8.2
-7.8
-7.8
-7.8
-7.2
-8.1
-7.8
-7
-6.5
-6.7
-6.8
-6.7
-6.5
-6.7
-6.2
-5.9
-5.6
-5.1
-5.5
-5.8
-6.8
-6.7
-6.1
-5.1
-4.8
-5.1
-5.9
-7
-7
-8.1
-8.6
-8.9
-8.7
-8.7
-8.9
-8.7
-8.1
-7.8
-7.9
-8.6
-8.9
-8.9
-9
-8.9
-8.2
-6.8
-5.9
-5.1
-4.4
-4.4
-4.7
-5.3
-5.1
-5
-4.7
-4.8
-5.3
-5.3
-6.1
-6.8
-7.2
-6.8
-7
-7.6
-8.1
-8.6
-7.9
-7.6
-6.8
-6.2
-5.9
-5.9
-5.5
-5.9
-5.9
-5.8
-5.1
-4.5
-3.9
-3.9
-4.5
-4.1
-3.7
-3.1
-2.7
-3.1
-3
-3.3
-3.3
-3
-2.8
-2.7
-3
-2.4
-2.2
-2.8
-3
-3.4
-4.4
-4.7
-5
-5
-5.1
-5.1
-5.5
-6.1
-6.4
-6.4
-6.1
-5.5
-5.8
-6.5
-6.5
-6.5
-5.8
-5
-4.2
-3.6
-3.9
-3.6
-4.1
-4.4
-4.5
-4.4
-4.4
-4.4
-4.5
-4.7
-5
-4.4
-4.2
-4.5
-5.6
-7.2
-7.9
-7.8
-7.8
-7.5
-7.5
-7.5
-6.8
-7.3
-7.6
-8.4
-9.3
-10.1
-10.1
-10.3
-10
-9
-8.4
-8.1
-8.4
-8.4
-8.6
-9
-10
-10.6
-10.9
-10.6
-10.3
-10.3
-10.6
-10.9
-12.1
-12.3
-12.6
-12.4
-12.6
-13.1
-13.7
-14.1
-14.3
-14.1
-14
-13.5
-14.1
-14.6
-14.1
-13.2
-13.1
-12.4
-12.3
-11.8
-12
-11.5
-11.2
-11
-10.1
-9.8
-9.3
-10.1
-10.6
-11
-11.5
-11.2
-11
-10.4
-9.3
-8.6
-8.2
-8.1
-7.3
-7.3
-7.2
-7.5
-7.8
-8.2
-7.9
-6.4
-5.1
-4.4
-3.1
-3.4
-3.4
-3.7
-3.4
-3.1
-3.6
-3.1
-3.1
-3.4
-3.3
-4.1
-4.7
-6.1
-6.7
-7.3
-8.6
-7.9
-9
-11.3
-14.8
-16.3
-14.3
-10.3
-7.8
-6.8
-6.2
-5.1
-3.7
-2.8
-2.4
-1.7
-1.6
-1.4
-1.1
0.5
1.7
3
4.4
5.5
4.7
4.8
5.8
8.1
10.4
12
13.4
14.9
15.7
16.5
16.9
18.3
19.7
22.2
23
22.7
23
23.3
23.7
23.9
24.2
23.9
23.6
24.2
25.3
26.2
25.8
25
25.6
25.5
26.7
27
27.8
27.6
27.5
27.9
27.6
27.5
27
26.5
27
27
26.5
26.5
26.4
26.5
27
27.3
27.9
28.1
28.9
29
29.5
30.3
30.6
30.3
30.3
30.7
31.7
32.1
32.1
32
33.1
32.7
32.3
32.6
32.9
33.4
33.2
33.8
33.7
33.7
34.1
33.5
33.4
33.2
33.5
32.6
32.4
32.3
32.3
32.3
32.7
32.6
32.3
31
31.2
31.7
32
31.7
31.3
31.3
31.2
31.5
31.2
31.8
32.6
31.8
30.1
29.5
29.3
30
28.7
28.1
27.2
27.3
28.2
29.6
31.3
31.5
31.8
31.7
32.7
33.2
33.4
32.9
32.3
32.3
32.7
32.7
33.1
32.9
32.6
32.3
33.4
34.1
34
33.5
33.7
33.7
34
33.8
33.1
32.6
32.3
33.1
33.7
34.6
35.1
34.9
35.5
36
36.9
37.5
37.9
37.1
36.2
36.2
36.2
36.5
36.2
36.6
36.8
38
38.5
38.5
38.2
36.6
35.5
34
33.1
33.2
32.1
31.3
30.1
28.7
27.9
26.2
26.4
25.8
25.6
25.6
25.6
26.7
27.5
27.9
27.8
27
27.2
26.7
26.2
26.8
26.7
27.3
28.4
28.7
28.4
26.7
25.6
25.8
26.5
27.3
27.5
27.5
27.6
27.3
27.5
27.6
27.3
27.8
27.9
27.3
28.4
29.2
30
28.1
26.8
27.5
27.8
26.7
25.3
23.9
23.9
25.1
27.2
27.6
26.5
23.3
20.5
21.4
23
24.2
23.1
22.5
21.9
21.9
21.6
21
18.6
16.6
14.8
14
13.1
12.3
12.6
12.3
10.9
9.2
6.7
4.7
3.6
3.6
3
1.7
2
2.2
3
2.5
1.6
1
1.1
1.1
1.7
2
1.7
1.1
1.3
3
3.9
3.9
3.9
3.1
3.6
4.8
4.5
3
2
1.7
1.4
0.6
0.5
0.3
0.2
0.5
0.8
1.9
2.7
3.1
2.8
2.2
2.4
2.8
2.4
1.1
0
-0.3
-0.5
-0.8
-0.5
-0.8
-1.3
-1.9
-1.9
-2.5
-2.4
-2.5
-2.7
-2.7
-2.8
-2.7
-2.5
-2.5
-3
-4.4
-5.3
-5.8
-6.2
-7.3
-8.1
-8.4
-9
-9.2
-9.6
-9.3
-9.8
-11
-12
-12
-12
-12.3
-12.6
-12
-12.3
-12.6
-12.3
-11.8
-10.9
-12
-12.6
-12.3
-11.5
-10.6
-10
-9.2
-8.6
-8.4
-8.1
-8.7
-10.9
-14.8
-18.5
-19.3
-15.4
-9.3
-4.2
-1.1
-0.3
1.4
4.2
7.3
9.8
12
13.5
13.8
15.2
20.5
25.6
27.9
29.2
31.5
33.4
34
36
39.3
41.7
42.2
44.7
48.1
50.1
50.6
50.6
52
55.2
59.3
63
64.1
65
66.4
68.4
69
69.5
71.5
75.1
76.5
76.5
77.4
78.9
80
80.6
81.3
81.6
81.7
82
82.5
82.7
82.7
82
81.9
82.4
82.4
81.9
81.7
82
81.6
81
81.1
81
81.1
81.4
80.2
79.9
80.8
81.4
81.4
81.1
81.6
81.6
82
82.5
82.2
81.9
82.7
83
83
82.2
81.4
80
79.1
79.3
79.9
80.3
80.6
81.4
81.1
81.7
81.7
80.5
79.1
78.8
79.3
80.6
81
81.1
80
80
80.6
80.6
81.1
80.6
79.9
80.5
81.6
82.4
82.4
82.2
81.6
80.6
79.9
76.9
72.6
69.6
72.1
74.4
76
76
76.9
77.7
78.5
79.1
78.9
79.1
79.1
79.7
80.2
81
82.5
85.5
86.5
86.4
86.4
88.2
89.3
91.3
93.4
94.3
95.7
96.5
96.8
97.5
99.3
99.9
100
100
99.6
100.6
102.5
103.7
103
102.2
102.4
102.4
103.1
104.7
104.8
105.1
105.3
105.3
106.1
107.2
108.2
108.6
107.9
107.8
107.2
106.7
105.8
104.7
104.2
104.5
104.2
103.4
103.1
103.6
103
101.7
100.6
101.1
101.1
100.3
99.3
98.6
99.1
98
96.6
96.2
96.6
96.5
96.5
96.5
97.7
97.2
98.2
98.9
99.4
99.7
99.7
100
98.9
98
98.2
99.1
98.8
97.9
97.2
95.8
95.4
94.9
94.1
94.6
95.2
95.4
95.5
96.3
96.9
97.4
97.4
97.4
97.2
95.8
95.1
95.1
94.9
94.4
94.4
94.8
94.6
93.4
92.1
90.9
90.9
91.8
92.4
93.7
94
93.4
92.7
92
93.7
93.2
91.2
88.2
88.7
90
90.4
92.1
94.8
96.8
98
99.3
100.8
101
101.1
102.7
104.1
105.5
105.5
106.2
107.6
108.7
110.4
110.9
110.9
110.9
111.3
112.1
112.7
115.2
116
116.2
116.9
118.2
118.8
119.9
120.5
120.5
119.3
120.2
119.3
117.5
117.7
117.9
117.4
118.2
119.1
117.7
116.5
117.2
118.9
120
120.2
121
121.1
122
123.4
123.7
124.2
125.3
125
124.1
124.1
125.6
126.8
127.5
127.9
128.2
127.2
125.9
126.7
128.2
128.9
128.1
128.4
128.9
128.2
129
130.1
129.2
128.7
127.8
127.9
128.9
129
128.9
130
130.7
130.3
129
128.4
128.7
128.1
128.1
127.6
127.8
127.2
127
126.1
125.6
123.7
123
123.1
121.9
122.2
122.5
122.2
121.7
120.8
120
119.7
119.9
120.2
119.7
119.1
118.8
119.6
119.9
118.3
117.7
117.2
117.2
116.5
115.8
115.1
114.9
115.1
113.2
111.7
111.8
111.5
110.9
110
111.5
111.3
111.7
111
109.8
109.3
108.9
108.4
107.2
107
107.9
108.2
108.7
109
109.3
109.3
108.4
107.3
107
106.7
106.4
106.2
106.4
106.7
106.5
107.2
107.5
107
106.5
106.5
106.5
106.4
105.6
105.3
105.6
104.5
102.8
101.9
101.9
102.7
102.5
102.5
102.5
102.5
103
103.1
103.4
103.1
102.8
102.8
103
102.8
101.9
101.3
102
101.7
101.3
101.1
101.7
102.2
102.2
102.5
101.9
101.7
101.4
100.6
100
99.3
99.6
99.7
99.6
98.8
98.6
98.8
98.9
99.3
100
100.2
100.2
101
101.9
103
104.1
103.6
102.8
102.2
101.3
100.8
100.3
99.9
98.8
99.3
99.3
98
97.2
98.2
98.9
99.4
98.6
99.3
100.2
100.5
99.9
98.3
98.8
99.6
99.6
98.5
97.1
96.5
96.9
97.2
97.7
98.2
98.6
99.9
101.3
101.6
99.7
97.4
96.6
98.6
100.3
98.9
96.8
95.7
95.4
93.7
91.5
90
87.3
84.5
81.7
79.1
77.4
76
75.2
74.3
72.3
69.5
68.2
66.7
63.6
63
64.2
62.8
57.4
53.4
52.1
51.2
51.5
53.1
52.4
51.3
49.8
49.6
49.6
50.3
50.4
49.3
49.2
49.6
51.2
52
52
52.7
51.8
51.2
50.6
50.9
51.8
52.6
53.2
53.1
52.9
52.7
53.5
54.4
54.1
52.9
52.3
52.7
53.5
52.7
52.3
51.8
51.7
51.5
51.5
51.8
51.7
51.5
50.3
48.4
48.4
48.2
48.1
48.2
48.9
49.6
49.5
50.1
50.6
50.7
50.9
50.3
49.8
48.9
49.3
49
48.2
47.8
47.6
47.9
47.8
47
46.7
47.2
47
46.5
45.9
46.1
46.2
46.2
46.1
46.1
46.4
46.4
47.2
47.2
46.1
43.9
43.1
43.1
43
42.7
43.1
42.7
41.9
40.6
40.6
41
41.6
41.7
41.3
41
40.2
39.9
40.8
41.7
42
41.1
40.2
40
40
40.3
40
39.7
38.8
37.9
37.1
36.5
36.5
35.8
35.5
34.8
34.6
34.4
34
34.8
34.9
34.9
34.4
33.4
32.4
32.1
32
32
31.5
30.4
29.6
30.4
30.9
31
31
30.6
30.7
31
31.2
29.8
28.6
28.6
28.7
28.9
28.4
27.2
27.2
26.8
25.9
25.1
25.5
25.3
24.5
23.9
24.2
25
25.3
24.8
24.5
24.5
25.5
25
25.1
25.8
25.9
25.6
25.8
25.9
26.5
25.8
24.8
23.9
23.6
23.1
23.4
24.5
25.5
25.6
24.7
24.7
25.1
26.1
26.7
25.6
24.8
24.4
24.8
24.8
24.8
24.7
24.5
23.6
23.1
22.7
22.4
22.2
22.8
23.3
23.7
24.1
23.7
23.6
23.9
23.6
23.1
22.7
22.2
21.9
21.7
22.2
22.7
23.6
24.1
23.9
24.5
25.3
26.1
27.5
27.9
25.9
21.9
21.3
23.3
25.8
27.2
28.7
28.7
30.3
33.7
36.2
36.6
38.2
39.4
39.1
40.6
44.7
48.1
50.9
53.2
55.2
57.1
58.6
59.1
60.5
62.2
63
64.1
66.1
66.7
66.7
69.3
72.9
73.5
72.3
74.6
78.8
78.9
77.1
78.6
81.6
81.9
81.7
82.8
83.7
84.8
84.4
84.5
84.4
85.1
84.2
83.4
84.1
84.5
84.4
85.1
85.3
85.8
86.2
85.8
86.2
86.5
87.6
88.2
87.5
87
86.7
86.7
86.8
86.5
87.2
87.3
87.9
87.6
88.1
88.2
87.6
86.8
86.8
88.1
88.1
87
85.9
85.8
86.5
86.7
86.8
85.9
85.3
85
84.7
84.2
83.3
83
82.2
81.3
81.1
81.3
81.3
81.1
81.1
80.8
80.8
81.1
80.6
79.6
79.4
78.5
78.6
78
77.7
76.3
75.5
75.4
74.4
73.2
71.3
72.1
72.4
72
70.6
69.8
69.8
69
68.4
68.6
67.8
66.2
65.9
66.5
66.5
65.9
66.4
66.7
65.9
65.6
65.3
64.8
64.8
65.1
65
64.8
65.3
64.1
63.3
63.7
64.2
63.7
63.1
63.7
64.8
65.8
66.4
67.3
68.6
69.2
68.9
69.5
70.3
70.3
68.6
67
67.3
68.4
68.6
68.1
67.6
67
67
66.7
66.8
66.5
65.6
65.6
66.2
66.5
66.5
66.2
66.1
65.9
65.6
65.5
65.3
64.7
63.7
63.4
64.1
64.2
64.2
64.8
65.6
66.7
68.1
68.6
67.9
67.6
68.2
67.8
67.3
66.5
64.5
63.1
63.6
65.3
66.2
66.5
65.8
65.5
65.3
65
64.7
65.3
65.5
63.9
62.8
63
63.3
63.7
63.6
63.4
62.7
62.5
62.2
62.2
62.5
62.7
61.6
61.7
62.4
63
62.2
59.4
57.9
58.6
60.3
62.2
63.6
65.5
66.7
68.9
71
71.3
71.3
72.1
72.4
72.1
73.5
74.1
74
76.9
80.5
81.1
81.1
82.5
83.6
82
80.8
80.6
82
81.3
81.3
80.6
80.3
80.3
80.6
81
81.3
81.1
80.5
80.2
81.4
82.2
81.9
81.7
81.9
81.4
80.6
80.6
81.1
81.7
81.7
81.6
81.3
81.3
80.5
79.9
78.3
77.2
76.8
76.5
77.9
78.8
79.6
79.4
79.3
79.1
78.6
77.9
77.4
78
78
77.5
77.9
77.7
77.1
76.8
76.6
77.1
77.1
76.2
76.5
76.6
76
75.7
76.2
76.5
75.7
76
77.2
78.2
78.9
80.3
82.8
84.4
82.2
77.4
73.8
71.7
72.7
74.6
74.6
71.5
70.7
72.4
74
72.7
70.4
67.9
67.2
65.9
62.7
61.6
63
62.8
61.6
60
59.4
57.5
56.2
56.5
56.9
56.8
55.2
53.2
50.4
48.7
47.3
45.3
44.5
44.5
43.9
42.7
41.9
41
40.3
39.3
37.2
34.4
32.7
32
32.6
32.4
32.3
31.2
30.6
30
29
29.5
30.4
30.1
30.3
30.6
31
31.3
31.3
30.3
29
29
29
28.1
26.1
25
25
25.5
25.9
24.8
25
24.5
24.4
24.4
24.1
23.6
23.7
23.9
23.7
23.4
23.3
21.6
21.1
22.4
24.1
24.7
25.1
25.3
25.8
26.8
27.9
27.9
27.5
27
26.8
26.5
25.9
26.5
27.5
27.9
27.9
28.4
29.3
29.6
30.1
29.3
28.9
28.9
28.2
28.6
28.9
29.2
29.6
29.5
30.4
30.4
30.7
31.2
31.2
31.2
31
31.8
32.3
32
31.7
31.3
31.8
31.5
31.3
31.2
30.3
29.8
29
28.9
28.2
27.5
25.5
21
18.8
20.6
24.5
27
28.1
30.1
31.5
33.2
35.5
38.8
39.6
39.4
40.3
42
43.7
46.2
48.4
48.9
49.3
51.5
52.7
52.6
53.8
56.5
58.8
60.5
61.4
62.8
63.4
63.6
64.8
65.6
65
64.7
65.3
66.4
68.2
70.3
71
70.9
71.5
73.1
75.4
78
78.5
77.7
79.6
80.2
79.4
77.9
78.3
78.5
78.5
77.2
76.2
75.5
76.6
77.1
77.2
77.5
78.2
78.2
77.5
77.9
77.9
77.4
76.9
77.2
76.5
74.1
73.2
74.4
74.6
74.6
74.3
73.8
73.7
73.8
74.3
73.8
74.3
74.6
75.1
74.6
73.8
72.6
71.7
70.9
70.4
70.1
70.1
69.5
69.3
69.2
69.2
69.2
68.9
68.6
68.7
68.1
67.9
67.5
66.8
66.1
65.1
63.7
63.1
63.3
63.6
63.4
64.4
65
65
64.5
64.1
63.9
62.8
62.2
62.4
62.7
61.3
60.5
60.2
60.5
60.2
59.4
59.4
60.2
60
59.3
59.4
60.2
59.7
57.9
56
56.9
57.9
57.5
57.4
57.5
58.2
58.2
58.2
57.9
57.7
58.3
58
57.2
54.9
52.3
50.9
51.7
52.6
54
54.6
55.4
56.2
57.7
58.9
60
61
61.6
62
63
65
66.5
67.5
69
69.8
69.5
68.4
66.8
66.5
66.4
67.6
68.6
68.6
69.3
69.2
70
71.3
72.3
70.6
69.5
69.5
67.8
66.2
65.6
64.5
61.4
59.3
59.3
59.4
58.8
58.3
58
57.5
55.8
55.8
56.5
57.2
57.7
57.7
57.1
56.9
57.1
56.6
56.9
56.8
56.3
54.9
54.8
56.2
57.1
57.2
57.7
58.8
59.4
58.9
60.6
61.6
62.5
62.8
64.1
63.6
64.4
65.6
65.6
64.2
64.4
65.3
65.8
65.8
66.1
66.1
65.8
65
65
65.8
66.2
66.7
66.7
66.1
67.8
69
67.5
64.5
61.9
59.9
59.7
61
61.7
60.6
60.5
60.3
61
61.7
62
60.5
59.1
57.5
58
59.3
60
59.9
59.3
57.9
56.5
55.4
53.8
52.9
53.4
53.2
52.1
51.8
51.3
49.8
50.9
50
49.8
50.3
51.5
52
51.7
51.8
50.6
48.6
46.2
43.7
43.1
42.8
41.3
40
39.1
37.4
35.7
36
36.5
36.3
34.6
33.4
32.3
31.8
32.1
31.3
29.8
28.1
27.5
27.5
27.2
26.2
24.8
22.4
20.8
19.9
18.9
15.8
12.9
11.7
10.7
10.4
9.5
8.4
6.4
4.2
2.7
1.7
0.2
-1.7
-3.7
-5
-6.4
-6.4
-7.8
-8.9
-9.8
-10.4
-11.5
-12.4
-12
-11.8
-12.1
-12.3
-13.2
-13.8
-15.5
-15.7
-17.5
-18.5
-19.4
-20.3
-19.9
-20.6
-20
-19.9
-20.2
-19.9
-19.9
-20.2
-20.6
-20.6
-20.8
-20.5
-20.6
-21.4
-23.1
-24.5
-25.6
-26.7
-27
-26.8
-26.7
-27.8
-27.9
-28.2
-28.1
-29.5
-31.3
-32.4
-32.7
-30.6
-29.3
-29.3
-30.4
-33.1
-36
-38.3
-37.7
-37.5
-39.3
-41.4
-42.8
-43.6
-43
-43
-43.9
-44.7
-45.3
-45.9
-46.5
-46.8
-47.8
-49.3
-51.2
-52.7
-53.8
-54.6
-55.1
-55.8
-56
-56.6
-56.5
-55.4
-54.4
-53.8
-53.8
-54.3
-54.3
-53.7
-53.2
-52.7
-52.7
-52.9
-53.7
-53.8
-54.3
-53.8
-52.7
-51
-50.7
-51.7
-51.3
-50.4
-48.9
-47.8
-46.5
-46.5
-46.7
-46.4
-45.5
-45.6
-45.3
-46.1
-46.1
-46.1
-45
-44.1
-43.7
-44.1
-45.1
-45.5
-45.9
-45.1
-44.7
-43.9
-44.1
-44.4
-44.5
-44.8
-44.8
-44.8
-44.2
-44.5
-44.4
-44.8
-45
-45.6
-45.8
-44.8
-44.1
-44.7
-45.6
-45.5
-44.7
-43.9
-42.7
-42
-42
-42.4
-42.8
-42.8
-42.5
-41.9
-41.9
-41.7
-42
-42.4
-42.2
-42.5
-43
-43.1
-44.1
-44.7
-44.4
-43.6
-42.4
-42.5
-42.7
-43.4
-44.2
-44.7
-43.9
-43.6
-44.4
-45.9
-47
-47.5
-47.8
-48.2
-49
-49
-48.2
-48.4
-48.4
-47.5
-47.2
-46.5
-46.2
-46.7
-46.8
-47.6
-47.8
-47.2
-46.5
-46.5
-47
-46.5
-46.2
-45.9
-45.9
-46.5
-47.8
-48.2
-48.1
-47.9
-48.1
-47.6
-47.6
-48.4
-49
-49.2
-49.3
-50.7
-52
-52.4
-52.9
-53.4
-54.1
-54.3
-53.8
-54.1
-54.6
-55.4
-54.6
-54.3
-55.1
-56.6
-56.5
-56.6
-56.9
-57.9
-57.7
-56.8
-56.5
-56.3
-56.3
-56.3
-56.5
-57.4
-57.4
-56.9
-56.6
-57.1
-57.7
-57.2
-55.7
-54.3
-53.8
-53.5
-53.1
-53.2
-52.7
-51.7
-51
-51
-52.4
-53.2
-53.7
-54.8
-55.7
-56.3
-55.7
-55.1
-55.2
-55.8
-56
-56.2
-55.8
-55.1
-54.3
-53.2
-52.9
-53.4
-53.7
-53.2
-52.7
-53.1
-53.4
-54.1
-55.1
-54.9
-54.9
-54.3
-53.5
-54.1
-55.1
-55.7
-56.5
-56.2
-56.2
-56
-56.6
-56.6
-56.9
-57.4
-56.2
-55.7
-57.1
-59.1
-59.4
-59.3
-60
-60.2
-59.7
-59.1
-60.6
-65.1
-70.4
-71.8
-65
-57.1
-54.4
-54.4
-54.4
-53.1
-50.9
-48.4
-47.2
-48.6
-49.3
-48.4
-46.8
-44.1
-41
-38.3
-37.4
-38.9
-40.8
-41.1
-41
-40.8
-39.1
-38.9
-38.8
-39.7
-41.1
-41.9
-43.1
-42.7
-42.2
-41
-40
-39.7
-39.6
-39.7
-39.9
-40.2
-41
-41.9
-41.9
-42
-42.7
-43
-44.1
-45.1
-45.8
-45.3
-44.8
-44.8
-44.4
-44.2
-43.9
-42.7
-41.7
-42
-42.8
-43.9
-45.1
-45.3
-45.5
-45.6
-46.5
-46.5
-45.9
-45.8
-45.5
-44.8
-43.6
-43.9
-44.2
-44.1
-43.4
-42.8
-42.4
-41.6
-41.1
-41.9
-42.8
-44.7
-45.8
-46.7
-47.6
-49.5
-50.1
-50.3
-50
-51
-50.9
-50.6
-49.8
-49
-47.8
-47.3
-46.5
-47
-47.5
-47
-46.8
-47
-47.3
-46.5
-47
-48.1
-49.3
-49.8
-50
-49.8
-50.6
-50.6
-49.3
-48.2
-46.4
-44.7
-42.5
-41.9
-41.7
-41.9
-41.7
-41.3
-42
-43.3
-44.1
-44.2
-42.8
-42.7
-42.7
-42.7
-42.2
-41.4
-41.4
-40.3
-39.4
-38.8
-38.8
-38.8
-38.5
-37.5
-36.5
-36.2
-36.8
-36.9
-37.7
-38.5
-39.4
-39.7
-39.9
-39.7
-39.3
-39.1
-39.4
-39.6
-39.3
-38.3
-38
-37.7
-37.7
-37.7
-38
-37.5
-36.8
-36.5
-36.6
-36.5
-36.6
-37.7
-38
-38
-37.5
-37.5
-36.5
-36.8
-36.9
-38
-37.9
-37.9
-37.1
-36.9
-36.6
-37.1
-37.5
-38.6
-39.1
-39.3
-38.3
-38.5
-39.9
-40.8
-41.6
-41.6
-41.9
-42
-40.6
-40.5
-40
-40
-39.1
-38.6
-38.6
-38.6
-38.8
-39.1
-40.5
-42
-41.9
-41.7
-41.6
-41.7
-41.6
-42.2
-42.7
-42.7
-42.4
-41.3
-41
-41.1
-40.8
-40.8
-40.8
-40.8
-40.3
-40.3
-41.3
-42.2
-42.7
-43.3
-43.7
-45.9
-47.5
-48.2
-48.9
-49
-48.7
-48.2
-47.3
-46.1
-45.6
-44.7
-44.1
-43.7
-43.3
-43.1
-43.4
-43.9
-45.3
-47
-49.3
-52
-53.8
-53.5
-50.7
-47.9
-49
-50.6
-48.2
-43.9
-42.7
-45.6
-46.2
-43.9
-40.3
-38.9
-38.6
-40.5
-42.5
-43.9
-43.7
-44.2
-47.3
-50
-50
-48.4
-45.8
-43.3
-41
-40.2
-39.6
-38.2
-35.8
-34.1
-34.1
-34
-34.9
-35.2
-34.4
-33.5
-33.8
-34.9
-35.5
-35.4
-36.3
-37.5
-38.6
-39.9
-40.3
-41
-40.6
-38.9
-36.6
-34.4
-32.4
-31.2
-30.1
-29.3
-29.3
-28.7
-28.2
-27.6
-27.3
-27.8
-28.4
-28.9
-27.8
-27.9
-28.2
-28.7
-28.6
-28.2
-28.7
-28.6
-27.9
-27.2
-26.8
-26.1
-25.6
-25
-24.7
-24.7
-25.3
-25.8
-25.9
-25.8
-25.8
-25.9
-25.6
-25.8
-26.8
-26.8
-27
-26.7
-26.4
-25.8
-25.6
-25.1
-24.4
-24.4
-23.6
-23.3
-22.7
-21.7
-20.6
-20.8
-21.6
-22.2
-22.7
-23.6
-24.5
-25.5
-26.2
-26.2
-25.6
-25
-25.1
-24.4
-24.4
-23.7
-24.1
-25.8
-26.5
-26.5
-25.5
-24.7
-25.1
-25.3
-25
-24.8
-25.3
-25.8
-26.2
-27.8
-29.2
-29.6
-29.5
-28.9
-29.2
-29.2
-29.2
-29
-28.7
-29.5
-29.5
-29.5
-29.5
-29.2
-29.5
-29
-28.7
-29.5
-30.6
-31.2
-31.3
-32.3
-33.2
-34
-33.4
-33.5
-33.5
-33.1
-33.2
-33.4
-33.8
-35.4
-36
-35.8
-34.8
-34.8
-35.1
-35.1
-34.8
-35.4
-36.3
-37.4
-37.4
-37.7
-38.2
-38.3
-38.5
-38.9
-38.8
-38
-37.2
-36.3
-36.3
-36
-35.2
-35.4
-35.2
-36
-36.6
-36.9
-37.5
-37.7
-39.1
-40.5
-41.1
-41.6
-41.4
-42
-41.9
-41.7
-41.6
-41.6
-40.6
-40.3
-40.8
-40.2
-39.9
-40.2
-40.6
-40
-39.4
-38.5
-38.6
-38.6
-38.6
-38.6
-39.1
-39.6
-39.9
-39.9
-40
-39.6
-39.6
-40
-41
-40.8
-41.1
-41.3
-41.7
-41.4
-41.6
-42.5
-43.1
-44.2
-43.9
-43.6
-43.6
-42.7
-42.4
-42
-42.4
-41.6
-41.3
-42
-43.1
-44.4
-45.8
-45.8
-45.1
-43.7
-43.7
-43.7
-42.7
-42.4
-41.9
-42.2
-42.5
-42.5
-43
-42.7
-42.5
-41.7
-41.4
-40.3
-39.9
-40.6
-41.1
-41.7
-41.4
-41.3
-41.1
-40.8
-40
-38.8
-36.6
-36
-36.5
-36.5
-34.1
-30.9
-29.8
-31
-32.6
-33.1
-33.1
-33.5
-31.5
-32.4
-35.1
-36.2
-35.2
-34.9
-34.3
-33.2
-32.4
-31.8
-31.3
-31.8
-31.5
-30.6
-30
-30
-29.6
-30.1
-30.6
-31.2
-32
-32
-32.4
-32.4
-33.5
-34.1
-34.9
-35.1
-35.4
-35.4
-35.1
-34.4
-34
-33.1
-32.4
-33.2
-34.3
-35.1
-35.2
-35.4
-36
-36.2
-36.9
-37.4
-38
-37.5
-37.9
-38.5
-38.3
-38.6
-39.3
-39.3
-39.1
-38.6
-38.6
-39.1
-40.3
-41.9
-44.4
-47.8
-50.4
-49.6
-45.8
-41
-38.3
-37.2
-36.8
-35.7
-34.9
-34.4
-36.5
-38.8
-38.5
-37.2
-36
-34.4
-31.8
-29.8
-29.8
-30.3
-31.2
-31.8
-32.1
-33.4
-32.7
-32.1
-30.9
-30.7
-30.9
-30.7
-30.9
-31.2
-31
-31
-29.8
-30.1
-29.2
-28.7
-28.9
-28.4
-28.6
-27.2
-26.2
-26.1
-26.5
-27.2
-27.3
-27.6
-28.1
-27.9
-27.9
-28.4
-29.2
-29.2
-27.6
-25.9
-25.5
-25.1
-24.7
-25.3
-25.5
-25.9
-25.8
-25.9
-26.5
-27.2
-27.3
-26.5
-26.8
-27.6
-27.2
-26.8
-26.5
-26.7
-27.2
-27
-27
-26.4
-25.1
-25.1
-24.7
-25.5
-25.1
-25.5
-24.7
-24.8
-24.8
-24.4
-23.6
-22.8
-21.6
-20.3
-18.8
-18.6
-18.3
-18.9
-19.7
-19.7
-20.3
-20.2
-19.7
-18.6
-18.3
-17.9
-17.4
-17.2
-17.9
-19.1
-20
-20.3
-20.5
-20.5
-21.1
-21
-21.3
-21
-20.2
-20.3
-20.5
-21
-21.6
-21.9
-21.4
-21
-20
-20.2
-20.5
-21
-21.3
-21.9
-21.4
-21.1
-21.4
-21.1
-21.6
-21.1
-20.8
-20
-20.5
-21
-21.3
-21.6
-21.1
-20.3
-19.9
-19.3
-19.4
-19.6
-19.6
-19.9
-19.7
-19.9
-20.5
-22.5
-26.4
-29.2
-29
-26.2
-23.7
-22.5
-22
-21.7
-21.1
-20
-19.6
-19.4
-18.6
-18
-18.3
-18.2
-15.4
-13.4
-12.3
-11.5
-10.4
-9.8
-10.1
-11
-11.7
-11.3
-10.3
-10.1
-9.6
-9.5
-10.7
-11.2
-9.3
-6.1
-4.4
-4.8
-6.2
-6.8
-7.5
-7.8
-8.4
-9.6
-10
-9.8
-9
-8.1
-8.2
-7.9
-7.5
-6.4
-7.2
-9
-10.1
-9.6
-9.2
-9
-9
-9.6
-9.2
-8.2
-7.5
-7.2
-7.6
-8.6
-8.6
-8.7
-8.2
-7.9
-8.2
-8.1
-8.4
-7.9
-8.1
-7.8
-7.8
-7.6
-7.3
-8.6
-9.8
-10.4
-10.3
-10
-10.1
-9.5
-9.2
-9.3
-9.3
-10.3
-11.7
-13.7
-13.5
-12.6
-9.8
-6.7
-5.1
-3.9
-0.5
3
3.6
2.5
4.1
7.3
9.5
10.6
10.9
12.4
13.7
15.5
16.8
17.5
18.2
18.5
21.4
25.8
26.8
26.1
26.7
29.5
30.6
30
29
28.6
28.6
27.5
26.5
25.9
26.2
26.4
25
25.3
25.8
26.4
27
26.7
26.8
26.7
26.4
26.1
25.1
25
25.8
25.9
25.1
23.7
22.5
21.6
21.9
22.5
23.6
24.4
23.1
20.2
18.5
20.2
24.4
28.1
29.6
30
31
33.7
36.9
37.4
39.1
41.6
42.8
41.3
38.9
38.2
41.4
43.7
44.4
42.2
40.2
41.7
43.7
45.1
46.4
49
51.3
52.4
53.4
54.9
56.2
56.2
57.2
57.1
56.6
54.8
53.5
53.5
54.4
54
53.2
53.2
53.5
54.4
54.4
54.6
55.4
55.5
55.8
57.1
56.9
56.5
55.5
54.8
54.9
54.8
54.8
54.6
53.8
54.1
53.7
52.7
53.2
52.7
52.1
52.6
53.1
54.3
55.1
55.8
56.9
56.8
57.7
57.7
57.5
57.2
56.9
56.8
56.2
55.2
54.3
54.1
53.5
52.4
52.4
52.6
52.7
53.5
54.4
54.9
56.2
58.5
60.2
61
61.6
61
60.3
59.7
59.1
57.7
56.6
56.3
55.5
54.6
53.8
53.1
52.1
49.2
47.5
47.6
48.6
50.7
53.8
55.5
56.3
58.3
60.2
60.6
60.3
59.9
59.3
59.7
60
59.4
58.9
58.3
57.4
56.5
55.8
54.4
54.4
54.4
54.3
54.1
55.5
55.8
55.7
55.4
56
55.7
54.8
54.9
55.5
54.6
53.5
54
53.7
52.4
52
52
52.9
53.5
54.1
54.8
55.7
55.8
56
55.8
56.2
56.5
55.2
54.3
53.8
54.8
54.8
54.8
55.4
56.2
56.9
56.6
56.2
56.5
56.2
55.5
54.9
54.8
55.1
55.8
56.6
56.9
56.8
56.3
56.2
57.1
57.4
57.1
56.5
56.2
56.9
57.2
56.8
56.2
55.7
56
55.2
54.6
54
53.7
55.2
56.5
57.7
59.1
59.9
60.2
60.2
61
61.3
60.8
60.5
59.9
60.3
60.3
61
60.3
58.8
59.4
60.2
60.6
60.5
61.9
62.7
63.1
64.8
64.5
64.4
63.4
62.5
61.4
61.4
62.5
61.9
61.1
60.3
60.6
60.8
61.6
61.7
60.6
58.9
58.8
58.3
57.9
57.2
57.7
58.2
58
58
57.5
57.1
56.3
55.7
55.5
54.9
54.9
54.9
54.6
56
56.8
58.6
58.5
58
57.1
57.2
58.3
58.6
58
58
57.2
56
55.1
55.7
55.5
54.9
56
56.3
56.3
56.2
57.4
58.5
58
57.2
56.9
56.8
55.5
52.3
50.7
50.1
50.4
52.1
54.4
53.8
53.2
54.9
57.2
58
56.5
56
56.8
58.5
60.2
61.1
62
63.6
65.9
67.6
67.3
67.2
67.6
68.6
69
67.8
66.2
65.6
66.8
65.6
65.3
65.6
66.2
67.6
68.6
68.6
68.4
68.6
68.9
68.7
68.7
67.9
67
67.9
69.3
69
68.7
68.9
69
68.1
68.7
70.6
71
70.9
69.8
69.3
68.7
68.7
68.4
67.2
67.2
67.3
67.2
67.2
67.5
67
66.8
67.3
67.8
68.7
69.2
68.9
68.4
69.5
70.6
70.3
69.5
68.9
67.6
66.5
65.9
66.1
66.1
66.2
65.9
66.2
66.4
66.4
65.9
66.5
67
66.1
65.3
65
65.3
64.1
63
62.4
62.4
61.9
61.4
60.8
59.7
59.6
60.3
60.3
60.2
60.2
59.3
58.8
58.2
58
58.2
58.6
58.3
57.4
57.9
58
57.5
58.6
59.9
59.7
58.9
58.6
59.3
59.4
59.3
58.6
58.8
58.9
58.3
58
58.6
58.9
58.5
58.2
58.6
58.3
57.2
55.8
55.8
56.2
56
54.6
52.3
51.7
51.8
51.7
49.8
49.2
50.9
51.3
51.7
52.9
54
55.4
56.2
57.5
58
58
57.9
57.9
57.1
56
55.7
55.4
54.9
54
53.5
53.5
54.1
55.7
56.6
56.5
56.3
57.1
58.2
58.9
58.3
58
58.3
58.6
58.2
57.5
57.7
57.7
57.2
57.5
57.9
57.9
57.4
57.7
58
58.5
58.5
58.9
59.4
58.8
58.8
58.9
58.2
58.2
58.5
58.9
57.2
56.9
58.2
58.6
58.3
58.2
58.3
58.5
58.8
58.9
59.3
60.6
61.1
62
61.9
62.4
61.9
62
62.4
62.7
61.7
61.4
60.8
61.1
60.8
60.6
59.4
58.8
58.8
58.5
58
58.3
58.2
58
58
57.9
57.9
57.5
58.2
58
57.7
58
57.7
57.5
58
58
57.4
57.1
56.2
55.7
55.2
54.4
54.6
55.4
54.8
52
51.2
53.8
54.9
56.2
56.9
58
59.4
60.2
61.6
62.2
62.5
63.4
63.6
63.1
62.7
62.2
60.3
57.7
57.5
57.9
56.9
56.5
56.8
56.5
56.3
56.9
58.3
58.9
59.3
58
56.9
56.9
57.4
56.9
56.9
57.4
55.8
53.4
52.1
51.8
51.8
51.3
52.9
54.6
56.2
56.9
57.5
58.5
58.9
59.1
59.7
59.6
59.1
57.5
56.6
55.7
56.2
56.8
55.8
55.1
54.4
54.4
53.8
54.3
54.9
55.4
55.8
56.3
57.1
57.4
57.2
56.8
56
55.1
54
52.7
51.5
49.8
48.1
46.8
46.7
47.2
47.9
48.9
49
49.8
51.3
51.8
51.8
52.1
53.2
56
56.6
54.8
52.9
53.8
55.5
54.6
53.5
52.6
51.3
49
47.6
47.8
48.2
47.6
46.8
46.8
47.6
48.1
49.2
49.5
49.3
48.7
47.5
47.5
47.3
47.9
47.8
47.5
46.8
46.8
47.8
46.5
44.7
43
43.3
43.3
43.1
43.9
44.5
44.8
44.7
44.8
46.1
47.2
47.2
46.7
47.2
47.5
47.8
47.6
48.4
48.1
48.1
48.1
47.6
46.5
46.1
46.2
46.8
46.1
45.5
45.8
47.3
47.3
46.4
45.5
45.5
44.7
43.9
42.8
42
41.4
40.8
41.1
42
41.6
41.3
40.6
42.2
42.8
42.4
41.9
43.3
44.5
44.5
43.9
44.4
45.5
45.5
45.8
45.8
45.8
45.1
44.5
43.7
42.8
42
41.4
41.4
41.3
41.7
42.4
42.7
43.1
43.3
43.1
43.4
42.7
42.5
41.7
41.9
42.2
43.3
43.9
43.3
44.1
43.7
43.4
43
42.8
43.4
42
41.9
41.7
41.6
42.4
42.4
41.7
41.4
42
43.3
43.6
43
42
41.4
41.7
41.9
41.4
41
41.4
41.7
42.2
42.2
42.4
42.7
42.7
41.6
41
41
40.2
39.9
39.7
39.7
39.9
39.6
40
40.2
41
41.3
41.1
41.4
42.4
41.7
41.1
41.4
41.4
41.3
40.6
40.5
40.5
40.5
41
41.1
41.3
41.6
42.2
42.7
43
43
42.7
42.2
41.9
42.7
41.9
40.3
40.3
40.2
38.9
38.6
38.6
38.8
38
37.5
38
38
38
37.2
37.2
37.1
36
34.9
34.8
35.1
34.6
34.4
33.8
33.7
34.8
34.9
35.5
35.5
35.7
35.5
34.6
33.8
33.8
33.8
33.5
32.6
32.6
32.9
32.6
32.3
32.1
33.5
33.4
32.9
32.4
32.7
33.7
34.4
35.5
35.1
35.4
35.5
36.5
36.2
35.7
35.8
36.2
36.2
35.7
34.9
35.7
35.5
35.4
35.5
35.5
35.5
36.2
37.5
37.2
36.3
36.8
37.9
39.3
38.3
36.5
34.4
32.3
31.8
33.7
35.8
36.8
36.5
36.9
38
38
37.2
38.3
41.4
42.2
39.1
38.3
42.4
46.7
47.9
45.5
43.4
43.3
43.9
43.1
43
43.6
44.5
44.4
43.9
44.1
43.9
43.9
43.4
42.7
41.4
40.2
39.9
39.4
38.8
38.5
38
38.8
39.9
41.1
41.9
42.2
43
43
43.1
42.5
42.5
42.2
42.2
42.4
42.7
42.8
42.7
41.9
40.6
40.6
40
40
39.7
40.2
40.8
41
41.6
41.7
42.5
43.3
43.6
42.5
40.2
39.6
40
41.1
40.3
40
40
40.2
40.5
41
40.5
40.3
41.6
42.8
41.7
41.1
41.7
42.2
41.3
40
38.5
37.5
37.1
37.1
37.2
38
38.5
38.5
37.5
37.5
37.9
37.2
36.9
36.5
35.8
36.3
37.4
38
38.2
38
37.1
36.6
36.5
36.9
36.9
37.1
37.2
36.9
36.9
36
34.8
34.1
32.7
32.3
31.7
31.3
31.7
31.7
32.1
31.3
31.3
32
32.7
34.4
36
37.4
38.3
40.2
41.9
42
41.6
41.9
42.4
41.1
39.7
39.7
39.6
38.3
38.5
38.9
39.7
39.4
40
41.1
42
42.5
42.5
43.6
43.4
42.8
41.6
40.6
40.6
40.6
40.3
40.2
39.6
39.3
39.3
39.3
38.8
38.6
38.6
38.2
38
38.9
39.7
39.9
39.6
39.9
39.4
39.9
39.7
40.5
40.2
39.6
39.1
38.8
39.1
39.1
39.6
40
39.4
39.1
38.5
39.4
40.5
40.6
40.8
39.9
38.9
39.4
40.6
40.8
40.5
39.1
38.2
37.4
37.5
37.4
36.8
36.9
36.8
36.8
36.8
36.9
37.7
37.9
36.3
34.6
33.7
32.9
32.7
33.1
33.2
32.7
32.9
33.5
33.5
34
34.3
34.8
34.4
34.3
33.7
33.2
33.5
33.7
32.7
31.5
30.6
30.4
30.7
30.7
30.9
31.8
32.4
32.9
32.9
32.1
31.5
31
31.8
33.1
32.7
32
32.6
33.7
33.4
33.1
32.1
32.1
31.5
31
30.4
29.3
29.3
29
28.7
28.6
29.2
29.2
29.3
29
30.1
30.4
29.8
28.6
27.8
26.8
25.6
24.8
24.4
25
25.1
25
25
25
26.1
26.2
25.8
26.7
26.8
26.2
26.8
26.1
25.1
23.7
23.3
22.8
22.7
22.5
23.4
25.3
26.8
25.9
25.1
25.9
26.4
25.3
24.1
23.6
23.3
22.5
22.4
24.5
25.1
24.5
24.1
25.1
25.6
25.8
25.9
26.1
25.6
25.6
25.6
26.4
26.1
25.6
25.8
25.3
24.5
23.4
24.4
25.3
25.3
23.6
22.5
22.2
23.1
24.2
24.4
23.1
22.8
23
23.6
23.4
24.1
24.2
24.7
25.1
24.4
24.2
24.1
24.5
24.2
23.3
22.4
22.2
22.2
22.7
22.4
22.5
22.7
23.1
23.3
23.1
22.7
23
24.1
24.4
23.6
22.8
23.3
24.1
24.1
23.3
23.6
24.2
24.4
23.9
23.4
23.1
23.1
23.1
23
22.8
23
23.9
25
25
25.6
25.6
26.4
27.2
27
27
27
26.7
26.7
27.2
26.2
25.6
25.6
25.5
24.8
24.1
23
23
22.4
21.4
20.2
18.9
19.3
19.6
19.3
19.1
18.5
18.3
19.1
19.1
18.8
18.5
18.3
17.9
18
19.1
19.7
20.2
21.1
21.7
22.2
23.1
23.7
23.1
22.5
22.2
21.7
21.6
21.4
21.4
21.7
21.9
21.4
21.6
21.9
21.1
19.7
18.9
20.2
20.5
20.3
19.4
19.3
19.7
19.4
19.6
19.6
19.7
19.1
18.3
18.6
18.2
17.5
17.7
17.9
18
17.2
16.6
16.6
16.6
16.9
16.5
15.7
15.8
15.8
15.7
14.4
14.3
13.7
13.8
13.7
13.7
13.5
13.5
12.7
12.6
13.1
14.6
15.1
14.8
15.1
14.9
15.8
16
16.2
17.1
17.4
17.2
16.3
15.4
15.5
15.5
15.5
14.9
14.1
14
13.7
13.5
13.5
13.2
12.6
11.8
11
10.4
9.2
9.2
9.2
9.2
9.2
9.5
10.6
10
9.2
9.5
10.6
10.9
10
10
9.8
8.9
8.6
9
9
7.8
6.4
6.1
7.3
8.7
9.2
8.2
8.7
10.7
11.3
12.1
11.8
11.7
11.2
10.4
10.6
10.7
10.6
9.3
9.3
9.5
8.9
9.2
9.5
10.3
11.3
12.3
12.9
13.7
14.3
14.4
13.7
13.5
12.6
12.3
12.3
12
11.3
11
10.3
10.1
10.9
11.3
10.9
9.8
9
10.4
11.5
11.8
11.2
11.2
11.3
11.2
11.7
11.8
11.2
11.3
10.9
11.3
11.5
11.5
12.1
12.7
14
14.9
14.9
14.9
14.1
14.9
14.9
15.1
15.2
15.2
15.8
15.7
15.8
15.5
14.4
13.2
12.4
11.8
10.1
8.9
9.6
10.1
10.6
10.4
10.7
10.3
10.1
9.8
9.8
9.8
9.8
10.1
9.8
9.8
9.6
9.3
9
8.2
7.8
7.6
7.3
7.5
6.8
7.2
8.2
8.7
8.9
7.3
6.5
7
7.6
8.2
7.8
7.9
8.2
8.9
8.7
8.1
8.1
7.5
6.5
5.5
4.1
3
3
3.3
3.3
3.4
4.2
5
6.1
6.5
7.5
8.4
8.1
7.2
6.5
7
7.9
8.4
7.5
7.3
8.1
8.2
7.6
6.8
6.7
7.2
7.9
8.9
9.5
9.3
9.5
10
9.5
8.7
8.1
8.9
9
10
10.3
9.8
9.8
10.6
11.3
8.4
6.8
7
8.4
10.7
12.4
13.5
12.1
11.7
14
16.2
15.7
13.4
12.6
13.1
13.2
14.1
13.4
12
12.3
13.4
14.1
14.1
13.8
13.7
14.1
14.8
14.9
15.2
13.8
11.8
10.3
9.6
10.1
10.3
10.3
9.3
9.3
9.2
9.3
9.6
9.8
10.4
9.8
9.2
8.6
9.2
9.6
9.8
10.1
9.6
8.7
9.2
10.1
10.3
9.8
7.8
7.6
8.9
9.5
9.8
9.3
9.5
9.8
10.9
11.7
10.9
9.5
8.6
8.7
9.3
9.2
9.2
10.1
11.2
12
12.7
12.3
12.1
11.2
10.4
10.1
9.8
9.2
8.2
8.2
9.6
10.1
10.1
9.2
9
9.3
9.6
10.4
10.9
10.6
10.9
9.6
9.5
10.6
10.9
10.3
10.1
9.8
10.3
9.8
8.7
7.2
6.4
5.9
5.5
5.3
5.9
6.2
6.1
6.2
6.8
8.2
8.1
7.3
6.8
7
7.3
7.9
7.9
7.9
7.5
7.9
7.2
5.9
4.5
3.7
3.9
3.9
3
2.2
1.6
2.5
2.4
3.1
3.7
3.6
3.4
3.4
4.1
3.7
3.4
3.4
2.8
2.8
2.5
2.8
3.9
4.4
5.5
5.1
4.7
5.1
5
3.9
3.1
2.4
1.4
1.3
2
3.3
4.2
4.1
3.6
4.5
5.9
5.9
5.3
5.1
5
4.7
5.9
6.5
7.2
7.3
7.6
7.8
5.9
3.3
0.8
2.7
3.9
3.6
4.1
6.5
9.8
11.5
13.2
14.9
15.7
16.6
16.8
17.7
17.4
16.8
17.4
19.6
22
23.4
23.4
23.7
25
26.1
27.8
29.2
29.6
29.2
30.1
30.1
30
30.4
30.1
29.3
28.7
27.9
27
26.4
26.1
25.3
24.8
25.8
26.7
27.2
27
27.3
28.1
26.8
26.2
25.8
25.3
24.4
23.7
23.3
23.1
23.9
24.4
24.4
24.1
23.4
22.5
21.3
20.5
20.5
20.8
20.2
20.5
21
21
21.3
21.9
23
22.5
22
22.7
23.3
22.7
21.4
20.6
20
20.6
21.4
21.4
20.5
20.5
20.8
21.6
22.5
22.2
21.4
21.7
22.7
23.3
24.1
24.5
24.1
23.9
23.6
23
22.4
22.7
21.3
19.7
18.6
19.1
19.1
18.9
18.5
18.9
19.3
19.1
18.6
18.3
18.6
18
18.3
19.1
20.2
21.3
21.7
22.2
21.4
21
20.2
19.3
18.9
17.2
16.3
16.8
17.5
17.9
17.7
18.6
18
17.5
17.7
18.2
19.1
20.2
21
20.6
21
21.4
21.1
21
20.5
20
18.9
17.2
16.6
16.6
16.5
15.5
15.2
13.8
12.6
13.5
14.1
14.9
15.8
17.1
18.2
18.6
18
18
17.9
18.2
18.3
18.2
16.9
16.6
16.8
18.8
19.9
20.6
19.7
19.1
19.1
19.6
19.3
20.6
21
20.3
20.8
21.6
21.3
21.3
21.3
21
20.3
19.9
19.1
18.6
18.9
18.9
18.6
18.9
18.8
18.6
18.8
18.3
17.2
16.8
17.2
18.9
20.6
22.4
24.4
24.4
23.7
23.9
23.9
23.6
22.5
21
19.6
19.1
19.1
18
17.2
16.6
16.3
15.5
15.7
15.2
14.8
14.8
15.5
15.1
15.1
14.1
14.4
14
14.4
15.5
15.7
15.5
16
16.6
16.5
15.7
16.6
16.8
16
16
15.5
15.2
14
14.1
14.3
14.1
14.3
15.4
16.2
16.8
17.1
17.1
17.1
17.9
17.5
17.4
17.9
18.9
19.4
18.9
17.9
16.9
16.3
17.2
17.2
16.8
16
15.4
15.8
16.8
18.9
19.4
17.7
15.8
15.5
17.7
18.3
17.4
15.5
14.1
13.5
14.3
16.3
16.3
15.4
14.4
14.4
14.1
15.4
18
18.8
17.1
15.8
17.4
18.8
18.2
16.6
16.6
15.4
16.8
17.7
18.2
17.7
17.1
16
14.1
14.6
16.2
16.9
15.7
13.8
12.3
12.1
13.1
13.5
12.4
10.7
8.6
7
7
6.7
7
6.7
6.8
6.7
6.1
5.5
5
5.3
6.1
6.8
6.5
5.5
5.1
4.1
3.7
3.3
3.3
1.9
0.5
0.5
0.5
1.4
2.7
3.7
3.9
4.7
4.8
4.5
4.1
3.4
3.1
2.7
2.5
3.1
3.1
2.4
1.6
0.8
0.3
-0.3
-0.6
-0.8
-1.3
-1.4
-2.7
-3
-1.6
-0.3
0.2
0
0
0
0.2
0.8
1.6
1.4
1.7
2
2.8
3.7
3.7
3
3.3
3.9
3.3
2.4
1.7
1.4
1.1
1
1.6
1.4
1
0.8
0.8
1.3
0.5
0
-0.8
-1.4
-1.1
-1.3
-1
-0.6
-1.3
-1
0
-0.3
-1.1
-1.9
-2.7
-3.6
-4.7
-5.1
-5.9
-6.8
-7
-6.5
-6.4
-5
-4.4
-4.7
-4.7
-4.5
-4.7
-5.3
-5.1
-5
-5.6
-5
-4.1
-3.9
-3.7
-3.7
-3.3
-3.4
-3.4
-3.6
-3.6
-2.5
-1.4
-0.8
-2.2
-4.1
-4.8
-5
-5.5
-6.4
-6.8
-8.2
-10.1
-10
-9
-9.6
-12.1
-15.5
-18.3
-19.6
-18.6
-18.2
-19.3
-20.8
-22.2
-23.1
-23.1
-23.9
-26.2
-27.8
-29
-30.4
-31.8
-33.1
-33.4
-33.2
-33.7
-33.8
-33.8
-33.5
-34.3
-34.9
-34.9
-34.4
-34.1
-34.1
-34.4
-34.3
-34.9
-36
-36.3
-36.3
-36.3
-37.1
-37.9
-37.9
-36.5
-36.8
-36.6
-35.7
-34.1
-33.1
-33.4
-33.8
-33.1
-32.7
-32.7
-33.7
-33.1
-32.3
-32.4
-32.9
-33.7
-34.8
-36.3
-38
-38.9
-40.2
-40.8
-42
-42
-40.5
-39.3
-38.6
-37.9
-36.8
-36
-36.5
-36.9
-36.6
-36
-37.1
-37.4
-38.2
-38.5
-39.3
-40.6
-41.3
-42.5
-42.7
-42
-41.9
-41.9
-41.4
-41.1
-40
-39.4
-38
-37.7
-38.3
-39.3
-39.3
-40.5
-41.1
-41.6
-41.9
-42.4
-41.9
-40.6
-38.8
-37.2
-36.8
-36.5
-36.2
-36.6
-36.5
-37.1
-38
-38.6
-38.3
-38
-38.2
-38.2
-38.6
-39.9
-40
-39.7
-39.6
-39.9
-39.9
-39.6
-38.5
-38
-37.2
-37.1
-36.6
-35.7
-36.2
-35.7
-35.8
-36
-36.8
-37.4
-37.9
-37.7
-38
-38.5
-38.9
-38.5
-38.5
-37.7
-36.8
-36.6
-36.3
-35.7
-34.3
-33.1
-32.7
-32.3
-33.5
-33.5
-33.5
-34.1
-35.5
-36.8
-37.5
-38.5
-39.1
-39.6
-40.3
-41
-41
-40
-40
-39.7
-40.3
-40.5
-39.9
-38.9
-38.6
-39.3
-40
-41
-41.1
-41
-41
-41.6
-41.3
-41.3
-41
-40.2
-39.4
-38.3
-37.5
-37.2
-38.3
-38.9
-39.9
-41
-41.3
-42
-43.4
-44.2
-44.7
-44.5
-44.2
-43.3
-43.4
-43.9
-43.9
-43.7
-43.1
-42.7
-42.7
-43.1
-43.4
-43.6
-44.4
-44.5
-44.1
-43.4
-43.3
-44.1
-44.5
-45.1
-46.1
-47.5
-48.1
-47.2
-45.3
-43.1
-41.9
-40.6
-40.3
-39.7
-38.8
-37.9
-38.3
-39.6
-40.2
-38.6
-38
-37.2
-36.5
-35.8
-36
-37.4
-38.3
-40.5
-40.8
-38.9
-38.2
-38.2
-38.8
-38.2
-38.2
-38.6
-39.1
-39.4
-38.9
-39.3
-39.9
-39.6
-38.9
-37.9
-37.4
-36.8
-36.5
-36.5
-36.5
-36.2
-35.1
-35.4
-36.6
-36.9
-36.3
-35.4
-35.8
-36.2
-36.6
-36.3
-35.5
-35.7
-34.6
-34
-34.4
-35.1
-36.2
-35.8
-36
-35.7
-36
-36.3
-36.2
-36
-35.7
-35.4
-36
-36
-36.9
-36.9
-37.1
-37.5
-37.2
-37.4
-37.4
-37.5
-38.9
-39.3
-39.1
-38.3
-38.9
-40.3
-40.6
-40.5
-40.2
-41
-41.3
-40.8
-40.3
-39.7
-39.3
-38.5
-37.4
-36.9
-36.6
-36.2
-35.5
-35.5
-35.4
-35.5
-35.4
-34.1
-33.5
-34.1
-34.4
-33.7
-33.5
-33.2
-32.1
-31.3
-31.2
-31.5
-32.3
-32.3
-31.8
-32.3
-32.6
-32.1
-31.3
-31.3
-31.5
-30.9
-30.7
-29.8
-30.3
-31
-31.7
-31.7
-31
-30.9
-31
-31.5
-31.8
-32.3
-33.4
-34.6
-35.2
-36
-35.5
-36
-35.8
-36.3
-36.5
-36.8
-36.8
-37.1
-37.1
-36.9
-37.1
-37.1
-36.9
-36.6
-37.2
-36.9
-35.4
-35.7
-36.2
-36.2
-35.7
-34.8
-35.4
-35.8
-36.5
-35.7
-34.3
-34.3
-34.6
-35.8
-36.5
-35.8
-35.8
-36
-36.2
-37.1
-38
-38.6
-37.4
-36.9
-37.4
-38.2
-38.3
-37.7
-37.4
-37.4
-38.3
-37.9
-36.8
-36.3
-36.8
-36
-34.6
-33.8
-33.4
-33.4
-33.4
-34.1
-34.8
-35.2
-35.5
-35.8
-35.4
-36.2
-36.2
-36.3
-35.4
-34.9
-34.6
-34
-34.4
-34.3
-34.6
-34.4
-34.1
-35.2
-35.2
-35.5
-35.5
-35.7
-35.7
-35.5
-34.9
-34.3
-33.1
-32.1
-32.3
-32.7
-32.7
-31.5
-30.3
-30.3
-31.3
-32.1
-32.9
-32.7
-32.3
-31.5
-31.7
-32.3
-32.9
-32.4
-32
-31.5
-31.8
-32.3
-32.4
-32.6
-31.8
-31
-30.6
-31
-32.6
-32.6
-32.7
-32.9
-34.3
-34.3
-34.4
-34.3
-34.3
-34
-33.2
-33.1
-34
-33.5
-33.1
-31.8
-32
-32.1
-32.1
-32.4
-31.5
-30.9
-30.9
-31.8
-32.1
-31.3
-31.3
-32.1
-32.3
-31.8
-31.5
-31.3
-32
-32.1
-32.1
-32.4
-32.6
-32
-32.4
-33.5
-33.8
-33.8
-33.4
-33.7
-33.8
-34.1
-34.1
-35.1
-35.7
-34.9
-34.9
-35.4
-36
-35.1
-34.1
-33.7
-34
-34.3
-33.2
-31.8
-31.7
-32
-32.7
-33.2
-33.2
-34
-34.6
-34.9
-35.1
-36.6
-36.8
-36.2
-35.7
-35.8
-35.7
-35.2
-35.7
-36.3
-36.5
-36
-35.7
-35.5
-35.4
-34.1
-33.7
-33.4
-33.1
-32.9
-32.1
-31.2
-30.9
-31
-31
-30.7
-31.8
-33.4
-33.7
-33.7
-33.5
-34
-34
-33.1
-31.8
-30.9
-31.7
-32
-32.3
-31.8
-32.7
-33.1
-32.4
-32.1
-31.7
-31.8
-31.3
-30.3
-30.3
-30.9
-31.3
-31.3
-31.3
-31.5
-31.8
-32
-32.3
-32.7
-32.6
-32.6
-34.1
-35.2
-35.8
-35.7
-36.6
-37.5
-38
-38
-37.5
-36.8
-35.5
-35.4
-34.4
-34
-33.8
-34.1
-34.4
-34.8
-35.1
-35.5
-35.7
-35.1
-35.1
-35.5
-35.8
-35.2
-34.4
-33.7
-32.6
-31.7
-31.3
-31.7
-32.4
-31.3
-30.4
-30.3
-31.3
-32.4
-32.6
-32.3
-32
-31.7
-32
-32.4
-33.7
-33.5
-33.5
-33.8
-34
-34.3
-33.8
-34.9
-36.3
-36.6
-35.8
-34.9
-35.4
-35.4
-35.1
-34.9
-34
-33.5
-33.8
-33.7
-33.7
-34.1
-34.3
-34.4
-34.4
-35.1
-35.8
-36.5
-36.8
-37.2
-36.6
-36.3
-35.7
-35.4
-35.7
-35.5
-35.5
-35.2
-35.7
-35.5
-36.2
-36.3
-36.6
-37.1
-37.1
-36.8
-36.2
-35.5
-36
-35.1
-35.5
-36.2
-36.6
-37.1
-37.4
-38.6
-38.3
-37.7
-38
-38.2
-38.5
-38
-37.5
-37.5
-37.2
-38
-37.9
-38.5
-38.3
-37.9
-37.4
-36.6
-37.2
-37.2
-36.8
-36.6
-36.9
-36.9
-36.9
-37.2
-37.4
-37.2
-36.5
-35.4
-35.1
-34.9
-34.8
-34.3
-34.3
-34.8
-35.2
-34.8
-34.9
-34.1
-33.7
-32.4
-31.3
-31.2
-30.4
-30
-30.3
-30.9
-32
-31.2
-31.5
-32.1
-33.5
-33.4
-31.8
-30.6
-30.4
-30.7
-31.3
-31.3
-31
-31
-31.8
-32
-33.4
-35.2
-36.2
-37.1
-36.5
-36.2
-35.4
-35.7
-37.2
-39.4
-40.2
-40.3
-39.6
-39.1
-37.2
-36.9
-37.4
-38.2
-38.6
-38.6
-38.9
-39.9
-43
-44.7
-45.6
-45.6
-44.1
-43.4
-43.4
-44.2
-44.7
-45.5
-46.2
-45.1
-44.2
-43.9
-43.7
-43.4
-42.8
-43.3
-44.2
-44.8
-45.6
-45.3
-45.3
-44.8
-45.8
-46.7
-46.8
-46.4
-45.1
-44.5
-43.9
-43.4
-43.6
-43.1
-43.1
-42.8
-43.1
-42.8
-43.3
-43.7
-43.9
-43.6
-43.3
-43.1
-43.4
-43.9
-45
-46.8
-47.6
-47.9
-48.6
-49
-49.8
-50
-49.6
-49
-47.6
-47.2
-47.5
-47.2
-47.3
-47.3
-46.7
-45.9
-45.3
-45.8
-45.8
-44.5
-44.4
-44.1
-44.2
-44.4
-45
-45.5
-45.5
-45.9
-45.9
-45.5
-44.8
-43.9
-43.4
-43.7
-45
-45.8
-45.1
-45
-45
-45.9
-47
-47.3
-46.1
-45.3
-44.2
-43.1
-43
-42.4
-41
-39.4
-38
-37.9
-37.7
-37.1
-37.1
-37.2
-37.1
-36.9
-37.1
-37.9
-37.2
-35.1
-34.6
-35.5
-36.8
-36.9
-36.5
-36
-34.9
-33.2
-32.3
-32.9
-32.9
-32.6
-31.2
-31.3
-32.4
-35.2
-37.1
-38.3
-39.3
-40.2
-40
-41
-42.7
-45
-45.6
-44.5
-43.6
-41.9
-40.3
-38.6
-38.9
-38.9
-38
-38
-38.8
-40
-40.6
-40.6
-40.3
-40.6
-41.7
-42.4
-42.8
-43.3
-43.4
-43.7
-44.1
-45.3
-44.4
-43.3
-42.2
-41.9
-41.6
-41.3
-41
-40.3
-39.7
-39.4
-39.4
-40
-40.5
-40.5
-40.5
-41
-40.6
-40.8
-40.2
-40.6
-41.1
-42.4
-42.4
-42
-42.4
-43
-45.1
-47
-45.6
-42.4
-40.6
-41
-41.6
-41.4
-41.9
-42.4
-42.7
-43
-42.5
-42.2
-41
-39.9
-38.6
-38
-35.4
-33.2
-34.1
-35.8
-35.2
-32
-31.2
-32.1
-32
-31.2
-30.9
-31.7
-32.6
-33.4
-33.4
-33.4
-33.8
-33.7
-34
-33.5
-34.3
-34.1
-34.3
-34.4
-34.3
-33.2
-31.8
-30.4
-30.3
-29.6
-28.4
-27.6
-27.3
-27
-26.1
-25.6
-25.8
-26.2
-26.1
-25.5
-25.6
-25.8
-26.5
-26.8
-26.4
-26.7
-26.5
-26.8
-27.5
-27.2
-25.8
-24.1
-23.9
-23.9
-23.6
-23.7
-23.6
-23.6
-24.5
-25.1
-26.1
-26.7
-27.2
-27.6
-27.6
-28.1
-27.8
-27.3
-27.5
-27.5
-27.3
-27.6
-27.6
-26.8
-25.6
-24.8
-24.8
-24.5
-23.4
-23.1
-23.6
-24.4
-25.6
-26.8
-27.8
-28.2
-28.6
-29
-29.2
-29
-28.6
-28.6
-29
-29.3
-29.2
-30.3
-30.9
-31.2
-31.3
-31.8
-31.7
-32.3
-31.5
-29
-26.8
-26.2
-25.9
-24.4
-24.5
-26.5
-28.1
-27.2
-25.3
-25.6
-26.5
-24.7
-23.4
-23.9
-24.8
-23.3
-21
-21.7
-22.7
-21.6
-19.9
-20.3
-19.4
-16.3
-15.7
-18.2
-20.3
-20.2
-18.6
-17.7
-18.3
-19.9
-19.7
-20
-20.3
-21
-21.9
-21.9
-22.2
-22.2
-22.5
-21.9
-21.9
-23.1
-23.3
-23.1
-23
-22.7
-23.7
-25.1
-25.9
-25.3
-24.7
-25.8
-26.2
-25.6
-23.3
-22.4
-23
-23.7
-22.8
-21.1
-21
-22
-23.4
-24.2
-24.8
-25.1
-25
-23.6
-21
-19.9
-20.3
-21.3
-21.3
-19.4
-16.3
-15.7
-15.8
-15.8
-14.8
-12.9
-11.2
-10.4
-10.4
-10.4
-10.6
-11.8
-13.2
-13.8
-14
-13.7
-13.4
-13.4
-13.5
-13.4
-13.1
-12.4
-13.8
-14
-13.1
-12.9
-12.7
-13.4
-12.9
-12.6
-12
-11
-11.2
-11.7
-13.2
-14.4
-14.8
-14.4
-13.4
-12.6
-12
-12.1
-12.4
-11.7
-12.1
-12.1
-12
-12.1
-13.5
-14.4
-14.4
-14.1
-13.4
-13.4
-13.4
-12.9
-12.4
-12
-11.2
-11.5
-12
-12.3
-12
-11.3
-12.1
-12.6
-13.2
-13.2
-13.4
-14.3
-14.4
-14.8
-15.7
-16.6
-16.9
-16.8
-16.3
-16.2
-16.8
-18.3
-19.4
-19.4
-19.1
-19.7
-19.1
-18.6
-19.1
-19.9
-19.6
-20.3
-22.7
-22.2
-21.7
-22.2
-23.7
-24.7
-24.2
-23.9
-24.4
-25.9
-27.2
-27.3
-27.9
-28.6
-29
-28.7
-28.2
-28.2
-28.1
-28.1
-27.8
-27.6
-27.8
-27.9
-27.9
-28.1
-27.8
-28.4
-28.4
-28.9
-28.6
-28.6
-28.7
-28.4
-28.1
-27.8
-28.1
-27.9
-27
-26.5
-26.1
-25
-23.9
-23.9
-23.3
-21.6
-19.4
-18.2
-18
-18.9
-19.9
-21
-21
-21.3
-23
-25.6
-25
-21.1
-20.2
-22.4
-23.1
-21.4
-19.7
-21
-24.4
-25.6
-24.2
-21.6
-20.6
-21.4
-22.5
-23.3
-24.1
-24.7
-24.1
-23
-23.4
-24.8
-26.4
-26.1
-25.6
-25
-25
-26.4
-26.1
-25.6
-24.5
-23.4
-22.8
-22.7
-23.7
-24.7
-24.8
-24.7
-24.5
-24.7
-25.6
-25.8
-25.1
-26.1
-26.5
-26.2
-26.7
-26.7
-26.8
-26.1
-24.8
-24.2
-23.9
-24.8
-25.6
-25.8
-25.1
-24.5
-24.7
-25
-25.6
-25.9
-25.8
-25.3
-25.1
-25.8
-26.2
-26.4
-26.7
-25.1
-24.4
-25.1
-26.5
-27.3
-27
-27.5
-28.2
-30.1
-30.9
-30.7
-31.3
-32.1
-33.1
-32.1
-31.5
-31.2
-30.6
-29.8
-28.9
-30.6
-33.1
-34.8
-35.2
-34.8
-35.1
-34.8
-34.9
-34.9
-35.8
-36.6
-36.6
-37.2
-38.5
-39.3
-39.7
-38.9
-39.3
-39.1
-38.9
-38.3
-37.4
-38.2
-38.9
-39.6
-40
-40.3
-41.4
-41.6
-42.2
-43.9
-45.5
-45.9
-45.5
-45.5
-45.3
-45
-45
-45.1
-45.1
-45
-45
-45.6
-46.1
-45.3
-44.5
-45.3
-45.8
-46.8
-47.5
-47.3
-47.2
-46.8
-46.4
-45.5
-44.5
-44.4
-44.1
-43.4
-42.5
-41.7
-43
-43.1
-43
-42.7
-42.4
-41.7
-41
-42
-43
-43.3
-43
-42.5
-43
-42.5
-41.3
-40.6
-40.2
-39.9
-39.3
-39.4
-40
-39.9
-40.3
-41
-41.4
-42.4
-42.4
-42.7
-42.5
-42.8
-43
-43.6
-44.1
-43.9
-43.9
-43.7
-43.7
-43.9
-45.1
-45.6
-45.1
-44.2
-43.3
-42.8
-42.4
-42.4
-42.5
-42.7
-42.8
-43.6
-44.4
-44.8
-44.8
-44.4
-43.7
-43
-43.1
-43
-43.6
-43
-42.8
-42.2
-41.6
-41.9
-41.4
-40.6
-41
-41.7
-41.6
-41
-42.2
-43
-43.1
-42.2
-41.4
-41.3
-41.3
-42.2
-43
-42.7
-42.7
-42.5
-42.8
-43
-43.7
-44.2
-44.1
-43.7
-44.1
-44.4
-44.7
-44.4
-44.5
-45.3
-46.1
-46.1
-45.9
-46.4
-46.1
-46.5
-46.2
-46.4
-45.9
-45
-44.5
-44.2
-44.4
-44.2
-44.1
-43.7
-43.6
-43.7
-44.2
-44.4
-44.7
-44.8
-45
-45.5
-45.8
-45.5
-45.1
-45
-44.7
-44.4
-43.9
-43
-42.2
-41.9
-42.7
-43.1
-44.7
-45
-45
-44.7
-43.9
-42.2
-40.6
-40.3
-40.3
-41.1
-41.3
-41
-38.6
-37.2
-37.4
-39.1
-40
-39.1
-38.3
-38.8
-39.3
-39.9
-39.7
-38.9
-37.9
-37.4
-36.6
-36.5
-36.8
-37.7
-38.9
-40.2
-39.6
-38.5
-38
-38.5
-38.9
-41
-41.7
-41.1
-39.9
-39.7
-39.6
-38.9
-38.6
-38.8
-38.2
-37.9
-37.2
-36.3
-36.3
-36.2
-36.3
-37.2
-37.9
-38.5
-38.9
-38.2
-38.2
-37.9
-38
-37.9
-36.9
-35.7
-35.2
-35.1
-35.7
-36.3
-36.8
-36
-34.8
-34.8
-35.1
-36.6
-37.7
-37.5
-37.2
-37.1
-36.6
-36.6
-37.2
-37.9
-38.2
-37.9
-37.4
-36.9
-36.3
-36.3
-36.2
-35.5
-34.8
-35.1
-35.7
-36.5
-36.6
-37.7
-37.7
-37.4
-38.2
-39.3
-39.9
-39.1
-39.4
-39.6
-39.7
-39.4
-39.3
-38.5
-38.6
-39.3
-39.6
-39.7
-40.5
-40.3
-40
-40.2
-40.8
-41.4
-41.1
-40.5
-41
-41.6
-42.4
-41.9
-42
-42
-42.8
-43.9
-43.3
-43.3
-42.4
-42
-41.7
-42
-42.2
-42
-43
-43.4
-43.1
-42.7
-42.8
-44.1
-45
-45.6
-45.9
-44.5
-43.9
-43.7
-43.4
-42.4
-41
-40.3
-39.6
-39.7
-40.5
-41.7
-41.7
-41.9
-41.9
-42.2
-42
-42.4
-42.7
-43.3
-43.3
-42.5
-42.4
-42
-42.2
-41.7
-40.8
-40.8
-41.4
-41.6
-41.1
-42
-42.5
-42.5
-41.7
-41.6
-42
-41.4
-42.4
-43.1
-44.1
-45.3
-45.9
-47.3
-47.6
-47.2
-46.7
-47
-47.8
-46.4
-45
-44.8
-43.7
-43.1
-42
-42.5
-43.4
-43.3
-41.6
-39.1
-39.3
-40.3
-42.4
-42.7
-41.4
-39.6
-40.2
-41.9
-42.7
-41.7
-40
-38.6
-38.8
-39.3
-39.1
-39.7
-39.9
-39.7
-39.4
-39.9
-39.6
-38.8
-37.1
-37.1
-37.2
-38
-38.5
-38.2
-38.2
-37.7
-36.5
-36
-36.8
-36.3
-36.6
-36
-35.4
-34.4
-34.8
-36.5
-37.1
-36.6
-35.8
-34.9
-35.1
-35.7
-35.7
-34.8
-34.1
-33.7
-33.7
-33.7
-33.4
-34.1
-33.4
-33.1
-33.1
-32.6
-31.8
-31.2
-31.2
-31.8
-31.2
-30.4
-29.3
-29.5
-29.2
-28.4
-28.1
-28.1
-27.6
-26.5
-26.4
-27
-27.9
-27.6
-27
-27.8
-27.8
-28.9
-29.2
-30.6
-31.8
-32
-31.7
-31.5
-32
-32.3
-32.7
-32.6
-33.5
-33.4
-33.7
-33.2
-33.1
-32.7
-32.3
-32.1
-31.8
-32
-32
-31.5
-30.7
-30.3
-30.4
-30.4
-30.3
-30.7
-31.5
-32.1
-32.9
-34.3
-34.4
-34.3
-32.7
-32
-32.1
-32.7
-33.8
-33.8
-33.2
-32.6
-31.3
-29.8
-29.3
-30
-30.9
-30.6
-29.6
-30
-31.2
-32.3
-32.7
-32.4
-32
-30.6
-29.6
-29
-30.1
-30.6
-31.2
-31.2
-31
-30.9
-30.6
-30.6
-30.6
-30.9
-31.2
-30.9
-31.5
-31.5
-31.2
-30.7
-31.2
-31.5
-31.2
-31
-30.7
-30.3
-30.3
-29.6
-29.6
-29.8
-28.9
-28.4
-27.8
-27.8
-28.2
-28.2
-28.6
-27.9
-27.9
-27.9
-27
-27
-27.2
-27.9
-27.8
-27.6
-27.9
-28.7
-27.8
-26.4
-25.1
-24.4
-24.2
-25.5
-26.2
-26.4
-24.8
-22.4
-21.4
-23.3
-24.1
-21.3
-17.7
-15.8
-16.9
-18.2
-18.8
-18
-17.4
-16.6
-15.5
-15.4
-16.8
-16.8
-15.5
-14
-13.8
-14.4
-13.4
-12.6
-11.5
-10.6
-10.1
-9.3
-9.3
-8.9
-7.9
-6.2
-5
-5.5
-5.6
-4.8
-3
-1.4
-0.6
0.2
2.2
4.2
5.1
5.9
6.4
7.3
7.5
8.7
9.8
9.6
8.9
8.4
6.8
5.1
4.8
6.8
7.3
6.4
6.2
5.9
5.9
5.8
4.8
3.7
3.3
2.8
1.7
0.5
0.2
0.8
1.9
1.7
1.4
1.3
0.6
0
-0.5
-0.5
-0.2
0
-0.5
-1.6
-2
-2.7
-3
-2.2
-0.6
-0.5
-1.4
-2
-2.5
-3.1
-3.3
-3.1
-2.4
-1.7
-1.1
-1.1
-0.8
-0.5
-0.2
-0.8
-1.1
-1.4
-1.1
-2.4
-3.1
-3
-1.7
-0.8
-1
-1
-0.3
-0.6
-0.8
-2.5
-3.1
-3.6
-4.2
-4.1
-4.4
-4.7
-5
-4.8
-5
-5.3
-5.8
-6.8
-7.9
-7.2
-7.2
-7.6
-8.2
-8.4
-7.3
-7.6
-8.2
-8.7
-8.6
-9
-8.9
-8.2
-7.9
-7
-8.2
-8.2
-8.9
-8.7
-8.2
-8.7
-9
-10.1
-10.1
-10.1
-11.2
-11.8
-12
-12.4
-12.3
-12
-11.3
-11
-11.3
-11.2
-10.7
-9.3
-9.5
-9.6
-9.5
-9.3
-9.5
-9.3
-9
-9.8
-11.5
-11.7
-11.7
-11.5
-11.2
-11
-10.7
-10.9
-11.2
-12.1
-12.4
-12.9
-13.4
-13.2
-12.4
-11.3
-10.7
-9.2
-8.6
-8.7
-9.2
-9.5
-9.8
-9.8
-9.8
-10
-10.3
-10.7
-11.5
-11.7
-12.4
-12.4
-12.4
-12.4
-12.9
-12.6
-11.7
-10.3
-10.4
-10.7
-11.3
-12
-12.6
-12.4
-11.5
-11.5
-12.1
-12.9
-13.7
-13.4
-14
-14.4
-15.4
-15.2
-14.1
-14
-13.5
-13.1
-13.5
-13.7
-14
-14.8
-15.1
-14.9
-14.9
-14.6
-14.4
-14.4
-13.8
-14.4
-14.8
-15.2
-15.7
-14.8
-15.1
-14.6
-14.6
-14.3
-14.4
-15.2
-15.8
-16.3
-16.8
-17.2
-18.6
-19.6
-20
-19.4
-19.7
-19.9
-19.3
-19.1
-18.6
-18.5
-18.6
-19.4
-19.4
-18.3
-17.4
-17.5
-18.2
-17.9
-17.5
-17.9
-18.9
-20
-21
-22
-21.6
-19.4
-16.3
-14.9
-14.8
-14.1
-13.2
-12.9
-13.5
-14.8
-16
-16.3
-16.2
-16.6
-16.2
-15.4
-14.9
-15.4
-15.5
-15.8
-15.8
-15.8
-16.2
-16.2
-16.5
-15.8
-16.2
-15.8
-16.3
-17.1
-17.2
-16.9
-17.1
-16.8
-16.3
-16.3
-16.5
-16.6
-17.2
-16.6
-16.8
-16.9
-17.2
-17.1
-17.1
-16.9
-16.6
-16
-15.2
-15.4
-15.8
-16.8
-17.4
-19.1
-19.9
-19.9
-19.7
-19.4
-19.6
-19.9
-19.3
-18.6
-17.9
-18.2
-18.6
-19.3
-19.9
-19.7
-19.7
-19.7
-20.5
-20.5
-21
-21.9
